0 Sticker Minifig Vest with Yellow Trefoils on DkBlue Background
0 Name: 003238q.dat
0 Author: Alex Taylor [anathema]
0 !LDRAW_ORG Part UPDATE 2010-01
0 !LICENSE Redistributable under CCAL version 2.0 : see CAreadme.txt

0 BFC CERTIFY CCW

0 !HISTORY 2010-04-05 [PTadmin] Official Update 2010-01

1 272 11 -0.25 -16 2 0 0 0 1 0 0 0 -2 1-4disc.dat
1 272 -11 -0.25 -16 -2 0 0 0 1 0 0 0 -2 1-4disc.dat
4 272 -11 -0.25 -18 11 -0.25 -18 11 -0.25 -12.7 -11 -0.25 -12.7
4 272 -13 -0.25 -16 -11 -0.25 -16 -11 -0.25 12.7 -13 -0.25 17
4 272 11 -0.25 -16 13 -0.25 -16 13 -0.25 17 11 -0.25 12.7
4 272 11 -0.25 12.7 13 -0.25 17 -13 -0.25 17 -11 -0.25 12.7
4 272 -11 -0.25 -5.3 -7 -0.25 -5.3 -7 -0.25 5.3 -11 -0.25 5.3
4 272 -1 -0.25 -3.7 1 -0.25 -3.7 1 -0.25 3.7 -1 -0.25 3.7
4 272 -5 -0.25 -12.7 -3 -0.25 -12.7 -3 -0.25 -5.3 -5 -0.25 -5.3
4 272 3 -0.25 -12.7 5 -0.25 -12.7 5 -0.25 -5.3 3 -0.25 -5.3
4 272 -5 -0.25 5.3 -3 -0.25 5.3 -3 -0.25 12.7 -5 -0.25 12.7
4 272 -7 -0.25 3.7 7 -0.25 3.7 7 -0.25 5.3 -7 -0.25 5.3
4 272 -7 -0.25 -5.3 7 -0.25 -5.3 7 -0.25 -3.7 -7 -0.25 -3.7
4 272 3 -0.25 5.3 5 -0.25 5.3 5 -0.25 12.7 3 -0.25 12.7
4 272 7 -0.25 -5.3 11 -0.25 -5.3 11 -0.25 5.3 7 -0.25 5.3
1 272 -4 -0.25 0 0.05 0 0 0 1 0 0 0 0.05 s\003238s7.dat
1 272 4 -0.25 0 0.05 0 0 0 1 0 0 0 0.05 s\003238s7.dat
1 272 0 -0.25 9 0.05 0 0 0 1 0 0 0 0.05 s\003238s7.dat
1 272 8 -0.25 9 0.05 0 0 0 1 0 0 0 0.05 s\003238s7.dat
1 272 -8 -0.25 9 0.05 0 0 0 1 0 0 0 0.05 s\003238s7.dat
1 272 -8 -0.25 -9 0.05 0 0 0 1 0 0 0 0.05 s\003238s7.dat
1 272 0 -0.25 -9 0.05 0 0 0 1 0 0 0 0.05 s\003238s7.dat
1 272 8 -0.25 -9 0.05 0 0 0 1 0 0 0 0.05 s\003238s7.dat
1 272 0 0 0 1 0 0 0 1 0 0 0 1 s\3238s02.dat
0
