0 Sticker Minifig Shield Triangular with Yellow Trefoils on DkBlue
0 Name: 003238m.dat
0 Author: Alex Taylor [anathema]
0 !LDRAW_ORG Part UPDATE 2016-01
0 !LICENSE Redistributable under CCAL version 2.0 : see CAreadme.txt

0 BFC CERTIFY CCW

0 !HISTORY 2010-04-05 [PTadmin] Official Update 2010-01
0 !HISTORY 2016-06-29 [cwdee] Update description
0 !HISTORY 2016-12-31 [PTadmin] Official Update 2016-01

3 272 -20 -0.25 14 -20 -0.25 4 -16 -0.25 7.5
4 272 -16 -0.25 -7.3 -16 -0.25 7.5 -20 -0.25 4 -18.72 -0.25 -6.03
3 272 -18.72 -0.25 -6.03 -14.93 -0.25 -15.68 -16 -0.25 -7.3
3 272 -16 -0.25 -7.3 -6 -0.25 -19.3 -6 -0.25 -7.3
4 272 -6 -0.25 -19.3 -16 -0.25 -7.3 -14.93 -0.25 -15.68 -8.76 -0.25 -24.57
4 272 0 -0.25 -32.37 0 -0.25 -19.3 -6 -0.25 -19.3 -8.76 -0.25 -24.57
3 272 16 -0.25 7.5 20 -0.25 4 20 -0.25 14
4 272 18.72 -0.25 -6.03 20 -0.25 4 16 -0.25 7.5 16 -0.25 -7.3
4 272 4 -0.25 -4.5 4 -0.25 7.5 -4 -0.25 7.5 -4 -0.25 -4.5
4 272 16 -0.25 7.5 20 -0.25 14 -20 -0.25 14 -16 -0.25 7.5
3 272 16 -0.25 -7.3 14.93 -0.25 -15.68 18.72 -0.25 -6.03
3 272 6 -0.25 -7.3 6 -0.25 -19.3 16 -0.25 -7.3
4 272 8.76 -0.25 -24.57 14.93 -0.25 -15.68 16 -0.25 -7.3 6 -0.25 -19.3
4 272 8.76 -0.25 -24.57 6 -0.25 -19.3 0 -0.25 -19.3 0 -0.25 -32.37
1 272 0 -0.25 -11.9 0.1 0 0 0 1 0 0 0 0.1 s\003238s7.dat
1 272 10 -0.25 0.1 0.1 0 0 0 1 0 0 0 0.1 s\003238s7.dat
1 272 -10 -0.25 0.1 0.1 0 0 0 1 0 0 0 0.1 s\003238s7.dat
1 272 0 0 0 1 0 0 0 1 0 0 0 1 s\3238s01.dat
0
