0 Sticker  1.0 x  1.5 with Shell Logo
0 Name: 004695a.dat
0 Author: J.C. Tchang [tchang]
0 !LDRAW_ORG Part UPDATE 2014-01
0 !LICENSE Redistributable under CCAL version 2.0 : see CAreadme.txt

0 BFC CERTIFY CCW

0 !KEYWORDS Set 377

0 !HISTORY 2014-06-21 [PTadmin] Official Update 2014-01

1 16 0 -0.25 0 15 0 0 0 0.25 0 0 0 10 box5-12.dat
1 15 0 -0.25 0 0.64 0 0 0 0 1 0 -0.64 0 s\3004s60.dat

4 15 -7.36 -0.25 -1.53216 -7.36 -0.25 6.72 -15 -0.25 10 -15 -0.25 -10
3 15 -7.36 -0.25 -1.53216 -15 -0.25 -10 -7.36 -0.25 -6.72
4 15 0 -0.25 -6.72 -7.36 -0.25 -6.72 -15 -0.25 -10 15 -0.25 -10
3 15 7.36 -0.25 -6.72 0 -0.25 -6.72 15 -0.25 -10
4 15 7.36 -0.25 -1.53216 7.36 -0.25 -6.72 15 -0.25 -10 15 -0.25 10
3 15 15 -0.25 10 7.36 -0.25 6.72 7.36 -0.25 -1.53216
4 15 0 -0.25 6.72 7.36 -0.25 6.72 15 -0.25 10 -15 -0.25 10
3 15 -15 -0.25 10 -7.36 -0.25 6.72 0 -0.25 6.72
