0 ~Minifig Helmet Castle Uruk-Hai with Lateral Comb Half
0 Name: s\10051s01.dat
0 Author: Philippe Hurbain [Philo]
0 !LDRAW_ORG Subpart UPDATE 2013-01
0 !LICENSE Redistributable under CCAL version 2.0 : see CAreadme.txt

0 BFC CERTIFY CCW

0 !HISTORY 2013-07-21 [PTadmin] Official Update 2013-01

0 BFC INVERTNEXT
1 16 0 2 0 0 0 3.25 0 -6 0 -3.25 0 0 2-4con3.dat
1 16 0 -4 0 0 0 9.75 0 1 0 -9.75 0 0 2-4edge.dat
1 16 0 -4 0 0 0 9.75 0 -1 0 -9.75 0 0 2-4disc.dat
2 24 11.45 1.99 -11.06 12.63 2.56 -10.03
2 24 5.49 -1 -12.14 7.54 0.07 -12.07
2 24 3.53 -2.2 -11.9 5.49 -1 -12.14
2 24 9.6 1.1 -11.75 11.45 1.99 -11.06
2 24 7.54 0.07 -12.07 9.6 1.1 -11.75
2 24 2.81 -14.2 20.07 5.79 -13.8 19.67
2 24 1.82 -3.54 -11.36 3.53 -2.2 -11.9
2 24 17.25 -7.29 18.01 14.52 -8.87 19.33
2 24 14.52 -8.87 19.33 11.8 -10.1 20.36
2 24 19.24 -6.05 16.74 17.25 -7.29 18.01
2 24 9.63 -1.8 13.44 11.92 -0.91 12.59
2 24 8.66 -11.14 21.22 5.3 -11.84 21.83
2 24 2.22 -3.52 14.9 5.91 -2.85 14.31
2 24 5.91 -2.85 14.31 9.63 -1.8 13.44
2 24 11.8 -10.1 20.36 8.66 -11.14 21.22
2 24 1.44 11.86 -16.12 3.39 12.44 -15.95
2 24 1.3 14.25 -16.5 0 14.17 -16.55
2 24 11.75 2.27 -12.2 9.67 1.29 -12.87
2 24 3.11 14.8 -16.26 1.3 14.25 -16.5
2 24 0 11.46 -16.14 1.44 11.86 -16.12
2 24 1.45 -9.58 9.79 1.37 -10.21 4.17
2 24 1.37 -10.21 4.17 1.32 -10.33 -0.22
2 24 1.45 -8.14 13.97 1.45 -9.58 9.79
2 24 1.32 -10.33 -0.22 1.27 -10.09 -2.58
2 24 1.2 -8.27 -7.11 1.08 -6.41 -9.63
2 24 1.27 -10.09 -2.58 1.28 -9.5 -4.64
2 24 1.28 -9.5 -4.64 1.2 -8.27 -7.11
2 24 1.82 -3.54 -11.36 0.94 -4.45 -11.33
2 24 14.68 -11.1 17 17.37 -9.64 15.55
2 24 11.79 -12.28 18.17 14.68 -11.1 17
2 24 17.37 -9.64 15.55 19.64 -8.1 14.14
2 24 12.62 -3.15 9.12 9.94 -4.62 10.47
2 24 5.79 -13.8 19.67 8.93 -13.13 19.01
2 24 5.68 -6.13 11.94 2.11 -7.04 12.8
2 24 9.94 -4.62 10.47 5.68 -6.13 11.94
2 24 8.93 -13.13 19.01 11.79 -12.28 18.17
2 24 1.45 -8.14 13.97 2.11 -7.04 12.8
2 24 2.13 -8.53 -4.33 2.02 -7.36 -6.93
2 24 2.14 -9.01 -2.35 2.13 -8.53 -4.33
2 24 1.92 -5.32 -9.72 1.82 -3.54 -11.36
2 24 2.02 -7.36 -6.93 1.92 -5.32 -9.72
2 24 2.11 -8.31 9.7 2.15 -9.07 4.33
2 24 2.11 -7.04 12.8 2.11 -8.31 9.7
2 24 2.11 -9.22 0.17 2.14 -9.01 -2.35
2 24 2.15 -9.07 4.33 2.11 -9.22 0.17
2 24 1.49 -4.76 15.94 2.22 -3.52 14.9
2 24 2.09 19.52 15.31 2 14.13 15.87
2 24 1.09 14.4 16.65 1.11 19.97 16.11
2 24 2 14.13 15.87 2.03 8.19 15.97
2 24 1.49 -4.76 15.94 1.16 0.61 16.65
2 24 2.03 8.19 15.97 2.08 1.68 15.59
2 24 1.01 7.52 16.89 1.09 14.4 16.65
2 24 2.08 1.68 15.59 2.22 -3.52 14.9
2 24 1.16 0.61 16.65 1.01 7.52 16.89
2 24 5.38 7.51 -15.63 7.63 7.55 -15.04
2 24 7.63 7.55 -15.04 9.66 7.67 -14.3
2 24 14.02 17.97 9.04 12.7 18.25 10.99
2 24 14.74 19.97 12.49 15.69 19.32 9.85
2 24 15.14 17.63 6.31 14.02 17.97 9.04
2 24 15.69 19.32 9.85 16.42 18.84 6.82
2 24 5.3 -11.84 21.83 2.19 -12.22 22.15
2 24 12.7 18.25 10.99 9.87 18.75 13.14
2 24 9.87 18.75 13.14 5.7 19.26 14.71
2 24 2.48 22.11 18.87 7.19 21.83 18.12
2 24 12.2 20.87 15.61 14.74 19.97 12.49
2 24 7.19 21.83 18.12 12.2 20.87 15.61
2 24 5.7 19.26 14.71 2.09 19.52 15.31
2 24 2.09 19.52 15.31 1.11 19.97 16.11
2 24 1.08 -6.41 -9.63 0.94 -4.45 -11.33
2 24 14.98 17.77 -7.02 14.82 19.68 -7.32
2 24 15.49 14.69 -5.79 14.98 17.77 -7.02
2 24 11.49 21.71 -13 10.33 21.65 -13.83
2 24 13.25 21.46 -10.66 12.43 21.59 -11.97
2 24 16.14 8.31 -3.28 15.94 11.8 -4.43
2 24 12.6 9.89 -11.44 12.35 8.62 -11.93
2 24 11.66 12.18 -12.26 12.38 11.18 -11.55
2 24 15.94 11.8 -4.43 15.49 14.69 -5.79
2 24 7.22 19.04 -15.14 5.37 16.2 -15.71
2 24 7.07 12.49 -14.94 9.03 12.45 -14.23
2 24 9.03 12.45 -14.23 10.59 12.43 -13.22
2 24 5.37 16.2 -15.71 3.11 14.8 -16.26
2 24 5.06 12.51 -15.53 7.07 12.49 -14.94
2 24 9.17 21.28 -14.38 8.25 20.79 -14.74
2 24 8.25 20.79 -14.74 7.22 19.04 -15.14
2 24 10.59 12.43 -13.22 11.66 12.18 -12.26
2 24 10.33 21.65 -13.83 9.17 21.28 -14.38
2 24 12.38 11.18 -11.55 12.6 9.89 -11.44
2 24 16.63 0.71 3.3 16.6 -0.41 0.79
2 24 16.34 1.84 5.71 16.63 0.71 3.3
2 24 15.05 -0.89 -0.3 14.9 -1.45 1.07
2 24 15.46 1.77 -1.33 15.05 -0.89 -0.3
2 24 16.6 -0.41 0.79 16.82 2.01 -0.34
2 24 16.84 6.75 5.22 16.34 1.84 5.71
2 24 14.9 -1.45 1.07 14.94 -0.2 3.68
2 24 16.1 4.04 -2.09 16.14 8.31 -3.28
2 24 14.82 19.68 -7.32 14.74 21.27 -7.34
2 24 13.23 3.14 -10.85 14.81 3.81 -7.52
2 24 14.81 3.81 -7.52 16.1 4.04 -2.09
2 24 14.66 1.01 6.31 14.72 1.95 6.6
2 24 14.94 -0.2 3.68 14.66 1.01 6.31
2 24 14.74 21.27 -7.34 13.25 21.46 -10.66
2 24 14.72 1.95 6.6 15.34 6.79 6.06
2 24 12.43 21.59 -11.97 11.49 21.71 -13
2 24 19.24 -6.05 16.74 11.92 -0.91 12.59
2 24 11.92 -0.91 12.59 13.22 -1.68 9.57
2 24 19.64 -8.1 14.14 20.21 -6.77 14.51
2 24 20.21 -6.77 14.51 19.24 -6.05 16.74
2 24 11.75 2.27 -12.2 13.23 3.14 -10.85
2 24 3.39 12.44 -15.95 5.06 12.51 -15.53
2 24 11.56 8.03 -12.96 9.66 7.67 -14.3
2 24 12.35 8.62 -11.93 11.56 8.03 -12.96
2 24 12.62 -3.15 9.12 19.64 -8.1 14.14
2 24 13.22 -1.68 9.57 12.62 -3.15 9.12
2 24 16.82 2.01 -0.34 16.9 4.08 -1.16
2 24 17.19 12.97 5.3 16.84 6.75 5.22
2 24 16.42 18.84 6.82 16.52 21.73 6.6
2 24 15.14 17.63 6.31 16.42 18.84 6.82
2 24 16.52 21.73 6.6 18.73 22.88 6.86
2 24 20.42 20.26 6.42 18.98 18.68 6.39
2 24 17.83 16.48 5.94 17.19 12.97 5.3
2 24 15.34 6.79 6.06 15.44 13.5 6.05
2 24 15.44 13.5 6.05 15.14 17.63 6.31
2 24 18.98 18.68 6.39 17.83 16.48 5.94
2 24 17.65 23.49 -12.62 16.66 22.16 -10.41
2 24 16.66 22.16 -10.41 15.61 21.17 -8.38
2 24 18.49 20.19 -12.53 18.97 20.96 -14.31
2 24 18.97 20.96 -14.31 19.44 21.57 -14.93
2 24 19.44 21.57 -14.93 19.96 21.76 -14.82
2 24 19.59 24.54 -13.95 18.45 24.19 -13.87
2 24 15.61 21.17 -8.38 14.74 21.27 -7.34
2 24 18.45 24.19 -13.87 17.65 23.49 -12.62
2 24 18.01 19.01 -10.23 18.49 20.19 -12.53
2 24 16.1 4.04 -2.09 15.96 3.6 -1.93
2 24 16.9 4.08 -1.16 16.82 8.6 -2.48
2 24 15.96 3.6 -1.93 15.65 3.29 -1.79
2 24 15.65 3.29 -1.79 15.46 1.77 -1.33
2 24 16.66 14.79 -5.33 17.25 17.2 -7.66
2 24 17.25 17.2 -7.66 18.01 19.01 -10.23
2 24 16.82 8.6 -2.48 16.53 12.14 -3.75
2 24 16.53 12.14 -3.75 16.66 14.79 -5.33
2 24 20.68 24.66 -12.82 19.59 24.54 -13.95
2 24 22.13 21.41 -6.54 22.8 21.43 -0.8
2 24 22.52 21.36 4.76 21.49 20.95 6.07
2 24 20.89 23.84 6.43 22.28 24.26 4.87
2 24 22.8 21.43 -0.8 22.52 21.36 4.76
2 24 18.73 22.88 6.86 20.89 23.84 6.43
2 24 21.49 20.95 6.07 20.42 20.26 6.42
2 24 14.17 3.1 -7.09 12.63 2.56 -10.03
2 24 15.65 3.29 -1.79 14.17 3.1 -7.09
2 24 22.28 24.26 4.87 22.75 24.62 -0.78
2 24 21.06 24.62 -11.48 20.68 24.66 -12.82
2 24 21.59 24.64 -9.59 21.06 24.62 -11.48
2 24 19.96 21.76 -14.82 20.36 21.33 -13.9
2 24 20.36 21.33 -13.9 20.85 21.23 -11.86
2 24 21.57 21.33 -9.23 22.13 21.41 -6.54
2 24 22.75 24.62 -0.78 22.15 24.61 -6.87
2 24 22.15 24.61 -6.87 21.59 24.64 -9.59
2 24 20.85 21.23 -11.86 21.57 21.33 -9.23
2 24 15.54 22.05 9.36 16.52 21.73 6.6
2 24 7.06 23.89 17.37 11.95 23.14 14.82
2 24 14.6 22.4 11.82 15.54 22.05 9.36
2 24 11.95 23.14 14.82 14.6 22.4 11.82
2 24 2.38 24.14 18.29 7.06 23.89 17.37
2 24 3.2 -2.49 -13.37 1.7 -3.68 -12.93
2 24 1.7 -3.68 -12.93 0.84 -4.38 -12.59
2 24 5.38 -1.08 -13.52 3.2 -2.49 -13.37
2 24 9.67 1.29 -12.87 7.59 0.14 -13.25
2 24 7.59 0.14 -13.25 5.38 -1.08 -13.52
2 24 1.5 7.49 -16.05 3.22 7.47 -15.95
2 24 3.22 7.47 -15.95 5.38 7.51 -15.63
3 16 9.47 22.39 -9.16 9.35 8.44 -9.27 12.16 21.83 -5.04
4 16 12.011 2 4.975 12.16 22.26 5.04 13.16 21.99 0 13 2 0
4 16 13 2 0 13.16 21.99 0 12.16 21.83 -5.04 12.011 2 -4.975
3 16 8.79 10.8 -10.38 9.35 8.44 -9.27 9.47 22.39 -9.16
3 16 7.59 11.63 -11.1 8.36 11.37 -10.67 9.47 22.39 -9.16
3 16 8.36 11.37 -10.67 8.79 10.8 -10.38 9.47 22.39 -9.16
3 16 8.89 10.11 -10.31 9.35 8.44 -9.27 8.79 10.8 -10.38
3 16 12.16 21.83 -5.04 9.35 8.44 -9.27 12.011 2 -4.975
3 16 7.87 22.48 -10.75 7.59 11.63 -11.1 9.47 22.39 -9.16
3 16 0 14.57 -13.43 0 11 -13.54 1.7 11.41 -13.49
3 16 0 14.57 -13.43 1.7 11.41 -13.49 1.71 14.94 -13.34
3 16 1.71 14.94 -13.34 1.7 11.41 -13.49 3.32 11.82 -13.14
3 16 5.77 19.95 -11.95 5.88 11.74 -12.1 7.59 11.63 -11.1
3 16 5.77 19.95 -11.95 7.59 11.63 -11.1 7.05 22.07 -11.3
3 16 7.05 22.07 -11.3 7.59 11.63 -11.1 7.87 22.48 -10.75
3 16 3.92 16.66 -12.73 5.88 11.74 -12.1 5.77 19.95 -11.95
3 16 1.71 14.94 -13.34 3.32 11.82 -13.14 3.92 16.66 -12.73
3 16 3.92 16.66 -12.73 3.32 11.82 -13.14 4.45 11.82 -12.69
3 16 3.92 16.66 -12.73 4.45 11.82 -12.69 5.88 11.74 -12.1
4 16 5.92 -7.83 3.7 10.49 -5.81 2.96 10.27 -5.34 7.42 5.86 -7.22 8.62
3 16 10.49 -5.81 2.96 13.59 -2.58 6.49 10.27 -5.34 7.42
4 16 14.01 -3.04 2.52 10.49 -5.81 2.96 10.53 -5.79 -0.61 14.06 -3.06 -0.83
3 16 5.92 -7.83 3.7 5.86 -7.22 8.62 2.15 -9.07 4.33
3 16 2.15 -9.07 4.33 5.86 -7.22 8.62 2.11 -8.31 9.7
3 16 9.94 -4.62 10.47 5.68 -6.13 11.94 5.86 -7.22 8.62
3 16 13.59 -2.58 6.49 12.62 -3.15 9.12 10.27 -5.34 7.42
3 16 12.62 -3.15 9.12 9.94 -4.62 10.47 10.27 -5.34 7.42
3 16 9.94 -4.62 10.47 5.86 -7.22 8.62 10.27 -5.34 7.42
3 16 13.59 -2.58 6.49 10.49 -5.81 2.96 14.01 -3.04 2.52
3 16 14.9 -1.45 1.07 14.01 -3.04 2.52 14.06 -3.06 -0.83
3 16 14.94 -0.2 3.68 13.59 -2.58 6.49 14.01 -3.04 2.52
3 16 14.01 -3.04 2.52 14.9 -1.45 1.07 14.94 -0.2 3.68
3 16 14.94 -0.2 3.68 14.66 1.01 6.31 13.59 -2.58 6.49
3 16 13.22 -1.68 9.57 12.62 -3.15 9.12 13.59 -2.58 6.49
3 16 15.05 -0.89 -0.3 14.9 -1.45 1.07 14.06 -3.06 -0.83
3 16 5.04 23.34 12.25 4.975 2 12.011 0 2 13
4 16 9.192 2 9.192 9.31 22.75 9.31 12.16 22.26 5.04 12.011 2 4.975
3 16 2.11 -8.31 9.7 5.86 -7.22 8.62 5.68 -6.13 11.94
3 16 2.11 -8.31 9.7 5.68 -6.13 11.94 2.11 -7.04 12.8
4 16 4.975 2 12.011 5.04 23.34 12.25 9.31 22.75 9.31 9.192 2 9.192
3 16 0 23.7 13.46 5.04 23.34 12.25 0 2 13
3 16 13.07 7.89 11.65 14.34 7.47 9 14.33 13.62 8.9
3 16 15.44 13.5 6.05 14.33 13.62 8.9 14.34 7.47 9
3 16 15.44 13.5 6.05 14.34 7.47 9 15.34 6.79 6.06
3 16 8.89 10.11 -10.31 8.68 9.19 -10.48 9.35 8.44 -9.27
3 16 2.08 1.68 15.59 2.22 -3.52 14.9 5.91 -2.85 14.31
3 16 14.33 13.62 8.9 15.44 13.5 6.05 15.14 17.63 6.31
3 16 8.33 8.76 -10.81 9.35 8.44 -9.27 8.68 9.19 -10.48
4 16 4.975 2 -12.011 9.192 2 -9.192 7.47 8.54 -11.29 6.5 8.4 -11.92
3 16 8.33 8.76 -10.81 7.47 8.54 -11.29 9.192 2 -9.192
4 16 9.35 8.44 -9.27 8.33 8.76 -10.81 9.192 2 -9.192 12.011 2 -4.975
4 16 9.9 14.15 13.69 12.95 13.85 11.34 12.7 18.25 10.99 9.87 18.75 13.14
3 16 5.46 14.33 15.33 9.9 14.15 13.69 9.87 18.75 13.14
3 16 5.46 14.33 15.33 9.87 18.75 13.14 5.7 19.26 14.71
3 16 14.33 13.62 8.9 15.14 17.63 6.31 14.02 17.97 9.04
4 16 14.33 13.62 8.9 14.02 17.97 9.04 12.95 13.85 11.34 13.07 7.89 11.65
3 16 14.02 17.97 9.04 12.7 18.25 10.99 12.95 13.85 11.34
3 16 2.95 8.25 -13.26 0 2 -13 4.975 2 -12.011
3 16 2.95 8.25 -13.26 4.975 2 -12.011 4.46 8.3 -12.82
3 16 4.46 8.3 -12.82 4.975 2 -12.011 6.5 8.4 -11.92
3 16 2.95 8.25 -13.26 1.52 8.23 -13.52 0 2 -13
3 16 9.96 2.39 14.04 11.92 -0.91 12.59 12.74 2.42 11.9
4 16 12.74 2.42 11.9 11.92 -0.91 12.59 13.22 -1.68 9.57 13.9 2.02 9.26
3 16 13.59 -2.58 6.49 14.66 1.01 6.31 13.22 -1.68 9.57
3 16 10.01 8.16 14.12 9.96 2.39 14.04 12.74 2.42 11.9
3 16 12.95 13.85 11.34 10.01 8.16 14.12 13.07 7.89 11.65
3 16 13.07 7.89 11.65 10.01 8.16 14.12 12.74 2.42 11.9
3 16 15.34 6.79 6.06 14.34 7.47 9 13.9 2.02 9.26
3 16 12.74 2.42 11.9 13.9 2.02 9.26 14.34 7.47 9
3 16 12.74 2.42 11.9 14.34 7.47 9 13.07 7.89 11.65
3 16 14.72 1.95 6.6 15.34 6.79 6.06 13.9 2.02 9.26
4 16 13.9 2.02 9.26 13.22 -1.68 9.57 14.66 1.01 6.31 14.72 1.95 6.6
3 16 9.9 14.15 13.69 10.01 8.16 14.12 12.95 13.85 11.34
3 16 5.45 8.2 15.51 2 14.13 15.87 2.03 8.19 15.97
4 16 5.61 2 15.1 5.45 8.2 15.51 2.03 8.19 15.97 2.08 1.68 15.59
3 16 5.45 8.2 15.51 5.46 14.33 15.33 2 14.13 15.87
3 16 5.46 14.33 15.33 5.7 19.26 14.71 2.09 19.52 15.31
3 16 5.46 14.33 15.33 2.09 19.52 15.31 2 14.13 15.87
3 16 9.9 14.15 13.69 5.46 14.33 15.33 5.45 8.2 15.51
3 16 5.61 2 15.1 9.96 2.39 14.04 5.45 8.2 15.51
3 16 9.96 2.39 14.04 10.01 8.16 14.12 5.45 8.2 15.51
3 16 9.9 14.15 13.69 5.45 8.2 15.51 10.01 8.16 14.12
3 16 5.61 2 15.1 9.63 -1.8 13.44 9.96 2.39 14.04
3 16 2.08 1.68 15.59 5.91 -2.85 14.31 5.61 2 15.1
3 16 5.91 -2.85 14.31 9.63 -1.8 13.44 5.61 2 15.1
3 16 11.92 -0.91 12.59 9.96 2.39 14.04 9.63 -1.8 13.44
3 16 18.39 22.99 6.29 18.73 22.88 6.86 20.41 24.19 5.94
3 16 18.73 22.88 6.86 20.89 23.84 6.43 20.41 24.19 5.94
3 16 20.41 24.19 5.94 20.89 23.84 6.43 21.49 24.67 4.68
3 16 18.39 22.99 6.29 16.52 21.73 6.6 18.73 22.88 6.86
3 16 15.73 22.24 6.47 15.54 22.05 9.36 16.52 21.73 6.6
3 16 15.73 22.24 6.47 16.52 21.73 6.6 16.42 22.18 5.96
3 16 18.39 22.99 6.29 16.42 22.18 5.96 16.52 21.73 6.6
3 16 22.75 24.62 -0.78 22.15 24.61 -6.87 21.43 24.99 -6.78
4 16 20.96 24.99 -9.28 21.43 24.99 -6.78 22.15 24.61 -6.87 21.59 24.64 -9.59
3 16 22.05 25.01 -0.66 22.75 24.62 -0.78 21.43 24.99 -6.78
3 16 20.89 23.84 6.43 22.28 24.26 4.87 21.49 24.67 4.68
3 16 22.05 25.01 -0.66 21.49 24.67 4.68 22.28 24.26 4.87
3 16 22.05 25.01 -0.66 22.28 24.26 4.87 22.75 24.62 -0.78
3 16 15.73 22.24 6.47 15.11 22.43 9.06 15.54 22.05 9.36
3 16 2.33 24.42 17.77 2.38 24.14 18.29 6.91 24.11 16.87
3 16 11.65 23.38 14.42 14.6 22.4 11.82 14.21 22.72 11.43
3 16 14.21 22.72 11.43 14.6 22.4 11.82 15.54 22.05 9.36
3 16 14.21 22.72 11.43 15.54 22.05 9.36 15.11 22.43 9.06
3 16 11.65 23.38 14.42 11.95 23.14 14.82 14.6 22.4 11.82
3 16 2.38 24.14 18.29 7.06 23.89 17.37 6.91 24.11 16.87
4 16 11.65 23.38 14.42 6.91 24.11 16.87 7.06 23.89 17.37 11.95 23.14 14.82
3 16 7.75 21.12 -14.33 8.25 20.79 -14.74 6.53 19.3 -14.72
4 16 6.53 19.3 -14.72 8.25 20.79 -14.74 7.22 19.04 -15.14 4.82 16.73 -15.22
3 16 8.78 21.78 -13.98 8.25 20.79 -14.74 7.75 21.12 -14.33
4 16 9.9 22.13 -13.45 10.33 21.65 -13.83 9.17 21.28 -14.38 8.78 21.78 -13.98
3 16 8.78 21.78 -13.98 9.17 21.28 -14.38 8.25 20.79 -14.74
3 16 1.3 14.83 -15.94 3.11 14.8 -16.26 1.3 14.25 -16.5
4 16 0 14.67 -16.06 1.3 14.83 -15.94 1.3 14.25 -16.5 0 14.17 -16.55
3 16 1.3 14.83 -15.94 2.91 15.35 -15.73 3.11 14.8 -16.26
3 16 4.82 16.73 -15.22 7.22 19.04 -15.14 5.37 16.2 -15.71
3 16 4.82 16.73 -15.22 5.37 16.2 -15.71 2.91 15.35 -15.73
3 16 5.37 16.2 -15.71 3.11 14.8 -16.26 2.91 15.35 -15.73
3 16 11.17 22.21 -12.46 10.33 21.65 -13.83 9.9 22.13 -13.45
3 16 15.95 21.76 -7.92 15.61 21.17 -8.38 14.74 21.27 -7.34
3 16 15.95 21.76 -7.92 14.74 21.27 -7.34 15.24 21.67 -6.84
3 16 15.24 21.67 -6.84 14.74 21.27 -7.34 14.5 21.71 -6.9
3 16 16.87 22.64 -10.01 15.61 21.17 -8.38 15.95 21.76 -7.92
3 16 17.83 23.89 -12.22 17.65 23.49 -12.62 16.66 22.16 -10.41
3 16 17.83 23.89 -12.22 16.66 22.16 -10.41 16.87 22.64 -10.01
3 16 16.87 22.64 -10.01 16.66 22.16 -10.41 15.61 21.17 -8.38
3 16 12.04 22.1 -11.6 12.43 21.59 -11.97 11.17 22.21 -12.46
3 16 12.43 21.59 -11.97 11.49 21.71 -13 11.17 22.21 -12.46
3 16 11.17 22.21 -12.46 11.49 21.71 -13 10.33 21.65 -13.83
4 16 13.25 21.46 -10.66 12.43 21.59 -11.97 12.04 22.1 -11.6 12.86 21.94 -10.36
3 16 14.5 21.71 -6.9 14.74 21.27 -7.34 12.86 21.94 -10.36
3 16 14.74 21.27 -7.34 13.25 21.46 -10.66 12.86 21.94 -10.36
4 16 13.01 2.59 -10.45 13.23 3.14 -10.85 14.81 3.81 -7.52 14.54 3.3 -7.33
3 16 14.54 3.3 -7.33 15.96 3.6 -1.93 14.17 3.1 -7.09
3 16 15.96 3.6 -1.93 15.65 3.29 -1.79 14.17 3.1 -7.09
3 16 12.63 2.56 -10.03 14.54 3.3 -7.33 14.17 3.1 -7.09
3 16 14.81 3.81 -7.52 16.1 4.04 -2.09 14.54 3.3 -7.33
3 16 13.01 2.59 -10.45 14.54 3.3 -7.33 12.63 2.56 -10.03
3 16 16.1 4.04 -2.09 15.96 3.6 -1.93 14.54 3.3 -7.33
3 16 13.9 -2.27 -3.88 14.06 -3.06 -0.83 10.41 -5.22 -3.93
3 16 14.06 -3.06 -0.83 10.53 -5.79 -0.61 10.41 -5.22 -3.93
3 16 14.14 1.84 -6.7 15.65 3.29 -1.79 15.46 1.77 -1.33
3 16 14.06 -3.06 -0.83 13.9 -2.27 -3.88 15.05 -0.89 -0.3
3 16 15.05 -0.89 -0.3 13.9 -2.27 -3.88 15.46 1.77 -1.33
3 16 14.14 1.84 -6.7 14.17 3.1 -7.09 15.65 3.29 -1.79
3 16 11.45 1.99 -11.06 12.63 2.56 -10.03 12.46 0.78 -9.26
3 16 12.63 2.56 -10.03 14.17 3.1 -7.09 12.46 0.78 -9.26
3 16 12.46 0.78 -9.26 14.17 3.1 -7.09 14.14 1.84 -6.7
3 16 15.46 1.77 -1.33 13.9 -2.27 -3.88 14.14 1.84 -6.7
3 16 13.23 -0.76 -7.16 14.14 1.84 -6.7 13.9 -2.27 -3.88
3 16 14.14 1.84 -6.7 13.23 -0.76 -7.16 12.46 0.78 -9.26
4 16 19.43 24.86 -13.32 20 24.98 -12.59 20.68 24.66 -12.82 19.59 24.54 -13.95
3 16 18.57 24.51 -13.3 19.43 24.86 -13.32 19.59 24.54 -13.95
3 16 20 24.98 -12.59 21.06 24.62 -11.48 20.68 24.66 -12.82
3 16 20.96 24.99 -9.28 21.59 24.64 -9.59 20.42 24.99 -11.21
3 16 21.59 24.64 -9.59 21.06 24.62 -11.48 20.42 24.99 -11.21
3 16 20 24.98 -12.59 20.42 24.99 -11.21 21.06 24.62 -11.48
3 16 18.57 24.51 -13.3 19.59 24.54 -13.95 18.45 24.19 -13.87
3 16 18.57 24.51 -13.3 18.45 24.19 -13.87 17.65 23.49 -12.62
3 16 18.57 24.51 -13.3 17.65 23.49 -12.62 17.83 23.89 -12.22
4 16 1.09 14.4 16.65 2 14.13 15.87 2.09 19.52 15.31 1.11 19.97 16.11
4 16 2.03 8.19 15.97 2 14.13 15.87 1.09 14.4 16.65 1.01 7.52 16.89
3 16 1.01 7.52 16.89 1.16 0.61 16.65 2.08 1.68 15.59
3 16 2.22 -3.52 14.9 2.08 1.68 15.59 1.16 0.61 16.65
3 16 2.03 8.19 15.97 1.01 7.52 16.89 2.08 1.68 15.59
3 16 6.86 11.98 -14.7 5.06 12.51 -15.53 7.07 12.49 -14.94
3 16 2.22 -3.52 14.9 1.16 0.61 16.65 1.49 -4.76 15.94
4 16 2.48 22.11 18.87 2.09 19.52 15.31 5.7 19.26 14.71 7.19 21.83 18.12
3 16 2.48 22.11 18.87 1.11 19.97 16.11 2.09 19.52 15.31
3 16 6.86 11.98 -14.7 4.96 12.04 -15.24 5.06 12.51 -15.53
3 16 11.84 9.98 -11.68 11.67 10.94 -11.79 12.38 11.18 -11.55
3 16 11.66 12.18 -12.26 12.38 11.18 -11.55 11.67 10.94 -11.79
3 16 12.6 9.89 -11.44 11.72 9.04 -11.99 11.84 9.98 -11.68
3 16 12.6 9.89 -11.44 11.84 9.98 -11.68 12.38 11.18 -11.55
3 16 11.27 11.54 -12.23 10.26 11.8 -13.12 10.59 12.43 -13.22
3 16 10.59 12.43 -13.22 10.26 11.8 -13.12 9.03 12.45 -14.23
3 16 11.66 12.18 -12.26 11.67 10.94 -11.79 11.27 11.54 -12.23
3 16 11.66 12.18 -12.26 11.27 11.54 -12.23 10.59 12.43 -13.22
4 16 7.5 8.15 -14.52 9.53 8.32 -13.75 9.66 7.67 -14.3 7.63 7.55 -15.04
3 16 9.66 7.67 -14.3 9.53 8.32 -13.75 11.56 8.03 -12.96
3 16 5.27 8.08 -15.1 7.5 8.15 -14.52 7.63 7.55 -15.04
3 16 11.56 8.03 -12.96 11.72 9.04 -11.99 12.35 8.62 -11.93
3 16 12.6 9.89 -11.44 12.35 8.62 -11.93 11.72 9.04 -11.99
3 16 9.53 8.32 -13.75 11.1 8.59 -12.63 11.56 8.03 -12.96
3 16 11.56 8.03 -12.96 11.1 8.59 -12.63 11.72 9.04 -11.99
3 16 10.26 11.8 -13.12 8.81 11.86 -13.97 9.03 12.45 -14.23
3 16 0 11.12 -15.8 0 11.46 -16.14 1.47 11.48 -15.78
3 16 0 11.46 -16.14 1.44 11.86 -16.12 1.47 11.48 -15.78
4 16 4.96 12.04 -15.24 3.36 11.98 -15.64 3.39 12.44 -15.95 5.06 12.51 -15.53
3 16 3.36 11.98 -15.64 1.47 11.48 -15.78 1.44 11.86 -16.12
3 16 3.36 11.98 -15.64 1.44 11.86 -16.12 3.39 12.44 -15.95
3 16 9.03 12.45 -14.23 8.81 11.86 -13.97 7.07 12.49 -14.94
3 16 8.81 11.86 -13.97 6.86 11.98 -14.7 7.07 12.49 -14.94
3 16 7.19 21.83 18.12 5.7 19.26 14.71 9.87 18.75 13.14
3 16 3.39 12.44 -15.95 1.3 14.25 -16.5 3.11 14.8 -16.26
4 16 0 14.17 -16.55 1.3 14.25 -16.5 1.44 11.86 -16.12 0 11.46 -16.14
3 16 3.39 12.44 -15.95 1.44 11.86 -16.12 1.3 14.25 -16.5
3 16 11.75 2.27 -12.2 13.23 3.14 -10.85 13.01 2.59 -10.45
3 16 11.63 1.89 -11.69 11.75 2.27 -12.2 13.01 2.59 -10.45
3 16 11.45 1.99 -11.06 11.63 1.89 -11.69 13.01 2.59 -10.45
3 16 11.45 1.99 -11.06 13.01 2.59 -10.45 12.63 2.56 -10.03
3 16 9.87 18.75 13.14 12.7 18.25 10.99 14.74 19.97 12.49
3 16 15.69 19.32 9.85 14.74 19.97 12.49 12.7 18.25 10.99
3 16 7.19 21.83 18.12 9.87 18.75 13.14 12.2 20.87 15.61
3 16 12.2 20.87 15.61 9.87 18.75 13.14 14.74 19.97 12.49
3 16 14.02 17.97 9.04 15.14 17.63 6.31 16.42 18.84 6.82
3 16 15.69 19.32 9.85 12.7 18.25 10.99 14.02 17.97 9.04
3 16 15.69 19.32 9.85 14.02 17.97 9.04 16.42 18.84 6.82
3 16 9.63 -1.8 13.44 17.25 -7.29 18.01 11.92 -0.91 12.59
3 16 17.25 -7.29 18.01 19.24 -6.05 16.74 11.92 -0.91 12.59
4 16 9.63 -1.8 13.44 11.8 -10.1 20.36 14.52 -8.87 19.33 17.25 -7.29 18.01
4 16 1.49 -4.76 15.94 2.19 -12.22 22.15 5.3 -11.84 21.83 2.22 -3.52 14.9
4 16 5.91 -2.85 14.31 8.66 -11.14 21.22 11.8 -10.1 20.36 9.63 -1.8 13.44
4 16 5.91 -2.85 14.31 2.22 -3.52 14.9 5.3 -11.84 21.83 8.66 -11.14 21.22
3 16 5.38 7.51 -15.63 5.27 8.08 -15.1 7.63 7.55 -15.04
4 16 14.86 -10.99 17.69 17.78 -9.45 16.13 17.62 -7.86 17.88 14.87 -9.45 19.22
3 16 19.35 -6.7 16.81 17.62 -7.86 17.88 17.78 -9.45 16.13
3 16 12.03 -10.79 20.26 14.86 -10.99 17.69 14.87 -9.45 19.22
4 16 5.27 8.08 -15.1 4.46 8.3 -12.82 6.5 8.4 -11.92 7.5 8.15 -14.52
3 16 19.35 -6.7 16.81 17.78 -9.45 16.13 19.75 -8.06 14.86
3 16 19.35 -6.7 16.81 19.75 -8.06 14.86 20.18 -7.16 15.07
3 16 5.42 -12.56 21.75 2.64 -14.14 20.85 5.67 -13.8 20.44
3 16 5.42 -12.56 21.75 5.67 -13.8 20.44 8.79 -11.84 21.14
3 16 5.42 -12.56 21.75 2.4 -12.87 22.12 2.64 -14.14 20.85
4 16 11.92 -12.19 18.89 12.03 -10.79 20.26 8.79 -11.84 21.14 8.86 -13.13 19.8
3 16 11.92 -12.19 18.89 14.86 -10.99 17.69 12.03 -10.79 20.26
3 16 5.67 -13.8 20.44 8.86 -13.13 19.8 8.79 -11.84 21.14
3 16 7.5 8.15 -14.52 6.5 8.4 -11.92 7.47 8.54 -11.29
3 16 19.75 18.8 -0.75 18.57 16.77 -0.19 16.66 14.79 -5.33
4 16 18.98 18.68 6.39 17.83 16.48 5.94 18.57 16.77 -0.19 19.75 18.8 -0.75
3 16 17.25 17.2 -7.66 19.75 18.8 -0.75 16.66 14.79 -5.33
3 16 17.69 14.21 0.33 17.83 16.48 5.94 17.19 12.97 5.3
3 16 17.11 4.93 2.23 17.35 10.67 0.9 16.84 6.75 5.22
3 16 16.66 14.79 -5.33 18.57 16.77 -0.19 17.69 14.21 0.33
3 16 18.57 16.77 -0.19 17.83 16.48 5.94 17.69 14.21 0.33
3 16 21.49 20.95 6.07 20.42 20.26 6.42 21.22 20.37 -0.78
4 16 20.42 20.26 6.42 18.98 18.68 6.39 19.75 18.8 -0.75 21.22 20.37 -0.78
3 16 22.8 21.43 -0.8 22.52 21.36 4.76 21.22 20.37 -0.78
3 16 22.52 21.36 4.76 21.49 20.95 6.07 21.22 20.37 -0.78
3 16 18.01 19.01 -10.23 20.04 19.83 -6.58 17.25 17.2 -7.66
3 16 20.04 19.83 -6.58 19.75 18.8 -0.75 17.25 17.2 -7.66
3 16 21.22 20.37 -0.78 19.75 18.8 -0.75 20.04 19.83 -6.58
3 16 16.84 6.75 5.22 17.35 10.67 0.9 17.19 12.97 5.3
4 16 5.38 7.51 -15.63 3.22 7.47 -15.95 3.23 8.05 -15.4 5.27 8.08 -15.1
4 16 3.22 7.47 -15.95 1.5 7.49 -16.05 1.54 8.04 -15.54 3.23 8.05 -15.4
3 16 17.69 14.21 0.33 17.35 10.67 0.9 16.53 12.14 -3.75
3 16 16.53 12.14 -3.75 17.35 10.67 0.9 16.82 8.6 -2.48
3 16 17.19 12.97 5.3 17.35 10.67 0.9 17.69 14.21 0.33
3 16 16.66 14.79 -5.33 17.69 14.21 0.33 16.53 12.14 -3.75
3 16 17.35 10.67 0.9 17.11 4.93 2.23 16.82 8.6 -2.48
3 16 17.11 4.93 2.23 16.9 4.08 -1.16 16.82 8.6 -2.48
3 16 22.13 21.41 -6.54 22.8 21.43 -0.8 21.22 20.37 -0.78
3 16 11.27 11.54 -12.23 8.79 10.8 -10.38 8.36 11.37 -10.67
3 16 11.27 11.54 -12.23 8.36 11.37 -10.67 10.26 11.8 -13.12
3 16 8.89 10.11 -10.31 8.79 10.8 -10.38 11.67 10.94 -11.79
3 16 11.27 11.54 -12.23 11.67 10.94 -11.79 8.79 10.8 -10.38
3 16 7.59 11.63 -11.1 5.88 11.74 -12.1 8.81 11.86 -13.97
4 16 6.86 11.98 -14.7 8.81 11.86 -13.97 5.88 11.74 -12.1 4.45 11.82 -12.69
3 16 8.36 11.37 -10.67 7.59 11.63 -11.1 10.26 11.8 -13.12
3 16 10.26 11.8 -13.12 7.59 11.63 -11.1 8.81 11.86 -13.97
3 16 9.53 8.32 -13.75 8.33 8.76 -10.81 11.1 8.59 -12.63
3 16 11.1 8.59 -12.63 8.33 8.76 -10.81 8.68 9.19 -10.48
3 16 7.5 8.15 -14.52 7.47 8.54 -11.29 9.53 8.32 -13.75
3 16 9.53 8.32 -13.75 7.47 8.54 -11.29 8.33 8.76 -10.81
3 16 11.72 9.04 -11.99 8.89 10.11 -10.31 11.84 9.98 -11.68
3 16 11.84 9.98 -11.68 8.89 10.11 -10.31 11.67 10.94 -11.79
3 16 11.1 8.59 -12.63 8.68 9.19 -10.48 11.72 9.04 -11.99
3 16 8.68 9.19 -10.48 8.89 10.11 -10.31 11.72 9.04 -11.99
3 16 20.36 21.33 -13.9 20.85 21.23 -11.86 18.49 20.19 -12.53
3 16 18.49 20.19 -12.53 20.85 21.23 -11.86 18.01 19.01 -10.23
3 16 19.96 21.76 -14.82 20.36 21.33 -13.9 18.97 20.96 -14.31
3 16 18.97 20.96 -14.31 20.36 21.33 -13.9 18.49 20.19 -12.53
3 16 21.57 21.33 -9.23 22.13 21.41 -6.54 20.04 19.83 -6.58
3 16 20.04 19.83 -6.58 22.13 21.41 -6.54 21.22 20.37 -0.78
4 16 18.01 19.01 -10.23 20.85 21.23 -11.86 21.57 21.33 -9.23 20.04 19.83 -6.58
3 16 4.96 12.04 -15.24 3.32 11.82 -13.14 3.36 11.98 -15.64
4 16 3.36 11.98 -15.64 3.32 11.82 -13.14 1.7 11.41 -13.49 1.47 11.48 -15.78
3 16 6.86 11.98 -14.7 4.45 11.82 -12.69 4.96 12.04 -15.24
3 16 4.45 11.82 -12.69 3.32 11.82 -13.14 4.96 12.04 -15.24
4 16 0 11 -13.54 0 11.12 -15.8 1.47 11.48 -15.78 1.7 11.41 -13.49
3 16 19.44 21.57 -14.93 19.96 21.76 -14.82 18.97 20.96 -14.31
3 16 14.39 7.43 -8.37 12.94 5.57 -11.34 12.35 8.62 -11.93
3 16 12.38 11.18 -11.55 13.91 10.25 -9.15 12.6 9.89 -11.44
3 16 16.14 8.31 -3.28 14.81 3.81 -7.52 14.39 7.43 -8.37
3 16 14.81 3.81 -7.52 12.94 5.57 -11.34 14.39 7.43 -8.37
3 16 16.14 8.31 -3.28 14.39 7.43 -8.37 15.94 11.8 -4.43
3 16 14.39 7.43 -8.37 13.91 10.25 -9.15 15.94 11.8 -4.43
4 16 12.35 8.62 -11.93 12.6 9.89 -11.44 13.91 10.25 -9.15 14.39 7.43 -8.37
3 16 14.66 1.01 6.31 15.55 1.07 6.11 14.72 1.95 6.6
3 16 15.34 6.79 6.06 14.72 1.95 6.6 15.94 1.98 6.26
3 16 14.94 -0.2 3.68 15.55 1.07 6.11 14.66 1.01 6.31
3 16 15.94 1.98 6.26 14.72 1.95 6.6 15.55 1.07 6.11
3 16 16.1 4.04 -2.09 14.81 3.81 -7.52 16.14 8.31 -3.28
3 16 14.81 3.81 -7.52 13.23 3.14 -10.85 12.94 5.57 -11.34
3 16 15.34 6.79 6.06 15.94 1.98 6.26 16.34 6.95 5.87
3 16 13.25 21.46 -10.66 14.74 21.27 -7.34 14.82 19.68 -7.32
3 16 15.49 14.69 -5.79 15.94 11.8 -4.43 13.91 10.25 -9.15
3 16 12.43 21.59 -11.97 12.74 18.2 -10.98 11.43 18.43 -12.62
3 16 12.74 18.2 -10.98 12.95 16.03 -10.44 11.43 18.43 -12.62
3 16 14.82 19.68 -7.32 12.74 18.2 -10.98 13.25 21.46 -10.66
3 16 12.43 21.59 -11.97 13.25 21.46 -10.66 12.74 18.2 -10.98
4 16 7.22 19.04 -15.14 9.12 18.76 -14.38 8.23 15.4 -14.55 5.37 16.2 -15.71
4 16 9.12 18.76 -14.38 7.22 19.04 -15.14 8.25 20.79 -14.74 9.17 21.28 -14.38
3 16 10.33 21.65 -13.83 11.49 21.71 -13 11.43 18.43 -12.62
3 16 12.38 11.18 -11.55 11.66 12.18 -12.26 13.44 12.86 -9.76
3 16 11.66 12.18 -12.26 12.95 16.03 -10.44 13.44 12.86 -9.76
3 16 15.49 14.69 -5.79 13.91 10.25 -9.15 13.44 12.86 -9.76
3 16 13.91 10.25 -9.15 12.38 11.18 -11.55 13.44 12.86 -9.76
3 16 14.98 17.77 -7.02 12.95 16.03 -10.44 12.74 18.2 -10.98
3 16 14.98 17.77 -7.02 12.74 18.2 -10.98 14.82 19.68 -7.32
3 16 15.49 14.69 -5.79 13.44 12.86 -9.76 12.95 16.03 -10.44
3 16 15.49 14.69 -5.79 12.95 16.03 -10.44 14.98 17.77 -7.02
3 16 16.34 1.84 5.71 15.94 1.98 6.26 15.55 1.07 6.11
3 16 16.14 8.31 -3.28 16.82 8.6 -2.48 16.1 4.04 -2.09
3 16 16.82 8.6 -2.48 16.9 4.08 -1.16 16.1 4.04 -2.09
4 16 15.94 11.8 -4.43 16.53 12.14 -3.75 16.82 8.6 -2.48 16.14 8.31 -3.28
3 16 15.65 3.29 -1.79 15.96 3.6 -1.93 16.2 1.72 -1.1
3 16 16.9 4.08 -1.16 16.82 2.01 -0.34 15.96 3.6 -1.93
3 16 16.1 4.04 -2.09 16.9 4.08 -1.16 15.96 3.6 -1.93
3 16 15.46 1.77 -1.33 15.65 3.29 -1.79 16.2 1.72 -1.1
3 16 14.82 19.68 -7.32 16.15 17.35 -7.9 14.98 17.77 -7.02
3 16 15.49 14.69 -5.79 14.98 17.77 -7.02 16.15 17.35 -7.9
3 16 16.77 19.35 -10.18 17.25 17.2 -7.66 16.15 17.35 -7.9
3 16 16.77 19.35 -10.18 16.15 17.35 -7.9 14.82 19.68 -7.32
3 16 15.49 14.69 -5.79 16.66 14.79 -5.33 15.94 11.8 -4.43
3 16 16.66 14.79 -5.33 16.53 12.14 -3.75 15.94 11.8 -4.43
3 16 15.49 14.69 -5.79 16.15 17.35 -7.9 17.25 17.2 -7.66
3 16 15.49 14.69 -5.79 17.25 17.2 -7.66 16.66 14.79 -5.33
3 16 15.96 3.6 -1.93 16.82 2.01 -0.34 16.2 1.72 -1.1
3 16 16.06 -0.77 0.02 15.83 -1.26 1 15.05 -0.89 -0.3
3 16 15.05 -0.89 -0.3 15.83 -1.26 1 14.9 -1.45 1.07
3 16 15.81 -0.09 3.63 15.83 -1.26 1 16.6 -0.41 0.79
3 16 16.06 -0.77 0.02 16.6 -0.41 0.79 15.83 -1.26 1
3 16 15.55 1.07 6.11 15.81 -0.09 3.63 16.34 1.84 5.71
3 16 15.81 -0.09 3.63 15.55 1.07 6.11 14.94 -0.2 3.68
3 16 14.9 -1.45 1.07 15.83 -1.26 1 14.94 -0.2 3.68
3 16 15.83 -1.26 1 15.81 -0.09 3.63 14.94 -0.2 3.68
3 16 15.46 1.77 -1.33 16.2 1.72 -1.1 16.06 -0.77 0.02
3 16 15.46 1.77 -1.33 16.06 -0.77 0.02 15.05 -0.89 -0.3
3 16 16.2 1.72 -1.1 16.82 2.01 -0.34 16.6 -0.41 0.79
3 16 16.2 1.72 -1.1 16.6 -0.41 0.79 16.06 -0.77 0.02
3 16 16.34 1.84 5.71 15.81 -0.09 3.63 16.63 0.71 3.3
3 16 16.63 0.71 3.3 15.81 -0.09 3.63 16.6 -0.41 0.79
3 16 16.34 6.95 5.87 15.94 1.98 6.26 16.84 6.75 5.22
3 16 16.84 6.75 5.22 15.94 1.98 6.26 16.34 1.84 5.71
3 16 11.49 21.71 -13 12.43 21.59 -11.97 11.43 18.43 -12.62
3 16 8.23 15.4 -14.55 7.07 12.49 -14.94 5.37 16.2 -15.71
4 16 5.37 16.2 -15.71 7.07 12.49 -14.94 5.06 12.51 -15.53 3.11 14.8 -16.26
3 16 10.98 15.2 -12.66 10.59 12.43 -13.22 9.03 12.45 -14.23
3 16 9.03 12.45 -14.23 7.07 12.49 -14.94 8.23 15.4 -14.55
3 16 11.75 2.27 -12.2 11.59 4.94 -12.92 13.23 3.14 -10.85
3 16 12.94 5.57 -11.34 13.23 3.14 -10.85 11.59 4.94 -12.92
3 16 3.11 14.8 -16.26 5.06 12.51 -15.53 3.39 12.44 -15.95
3 16 9.12 18.76 -14.38 11.43 18.43 -12.62 10.98 15.2 -12.66
3 16 11.43 18.43 -12.62 12.95 16.03 -10.44 10.98 15.2 -12.66
3 16 9.17 21.28 -14.38 10.33 21.65 -13.83 9.12 18.76 -14.38
3 16 10.33 21.65 -13.83 11.43 18.43 -12.62 9.12 18.76 -14.38
3 16 10.98 15.2 -12.66 11.66 12.18 -12.26 10.59 12.43 -13.22
3 16 8.23 15.4 -14.55 10.98 15.2 -12.66 9.03 12.45 -14.23
3 16 12.95 16.03 -10.44 11.66 12.18 -12.26 10.98 15.2 -12.66
3 16 9.12 18.76 -14.38 10.98 15.2 -12.66 8.23 15.4 -14.55
3 16 11.59 4.94 -12.92 11.56 8.03 -12.96 12.94 5.57 -11.34
3 16 9.66 7.67 -14.3 11.56 8.03 -12.96 11.59 4.94 -12.92
3 16 11.92 -0.91 12.59 19.24 -6.05 16.74 13.22 -1.68 9.57
3 16 11.56 8.03 -12.96 12.35 8.62 -11.93 12.94 5.57 -11.34
3 16 12.62 -3.15 9.12 13.22 -1.68 9.57 20.21 -6.77 14.51
3 16 19.24 -6.05 16.74 20.21 -6.77 14.51 13.22 -1.68 9.57
3 16 19.64 -8.1 14.14 12.62 -3.15 9.12 20.21 -6.77 14.51
3 16 16.77 19.35 -10.18 18.01 19.01 -10.23 17.25 17.2 -7.66
3 16 20.18 -7.16 15.07 20.21 -6.77 14.51 19.24 -6.05 16.74
3 16 20.18 -7.16 15.07 19.75 -8.06 14.86 20.21 -6.77 14.51
3 16 19.35 -6.7 16.81 20.18 -7.16 15.07 19.24 -6.05 16.74
4 16 17.37 -9.64 15.55 9.94 -4.62 10.47 12.62 -3.15 9.12 19.64 -8.1 14.14
4 16 14.68 -11.1 17 11.79 -12.28 18.17 9.94 -4.62 10.47 17.37 -9.64 15.55
3 16 2.11 -8.31 9.7 1.45 -9.58 9.79 2.15 -9.07 4.33
3 16 1.45 -9.58 9.79 1.37 -10.21 4.17 2.15 -9.07 4.33
3 16 2.11 -7.04 12.8 1.45 -8.14 13.97 1.45 -9.58 9.79
3 16 2.11 -7.04 12.8 1.45 -9.58 9.79 2.11 -8.31 9.7
3 16 2.81 -14.2 20.07 1.45 -8.14 13.97 5.79 -13.8 19.67
3 16 1.45 -8.14 13.97 2.11 -7.04 12.8 5.79 -13.8 19.67
4 16 11.79 -12.28 18.17 8.93 -13.13 19.01 5.68 -6.13 11.94 9.94 -4.62 10.47
4 16 5.79 -13.8 19.67 2.11 -7.04 12.8 5.68 -6.13 11.94 8.93 -13.13 19.01
3 16 19.75 -8.06 14.86 19.64 -8.1 14.14 20.21 -6.77 14.51
3 16 21.35 22.13 -12.19 20.36 21.33 -13.9 20.71 22.15 -14.12
3 16 21.35 22.13 -12.19 20.71 22.15 -14.12 20.68 24.66 -12.82
3 16 20.85 21.23 -11.86 20.36 21.33 -13.9 21.35 22.13 -12.19
3 16 19.96 21.76 -14.82 20.71 22.15 -14.12 20.36 21.33 -13.9
3 16 19.59 24.54 -13.95 20.71 22.15 -14.12 19.97 22.37 -14.87
3 16 20.71 22.15 -14.12 19.96 21.76 -14.82 19.97 22.37 -14.87
3 16 19.59 24.54 -13.95 20.68 24.66 -12.82 20.71 22.15 -14.12
3 16 18.45 24.19 -13.87 19.59 24.54 -13.95 19.97 22.37 -14.87
3 16 22.15 24.61 -6.87 22.71 22.31 -6.74 22.13 22.23 -9.51
3 16 22.15 24.61 -6.87 22.13 22.23 -9.51 21.59 24.64 -9.59
3 16 20.85 21.23 -11.86 22.13 22.23 -9.51 21.57 21.33 -9.23
4 16 21.57 21.33 -9.23 22.13 22.23 -9.51 22.71 22.31 -6.74 22.13 21.41 -6.54
3 16 21.06 24.62 -11.48 22.13 22.23 -9.51 21.35 22.13 -12.19
3 16 22.13 22.23 -9.51 20.85 21.23 -11.86 21.35 22.13 -12.19
3 16 21.06 24.62 -11.48 21.59 24.64 -9.59 22.13 22.23 -9.51
3 16 20.68 24.66 -12.82 21.06 24.62 -11.48 21.35 22.13 -12.19
3 16 19.96 21.76 -14.82 19.44 21.57 -14.93 19.97 22.37 -14.87
3 16 17.65 23.49 -12.62 18.36 21.78 -14.58 17.53 20.72 -12.37
3 16 19.44 21.57 -14.93 18.97 20.96 -14.31 18.36 21.78 -14.58
3 16 16.77 19.35 -10.18 16.66 22.16 -10.41 17.53 20.72 -12.37
3 16 16.66 22.16 -10.41 17.65 23.49 -12.62 17.53 20.72 -12.37
3 16 17.53 20.72 -12.37 18.49 20.19 -12.53 18.01 19.01 -10.23
3 16 17.53 20.72 -12.37 18.01 19.01 -10.23 16.77 19.35 -10.18
3 16 17.53 20.72 -12.37 18.36 21.78 -14.58 18.97 20.96 -14.31
3 16 17.53 20.72 -12.37 18.97 20.96 -14.31 18.49 20.19 -12.53
3 16 19.44 21.57 -14.93 18.36 21.78 -14.58 19.05 22.19 -15
3 16 18.45 24.19 -13.87 19.05 22.19 -15 18.36 21.78 -14.58
3 16 19.05 22.19 -15 19.97 22.37 -14.87 19.44 21.57 -14.93
3 16 19.97 22.37 -14.87 19.05 22.19 -15 18.45 24.19 -13.87
3 16 14.82 19.68 -7.32 15.61 21.17 -8.38 16.77 19.35 -10.18
3 16 15.61 21.17 -8.38 16.66 22.16 -10.41 16.77 19.35 -10.18
3 16 18.45 24.19 -13.87 18.36 21.78 -14.58 17.65 23.49 -12.62
3 16 14.74 21.27 -7.34 15.61 21.17 -8.38 14.82 19.68 -7.32
3 16 16.52 21.73 6.6 16.42 18.84 6.82 18.25 18.97 7.1
3 16 16.42 18.84 6.82 17.13 16.7 6.63 18.25 18.97 7.1
3 16 15.44 13.5 6.05 17.13 16.7 6.63 15.14 17.63 6.31
3 16 15.14 17.63 6.31 17.13 16.7 6.63 16.42 18.84 6.82
3 16 18.25 18.97 7.1 19.91 21.06 7.25 16.52 21.73 6.6
3 16 18.25 18.97 7.1 20.42 20.26 6.42 19.91 21.06 7.25
3 16 17.13 16.7 6.63 18.98 18.68 6.39 18.25 18.97 7.1
3 16 18.25 18.97 7.1 18.98 18.68 6.39 20.42 20.26 6.42
3 16 15.34 6.79 6.06 16.34 6.95 5.87 16.58 13.28 5.98
3 16 16.34 6.95 5.87 17.19 12.97 5.3 16.58 13.28 5.98
3 16 16.84 6.75 5.22 17.19 12.97 5.3 16.34 6.95 5.87
3 16 15.44 13.5 6.05 15.34 6.79 6.06 16.58 13.28 5.98
3 16 16.58 13.28 5.98 17.83 16.48 5.94 17.13 16.7 6.63
3 16 16.58 13.28 5.98 17.13 16.7 6.63 15.44 13.5 6.05
3 16 17.19 12.97 5.3 17.83 16.48 5.94 16.58 13.28 5.98
3 16 18.98 18.68 6.39 17.13 16.7 6.63 17.83 16.48 5.94
3 16 16.52 21.73 6.6 19.91 21.06 7.25 18.73 22.88 6.86
3 16 20.89 23.84 6.43 22.72 22.21 5.16 22.28 24.26 4.87
3 16 22.28 24.26 4.87 22.72 22.21 5.16 23.32 22.34 -0.73
3 16 22.8 21.43 -0.8 23.32 22.34 -0.73 22.52 21.36 4.76
3 16 22.52 21.36 4.76 23.32 22.34 -0.73 22.72 22.21 5.16
4 16 22.75 24.62 -0.78 23.32 22.34 -0.73 22.71 22.31 -6.74 22.15 24.61 -6.87
3 16 23.32 22.34 -0.73 22.13 21.41 -6.54 22.71 22.31 -6.74
3 16 22.28 24.26 4.87 23.32 22.34 -0.73 22.75 24.62 -0.78
3 16 19.91 21.06 7.25 21.49 20.95 6.07 21.64 21.91 6.64
3 16 19.91 21.06 7.25 21.64 21.91 6.64 20.89 23.84 6.43
3 16 19.91 21.06 7.25 20.42 20.26 6.42 21.49 20.95 6.07
3 16 18.73 22.88 6.86 19.91 21.06 7.25 20.89 23.84 6.43
4 16 21.49 20.95 6.07 22.52 21.36 4.76 22.72 22.21 5.16 21.64 21.91 6.64
3 16 22.13 21.41 -6.54 23.32 22.34 -0.73 22.8 21.43 -0.8
3 16 22.72 22.21 5.16 20.89 23.84 6.43 21.64 21.91 6.64
3 16 16.06 22.07 3.66 18.92 23.14 3.93 16.09 21.84 -0.43
3 16 18.92 23.14 3.93 19.36 23.47 -0.54 16.09 21.84 -0.43
3 16 15.42 21.71 -4.59 16.09 21.84 -0.43 19.36 23.47 -0.54
3 16 12.16 22.26 5.04 16.06 22.07 3.66 13.16 21.99 0
3 16 16.06 22.07 3.66 16.09 21.84 -0.43 13.16 21.99 0
4 16 13.16 21.99 0 16.09 21.84 -0.43 15.42 21.71 -4.59 12.16 21.83 -5.04
3 16 19.36 23.47 -0.54 19 23.7 -6.12 15.42 21.71 -4.59
3 16 15.42 21.71 -4.59 19 23.7 -6.12 15.95 21.76 -7.92
3 16 16.87 22.64 -10.01 15.95 21.76 -7.92 18.57 23.82 -8.92
3 16 18.92 23.14 3.93 21.49 24.67 4.68 19.36 23.47 -0.54
3 16 21.49 24.67 4.68 22.05 25.01 -0.66 19.36 23.47 -0.54
3 16 22.05 25.01 -0.66 19 23.7 -6.12 19.36 23.47 -0.54
3 16 7.87 22.48 -10.75 9.47 22.39 -9.16 11.17 22.21 -12.46
3 16 12.04 22.1 -11.6 11.17 22.21 -12.46 9.47 22.39 -9.16
4 16 12.86 21.94 -10.36 12.04 22.1 -11.6 9.47 22.39 -9.16 12.16 21.83 -5.04
3 16 8.78 21.78 -13.98 7.05 22.07 -11.3 7.87 22.48 -10.75
3 16 8.78 21.78 -13.98 7.87 22.48 -10.75 9.9 22.13 -13.45
3 16 9.9 22.13 -13.45 7.87 22.48 -10.75 11.17 22.21 -12.46
3 16 15.42 21.71 -4.59 15.24 21.67 -6.84 14.5 21.71 -6.9
3 16 15.42 21.71 -4.59 14.5 21.71 -6.9 12.16 21.83 -5.04
3 16 12.86 21.94 -10.36 12.16 21.83 -5.04 14.5 21.71 -6.9
3 16 15.42 21.71 -4.59 15.95 21.76 -7.92 15.24 21.67 -6.84
3 16 15.95 21.76 -7.92 19 23.7 -6.12 18.57 23.82 -8.92
3 16 2.38 24.14 18.29 2.48 22.11 18.87 7.06 23.89 17.37
3 16 18.93 24.32 -10.62 18.57 23.82 -8.92 20.96 24.99 -9.28
3 16 18.57 23.82 -8.92 18.93 24.32 -10.62 16.87 22.64 -10.01
3 16 20.96 24.99 -9.28 20.42 24.99 -11.21 18.93 24.32 -10.62
3 16 19 23.7 -6.12 22.05 25.01 -0.66 21.43 24.99 -6.78
3 16 19 23.7 -6.12 21.43 24.99 -6.78 18.57 23.82 -8.92
3 16 21.43 24.99 -6.78 20.96 24.99 -9.28 18.57 23.82 -8.92
3 16 18.57 24.51 -13.3 17.83 23.89 -12.22 20 24.98 -12.59
3 16 18.57 24.51 -13.3 20 24.98 -12.59 19.43 24.86 -13.32
3 16 16.87 22.64 -10.01 18.93 24.32 -10.62 17.83 23.89 -12.22
3 16 18.93 24.32 -10.62 20.42 24.99 -11.21 20 24.98 -12.59
3 16 18.93 24.32 -10.62 20 24.98 -12.59 17.83 23.89 -12.22
3 16 1.3 14.83 -15.94 0 14.57 -13.43 1.71 14.94 -13.34
3 16 1.3 14.83 -15.94 1.71 14.94 -13.34 2.91 15.35 -15.73
3 16 2.91 15.35 -15.73 1.71 14.94 -13.34 3.92 16.66 -12.73
3 16 0 14.67 -16.06 0 14.57 -13.43 1.3 14.83 -15.94
3 16 6.53 19.3 -14.72 5.77 19.95 -11.95 7.75 21.12 -14.33
3 16 5.77 19.95 -11.95 7.05 22.07 -11.3 7.75 21.12 -14.33
3 16 8.78 21.78 -13.98 7.75 21.12 -14.33 7.05 22.07 -11.3
3 16 2.91 15.35 -15.73 3.92 16.66 -12.73 4.82 16.73 -15.22
3 16 4.82 16.73 -15.22 3.92 16.66 -12.73 6.53 19.3 -14.72
3 16 3.92 16.66 -12.73 5.77 19.95 -11.95 6.53 19.3 -14.72
3 16 2.48 22.11 18.87 7.19 21.83 18.12 7.06 23.89 17.37
3 16 17.11 4.93 2.23 16.84 6.75 5.22 16.34 1.84 5.71
3 16 12.2 20.87 15.61 14.74 19.97 12.49 14.6 22.4 11.82
3 16 14.74 19.97 12.49 15.69 19.32 9.85 14.6 22.4 11.82
3 16 14.6 22.4 11.82 15.69 19.32 9.85 15.54 22.05 9.36
4 16 11.95 23.14 14.82 7.06 23.89 17.37 7.19 21.83 18.12 12.2 20.87 15.61
3 16 11.95 23.14 14.82 12.2 20.87 15.61 14.6 22.4 11.82
3 16 16.9 4.08 -1.16 17.11 4.93 2.23 16.82 2.01 -0.34
3 16 16.82 2.01 -0.34 17.11 4.93 2.23 16.63 0.71 3.3
3 16 16.63 0.71 3.3 17.11 4.93 2.23 16.34 1.84 5.71
3 16 16.52 21.73 6.6 15.54 22.05 9.36 15.69 19.32 9.85
3 16 16.52 21.73 6.6 15.69 19.32 9.85 16.42 18.84 6.82
3 16 16.6 -0.41 0.79 16.82 2.01 -0.34 16.63 0.71 3.3
4 16 4.46 8.3 -12.82 5.27 8.08 -15.1 3.23 8.05 -15.4 2.95 8.25 -13.26
3 16 14.86 -10.99 17.69 17.37 -9.64 15.55 17.78 -9.45 16.13
3 16 19.75 -8.06 14.86 17.78 -9.45 16.13 17.37 -9.64 15.55
3 16 19.75 -8.06 14.86 17.37 -9.64 15.55 19.64 -8.1 14.14
4 16 3.23 8.05 -15.4 1.54 8.04 -15.54 1.52 8.23 -13.52 2.95 8.25 -13.26
3 16 15.73 22.24 6.47 16.06 22.07 3.66 12.16 22.26 5.04
3 16 15.73 22.24 6.47 12.16 22.26 5.04 15.11 22.43 9.06
3 16 15.11 22.43 9.06 12.16 22.26 5.04 9.31 22.75 9.31
3 16 18.39 22.99 6.29 20.41 24.19 5.94 18.92 23.14 3.93
3 16 20.41 24.19 5.94 21.49 24.67 4.68 18.92 23.14 3.93
3 16 15.73 22.24 6.47 16.42 22.18 5.96 16.06 22.07 3.66
3 16 11.65 23.38 14.42 5.04 23.34 12.25 6.91 24.11 16.87
4 16 2.33 24.42 17.77 6.91 24.11 16.87 5.04 23.34 12.25 0 23.7 13.46
3 16 15.11 22.43 9.06 9.31 22.75 9.31 14.21 22.72 11.43
3 16 14.21 22.72 11.43 9.31 22.75 9.31 11.65 23.38 14.42
3 16 9.31 22.75 9.31 5.04 23.34 12.25 11.65 23.38 14.42
3 16 16.06 22.07 3.66 16.42 22.18 5.96 18.92 23.14 3.93
3 16 16.42 22.18 5.96 18.39 22.99 6.29 18.92 23.14 3.93
3 16 2.4 -12.87 22.12 5.42 -12.56 21.75 5.3 -11.84 21.83
4 16 5.3 -11.84 21.83 5.42 -12.56 21.75 8.79 -11.84 21.14 8.66 -11.14 21.22
3 16 2.19 -12.22 22.15 2.4 -12.87 22.12 5.3 -11.84 21.83
3 16 14.52 -8.87 19.33 12.03 -10.79 20.26 14.87 -9.45 19.22
4 16 17.25 -7.29 18.01 14.52 -8.87 19.33 14.87 -9.45 19.22 17.62 -7.86 17.88
4 16 8.66 -11.14 21.22 8.79 -11.84 21.14 12.03 -10.79 20.26 11.8 -10.1 20.36
3 16 14.52 -8.87 19.33 11.8 -10.1 20.36 12.03 -10.79 20.26
3 16 17.62 -7.86 17.88 19.35 -6.7 16.81 17.25 -7.29 18.01
3 16 2.64 -14.14 20.85 2.81 -14.2 20.07 5.67 -13.8 20.44
3 16 2.81 -14.2 20.07 5.79 -13.8 19.67 5.67 -13.8 20.44
4 16 8.86 -13.13 19.8 5.67 -13.8 20.44 5.79 -13.8 19.67 8.93 -13.13 19.01
4 16 14.86 -10.99 17.69 11.92 -12.19 18.89 11.79 -12.28 18.17 14.68 -11.1 17
3 16 14.68 -11.1 17 17.37 -9.64 15.55 14.86 -10.99 17.69
3 16 8.86 -13.13 19.8 8.93 -13.13 19.01 11.92 -12.19 18.89
3 16 8.93 -13.13 19.01 11.79 -12.28 18.17 11.92 -12.19 18.89
3 16 19.35 -6.7 16.81 19.24 -6.05 16.74 17.25 -7.29 18.01
2 24 0 -14.2 20.07 2.81 -14.2 20.07
2 24 0 -8.14 13.97 1.45 -8.14 13.97
2 24 0.94 -4.45 -11.33 0 -4.45 -11.33
2 24 0 -4.76 15.94 1.49 -4.76 15.94
2 24 2.19 -12.22 22.15 0 -12.22 22.15
2 24 1.11 19.97 16.11 0 19.97 16.11
2 24 0 22.11 18.87 2.48 22.11 18.87
2 24 0 24.14 18.29 2.38 24.14 18.29
2 24 0.84 -4.38 -12.59 0 -4.38 -12.59
2 24 0 7.49 -16.05 1.5 7.49 -16.05
3 16 0 2 -13 1.52 8.23 -13.52 0 8.23 -13.52
4 16 0 24.14 18.29 2.38 24.14 18.29 2.33 24.42 17.77 0 24.42 17.77
4 16 0 -4.76 15.94 1.49 -4.76 15.94 1.16 0.61 16.65 0 0.61 16.65
4 16 0 14.4 16.65 1.09 14.4 16.65 1.11 19.97 16.11 0 19.97 16.11
4 16 0 7.52 16.89 1.01 7.52 16.89 1.09 14.4 16.65 0 14.4 16.65
4 16 0 0.61 16.65 1.16 0.61 16.65 1.01 7.52 16.89 0 7.52 16.89
4 16 0 19.97 16.11 1.11 19.97 16.11 2.48 22.11 18.87 0 22.11 18.87
4 16 0 -12.22 22.15 2.19 -12.22 22.15 1.49 -4.76 15.94 0 -4.76 15.94
4 16 0 -14.14 20.85 2.64 -14.14 20.85 2.4 -12.87 22.12 0 -12.87 22.12
4 16 0 8.04 -15.54 1.54 8.04 -15.54 1.5 7.49 -16.05 0 7.49 -16.05
4 16 0 -8.14 13.97 1.45 -8.14 13.97 2.81 -14.2 20.07 0 -14.2 20.07
4 16 0 22.11 18.87 2.48 22.11 18.87 2.38 24.14 18.29 0 24.14 18.29
3 16 0 24.42 17.77 2.33 24.42 17.77 0 23.7 13.46
4 16 0 8.23 -13.52 1.52 8.23 -13.52 1.54 8.04 -15.54 0 8.04 -15.54
4 16 0 -12.87 22.12 2.4 -12.87 22.12 2.19 -12.22 22.15 0 -12.22 22.15
4 16 0 -14.2 20.07 2.81 -14.2 20.07 2.64 -14.14 20.85 0 -14.14 20.85
3 16 5.91 -7.89 -0.07 10.49 -5.81 2.96 5.92 -7.83 3.7
3 16 2.11 -9.22 0.17 5.91 -7.89 -0.07 5.92 -7.83 3.7
3 16 10.53 -5.79 -0.61 10.49 -5.81 2.96 5.91 -7.89 -0.07
3 16 2.15 -9.07 4.33 2.11 -9.22 0.17 5.92 -7.83 3.7
3 16 10.53 -5.79 -0.61 5.91 -7.89 -0.07 5.87 -7.45 -3.54
3 16 9.6 1.1 -11.75 11.45 1.99 -11.06 12.46 0.78 -9.26
3 16 10.53 -5.79 -0.61 5.87 -7.45 -3.54 10.41 -5.22 -3.93
3 16 9.87 -3.42 -7.79 13.9 -2.27 -3.88 10.41 -5.22 -3.93
3 16 13.23 -0.76 -7.16 9.87 -3.42 -7.79 12.46 0.78 -9.26
3 16 13.9 -2.27 -3.88 9.87 -3.42 -7.79 13.23 -0.76 -7.16
3 16 9.73 0.98 -12.36 9.67 1.29 -12.87 11.63 1.89 -11.69
3 16 9.67 1.29 -12.87 11.75 2.27 -12.2 11.63 1.89 -11.69
4 16 9.6 1.1 -11.75 9.73 0.98 -12.36 11.63 1.89 -11.69 11.45 1.99 -11.06
3 16 7.58 -0.15 -12.66 9.73 0.98 -12.36 7.54 0.07 -12.07
3 16 7.54 0.07 -12.07 9.73 0.98 -12.36 9.6 1.1 -11.75
3 16 9.7 4.09 -13.79 9.66 7.67 -14.3 11.59 4.94 -12.92
3 16 2.11 -9.22 0.17 2.15 -9.07 4.33 1.37 -10.21 4.17
3 16 2.11 -9.22 0.17 1.37 -10.21 4.17 1.32 -10.33 -0.22
3 16 7.58 -0.15 -12.66 7.59 0.14 -13.25 9.73 0.98 -12.36
3 16 7.59 0.14 -13.25 9.67 1.29 -12.87 9.73 0.98 -12.36
3 16 11.59 4.94 -12.92 11.75 2.27 -12.2 9.7 4.09 -13.79
3 16 11.75 2.27 -12.2 9.67 1.29 -12.87 9.7 4.09 -13.79
4 16 7.6 3.52 -14.38 9.7 4.09 -13.79 9.67 1.29 -12.87 7.59 0.14 -13.25
3 16 7.63 7.55 -15.04 9.66 7.67 -14.3 9.7 4.09 -13.79
3 16 5.38 7.51 -15.63 7.63 7.55 -15.04 7.6 3.52 -14.38
3 16 7.63 7.55 -15.04 9.7 4.09 -13.79 7.6 3.52 -14.38
2 24 2.95 8.25 -13.26 1.52 8.23 -13.52
2 24 4.46 8.3 -12.82 2.95 8.25 -13.26
2 24 9.31 22.75 9.31 12.16 22.26 5.04
2 24 5.77 19.95 -11.95 3.92 16.66 -12.73
2 24 1.71 14.94 -13.34 0 14.57 -13.43
2 24 3.92 16.66 -12.73 1.71 14.94 -13.34
2 24 7.87 22.48 -10.75 7.05 22.07 -11.3
2 24 9.47 22.39 -9.16 7.87 22.48 -10.75
2 24 7.05 22.07 -11.3 5.77 19.95 -11.95
2 24 0 23.7 13.46 5.04 23.34 12.25
2 24 5.04 23.34 12.25 9.31 22.75 9.31
2 24 13.16 21.99 0 12.16 21.83 -5.04
2 24 12.16 21.83 -5.04 9.47 22.39 -9.16
2 24 12.16 22.26 5.04 13.16 21.99 0
2 24 0 11 -13.54 1.7 11.41 -13.49
2 24 1.7 11.41 -13.49 3.32 11.82 -13.14
2 24 5.88 11.74 -12.1 7.59 11.63 -11.1
2 24 3.32 11.82 -13.14 4.45 11.82 -12.69
2 24 4.45 11.82 -12.69 5.88 11.74 -12.1
2 24 7.59 11.63 -11.1 8.36 11.37 -10.67
2 24 6.5 8.4 -11.92 4.46 8.3 -12.82
2 24 8.79 10.8 -10.38 8.89 10.11 -10.31
2 24 8.89 10.11 -10.31 8.68 9.19 -10.48
2 24 8.36 11.37 -10.67 8.79 10.8 -10.38
2 24 7.47 8.54 -11.29 6.5 8.4 -11.92
2 24 8.68 9.19 -10.48 8.33 8.76 -10.81
2 24 8.33 8.76 -10.81 7.47 8.54 -11.29
2 24 1.52 8.23 -13.52 0 8.23 -13.52
5 24 12.16 21.83 -5.04 9.35 8.44 -9.27 9.47 22.39 -9.16 12.011 2 -4.975
5 24 9.35 8.44 -9.27 9.47 22.39 -9.16 12.16 21.83 -5.04 8.79 10.8 -10.38
5 24 12.16 22.26 5.04 12.011 2 4.975 13.16 21.99 0 9.192 2 9.192
5 24 13.16 21.99 0 13 2 0 12.16 21.83 -5.04 12.011 2 4.975
5 24 9.35 8.44 -9.27 8.79 10.8 -10.38 9.47 22.39 -9.16 8.89 10.11 -10.31
5 24 8.79 10.8 -10.38 9.47 22.39 -9.16 9.35 8.44 -9.27 8.36 11.37 -10.67
5 24 9.47 22.39 -9.16 8.36 11.37 -10.67 7.59 11.63 -11.1 8.79 10.8 -10.38
5 24 7.59 11.63 -11.1 9.47 22.39 -9.16 8.36 11.37 -10.67 7.87 22.48 -10.75
5 24 9.35 8.44 -9.27 8.89 10.11 -10.31 8.79 10.8 -10.38 8.68 9.19 -10.48
5 24 12.011 2 -4.975 9.35 8.44 -9.27 12.16 21.83 -5.04 9.192 2 -9.192
5 24 12.16 21.83 -5.04 12.011 2 -4.975 9.35 8.44 -9.27 13 2 0
5 24 13 2 0 12.011 2 -4.975 12.16 21.83 -5.04 9.008 -4 -3.731
5 24 12.011 2 4.975 13 2 0 13.16 21.99 0 9.75 -4 0
5 24 7.59 11.63 -11.1 7.87 22.48 -10.75 9.47 22.39 -9.16 7.05 22.07 -11.3
5 24 0 14.57 -13.43 1.7 11.41 -13.49 0 11 -13.54 1.71 14.94 -13.34
5 24 1.71 14.94 -13.34 1.7 11.41 -13.49 0 14.57 -13.43 3.32 11.82 -13.14
5 24 1.71 14.94 -13.34 3.32 11.82 -13.14 1.7 11.41 -13.49 3.92 16.66 -12.73
5 24 5.88 11.74 -12.1 5.77 19.95 -11.95 7.59 11.63 -11.1 3.92 16.66 -12.73
5 24 5.77 19.95 -11.95 7.59 11.63 -11.1 5.88 11.74 -12.1 7.05 22.07 -11.3
5 24 7.05 22.07 -11.3 7.59 11.63 -11.1 5.77 19.95 -11.95 7.87 22.48 -10.75
5 24 5.88 11.74 -12.1 3.92 16.66 -12.73 5.77 19.95 -11.95 4.45 11.82 -12.69
5 24 3.92 16.66 -12.73 3.32 11.82 -13.14 1.71 14.94 -13.34 4.45 11.82 -12.69
5 24 3.92 16.66 -12.73 4.45 11.82 -12.69 3.32 11.82 -13.14 5.88 11.74 -12.1
5 24 10.27 -5.34 7.42 10.49 -5.81 2.96 5.92 -7.83 3.7 13.59 -2.58 6.49
5 24 10.49 -5.81 2.96 5.92 -7.83 3.7 10.27 -5.34 7.42 5.91 -7.89 -0.07
5 24 10.27 -5.34 7.42 13.59 -2.58 6.49 10.49 -5.81 2.96 12.62 -3.15 9.12
5 24 13.59 -2.58 6.49 10.49 -5.81 2.96 10.27 -5.34 7.42 14.01 -3.04 2.52
5 24 10.53 -5.79 -0.61 10.49 -5.81 2.96 14.01 -3.04 2.52 5.91 -7.89 -0.07
5 24 10.49 -5.81 2.96 14.01 -3.04 2.52 10.53 -5.79 -0.61 13.59 -2.58 6.49
5 24 2.15 -9.07 4.33 5.86 -7.22 8.62 5.92 -7.83 3.7 2.11 -8.31 9.7
5 24 5.86 -7.22 8.62 5.92 -7.83 3.7 2.15 -9.07 4.33 10.27 -5.34 7.42
5 24 5.92 -7.83 3.7 2.15 -9.07 4.33 5.86 -7.22 8.62 2.11 -9.22 0.17
5 24 2.11 -8.31 9.7 5.86 -7.22 8.62 2.15 -9.07 4.33 5.68 -6.13 11.94
5 24 5.86 -7.22 8.62 5.68 -6.13 11.94 9.94 -4.62 10.47 2.11 -8.31 9.7
5 24 9.94 -4.62 10.47 5.86 -7.22 8.62 5.68 -6.13 11.94 10.27 -5.34 7.42
5 24 5.86 -7.22 8.62 10.27 -5.34 7.42 5.92 -7.83 3.7 9.94 -4.62 10.47
5 24 10.27 -5.34 7.42 12.62 -3.15 9.12 13.59 -2.58 6.49 9.94 -4.62 10.47
5 24 12.62 -3.15 9.12 13.59 -2.58 6.49 10.27 -5.34 7.42 13.22 -1.68 9.57
5 24 10.27 -5.34 7.42 9.94 -4.62 10.47 12.62 -3.15 9.12 5.86 -7.22 8.62
5 24 13.59 -2.58 6.49 14.01 -3.04 2.52 10.49 -5.81 2.96 14.94 -0.2 3.68
5 24 14.06 -3.06 -0.83 14.01 -3.04 2.52 14.9 -1.45 1.07 10.53 -5.79 -0.61
5 24 14.01 -3.04 2.52 14.9 -1.45 1.07 14.06 -3.06 -0.83 14.94 -0.2 3.68
5 24 14.9 -1.45 1.07 14.06 -3.06 -0.83 14.01 -3.04 2.52 15.05 -0.89 -0.3
5 24 13.59 -2.58 6.49 14.94 -0.2 3.68 14.01 -3.04 2.52 14.66 1.01 6.31
5 24 14.94 -0.2 3.68 14.01 -3.04 2.52 13.59 -2.58 6.49 14.9 -1.45 1.07
5 24 14.06 -3.06 -0.83 10.53 -5.79 -0.61 14.01 -3.04 2.52 10.41 -5.22 -3.93
5 24 13.59 -2.58 6.49 14.66 1.01 6.31 14.94 -0.2 3.68 13.22 -1.68 9.57
5 24 13.22 -1.68 9.57 13.59 -2.58 6.49 12.62 -3.15 9.12 14.66 1.01 6.31
5 24 15.05 -0.89 -0.3 14.06 -3.06 -0.83 14.9 -1.45 1.07 13.9 -2.27 -3.88
5 24 0 2 13 4.975 2 12.011 5.04 23.34 12.25 3.731 -4 9.008
5 24 4.975 2 12.011 5.04 23.34 12.25 0 2 13 9.31 22.75 9.31
5 24 5.04 23.34 12.25 0 2 13 4.975 2 12.011 0 23.7 13.46
5 24 9.31 22.75 9.31 9.192 2 9.192 12.16 22.26 5.04 4.975 2 12.011
5 24 9.192 2 9.192 12.011 2 4.975 12.16 22.26 5.04 9.008 -4 3.731
5 24 2.11 -8.31 9.7 5.68 -6.13 11.94 5.86 -7.22 8.62 2.11 -7.04 12.8
5 24 4.975 2 12.011 9.192 2 9.192 9.31 22.75 9.31 6.894 -4 6.894
5 24 14.33 13.62 8.9 14.34 7.47 9 13.07 7.89 11.65 15.44 13.5 6.05
5 24 14.34 7.47 9 13.07 7.89 11.65 14.33 13.62 8.9 12.74 2.42 11.9
5 24 13.07 7.89 11.65 14.33 13.62 8.9 14.34 7.47 9 12.95 13.85 11.34
5 24 14.33 13.62 8.9 15.44 13.5 6.05 14.34 7.47 9 15.14 17.63 6.31
5 24 15.44 13.5 6.05 14.34 7.47 9 14.33 13.62 8.9 15.34 6.79 6.06
5 24 15.34 6.79 6.06 14.34 7.47 9 15.44 13.5 6.05 13.9 2.02 9.26
5 24 9.35 8.44 -9.27 8.68 9.19 -10.48 8.89 10.11 -10.31 8.33 8.76 -10.81
5 24 2.08 1.68 15.59 5.91 -2.85 14.31 2.22 -3.52 14.9 5.61 2 15.1
5 24 14.33 13.62 8.9 15.14 17.63 6.31 15.44 13.5 6.05 14.02 17.97 9.04
5 24 9.35 8.44 -9.27 8.33 8.76 -10.81 8.68 9.19 -10.48 9.192 2 -9.192
5 24 7.47 8.54 -11.29 9.192 2 -9.192 4.975 2 -12.011 8.33 8.76 -10.81
5 24 9.192 2 -9.192 4.975 2 -12.011 7.47 8.54 -11.29 3.731 -4 -9.008
5 24 8.33 8.76 -10.81 9.192 2 -9.192 7.47 8.54 -11.29 9.35 8.44 -9.27
5 24 12.7 18.25 10.99 12.95 13.85 11.34 9.9 14.15 13.69 14.02 17.97 9.04
5 24 12.95 13.85 11.34 9.9 14.15 13.69 12.7 18.25 10.99 10.01 8.16 14.12
5 24 9.87 18.75 13.14 9.9 14.15 13.69 5.46 14.33 15.33 12.7 18.25 10.99
5 24 9.9 14.15 13.69 5.46 14.33 15.33 9.87 18.75 13.14 5.45 8.2 15.51
5 24 5.46 14.33 15.33 9.87 18.75 13.14 9.9 14.15 13.69 5.7 19.26 14.71
5 24 5.46 14.33 15.33 5.7 19.26 14.71 9.87 18.75 13.14 2.09 19.52 15.31
5 24 14.33 13.62 8.9 14.02 17.97 9.04 15.14 17.63 6.31 12.95 13.85 11.34
5 24 12.95 13.85 11.34 14.02 17.97 9.04 14.33 13.62 8.9 12.7 18.25 10.99
5 24 4.975 2 -12.011 6.5 8.4 -11.92 7.47 8.54 -11.29 4.46 8.3 -12.82
5 24 12.011 2 -4.975 9.192 2 -9.192 9.35 8.44 -9.27 6.894 -4 -6.894
5 24 4.975 2 -12.011 0 2 -13 2.95 8.25 -13.26 0 -4 -9.75
5 24 0 2 -13 2.95 8.25 -13.26 4.975 2 -12.011 1.52 8.23 -13.52
5 24 2.95 8.25 -13.26 4.975 2 -12.011 0 2 -13 4.46 8.3 -12.82
5 24 4.46 8.3 -12.82 4.975 2 -12.011 2.95 8.25 -13.26 6.5 8.4 -11.92
5 24 0 2 -13 1.52 8.23 -13.52 2.95 8.25 -13.26 0 8.23 -13.52
5 24 12.74 2.42 11.9 11.92 -0.91 12.59 9.96 2.39 14.04 13.22 -1.68 9.57
5 24 11.92 -0.91 12.59 9.96 2.39 14.04 12.74 2.42 11.9 9.63 -1.8 13.44
5 24 9.96 2.39 14.04 12.74 2.42 11.9 11.92 -0.91 12.59 10.01 8.16 14.12
5 24 13.22 -1.68 9.57 14.66 1.01 6.31 13.59 -2.58 6.49 13.9 2.02 9.26
5 24 9.96 2.39 14.04 10.01 8.16 14.12 12.74 2.42 11.9 5.45 8.2 15.51
5 24 10.01 8.16 14.12 12.74 2.42 11.9 9.96 2.39 14.04 13.07 7.89 11.65
5 24 13.07 7.89 11.65 12.95 13.85 11.34 14.33 13.62 8.9 10.01 8.16 14.12
5 24 13.07 7.89 11.65 10.01 8.16 14.12 12.95 13.85 11.34 12.74 2.42 11.9
5 24 10.01 8.16 14.12 12.95 13.85 11.34 13.07 7.89 11.65 9.9 14.15 13.69
5 24 13.07 7.89 11.65 12.74 2.42 11.9 10.01 8.16 14.12 14.34 7.47 9
5 24 13.9 2.02 9.26 14.34 7.47 9 15.34 6.79 6.06 12.74 2.42 11.9
5 24 15.34 6.79 6.06 13.9 2.02 9.26 14.34 7.47 9 14.72 1.95 6.6
5 24 13.9 2.02 9.26 12.74 2.42 11.9 14.34 7.47 9 13.22 -1.68 9.57
5 24 12.74 2.42 11.9 14.34 7.47 9 13.9 2.02 9.26 13.07 7.89 11.65
5 24 14.72 1.95 6.6 13.9 2.02 9.26 15.34 6.79 6.06 14.66 1.01 6.31
5 24 13.9 2.02 9.26 13.22 -1.68 9.57 12.74 2.42 11.9 14.66 1.01 6.31
5 24 10.01 8.16 14.12 9.9 14.15 13.69 12.95 13.85 11.34 5.45 8.2 15.51
5 24 2 14.13 15.87 5.45 8.2 15.51 2.03 8.19 15.97 5.46 14.33 15.33
5 24 5.45 8.2 15.51 2.03 8.19 15.97 2 14.13 15.87 5.61 2 15.1
5 24 5.45 8.2 15.51 5.61 2 15.1 2.03 8.19 15.97 9.96 2.39 14.04
5 24 5.61 2 15.1 2.08 1.68 15.59 2.03 8.19 15.97 5.91 -2.85 14.31
5 24 2 14.13 15.87 5.46 14.33 15.33 5.45 8.2 15.51 2.09 19.52 15.31
5 24 5.46 14.33 15.33 5.45 8.2 15.51 2 14.13 15.87 9.9 14.15 13.69
5 24 5.46 14.33 15.33 2.09 19.52 15.31 5.7 19.26 14.71 2 14.13 15.87
5 24 9.9 14.15 13.69 5.45 8.2 15.51 5.46 14.33 15.33 10.01 8.16 14.12
5 24 5.45 8.2 15.51 9.96 2.39 14.04 5.61 2 15.1 10.01 8.16 14.12
5 24 9.96 2.39 14.04 5.61 2 15.1 5.45 8.2 15.51 9.63 -1.8 13.44
5 24 5.45 8.2 15.51 10.01 8.16 14.12 9.96 2.39 14.04 9.9 14.15 13.69
5 24 9.96 2.39 14.04 9.63 -1.8 13.44 5.61 2 15.1 11.92 -0.91 12.59
5 24 9.63 -1.8 13.44 5.61 2 15.1 9.96 2.39 14.04 5.91 -2.85 14.31
5 24 5.61 2 15.1 5.91 -2.85 14.31 2.08 1.68 15.59 9.63 -1.8 13.44
5 24 20.41 24.19 5.94 18.73 22.88 6.86 18.39 22.99 6.29 20.89 23.84 6.43
5 24 18.73 22.88 6.86 18.39 22.99 6.29 20.41 24.19 5.94 16.52 21.73 6.6
5 24 18.39 22.99 6.29 20.41 24.19 5.94 18.73 22.88 6.86 18.92 23.14 3.93
5 24 20.41 24.19 5.94 20.89 23.84 6.43 18.73 22.88 6.86 21.49 24.67 4.68
5 24 21.49 24.67 4.68 20.89 23.84 6.43 20.41 24.19 5.94 22.28 24.26 4.87
5 24 20.41 24.19 5.94 21.49 24.67 4.68 20.89 23.84 6.43 18.92 23.14 3.93
5 24 16.52 21.73 6.6 18.39 22.99 6.29 18.73 22.88 6.86 16.42 22.18 5.96
5 24 15.54 22.05 9.36 15.73 22.24 6.47 16.52 21.73 6.6 15.11 22.43 9.06
5 24 15.73 22.24 6.47 16.52 21.73 6.6 15.54 22.05 9.36 16.42 22.18 5.96
5 24 16.42 22.18 5.96 16.52 21.73 6.6 15.73 22.24 6.47 18.39 22.99 6.29
5 24 15.73 22.24 6.47 16.42 22.18 5.96 16.52 21.73 6.6 16.06 22.07 3.66
5 24 16.42 22.18 5.96 18.39 22.99 6.29 16.52 21.73 6.6 18.92 23.14 3.93
5 24 21.43 24.99 -6.78 22.15 24.61 -6.87 22.75 24.62 -0.78 20.96 24.99 -9.28
5 24 22.75 24.62 -0.78 21.43 24.99 -6.78 22.15 24.61 -6.87 22.05 25.01 -0.66
5 24 21.43 24.99 -6.78 20.96 24.99 -9.28 22.15 24.61 -6.87 18.57 23.82 -8.92
5 24 20.96 24.99 -9.28 21.59 24.64 -9.59 22.15 24.61 -6.87 20.42 24.99 -11.21
5 24 22.75 24.62 -0.78 22.05 25.01 -0.66 21.43 24.99 -6.78 22.28 24.26 4.87
5 24 22.05 25.01 -0.66 21.43 24.99 -6.78 22.75 24.62 -0.78 19 23.7 -6.12
5 24 21.49 24.67 4.68 22.28 24.26 4.87 20.89 23.84 6.43 22.05 25.01 -0.66
5 24 21.49 24.67 4.68 22.05 25.01 -0.66 22.28 24.26 4.87 19.36 23.47 -0.54
5 24 22.05 25.01 -0.66 22.28 24.26 4.87 21.49 24.67 4.68 22.75 24.62 -0.78
5 24 15.54 22.05 9.36 15.11 22.43 9.06 15.73 22.24 6.47 14.21 22.72 11.43
5 24 15.11 22.43 9.06 15.73 22.24 6.47 15.54 22.05 9.36 12.16 22.26 5.04
5 24 6.91 24.11 16.87 2.38 24.14 18.29 2.33 24.42 17.77 7.06 23.89 17.37
5 24 2.38 24.14 18.29 2.33 24.42 17.77 6.91 24.11 16.87 0 24.42 17.77
5 24 2.33 24.42 17.77 6.91 24.11 16.87 2.38 24.14 18.29 5.04 23.34 12.25
5 24 14.21 22.72 11.43 14.6 22.4 11.82 11.65 23.38 14.42 15.54 22.05 9.36
5 24 14.6 22.4 11.82 11.65 23.38 14.42 14.21 22.72 11.43 11.95 23.14 14.82
5 24 11.65 23.38 14.42 14.21 22.72 11.43 14.6 22.4 11.82 9.31 22.75 9.31
5 24 14.21 22.72 11.43 15.54 22.05 9.36 14.6 22.4 11.82 15.11 22.43 9.06
5 24 14.21 22.72 11.43 15.11 22.43 9.06 15.54 22.05 9.36 9.31 22.75 9.31
5 24 11.95 23.14 14.82 11.65 23.38 14.42 14.6 22.4 11.82 7.06 23.89 17.37
5 24 6.91 24.11 16.87 7.06 23.89 17.37 2.38 24.14 18.29 11.65 23.38 14.42
5 24 6.91 24.11 16.87 11.65 23.38 14.42 7.06 23.89 17.37 5.04 23.34 12.25
5 24 6.53 19.3 -14.72 8.25 20.79 -14.74 7.75 21.12 -14.33 7.22 19.04 -15.14
5 24 8.25 20.79 -14.74 7.75 21.12 -14.33 6.53 19.3 -14.72 8.78 21.78 -13.98
5 24 7.75 21.12 -14.33 6.53 19.3 -14.72 8.25 20.79 -14.74 5.77 19.95 -11.95
5 24 6.53 19.3 -14.72 4.82 16.73 -15.22 7.22 19.04 -15.14 3.92 16.66 -12.73
5 24 8.25 20.79 -14.74 8.78 21.78 -13.98 7.75 21.12 -14.33 9.17 21.28 -14.38
5 24 8.78 21.78 -13.98 7.75 21.12 -14.33 8.25 20.79 -14.74 7.05 22.07 -11.3
5 24 10.33 21.65 -13.83 9.9 22.13 -13.45 9.17 21.28 -14.38 11.17 22.21 -12.46
5 24 8.78 21.78 -13.98 9.17 21.28 -14.38 9.9 22.13 -13.45 8.25 20.79 -14.74
5 24 9.9 22.13 -13.45 8.78 21.78 -13.98 9.17 21.28 -14.38 7.87 22.48 -10.75
5 24 3.11 14.8 -16.26 1.3 14.83 -15.94 1.3 14.25 -16.5 2.91 15.35 -15.73
5 24 1.3 14.83 -15.94 1.3 14.25 -16.5 3.11 14.8 -16.26 0 14.67 -16.06
5 24 1.3 14.83 -15.94 0 14.67 -16.06 1.3 14.25 -16.5 0 14.57 -13.43
5 24 3.11 14.8 -16.26 2.91 15.35 -15.73 1.3 14.83 -15.94 5.37 16.2 -15.71
5 24 2.91 15.35 -15.73 1.3 14.83 -15.94 3.11 14.8 -16.26 1.71 14.94 -13.34
5 24 4.82 16.73 -15.22 5.37 16.2 -15.71 7.22 19.04 -15.14 2.91 15.35 -15.73
5 24 2.91 15.35 -15.73 5.37 16.2 -15.71 4.82 16.73 -15.22 3.11 14.8 -16.26
5 24 4.82 16.73 -15.22 2.91 15.35 -15.73 5.37 16.2 -15.71 3.92 16.66 -12.73
5 24 10.33 21.65 -13.83 11.17 22.21 -12.46 9.9 22.13 -13.45 11.49 21.71 -13
5 24 11.17 22.21 -12.46 9.9 22.13 -13.45 10.33 21.65 -13.83 7.87 22.48 -10.75
5 24 15.61 21.17 -8.38 15.95 21.76 -7.92 14.74 21.27 -7.34 16.87 22.64 -10.01
5 24 15.95 21.76 -7.92 14.74 21.27 -7.34 15.61 21.17 -8.38 15.24 21.67 -6.84
5 24 15.24 21.67 -6.84 14.74 21.27 -7.34 15.95 21.76 -7.92 14.5 21.71 -6.9
5 24 15.95 21.76 -7.92 15.24 21.67 -6.84 14.74 21.27 -7.34 15.42 21.71 -4.59
5 24 14.5 21.71 -6.9 14.74 21.27 -7.34 15.24 21.67 -6.84 12.86 21.94 -10.36
5 24 15.24 21.67 -6.84 14.5 21.71 -6.9 14.74 21.27 -7.34 15.42 21.71 -4.59
5 24 15.61 21.17 -8.38 16.87 22.64 -10.01 15.95 21.76 -7.92 16.66 22.16 -10.41
5 24 16.87 22.64 -10.01 15.95 21.76 -7.92 15.61 21.17 -8.38 18.57 23.82 -8.92
5 24 17.65 23.49 -12.62 17.83 23.89 -12.22 16.66 22.16 -10.41 18.57 24.51 -13.3
5 24 17.83 23.89 -12.22 16.66 22.16 -10.41 17.65 23.49 -12.62 16.87 22.64 -10.01
5 24 16.87 22.64 -10.01 16.66 22.16 -10.41 17.83 23.89 -12.22 15.61 21.17 -8.38
5 24 17.83 23.89 -12.22 16.87 22.64 -10.01 16.66 22.16 -10.41 18.93 24.32 -10.62
5 24 11.17 22.21 -12.46 12.43 21.59 -11.97 12.04 22.1 -11.6 11.49 21.71 -13
5 24 12.43 21.59 -11.97 12.04 22.1 -11.6 11.17 22.21 -12.46 13.25 21.46 -10.66
5 24 12.04 22.1 -11.6 11.17 22.21 -12.46 12.43 21.59 -11.97 9.47 22.39 -9.16
5 24 11.17 22.21 -12.46 11.49 21.71 -13 12.43 21.59 -11.97 10.33 21.65 -13.83
5 24 12.86 21.94 -10.36 14.74 21.27 -7.34 14.5 21.71 -6.9 13.25 21.46 -10.66
5 24 14.5 21.71 -6.9 12.86 21.94 -10.36 14.74 21.27 -7.34 12.16 21.83 -5.04
5 24 12.86 21.94 -10.36 13.25 21.46 -10.66 14.74 21.27 -7.34 12.04 22.1 -11.6
5 24 12.86 21.94 -10.36 12.04 22.1 -11.6 13.25 21.46 -10.66 9.47 22.39 -9.16
5 24 13.23 3.14 -10.85 13.01 2.59 -10.45 14.81 3.81 -7.52 11.75 2.27 -12.2
5 24 13.01 2.59 -10.45 14.54 3.3 -7.33 14.81 3.81 -7.52 12.63 2.56 -10.03
5 24 14.54 3.3 -7.33 14.81 3.81 -7.52 13.01 2.59 -10.45 16.1 4.04 -2.09
5 24 14.17 3.1 -7.09 15.96 3.6 -1.93 14.54 3.3 -7.33 15.65 3.29 -1.79
5 24 15.96 3.6 -1.93 14.54 3.3 -7.33 14.17 3.1 -7.09 16.1 4.04 -2.09
5 24 14.54 3.3 -7.33 12.63 2.56 -10.03 14.17 3.1 -7.09 13.01 2.59 -10.45
5 24 14.54 3.3 -7.33 16.1 4.04 -2.09 14.81 3.81 -7.52 15.96 3.6 -1.93
5 24 13.01 2.59 -10.45 12.63 2.56 -10.03 14.54 3.3 -7.33 11.45 1.99 -11.06
5 24 10.41 -5.22 -3.93 14.06 -3.06 -0.83 13.9 -2.27 -3.88 10.53 -5.79 -0.61
5 24 14.06 -3.06 -0.83 13.9 -2.27 -3.88 10.41 -5.22 -3.93 15.05 -0.89 -0.3
5 24 13.9 -2.27 -3.88 10.41 -5.22 -3.93 14.06 -3.06 -0.83 9.87 -3.42 -7.79
5 24 10.41 -5.22 -3.93 10.53 -5.79 -0.61 14.06 -3.06 -0.83 5.87 -7.45 -3.54
5 24 15.65 3.29 -1.79 14.14 1.84 -6.7 15.46 1.77 -1.33 14.17 3.1 -7.09
5 24 14.14 1.84 -6.7 15.46 1.77 -1.33 15.65 3.29 -1.79 13.9 -2.27 -3.88
5 24 15.05 -0.89 -0.3 13.9 -2.27 -3.88 14.06 -3.06 -0.83 15.46 1.77 -1.33
5 24 15.46 1.77 -1.33 13.9 -2.27 -3.88 15.05 -0.89 -0.3 14.14 1.84 -6.7
5 24 14.17 3.1 -7.09 14.14 1.84 -6.7 15.65 3.29 -1.79 12.46 0.78 -9.26
5 24 12.46 0.78 -9.26 12.63 2.56 -10.03 11.45 1.99 -11.06 14.17 3.1 -7.09
5 24 11.45 1.99 -11.06 12.46 0.78 -9.26 12.63 2.56 -10.03 9.6 1.1 -11.75
5 24 12.46 0.78 -9.26 14.17 3.1 -7.09 12.63 2.56 -10.03 14.14 1.84 -6.7
5 24 12.46 0.78 -9.26 14.14 1.84 -6.7 14.17 3.1 -7.09 13.23 -0.76 -7.16
5 24 14.14 1.84 -6.7 13.9 -2.27 -3.88 15.46 1.77 -1.33 13.23 -0.76 -7.16
5 24 14.14 1.84 -6.7 13.23 -0.76 -7.16 13.9 -2.27 -3.88 12.46 0.78 -9.26
5 24 13.23 -0.76 -7.16 13.9 -2.27 -3.88 14.14 1.84 -6.7 9.87 -3.42 -7.79
5 24 12.46 0.78 -9.26 13.23 -0.76 -7.16 14.14 1.84 -6.7 9.87 -3.42 -7.79
5 24 20.68 24.66 -12.82 20 24.98 -12.59 19.43 24.86 -13.32 21.06 24.62 -11.48
5 24 20 24.98 -12.59 19.43 24.86 -13.32 20.68 24.66 -12.82 18.57 24.51 -13.3
5 24 19.43 24.86 -13.32 19.59 24.54 -13.95 20.68 24.66 -12.82 18.57 24.51 -13.3
5 24 19.43 24.86 -13.32 18.57 24.51 -13.3 19.59 24.54 -13.95 20 24.98 -12.59
5 24 18.57 24.51 -13.3 19.59 24.54 -13.95 19.43 24.86 -13.32 18.45 24.19 -13.87
5 24 21.06 24.62 -11.48 20 24.98 -12.59 20.68 24.66 -12.82 20.42 24.99 -11.21
5 24 20.42 24.99 -11.21 21.59 24.64 -9.59 20.96 24.99 -9.28 21.06 24.62 -11.48
5 24 20.96 24.99 -9.28 20.42 24.99 -11.21 21.59 24.64 -9.59 18.93 24.32 -10.62
5 24 20.42 24.99 -11.21 21.06 24.62 -11.48 21.59 24.64 -9.59 20 24.98 -12.59
5 24 20.42 24.99 -11.21 20 24.98 -12.59 21.06 24.62 -11.48 18.93 24.32 -10.62
5 24 18.57 24.51 -13.3 18.45 24.19 -13.87 19.59 24.54 -13.95 17.65 23.49 -12.62
5 24 18.57 24.51 -13.3 17.65 23.49 -12.62 18.45 24.19 -13.87 17.83 23.89 -12.22
5 24 18.57 24.51 -13.3 17.83 23.89 -12.22 17.65 23.49 -12.62 20 24.98 -12.59
5 24 2 14.13 15.87 1.09 14.4 16.65 2.09 19.52 15.31 2.03 8.19 15.97
5 24 2.08 1.68 15.59 1.16 0.61 16.65 1.01 7.52 16.89 2.22 -3.52 14.9
5 24 1.01 7.52 16.89 2.08 1.68 15.59 1.16 0.61 16.65 2.03 8.19 15.97
5 24 2.22 -3.52 14.9 1.16 0.61 16.65 2.08 1.68 15.59 1.49 -4.76 15.94
5 24 2.03 8.19 15.97 1.01 7.52 16.89 1.09 14.4 16.65 2.08 1.68 15.59
5 24 5.06 12.51 -15.53 6.86 11.98 -14.7 7.07 12.49 -14.94 4.96 12.04 -15.24
5 24 6.86 11.98 -14.7 7.07 12.49 -14.94 5.06 12.51 -15.53 8.81 11.86 -13.97
5 24 2.09 19.52 15.31 2.48 22.11 18.87 5.7 19.26 14.71 1.11 19.97 16.11
5 24 7.19 21.83 18.12 5.7 19.26 14.71 2.48 22.11 18.87 9.87 18.75 13.14
5 24 1.11 19.97 16.11 2.48 22.11 18.87 2.09 19.52 15.31 0 22.11 18.87
5 24 5.06 12.51 -15.53 4.96 12.04 -15.24 6.86 11.98 -14.7 3.39 12.44 -15.95
5 24 4.96 12.04 -15.24 6.86 11.98 -14.7 5.06 12.51 -15.53 4.45 11.82 -12.69
5 24 12.38 11.18 -11.55 11.67 10.94 -11.79 11.84 9.98 -11.68 11.66 12.18 -12.26
5 24 11.67 10.94 -11.79 11.84 9.98 -11.68 12.38 11.18 -11.55 8.89 10.11 -10.31
5 24 11.84 9.98 -11.68 12.38 11.18 -11.55 11.67 10.94 -11.79 12.6 9.89 -11.44
5 24 11.66 12.18 -12.26 11.67 10.94 -11.79 12.38 11.18 -11.55 11.27 11.54 -12.23
5 24 11.84 9.98 -11.68 11.72 9.04 -11.99 12.6 9.89 -11.44 8.89 10.11 -10.31
5 24 11.72 9.04 -11.99 12.6 9.89 -11.44 11.84 9.98 -11.68 12.35 8.62 -11.93
5 24 12.6 9.89 -11.44 11.84 9.98 -11.68 11.72 9.04 -11.99 12.38 11.18 -11.55
5 24 10.59 12.43 -13.22 10.26 11.8 -13.12 11.27 11.54 -12.23 9.03 12.45 -14.23
5 24 10.26 11.8 -13.12 11.27 11.54 -12.23 10.59 12.43 -13.22 8.36 11.37 -10.67
5 24 11.27 11.54 -12.23 10.59 12.43 -13.22 10.26 11.8 -13.12 11.66 12.18 -12.26
5 24 9.03 12.45 -14.23 10.26 11.8 -13.12 10.59 12.43 -13.22 8.81 11.86 -13.97
5 24 11.27 11.54 -12.23 11.67 10.94 -11.79 11.66 12.18 -12.26 8.79 10.8 -10.38
5 24 11.66 12.18 -12.26 11.27 11.54 -12.23 11.67 10.94 -11.79 10.59 12.43 -13.22
5 24 9.66 7.67 -14.3 9.53 8.32 -13.75 7.5 8.15 -14.52 11.56 8.03 -12.96
5 24 9.53 8.32 -13.75 7.5 8.15 -14.52 9.66 7.67 -14.3 7.47 8.54 -11.29
5 24 11.56 8.03 -12.96 9.53 8.32 -13.75 9.66 7.67 -14.3 11.1 8.59 -12.63
5 24 7.63 7.55 -15.04 7.5 8.15 -14.52 5.27 8.08 -15.1 9.66 7.67 -14.3
5 24 7.5 8.15 -14.52 5.27 8.08 -15.1 7.63 7.55 -15.04 6.5 8.4 -11.92
5 24 5.27 8.08 -15.1 7.63 7.55 -15.04 7.5 8.15 -14.52 5.38 7.51 -15.63
5 24 12.35 8.62 -11.93 11.72 9.04 -11.99 11.56 8.03 -12.96 12.6 9.89 -11.44
5 24 11.72 9.04 -11.99 11.56 8.03 -12.96 12.35 8.62 -11.93 11.1 8.59 -12.63
5 24 11.56 8.03 -12.96 11.1 8.59 -12.63 9.53 8.32 -13.75 11.72 9.04 -11.99
5 24 11.1 8.59 -12.63 9.53 8.32 -13.75 11.56 8.03 -12.96 8.33 8.76 -10.81
5 24 11.72 9.04 -11.99 11.1 8.59 -12.63 11.56 8.03 -12.96 8.68 9.19 -10.48
5 24 9.03 12.45 -14.23 8.81 11.86 -13.97 10.26 11.8 -13.12 7.07 12.49 -14.94
5 24 8.81 11.86 -13.97 10.26 11.8 -13.12 9.03 12.45 -14.23 7.59 11.63 -11.1
5 24 1.47 11.48 -15.78 0 11.46 -16.14 0 11.12 -15.8 1.44 11.86 -16.12
5 24 0 11.12 -15.8 1.47 11.48 -15.78 0 11.46 -16.14 0 11 -13.54
5 24 1.47 11.48 -15.78 1.44 11.86 -16.12 0 11.46 -16.14 3.36 11.98 -15.64
5 24 3.39 12.44 -15.95 3.36 11.98 -15.64 4.96 12.04 -15.24 1.44 11.86 -16.12
5 24 3.36 11.98 -15.64 4.96 12.04 -15.24 3.39 12.44 -15.95 3.32 11.82 -13.14
5 24 1.47 11.48 -15.78 3.36 11.98 -15.64 1.44 11.86 -16.12 1.7 11.41 -13.49
5 24 3.36 11.98 -15.64 1.44 11.86 -16.12 1.47 11.48 -15.78 3.39 12.44 -15.95
5 24 7.07 12.49 -14.94 8.81 11.86 -13.97 9.03 12.45 -14.23 6.86 11.98 -14.7
5 24 6.86 11.98 -14.7 8.81 11.86 -13.97 7.07 12.49 -14.94 5.88 11.74 -12.1
5 24 7.19 21.83 18.12 9.87 18.75 13.14 5.7 19.26 14.71 12.2 20.87 15.61
5 24 1.3 14.25 -16.5 3.39 12.44 -15.95 3.11 14.8 -16.26 1.44 11.86 -16.12
5 24 3.39 12.44 -15.95 3.11 14.8 -16.26 1.3 14.25 -16.5 5.06 12.51 -15.53
5 24 1.44 11.86 -16.12 1.3 14.25 -16.5 0 14.17 -16.55 3.39 12.44 -15.95
5 24 11.75 2.27 -12.2 13.01 2.59 -10.45 13.23 3.14 -10.85 11.63 1.89 -11.69
5 24 11.75 2.27 -12.2 11.63 1.89 -11.69 13.01 2.59 -10.45 9.67 1.29 -12.87
5 24 11.63 1.89 -11.69 13.01 2.59 -10.45 11.75 2.27 -12.2 11.45 1.99 -11.06
5 24 11.63 1.89 -11.69 11.45 1.99 -11.06 13.01 2.59 -10.45 9.6 1.1 -11.75
5 24 11.45 1.99 -11.06 13.01 2.59 -10.45 11.63 1.89 -11.69 12.63 2.56 -10.03
5 24 14.74 19.97 12.49 12.7 18.25 10.99 9.87 18.75 13.14 15.69 19.32 9.85
5 24 9.87 18.75 13.14 14.74 19.97 12.49 12.7 18.25 10.99 12.2 20.87 15.61
5 24 15.69 19.32 9.85 12.7 18.25 10.99 14.74 19.97 12.49 14.02 17.97 9.04
5 24 12.2 20.87 15.61 9.87 18.75 13.14 7.19 21.83 18.12 14.74 19.97 12.49
5 24 14.02 17.97 9.04 16.42 18.84 6.82 15.14 17.63 6.31 15.69 19.32 9.85
5 24 15.69 19.32 9.85 14.02 17.97 9.04 12.7 18.25 10.99 16.42 18.84 6.82
5 24 11.92 -0.91 12.59 17.25 -7.29 18.01 9.63 -1.8 13.44 19.24 -6.05 16.74
5 24 17.25 -7.29 18.01 9.63 -1.8 13.44 11.92 -0.91 12.59 14.52 -8.87 19.33
5 24 11.8 -10.1 20.36 9.63 -1.8 13.44 14.52 -8.87 19.33 5.91 -2.85 14.31
5 24 8.66 -11.14 21.22 5.91 -2.85 14.31 11.8 -10.1 20.36 5.3 -11.84 21.83
5 24 5.27 8.08 -15.1 5.38 7.51 -15.63 7.63 7.55 -15.04 3.23 8.05 -15.4
5 24 17.62 -7.86 17.88 17.78 -9.45 16.13 14.86 -10.99 17.69 19.35 -6.7 16.81
5 24 17.78 -9.45 16.13 14.86 -10.99 17.69 17.62 -7.86 17.88 17.37 -9.64 15.55
5 24 17.62 -7.86 17.88 19.35 -6.7 16.81 17.78 -9.45 16.13 17.25 -7.29 18.01
5 24 19.35 -6.7 16.81 17.78 -9.45 16.13 17.62 -7.86 17.88 19.75 -8.06 14.86
5 24 14.87 -9.45 19.22 14.86 -10.99 17.69 12.03 -10.79 20.26 17.62 -7.86 17.88
5 24 14.86 -10.99 17.69 12.03 -10.79 20.26 14.87 -9.45 19.22 11.92 -12.19 18.89
5 24 12.03 -10.79 20.26 14.87 -9.45 19.22 14.86 -10.99 17.69 14.52 -8.87 19.33
5 24 14.87 -9.45 19.22 17.62 -7.86 17.88 14.86 -10.99 17.69 17.25 -7.29 18.01
5 24 4.46 8.3 -12.82 5.27 8.08 -15.1 6.5 8.4 -11.92 3.23 8.05 -15.4
5 24 7.5 8.15 -14.52 6.5 8.4 -11.92 5.27 8.08 -15.1 7.47 8.54 -11.29
5 24 19.75 -8.06 14.86 17.78 -9.45 16.13 19.35 -6.7 16.81 17.37 -9.64 15.55
5 24 19.35 -6.7 16.81 19.75 -8.06 14.86 17.78 -9.45 16.13 20.18 -7.16 15.07
5 24 20.18 -7.16 15.07 19.75 -8.06 14.86 19.35 -6.7 16.81 20.21 -6.77 14.51
5 24 19.35 -6.7 16.81 20.18 -7.16 15.07 19.75 -8.06 14.86 19.24 -6.05 16.74
5 24 5.67 -13.8 20.44 2.64 -14.14 20.85 5.42 -12.56 21.75 2.81 -14.2 20.07
5 24 2.64 -14.14 20.85 5.42 -12.56 21.75 5.67 -13.8 20.44 2.4 -12.87 22.12
5 24 5.42 -12.56 21.75 5.67 -13.8 20.44 2.64 -14.14 20.85 8.79 -11.84 21.14
5 24 8.79 -11.84 21.14 5.67 -13.8 20.44 5.42 -12.56 21.75 8.86 -13.13 19.8
5 24 5.42 -12.56 21.75 8.79 -11.84 21.14 5.67 -13.8 20.44 5.3 -11.84 21.83
5 24 2.64 -14.14 20.85 2.4 -12.87 22.12 5.42 -12.56 21.75 0 -12.87 22.12
5 24 2.4 -12.87 22.12 5.42 -12.56 21.75 2.64 -14.14 20.85 5.3 -11.84 21.83
5 24 12.03 -10.79 20.26 11.92 -12.19 18.89 8.79 -11.84 21.14 14.86 -10.99 17.69
5 24 8.79 -11.84 21.14 12.03 -10.79 20.26 11.92 -12.19 18.89 8.66 -11.14 21.22
5 24 14.86 -10.99 17.69 11.92 -12.19 18.89 12.03 -10.79 20.26 11.79 -12.28 18.17
5 24 8.79 -11.84 21.14 8.86 -13.13 19.8 5.67 -13.8 20.44 11.92 -12.19 18.89
5 24 8.86 -13.13 19.8 5.67 -13.8 20.44 8.79 -11.84 21.14 5.79 -13.8 19.67
5 24 11.92 -12.19 18.89 8.86 -13.13 19.8 8.79 -11.84 21.14 8.93 -13.13 19.01
5 24 7.5 8.15 -14.52 7.47 8.54 -11.29 6.5 8.4 -11.92 9.53 8.32 -13.75
5 24 16.66 14.79 -5.33 18.57 16.77 -0.19 19.75 18.8 -0.75 17.69 14.21 0.33
5 24 18.57 16.77 -0.19 19.75 18.8 -0.75 16.66 14.79 -5.33 18.98 18.68 6.39
5 24 19.75 18.8 -0.75 16.66 14.79 -5.33 18.57 16.77 -0.19 17.25 17.2 -7.66
5 24 18.57 16.77 -0.19 17.83 16.48 5.94 18.98 18.68 6.39 17.69 14.21 0.33
5 24 19.75 18.8 -0.75 17.25 17.2 -7.66 16.66 14.79 -5.33 20.04 19.83 -6.58
5 24 18.98 18.68 6.39 19.75 18.8 -0.75 18.57 16.77 -0.19 20.42 20.26 6.42
5 24 17.83 16.48 5.94 17.69 14.21 0.33 17.19 12.97 5.3 18.57 16.77 -0.19
5 24 17.69 14.21 0.33 17.19 12.97 5.3 17.83 16.48 5.94 17.35 10.67 0.9
5 24 16.84 6.75 5.22 17.35 10.67 0.9 17.11 4.93 2.23 17.19 12.97 5.3
5 24 17.35 10.67 0.9 17.11 4.93 2.23 16.84 6.75 5.22 16.82 8.6 -2.48
5 24 17.11 4.93 2.23 16.84 6.75 5.22 17.35 10.67 0.9 16.34 1.84 5.71
5 24 17.69 14.21 0.33 18.57 16.77 -0.19 16.66 14.79 -5.33 17.83 16.48 5.94
5 24 16.66 14.79 -5.33 17.69 14.21 0.33 18.57 16.77 -0.19 16.53 12.14 -3.75
5 24 21.22 20.37 -0.78 20.42 20.26 6.42 21.49 20.95 6.07 19.75 18.8 -0.75
5 24 21.49 20.95 6.07 21.22 20.37 -0.78 20.42 20.26 6.42 22.52 21.36 4.76
5 24 21.22 20.37 -0.78 22.52 21.36 4.76 22.8 21.43 -0.8 21.49 20.95 6.07
5 24 22.8 21.43 -0.8 21.22 20.37 -0.78 22.52 21.36 4.76 22.13 21.41 -6.54
5 24 17.25 17.2 -7.66 20.04 19.83 -6.58 18.01 19.01 -10.23 19.75 18.8 -0.75
5 24 20.04 19.83 -6.58 18.01 19.01 -10.23 17.25 17.2 -7.66 21.57 21.33 -9.23
5 24 19.75 18.8 -0.75 20.04 19.83 -6.58 17.25 17.2 -7.66 21.22 20.37 -0.78
5 24 21.22 20.37 -0.78 19.75 18.8 -0.75 20.42 20.26 6.42 20.04 19.83 -6.58
5 24 21.22 20.37 -0.78 20.04 19.83 -6.58 19.75 18.8 -0.75 22.13 21.41 -6.54
5 24 17.19 12.97 5.3 17.35 10.67 0.9 16.84 6.75 5.22 17.69 14.21 0.33
5 24 3.23 8.05 -15.4 3.22 7.47 -15.95 5.38 7.51 -15.63 1.54 8.04 -15.54
5 24 5.27 8.08 -15.1 3.23 8.05 -15.4 5.38 7.51 -15.63 4.46 8.3 -12.82
5 24 1.54 8.04 -15.54 1.5 7.49 -16.05 3.22 7.47 -15.95 0 7.49 -16.05
5 24 3.23 8.05 -15.4 1.54 8.04 -15.54 3.22 7.47 -15.95 1.52 8.23 -13.52
5 24 16.53 12.14 -3.75 17.35 10.67 0.9 17.69 14.21 0.33 16.82 8.6 -2.48
5 24 17.35 10.67 0.9 17.69 14.21 0.33 16.53 12.14 -3.75 17.19 12.97 5.3
5 24 17.69 14.21 0.33 16.53 12.14 -3.75 17.35 10.67 0.9 16.66 14.79 -5.33
5 24 16.82 8.6 -2.48 17.35 10.67 0.9 16.53 12.14 -3.75 17.11 4.93 2.23
5 24 16.82 8.6 -2.48 17.11 4.93 2.23 17.35 10.67 0.9 16.9 4.08 -1.16
5 24 16.9 4.08 -1.16 17.11 4.93 2.23 16.82 8.6 -2.48 16.82 2.01 -0.34
5 24 22.13 21.41 -6.54 21.22 20.37 -0.78 22.8 21.43 -0.8 20.04 19.83 -6.58
5 24 8.79 10.8 -10.38 11.27 11.54 -12.23 8.36 11.37 -10.67 11.67 10.94 -11.79
5 24 11.27 11.54 -12.23 8.36 11.37 -10.67 8.79 10.8 -10.38 10.26 11.8 -13.12
5 24 10.26 11.8 -13.12 8.36 11.37 -10.67 11.27 11.54 -12.23 7.59 11.63 -11.1
5 24 11.67 10.94 -11.79 8.79 10.8 -10.38 8.89 10.11 -10.31 11.27 11.54 -12.23
5 24 8.89 10.11 -10.31 11.67 10.94 -11.79 8.79 10.8 -10.38 11.84 9.98 -11.68
5 24 8.81 11.86 -13.97 5.88 11.74 -12.1 7.59 11.63 -11.1 6.86 11.98 -14.7
5 24 7.59 11.63 -11.1 8.81 11.86 -13.97 5.88 11.74 -12.1 10.26 11.8 -13.12
5 24 10.26 11.8 -13.12 7.59 11.63 -11.1 8.36 11.37 -10.67 8.81 11.86 -13.97
5 24 11.1 8.59 -12.63 8.33 8.76 -10.81 9.53 8.32 -13.75 8.68 9.19 -10.48
5 24 8.33 8.76 -10.81 9.53 8.32 -13.75 11.1 8.59 -12.63 7.47 8.54 -11.29
5 24 11.1 8.59 -12.63 8.68 9.19 -10.48 8.33 8.76 -10.81 11.72 9.04 -11.99
5 24 9.53 8.32 -13.75 7.47 8.54 -11.29 7.5 8.15 -14.52 8.33 8.76 -10.81
5 24 11.84 9.98 -11.68 8.89 10.11 -10.31 11.72 9.04 -11.99 11.67 10.94 -11.79
5 24 8.89 10.11 -10.31 11.72 9.04 -11.99 11.84 9.98 -11.68 8.68 9.19 -10.48
5 24 11.72 9.04 -11.99 8.68 9.19 -10.48 11.1 8.59 -12.63 8.89 10.11 -10.31
5 24 6.86 11.98 -14.7 4.45 11.82 -12.69 5.88 11.74 -12.1 4.96 12.04 -15.24
5 24 18.49 20.19 -12.53 20.85 21.23 -11.86 20.36 21.33 -13.9 18.01 19.01 -10.23
5 24 20.36 21.33 -13.9 18.49 20.19 -12.53 20.85 21.23 -11.86 18.97 20.96 -14.31
5 24 18.01 19.01 -10.23 20.85 21.23 -11.86 18.49 20.19 -12.53 21.57 21.33 -9.23
5 24 18.97 20.96 -14.31 20.36 21.33 -13.9 19.96 21.76 -14.82 18.49 20.19 -12.53
5 24 19.96 21.76 -14.82 18.97 20.96 -14.31 20.36 21.33 -13.9 19.44 21.57 -14.93
5 24 20.04 19.83 -6.58 22.13 21.41 -6.54 21.57 21.33 -9.23 21.22 20.37 -0.78
5 24 21.57 21.33 -9.23 20.04 19.83 -6.58 22.13 21.41 -6.54 18.01 19.01 -10.23
5 24 3.36 11.98 -15.64 3.32 11.82 -13.14 4.96 12.04 -15.24 1.7 11.41 -13.49
5 24 3.32 11.82 -13.14 4.96 12.04 -15.24 3.36 11.98 -15.64 4.45 11.82 -12.69
5 24 4.96 12.04 -15.24 4.45 11.82 -12.69 6.86 11.98 -14.7 3.32 11.82 -13.14
5 24 1.47 11.48 -15.78 1.7 11.41 -13.49 3.36 11.98 -15.64 0 11 -13.54
5 24 12.35 8.62 -11.93 12.94 5.57 -11.34 14.39 7.43 -8.37 11.56 8.03 -12.96
5 24 12.94 5.57 -11.34 14.39 7.43 -8.37 12.35 8.62 -11.93 14.81 3.81 -7.52
5 24 14.39 7.43 -8.37 12.35 8.62 -11.93 12.94 5.57 -11.34 13.91 10.25 -9.15
5 24 12.6 9.89 -11.44 13.91 10.25 -9.15 12.38 11.18 -11.55 12.35 8.62 -11.93
5 24 13.91 10.25 -9.15 12.38 11.18 -11.55 12.6 9.89 -11.44 13.44 12.86 -9.76
5 24 14.39 7.43 -8.37 14.81 3.81 -7.52 16.14 8.31 -3.28 12.94 5.57 -11.34
5 24 14.81 3.81 -7.52 16.14 8.31 -3.28 14.39 7.43 -8.37 16.1 4.04 -2.09
5 24 16.14 8.31 -3.28 14.39 7.43 -8.37 14.81 3.81 -7.52 15.94 11.8 -4.43
5 24 12.94 5.57 -11.34 14.81 3.81 -7.52 14.39 7.43 -8.37 13.23 3.14 -10.85
5 24 15.94 11.8 -4.43 14.39 7.43 -8.37 16.14 8.31 -3.28 13.91 10.25 -9.15
5 24 15.94 11.8 -4.43 13.91 10.25 -9.15 14.39 7.43 -8.37 15.49 14.69 -5.79
5 24 13.91 10.25 -9.15 14.39 7.43 -8.37 15.94 11.8 -4.43 12.35 8.62 -11.93
5 24 14.72 1.95 6.6 15.55 1.07 6.11 14.66 1.01 6.31 15.94 1.98 6.26
5 24 15.55 1.07 6.11 14.66 1.01 6.31 14.72 1.95 6.6 14.94 -0.2 3.68
5 24 15.94 1.98 6.26 14.72 1.95 6.6 15.34 6.79 6.06 15.55 1.07 6.11
5 24 15.34 6.79 6.06 15.94 1.98 6.26 14.72 1.95 6.6 16.34 6.95 5.87
5 24 15.55 1.07 6.11 14.94 -0.2 3.68 14.66 1.01 6.31 15.81 -0.09 3.63
5 24 15.94 1.98 6.26 15.55 1.07 6.11 14.72 1.95 6.6 16.34 1.84 5.71
5 24 12.94 5.57 -11.34 13.23 3.14 -10.85 14.81 3.81 -7.52 11.59 4.94 -12.92
5 24 16.34 6.95 5.87 15.94 1.98 6.26 15.34 6.79 6.06 16.84 6.75 5.22
5 24 15.34 6.79 6.06 16.34 6.95 5.87 15.94 1.98 6.26 16.58 13.28 5.98
5 24 13.25 21.46 -10.66 14.82 19.68 -7.32 14.74 21.27 -7.34 12.74 18.2 -10.98
5 24 15.49 14.69 -5.79 13.91 10.25 -9.15 15.94 11.8 -4.43 13.44 12.86 -9.76
5 24 11.43 18.43 -12.62 12.74 18.2 -10.98 12.43 21.59 -11.97 12.95 16.03 -10.44
5 24 12.74 18.2 -10.98 12.43 21.59 -11.97 11.43 18.43 -12.62 13.25 21.46 -10.66
5 24 12.43 21.59 -11.97 11.43 18.43 -12.62 12.74 18.2 -10.98 11.49 21.71 -13
5 24 11.43 18.43 -12.62 12.95 16.03 -10.44 12.74 18.2 -10.98 10.98 15.2 -12.66
5 24 12.95 16.03 -10.44 12.74 18.2 -10.98 11.43 18.43 -12.62 14.98 17.77 -7.02
5 24 13.25 21.46 -10.66 12.74 18.2 -10.98 14.82 19.68 -7.32 12.43 21.59 -11.97
5 24 12.74 18.2 -10.98 14.82 19.68 -7.32 13.25 21.46 -10.66 14.98 17.77 -7.02
5 24 9.12 18.76 -14.38 7.22 19.04 -15.14 8.23 15.4 -14.55 8.25 20.79 -14.74
5 24 8.23 15.4 -14.55 9.12 18.76 -14.38 7.22 19.04 -15.14 10.98 15.2 -12.66
5 24 11.43 18.43 -12.62 11.49 21.71 -13 10.33 21.65 -13.83 12.43 21.59 -11.97
5 24 10.33 21.65 -13.83 11.43 18.43 -12.62 11.49 21.71 -13 9.12 18.76 -14.38
5 24 5.37 16.2 -15.71 8.23 15.4 -14.55 7.22 19.04 -15.14 7.07 12.49 -14.94
5 24 13.44 12.86 -9.76 11.66 12.18 -12.26 12.38 11.18 -11.55 12.95 16.03 -10.44
5 24 12.38 11.18 -11.55 13.44 12.86 -9.76 11.66 12.18 -12.26 13.91 10.25 -9.15
5 24 13.44 12.86 -9.76 12.95 16.03 -10.44 11.66 12.18 -12.26 15.49 14.69 -5.79
5 24 12.95 16.03 -10.44 11.66 12.18 -12.26 13.44 12.86 -9.76 10.98 15.2 -12.66
5 24 13.44 12.86 -9.76 13.91 10.25 -9.15 15.49 14.69 -5.79 12.38 11.18 -11.55
5 24 15.49 14.69 -5.79 13.44 12.86 -9.76 13.91 10.25 -9.15 12.95 16.03 -10.44
5 24 12.95 16.03 -10.44 14.98 17.77 -7.02 12.74 18.2 -10.98 15.49 14.69 -5.79
5 24 14.98 17.77 -7.02 12.74 18.2 -10.98 12.95 16.03 -10.44 14.82 19.68 -7.32
5 24 15.49 14.69 -5.79 12.95 16.03 -10.44 13.44 12.86 -9.76 14.98 17.77 -7.02
5 24 15.94 1.98 6.26 16.34 1.84 5.71 15.55 1.07 6.11 16.84 6.75 5.22
5 24 16.34 1.84 5.71 15.55 1.07 6.11 15.94 1.98 6.26 15.81 -0.09 3.63
5 24 16.1 4.04 -2.09 16.82 8.6 -2.48 16.14 8.31 -3.28 16.9 4.08 -1.16
5 24 16.82 8.6 -2.48 16.14 8.31 -3.28 16.1 4.04 -2.09 15.94 11.8 -4.43
5 24 16.1 4.04 -2.09 16.9 4.08 -1.16 16.82 8.6 -2.48 15.96 3.6 -1.93
5 24 16.53 12.14 -3.75 15.94 11.8 -4.43 16.82 8.6 -2.48 16.66 14.79 -5.33
5 24 16.2 1.72 -1.1 15.96 3.6 -1.93 15.65 3.29 -1.79 16.82 2.01 -0.34
5 24 15.65 3.29 -1.79 16.2 1.72 -1.1 15.96 3.6 -1.93 15.46 1.77 -1.33
5 24 15.96 3.6 -1.93 16.82 2.01 -0.34 16.9 4.08 -1.16 16.2 1.72 -1.1
5 24 16.9 4.08 -1.16 15.96 3.6 -1.93 16.82 2.01 -0.34 16.1 4.04 -2.09
5 24 15.46 1.77 -1.33 16.2 1.72 -1.1 15.65 3.29 -1.79 16.06 -0.77 0.02
5 24 14.98 17.77 -7.02 16.15 17.35 -7.9 14.82 19.68 -7.32 15.49 14.69 -5.79
5 24 16.15 17.35 -7.9 14.82 19.68 -7.32 14.98 17.77 -7.02 16.77 19.35 -10.18
5 24 15.49 14.69 -5.79 16.15 17.35 -7.9 14.98 17.77 -7.02 17.25 17.2 -7.66
5 24 16.15 17.35 -7.9 17.25 17.2 -7.66 16.77 19.35 -10.18 15.49 14.69 -5.79
5 24 17.25 17.2 -7.66 16.77 19.35 -10.18 16.15 17.35 -7.9 18.01 19.01 -10.23
5 24 16.77 19.35 -10.18 16.15 17.35 -7.9 17.25 17.2 -7.66 14.82 19.68 -7.32
5 24 16.77 19.35 -10.18 14.82 19.68 -7.32 16.15 17.35 -7.9 15.61 21.17 -8.38
5 24 15.94 11.8 -4.43 16.66 14.79 -5.33 15.49 14.69 -5.79 16.53 12.14 -3.75
5 24 16.66 14.79 -5.33 15.49 14.69 -5.79 15.94 11.8 -4.43 17.25 17.2 -7.66
5 24 15.49 14.69 -5.79 17.25 17.2 -7.66 16.15 17.35 -7.9 16.66 14.79 -5.33
5 24 16.2 1.72 -1.1 16.82 2.01 -0.34 15.96 3.6 -1.93 16.6 -0.41 0.79
5 24 15.05 -0.89 -0.3 15.83 -1.26 1 16.06 -0.77 0.02 14.9 -1.45 1.07
5 24 15.83 -1.26 1 16.06 -0.77 0.02 15.05 -0.89 -0.3 16.6 -0.41 0.79
5 24 16.06 -0.77 0.02 15.05 -0.89 -0.3 15.83 -1.26 1 15.46 1.77 -1.33
5 24 14.9 -1.45 1.07 15.83 -1.26 1 15.05 -0.89 -0.3 14.94 -0.2 3.68
5 24 16.6 -0.41 0.79 15.83 -1.26 1 15.81 -0.09 3.63 16.06 -0.77 0.02
5 24 15.83 -1.26 1 15.81 -0.09 3.63 16.6 -0.41 0.79 14.94 -0.2 3.68
5 24 15.81 -0.09 3.63 16.6 -0.41 0.79 15.83 -1.26 1 16.63 0.71 3.3
5 24 16.6 -0.41 0.79 16.06 -0.77 0.02 15.83 -1.26 1 16.2 1.72 -1.1
5 24 16.34 1.84 5.71 15.81 -0.09 3.63 15.55 1.07 6.11 16.63 0.71 3.3
5 24 15.81 -0.09 3.63 15.55 1.07 6.11 16.34 1.84 5.71 14.94 -0.2 3.68
5 24 15.81 -0.09 3.63 14.94 -0.2 3.68 15.55 1.07 6.11 15.83 -1.26 1
5 24 14.94 -0.2 3.68 15.83 -1.26 1 14.9 -1.45 1.07 15.81 -0.09 3.63
5 24 16.06 -0.77 0.02 16.2 1.72 -1.1 15.46 1.77 -1.33 16.6 -0.41 0.79
5 24 15.46 1.77 -1.33 16.06 -0.77 0.02 16.2 1.72 -1.1 15.05 -0.89 -0.3
5 24 16.2 1.72 -1.1 16.6 -0.41 0.79 16.82 2.01 -0.34 16.06 -0.77 0.02
5 24 16.63 0.71 3.3 15.81 -0.09 3.63 16.34 1.84 5.71 16.6 -0.41 0.79
5 24 16.84 6.75 5.22 15.94 1.98 6.26 16.34 6.95 5.87 16.34 1.84 5.71
5 24 16.34 6.95 5.87 16.84 6.75 5.22 15.94 1.98 6.26 17.19 12.97 5.3
5 24 9.12 18.76 -14.38 9.17 21.28 -14.38 8.25 20.79 -14.74 10.33 21.65 -13.83
5 24 5.37 16.2 -15.71 7.07 12.49 -14.94 8.23 15.4 -14.55 5.06 12.51 -15.53
5 24 7.07 12.49 -14.94 8.23 15.4 -14.55 5.37 16.2 -15.71 9.03 12.45 -14.23
5 24 10.59 12.43 -13.22 10.98 15.2 -12.66 9.03 12.45 -14.23 11.66 12.18 -12.26
5 24 10.98 15.2 -12.66 9.03 12.45 -14.23 10.59 12.43 -13.22 8.23 15.4 -14.55
5 24 9.03 12.45 -14.23 8.23 15.4 -14.55 7.07 12.49 -14.94 10.98 15.2 -12.66
5 24 13.23 3.14 -10.85 11.59 4.94 -12.92 11.75 2.27 -12.2 12.94 5.57 -11.34
5 24 11.59 4.94 -12.92 11.75 2.27 -12.2 13.23 3.14 -10.85 9.7 4.09 -13.79
5 24 12.94 5.57 -11.34 11.59 4.94 -12.92 13.23 3.14 -10.85 11.56 8.03 -12.96
5 24 3.11 14.8 -16.26 5.06 12.51 -15.53 5.37 16.2 -15.71 3.39 12.44 -15.95
5 24 10.98 15.2 -12.66 11.43 18.43 -12.62 9.12 18.76 -14.38 12.95 16.03 -10.44
5 24 11.43 18.43 -12.62 9.12 18.76 -14.38 10.98 15.2 -12.66 10.33 21.65 -13.83
5 24 9.12 18.76 -14.38 10.98 15.2 -12.66 11.43 18.43 -12.62 8.23 15.4 -14.55
5 24 10.98 15.2 -12.66 12.95 16.03 -10.44 11.43 18.43 -12.62 11.66 12.18 -12.26
5 24 9.12 18.76 -14.38 10.33 21.65 -13.83 9.17 21.28 -14.38 11.43 18.43 -12.62
5 24 11.66 12.18 -12.26 10.98 15.2 -12.66 10.59 12.43 -13.22 12.95 16.03 -10.44
5 24 10.98 15.2 -12.66 8.23 15.4 -14.55 9.03 12.45 -14.23 9.12 18.76 -14.38
5 24 12.94 5.57 -11.34 11.56 8.03 -12.96 11.59 4.94 -12.92 12.35 8.62 -11.93
5 24 11.56 8.03 -12.96 11.59 4.94 -12.92 12.94 5.57 -11.34 9.66 7.67 -14.3
5 24 9.66 7.67 -14.3 11.59 4.94 -12.92 11.56 8.03 -12.96 9.7 4.09 -13.79
5 24 13.22 -1.68 9.57 19.24 -6.05 16.74 11.92 -0.91 12.59 20.21 -6.77 14.51
5 24 12.62 -3.15 9.12 20.21 -6.77 14.51 13.22 -1.68 9.57 19.64 -8.1 14.14
5 24 18.01 19.01 -10.23 16.77 19.35 -10.18 17.25 17.2 -7.66 17.53 20.72 -12.37
5 24 20.21 -6.77 14.51 20.18 -7.16 15.07 19.24 -6.05 16.74 19.75 -8.06 14.86
5 24 20.18 -7.16 15.07 19.24 -6.05 16.74 20.21 -6.77 14.51 19.35 -6.7 16.81
5 24 20.21 -6.77 14.51 19.75 -8.06 14.86 20.18 -7.16 15.07 19.64 -8.1 14.14
5 24 19.35 -6.7 16.81 19.24 -6.05 16.74 20.18 -7.16 15.07 17.25 -7.29 18.01
5 24 9.94 -4.62 10.47 17.37 -9.64 15.55 12.62 -3.15 9.12 14.68 -11.1 17
5 24 9.94 -4.62 10.47 11.79 -12.28 18.17 14.68 -11.1 17 5.68 -6.13 11.94
5 24 2.15 -9.07 4.33 1.45 -9.58 9.79 2.11 -8.31 9.7 1.37 -10.21 4.17
5 24 1.45 -9.58 9.79 2.11 -8.31 9.7 2.15 -9.07 4.33 2.11 -7.04 12.8
5 24 2.15 -9.07 4.33 1.37 -10.21 4.17 1.45 -9.58 9.79 2.11 -9.22 0.17
5 24 2.11 -7.04 12.8 1.45 -9.58 9.79 1.45 -8.14 13.97 2.11 -8.31 9.7
5 24 5.79 -13.8 19.67 1.45 -8.14 13.97 2.81 -14.2 20.07 2.11 -7.04 12.8
5 24 5.79 -13.8 19.67 2.11 -7.04 12.8 1.45 -8.14 13.97 5.68 -6.13 11.94
5 24 19.64 -8.1 14.14 19.75 -8.06 14.86 20.21 -6.77 14.51 17.37 -9.64 15.55
5 24 20.71 22.15 -14.12 20.36 21.33 -13.9 21.35 22.13 -12.19 19.96 21.76 -14.82
5 24 20.36 21.33 -13.9 21.35 22.13 -12.19 20.71 22.15 -14.12 20.85 21.23 -11.86
5 24 21.35 22.13 -12.19 20.71 22.15 -14.12 20.36 21.33 -13.9 20.68 24.66 -12.82
5 24 20.68 24.66 -12.82 20.71 22.15 -14.12 21.35 22.13 -12.19 19.59 24.54 -13.95
5 24 21.35 22.13 -12.19 20.68 24.66 -12.82 20.71 22.15 -14.12 21.06 24.62 -11.48
5 24 20.85 21.23 -11.86 21.35 22.13 -12.19 20.36 21.33 -13.9 22.13 22.23 -9.51
5 24 20.71 22.15 -14.12 19.96 21.76 -14.82 20.36 21.33 -13.9 19.97 22.37 -14.87
5 24 19.97 22.37 -14.87 20.71 22.15 -14.12 19.59 24.54 -13.95 19.96 21.76 -14.82
5 24 20.71 22.15 -14.12 19.59 24.54 -13.95 19.97 22.37 -14.87 20.68 24.66 -12.82
5 24 19.59 24.54 -13.95 19.97 22.37 -14.87 20.71 22.15 -14.12 18.45 24.19 -13.87
5 24 19.97 22.37 -14.87 19.96 21.76 -14.82 20.71 22.15 -14.12 19.44 21.57 -14.93
5 24 18.45 24.19 -13.87 19.97 22.37 -14.87 19.59 24.54 -13.95 19.05 22.19 -15
5 24 22.13 22.23 -9.51 22.71 22.31 -6.74 22.15 24.61 -6.87 21.57 21.33 -9.23
5 24 22.71 22.31 -6.74 22.15 24.61 -6.87 22.13 22.23 -9.51 22.75 24.62 -0.78
5 24 22.15 24.61 -6.87 22.13 22.23 -9.51 22.71 22.31 -6.74 21.59 24.64 -9.59
5 24 21.59 24.64 -9.59 22.13 22.23 -9.51 22.15 24.61 -6.87 21.06 24.62 -11.48
5 24 21.57 21.33 -9.23 22.13 22.23 -9.51 20.85 21.23 -11.86 22.71 22.31 -6.74
5 24 22.13 22.23 -9.51 20.85 21.23 -11.86 21.57 21.33 -9.23 21.35 22.13 -12.19
5 24 21.35 22.13 -12.19 22.13 22.23 -9.51 21.06 24.62 -11.48 20.85 21.23 -11.86
5 24 22.13 22.23 -9.51 21.06 24.62 -11.48 21.35 22.13 -12.19 21.59 24.64 -9.59
5 24 21.06 24.62 -11.48 21.35 22.13 -12.19 22.13 22.23 -9.51 20.68 24.66 -12.82
5 24 19.97 22.37 -14.87 19.44 21.57 -14.93 19.96 21.76 -14.82 19.05 22.19 -15
5 24 17.53 20.72 -12.37 18.36 21.78 -14.58 17.65 23.49 -12.62 18.97 20.96 -14.31
5 24 18.36 21.78 -14.58 17.65 23.49 -12.62 17.53 20.72 -12.37 18.45 24.19 -13.87
5 24 17.65 23.49 -12.62 17.53 20.72 -12.37 18.36 21.78 -14.58 16.66 22.16 -10.41
5 24 18.36 21.78 -14.58 18.97 20.96 -14.31 19.44 21.57 -14.93 17.53 20.72 -12.37
5 24 19.44 21.57 -14.93 18.36 21.78 -14.58 18.97 20.96 -14.31 19.05 22.19 -15
5 24 17.53 20.72 -12.37 16.66 22.16 -10.41 16.77 19.35 -10.18 17.65 23.49 -12.62
5 24 16.66 22.16 -10.41 16.77 19.35 -10.18 17.53 20.72 -12.37 15.61 21.17 -8.38
5 24 16.77 19.35 -10.18 17.53 20.72 -12.37 16.66 22.16 -10.41 18.01 19.01 -10.23
5 24 18.49 20.19 -12.53 17.53 20.72 -12.37 18.01 19.01 -10.23 18.97 20.96 -14.31
5 24 17.53 20.72 -12.37 18.01 19.01 -10.23 18.49 20.19 -12.53 16.77 19.35 -10.18
5 24 17.53 20.72 -12.37 18.97 20.96 -14.31 18.36 21.78 -14.58 18.49 20.19 -12.53
5 24 19.05 22.19 -15 18.36 21.78 -14.58 19.44 21.57 -14.93 18.45 24.19 -13.87
5 24 19.44 21.57 -14.93 19.05 22.19 -15 18.36 21.78 -14.58 19.97 22.37 -14.87
5 24 19.05 22.19 -15 18.45 24.19 -13.87 18.36 21.78 -14.58 19.97 22.37 -14.87
5 24 18.45 24.19 -13.87 18.36 21.78 -14.58 19.05 22.19 -15 17.65 23.49 -12.62
5 24 19.97 22.37 -14.87 19.05 22.19 -15 19.44 21.57 -14.93 18.45 24.19 -13.87
5 24 16.77 19.35 -10.18 15.61 21.17 -8.38 14.82 19.68 -7.32 16.66 22.16 -10.41
5 24 15.61 21.17 -8.38 14.82 19.68 -7.32 16.77 19.35 -10.18 14.74 21.27 -7.34
5 24 22.13 21.41 -6.54 22.71 22.31 -6.74 21.57 21.33 -9.23 23.32 22.34 -0.73
5 24 18.25 18.97 7.1 16.42 18.84 6.82 16.52 21.73 6.6 17.13 16.7 6.63
5 24 16.52 21.73 6.6 18.25 18.97 7.1 16.42 18.84 6.82 19.91 21.06 7.25
5 24 18.25 18.97 7.1 17.13 16.7 6.63 16.42 18.84 6.82 18.98 18.68 6.39
5 24 17.13 16.7 6.63 16.42 18.84 6.82 18.25 18.97 7.1 15.14 17.63 6.31
5 24 15.14 17.63 6.31 17.13 16.7 6.63 15.44 13.5 6.05 16.42 18.84 6.82
5 24 17.13 16.7 6.63 15.44 13.5 6.05 15.14 17.63 6.31 16.58 13.28 5.98
5 24 16.52 21.73 6.6 19.91 21.06 7.25 18.25 18.97 7.1 18.73 22.88 6.86
5 24 19.91 21.06 7.25 18.25 18.97 7.1 16.52 21.73 6.6 20.42 20.26 6.42
5 24 19.91 21.06 7.25 20.42 20.26 6.42 18.25 18.97 7.1 21.49 20.95 6.07
5 24 20.42 20.26 6.42 18.25 18.97 7.1 19.91 21.06 7.25 18.98 18.68 6.39
5 24 18.25 18.97 7.1 18.98 18.68 6.39 17.13 16.7 6.63 20.42 20.26 6.42
5 24 18.98 18.68 6.39 17.13 16.7 6.63 18.25 18.97 7.1 17.83 16.48 5.94
5 24 16.58 13.28 5.98 16.34 6.95 5.87 15.34 6.79 6.06 17.19 12.97 5.3
5 24 15.34 6.79 6.06 16.58 13.28 5.98 16.34 6.95 5.87 15.44 13.5 6.05
5 24 16.58 13.28 5.98 17.19 12.97 5.3 16.34 6.95 5.87 17.83 16.48 5.94
5 24 17.19 12.97 5.3 16.34 6.95 5.87 16.58 13.28 5.98 16.84 6.75 5.22
5 24 15.44 13.5 6.05 16.58 13.28 5.98 15.34 6.79 6.06 17.13 16.7 6.63
5 24 17.13 16.7 6.63 17.83 16.48 5.94 16.58 13.28 5.98 18.98 18.68 6.39
5 24 17.83 16.48 5.94 16.58 13.28 5.98 17.13 16.7 6.63 17.19 12.97 5.3
5 24 16.58 13.28 5.98 17.13 16.7 6.63 17.83 16.48 5.94 15.44 13.5 6.05
5 24 18.73 22.88 6.86 19.91 21.06 7.25 16.52 21.73 6.6 20.89 23.84 6.43
5 24 22.28 24.26 4.87 22.72 22.21 5.16 20.89 23.84 6.43 23.32 22.34 -0.73
5 24 22.72 22.21 5.16 20.89 23.84 6.43 22.28 24.26 4.87 21.64 21.91 6.64
5 24 23.32 22.34 -0.73 22.72 22.21 5.16 22.28 24.26 4.87 22.52 21.36 4.76
5 24 22.28 24.26 4.87 23.32 22.34 -0.73 22.72 22.21 5.16 22.75 24.62 -0.78
5 24 22.52 21.36 4.76 23.32 22.34 -0.73 22.8 21.43 -0.8 22.72 22.21 5.16
5 24 23.32 22.34 -0.73 22.8 21.43 -0.8 22.52 21.36 4.76 22.13 21.41 -6.54
5 24 22.52 21.36 4.76 22.72 22.21 5.16 23.32 22.34 -0.73 21.49 20.95 6.07
5 24 22.71 22.31 -6.74 23.32 22.34 -0.73 22.75 24.62 -0.78 22.13 21.41 -6.54
5 24 23.32 22.34 -0.73 22.75 24.62 -0.78 22.71 22.31 -6.74 22.28 24.26 4.87
5 24 22.13 21.41 -6.54 23.32 22.34 -0.73 22.71 22.31 -6.74 22.8 21.43 -0.8
5 24 21.64 21.91 6.64 21.49 20.95 6.07 19.91 21.06 7.25 22.72 22.21 5.16
5 24 21.49 20.95 6.07 19.91 21.06 7.25 21.64 21.91 6.64 20.42 20.26 6.42
5 24 19.91 21.06 7.25 21.64 21.91 6.64 21.49 20.95 6.07 20.89 23.84 6.43
5 24 20.89 23.84 6.43 21.64 21.91 6.64 19.91 21.06 7.25 22.72 22.21 5.16
5 24 19.91 21.06 7.25 20.89 23.84 6.43 21.64 21.91 6.64 18.73 22.88 6.86
5 24 22.72 22.21 5.16 21.64 21.91 6.64 20.89 23.84 6.43 21.49 20.95 6.07
5 24 16.09 21.84 -0.43 18.92 23.14 3.93 16.06 22.07 3.66 19.36 23.47 -0.54
5 24 18.92 23.14 3.93 16.06 22.07 3.66 16.09 21.84 -0.43 16.42 22.18 5.96
5 24 16.06 22.07 3.66 16.09 21.84 -0.43 18.92 23.14 3.93 13.16 21.99 0
5 24 16.09 21.84 -0.43 19.36 23.47 -0.54 18.92 23.14 3.93 15.42 21.71 -4.59
5 24 19.36 23.47 -0.54 18.92 23.14 3.93 16.09 21.84 -0.43 21.49 24.67 4.68
5 24 16.09 21.84 -0.43 15.42 21.71 -4.59 19.36 23.47 -0.54 13.16 21.99 0
5 24 15.42 21.71 -4.59 19.36 23.47 -0.54 16.09 21.84 -0.43 19 23.7 -6.12
5 24 13.16 21.99 0 16.06 22.07 3.66 12.16 22.26 5.04 16.09 21.84 -0.43
5 24 16.06 22.07 3.66 12.16 22.26 5.04 13.16 21.99 0 15.73 22.24 6.47
5 24 13.16 21.99 0 16.09 21.84 -0.43 16.06 22.07 3.66 15.42 21.71 -4.59
5 24 15.42 21.71 -4.59 19 23.7 -6.12 19.36 23.47 -0.54 15.95 21.76 -7.92
5 24 19 23.7 -6.12 19.36 23.47 -0.54 15.42 21.71 -4.59 22.05 25.01 -0.66
5 24 15.95 21.76 -7.92 19 23.7 -6.12 15.42 21.71 -4.59 18.57 23.82 -8.92
5 24 15.42 21.71 -4.59 15.95 21.76 -7.92 19 23.7 -6.12 15.24 21.67 -6.84
5 24 18.57 23.82 -8.92 15.95 21.76 -7.92 16.87 22.64 -10.01 19 23.7 -6.12
5 24 16.87 22.64 -10.01 18.57 23.82 -8.92 15.95 21.76 -7.92 18.93 24.32 -10.62
5 24 19.36 23.47 -0.54 21.49 24.67 4.68 18.92 23.14 3.93 22.05 25.01 -0.66
5 24 21.49 24.67 4.68 18.92 23.14 3.93 19.36 23.47 -0.54 20.41 24.19 5.94
5 24 19.36 23.47 -0.54 22.05 25.01 -0.66 21.49 24.67 4.68 19 23.7 -6.12
5 24 19 23.7 -6.12 22.05 25.01 -0.66 19.36 23.47 -0.54 21.43 24.99 -6.78
5 24 11.17 22.21 -12.46 9.47 22.39 -9.16 7.87 22.48 -10.75 12.04 22.1 -11.6
5 24 7.87 22.48 -10.75 11.17 22.21 -12.46 9.47 22.39 -9.16 9.9 22.13 -13.45
5 24 12.04 22.1 -11.6 9.47 22.39 -9.16 11.17 22.21 -12.46 12.86 21.94 -10.36
5 24 7.05 22.07 -11.3 8.78 21.78 -13.98 7.87 22.48 -10.75 7.75 21.12 -14.33
5 24 8.78 21.78 -13.98 7.87 22.48 -10.75 7.05 22.07 -11.3 9.9 22.13 -13.45
5 24 9.9 22.13 -13.45 7.87 22.48 -10.75 8.78 21.78 -13.98 11.17 22.21 -12.46
5 24 15.24 21.67 -6.84 15.42 21.71 -4.59 14.5 21.71 -6.9 15.95 21.76 -7.92
5 24 15.42 21.71 -4.59 14.5 21.71 -6.9 15.24 21.67 -6.84 12.16 21.83 -5.04
5 24 12.16 21.83 -5.04 14.5 21.71 -6.9 15.42 21.71 -4.59 12.86 21.94 -10.36
5 24 15.42 21.71 -4.59 12.16 21.83 -5.04 14.5 21.71 -6.9 13.16 21.99 0
5 24 12.86 21.94 -10.36 12.16 21.83 -5.04 9.47 22.39 -9.16 14.5 21.71 -6.9
5 24 18.57 23.82 -8.92 19 23.7 -6.12 15.95 21.76 -7.92 21.43 24.99 -6.78
5 24 7.06 23.89 17.37 2.48 22.11 18.87 2.38 24.14 18.29 7.19 21.83 18.12
5 24 2.48 22.11 18.87 2.38 24.14 18.29 7.06 23.89 17.37 0 24.14 18.29
5 24 20.96 24.99 -9.28 18.57 23.82 -8.92 18.93 24.32 -10.62 21.43 24.99 -6.78
5 24 18.57 23.82 -8.92 18.93 24.32 -10.62 20.96 24.99 -9.28 16.87 22.64 -10.01
5 24 18.93 24.32 -10.62 20.96 24.99 -9.28 18.57 23.82 -8.92 20.42 24.99 -11.21
5 24 16.87 22.64 -10.01 18.93 24.32 -10.62 18.57 23.82 -8.92 17.83 23.89 -12.22
5 24 18.93 24.32 -10.62 20.42 24.99 -11.21 20.96 24.99 -9.28 20 24.98 -12.59
5 24 19 23.7 -6.12 21.43 24.99 -6.78 22.05 25.01 -0.66 18.57 23.82 -8.92
5 24 18.57 23.82 -8.92 21.43 24.99 -6.78 19 23.7 -6.12 20.96 24.99 -9.28
5 24 20 24.98 -12.59 17.83 23.89 -12.22 18.57 24.51 -13.3 18.93 24.32 -10.62
5 24 18.57 24.51 -13.3 20 24.98 -12.59 17.83 23.89 -12.22 19.43 24.86 -13.32
5 24 17.83 23.89 -12.22 18.93 24.32 -10.62 16.87 22.64 -10.01 20 24.98 -12.59
5 24 18.93 24.32 -10.62 20 24.98 -12.59 20.42 24.99 -11.21 17.83 23.89 -12.22
5 24 0 14.57 -13.43 1.3 14.83 -15.94 1.71 14.94 -13.34 0 14.67 -16.06
5 24 1.3 14.83 -15.94 1.71 14.94 -13.34 0 14.57 -13.43 2.91 15.35 -15.73
5 24 2.91 15.35 -15.73 1.71 14.94 -13.34 1.3 14.83 -15.94 3.92 16.66 -12.73
5 24 2.91 15.35 -15.73 3.92 16.66 -12.73 1.71 14.94 -13.34 4.82 16.73 -15.22
5 24 7.75 21.12 -14.33 5.77 19.95 -11.95 6.53 19.3 -14.72 7.05 22.07 -11.3
5 24 5.77 19.95 -11.95 6.53 19.3 -14.72 7.75 21.12 -14.33 3.92 16.66 -12.73
5 24 7.75 21.12 -14.33 7.05 22.07 -11.3 5.77 19.95 -11.95 8.78 21.78 -13.98
5 24 4.82 16.73 -15.22 3.92 16.66 -12.73 2.91 15.35 -15.73 6.53 19.3 -14.72
5 24 6.53 19.3 -14.72 3.92 16.66 -12.73 4.82 16.73 -15.22 5.77 19.95 -11.95
5 24 7.06 23.89 17.37 7.19 21.83 18.12 2.48 22.11 18.87 11.95 23.14 14.82
5 24 17.11 4.93 2.23 16.34 1.84 5.71 16.84 6.75 5.22 16.63 0.71 3.3
5 24 14.6 22.4 11.82 14.74 19.97 12.49 12.2 20.87 15.61 15.69 19.32 9.85
5 24 12.2 20.87 15.61 14.6 22.4 11.82 14.74 19.97 12.49 11.95 23.14 14.82
5 24 14.6 22.4 11.82 15.69 19.32 9.85 14.74 19.97 12.49 15.54 22.05 9.36
5 24 15.54 22.05 9.36 15.69 19.32 9.85 14.6 22.4 11.82 16.52 21.73 6.6
5 24 11.95 23.14 14.82 12.2 20.87 15.61 7.19 21.83 18.12 14.6 22.4 11.82
5 24 16.82 2.01 -0.34 17.11 4.93 2.23 16.9 4.08 -1.16 16.63 0.71 3.3
5 24 16.63 0.71 3.3 17.11 4.93 2.23 16.82 2.01 -0.34 16.34 1.84 5.71
5 24 16.82 2.01 -0.34 16.63 0.71 3.3 17.11 4.93 2.23 16.6 -0.41 0.79
5 24 16.52 21.73 6.6 15.69 19.32 9.85 15.54 22.05 9.36 16.42 18.84 6.82
5 24 17.78 -9.45 16.13 17.37 -9.64 15.55 14.86 -10.99 17.69 19.75 -8.06 14.86
5 24 17.37 -9.64 15.55 14.86 -10.99 17.69 17.78 -9.45 16.13 14.68 -11.1 17
5 24 19.75 -8.06 14.86 17.37 -9.64 15.55 17.78 -9.45 16.13 19.64 -8.1 14.14
5 24 1.52 8.23 -13.52 1.54 8.04 -15.54 3.23 8.05 -15.4 0 8.04 -15.54
5 24 3.23 8.05 -15.4 2.95 8.25 -13.26 1.52 8.23 -13.52 4.46 8.3 -12.82
5 24 16.06 22.07 3.66 15.73 22.24 6.47 12.16 22.26 5.04 16.42 22.18 5.96
5 24 15.73 22.24 6.47 12.16 22.26 5.04 16.06 22.07 3.66 15.11 22.43 9.06
5 24 15.11 22.43 9.06 12.16 22.26 5.04 15.73 22.24 6.47 9.31 22.75 9.31
5 24 15.11 22.43 9.06 9.31 22.75 9.31 12.16 22.26 5.04 14.21 22.72 11.43
5 24 18.92 23.14 3.93 20.41 24.19 5.94 18.39 22.99 6.29 21.49 24.67 4.68
5 24 18.39 22.99 6.29 18.92 23.14 3.93 20.41 24.19 5.94 16.42 22.18 5.96
5 24 16.06 22.07 3.66 16.42 22.18 5.96 15.73 22.24 6.47 18.92 23.14 3.93
5 24 6.91 24.11 16.87 5.04 23.34 12.25 11.65 23.38 14.42 2.33 24.42 17.77
5 24 5.04 23.34 12.25 11.65 23.38 14.42 6.91 24.11 16.87 9.31 22.75 9.31
5 24 2.33 24.42 17.77 0 23.7 13.46 5.04 23.34 12.25 0 24.42 17.77
5 24 14.21 22.72 11.43 9.31 22.75 9.31 15.11 22.43 9.06 11.65 23.38 14.42
5 24 11.65 23.38 14.42 9.31 22.75 9.31 14.21 22.72 11.43 5.04 23.34 12.25
5 24 18.92 23.14 3.93 16.42 22.18 5.96 16.06 22.07 3.66 18.39 22.99 6.29
5 24 5.3 -11.84 21.83 5.42 -12.56 21.75 2.4 -12.87 22.12 8.79 -11.84 21.14
5 24 2.4 -12.87 22.12 5.3 -11.84 21.83 5.42 -12.56 21.75 2.19 -12.22 22.15
5 24 8.66 -11.14 21.22 8.79 -11.84 21.14 5.3 -11.84 21.83 12.03 -10.79 20.26
5 24 2.4 -12.87 22.12 2.19 -12.22 22.15 5.3 -11.84 21.83 0 -12.22 22.15
5 24 12.03 -10.79 20.26 14.52 -8.87 19.33 14.87 -9.45 19.22 11.8 -10.1 20.36
5 24 14.52 -8.87 19.33 14.87 -9.45 19.22 12.03 -10.79 20.26 17.25 -7.29 18.01
5 24 17.25 -7.29 18.01 17.62 -7.86 17.88 14.87 -9.45 19.22 19.35 -6.7 16.81
5 24 11.8 -10.1 20.36 12.03 -10.79 20.26 8.66 -11.14 21.22 14.52 -8.87 19.33
5 24 17.25 -7.29 18.01 19.35 -6.7 16.81 17.62 -7.86 17.88 19.24 -6.05 16.74
5 24 5.67 -13.8 20.44 2.81 -14.2 20.07 2.64 -14.14 20.85 5.79 -13.8 19.67
5 24 2.81 -14.2 20.07 2.64 -14.14 20.85 5.67 -13.8 20.44 0 -14.14 20.85
5 24 5.67 -13.8 20.44 5.79 -13.8 19.67 2.81 -14.2 20.07 8.86 -13.13 19.8
5 24 11.79 -12.28 18.17 11.92 -12.19 18.89 14.86 -10.99 17.69 8.93 -13.13 19.01
5 24 14.86 -10.99 17.69 14.68 -11.1 17 11.79 -12.28 18.17 17.37 -9.64 15.55
5 24 8.86 -13.13 19.8 8.93 -13.13 19.01 5.79 -13.8 19.67 11.92 -12.19 18.89
5 24 11.92 -12.19 18.89 8.93 -13.13 19.01 8.86 -13.13 19.8 11.79 -12.28 18.17
5 24 0 24.42 17.77 2.33 24.42 17.77 2.38 24.14 18.29 0 23.7 13.46
5 24 0 0.61 16.65 1.16 0.61 16.65 1.49 -4.76 15.94 0 7.52 16.89
5 24 1.09 14.4 16.65 0 14.4 16.65 0 19.97 16.11 1.01 7.52 16.89
5 24 1.01 7.52 16.89 0 7.52 16.89 0 14.4 16.65 1.16 0.61 16.65
5 24 0 -12.87 22.12 2.4 -12.87 22.12 2.64 -14.14 20.85 0 -12.22 22.15
5 24 2.64 -14.14 20.85 0 -14.14 20.85 0 -12.87 22.12 2.81 -14.2 20.07
5 24 1.54 8.04 -15.54 0 8.04 -15.54 0 7.49 -16.05 1.52 8.23 -13.52
5 24 10.49 -5.81 2.96 5.91 -7.89 -0.07 5.92 -7.83 3.7 10.53 -5.79 -0.61
5 24 5.91 -7.89 -0.07 5.92 -7.83 3.7 10.49 -5.81 2.96 2.11 -9.22 0.17
5 24 2.11 -9.22 0.17 5.92 -7.83 3.7 5.91 -7.89 -0.07 2.15 -9.07 4.33
5 24 10.53 -5.79 -0.61 5.91 -7.89 -0.07 10.49 -5.81 2.96 5.87 -7.45 -3.54
5 24 10.53 -5.79 -0.61 5.87 -7.45 -3.54 5.91 -7.89 -0.07 10.41 -5.22 -3.93
5 24 13.9 -2.27 -3.88 9.87 -3.42 -7.79 10.41 -5.22 -3.93 13.23 -0.76 -7.16
5 24 9.87 -3.42 -7.79 13.23 -0.76 -7.16 12.46 0.78 -9.26 13.9 -2.27 -3.88
5 24 11.63 1.89 -11.69 9.67 1.29 -12.87 9.73 0.98 -12.36 11.75 2.27 -12.2
5 24 9.67 1.29 -12.87 9.73 0.98 -12.36 11.63 1.89 -11.69 7.59 0.14 -13.25
5 24 9.73 0.98 -12.36 11.63 1.89 -11.69 9.67 1.29 -12.87 9.6 1.1 -11.75
5 24 9.73 0.98 -12.36 9.6 1.1 -11.75 11.63 1.89 -11.69 7.54 0.07 -12.07
5 24 7.54 0.07 -12.07 9.73 0.98 -12.36 7.58 -0.15 -12.66 9.6 1.1 -11.75
5 24 9.73 0.98 -12.36 7.58 -0.15 -12.66 7.54 0.07 -12.07 7.59 0.14 -13.25
5 24 9.66 7.67 -14.3 9.7 4.09 -13.79 11.59 4.94 -12.92 7.63 7.55 -15.04
5 24 9.7 4.09 -13.79 11.59 4.94 -12.92 9.66 7.67 -14.3 11.75 2.27 -12.2
5 24 2.11 -9.22 0.17 1.37 -10.21 4.17 2.15 -9.07 4.33 1.32 -10.33 -0.22
5 24 9.73 0.98 -12.36 7.59 0.14 -13.25 7.58 -0.15 -12.66 9.67 1.29 -12.87
5 24 9.7 4.09 -13.79 11.75 2.27 -12.2 11.59 4.94 -12.92 9.67 1.29 -12.87
5 24 9.7 4.09 -13.79 9.67 1.29 -12.87 11.75 2.27 -12.2 7.6 3.52 -14.38
5 24 9.7 4.09 -13.79 7.6 3.52 -14.38 9.67 1.29 -12.87 7.63 7.55 -15.04
5 24 7.63 7.55 -15.04 9.7 4.09 -13.79 9.66 7.67 -14.3 7.6 3.52 -14.38
5 24 7.6 3.52 -14.38 7.63 7.55 -15.04 5.38 7.51 -15.63 9.7 4.09 -13.79
2 24 20.21 -6.77 14.51 13.22 -1.68 9.57
5 24 5.3 -11.84 21.83 2.22 -3.52 14.9 1.49 -4.76 15.94 5.91 -2.85 14.31
5 24 8.93 -13.13 19.01 5.68 -6.13 11.94 11.79 -12.28 18.17 5.79 -13.8 19.67
5 24 5.87 -7.45 -3.54 5.91 -7.89 -0.07 2.14 -9.01 -2.35 10.53 -5.79 -0.61
5 24 5.91 -7.89 -0.07 2.11 -9.22 0.17 2.14 -9.01 -2.35 5.92 -7.83 3.7
5 24 10.41 -5.22 -3.93 5.87 -7.45 -3.54 5.54 -5.72 -7.54 10.53 -5.79 -0.61
5 24 9.87 -3.42 -7.79 10.41 -5.22 -3.93 5.54 -5.72 -7.54 13.9 -2.27 -3.88
5 24 12.46 0.78 -9.26 9.87 -3.42 -7.79 9.16 -1.29 -10.3 13.23 -0.76 -7.16
5 24 9.6 1.1 -11.75 12.46 0.78 -9.26 9.16 -1.29 -10.3 11.45 1.99 -11.06
5 24 7.58 -0.15 -12.66 7.54 0.07 -12.07 5.49 -1 -12.14 9.73 0.98 -12.36
5 24 2.11 -9.22 0.17 1.32 -10.33 -0.22 2.14 -9.01 -2.35 1.37 -10.21 4.17
5 24 7.59 0.14 -13.25 7.58 -0.15 -12.66 5.55 -1.29 -12.88 9.73 0.98 -12.36
5 24 7.6 3.52 -14.38 7.59 0.14 -13.25 5.34 2.74 -14.92 9.7 4.09 -13.79
5 24 5.38 7.51 -15.63 7.6 3.52 -14.38 5.34 2.74 -14.92 7.63 7.55 -15.04
