0 ~Electric Power Functions Servo Motor Case Cable Retainer
0 Name: 10132.dat
0 Author: Philippe Hurbain [Philo]
0 !LDRAW_ORG Part UPDATE 2012-03
0 !LICENSE Redistributable under CCAL version 2.0 : see CAreadme.txt

0 BFC CERTIFY CCW

0 !HISTORY 2012-09-04 {LEGO Technic Team} Original part shape
0 !HISTORY 2012-09-17 [Philo] Complete rebuild for LDraw Parts Tracker
0 !HISTORY 2012-12-28 [PTadmin] Official Update 2012-03

0 // Note: shape inside motor is highly simplified

4 16 3.589 0.236 0 3.589 0.236 1.253 0 0 1.016 0 0 0
4 16 7.117 0.938 0 7.117 0.938 1.954 3.589 0.236 1.253 3.589 0.236 0
4 16 7.117 1.938 0 7.117 1.938 2.954 7.117 0.938 1.954 7.117 0.938 0
4 16 10.524 3.093 0 10.524 3.093 4.109 7.117 1.938 2.954 7.117 1.938 0
4 16 13.75 4.685 0 13.75 4.685 6 10.524 3.093 4.109 10.524 3.093 0
2 24 7.117 0.938 0 7.117 0.938 1.954
2 24 7.117 1.938 0 7.117 1.938 2.954
4 16 13 5.984 7.299 13.75 4.685 6 13.75 4.685 0 13 5.984 0
4 16 13 13.5 6 13 13.5 9 13 7.685 9 13 5.984 7.299
3 16 13 5.984 7.299 13 5.984 0 13 13.5 6
2 24 3.589 0.236 0 0 0 0
2 24 7.117 0.938 0 3.589 0.236 0
2 24 7.117 1.938 0 7.117 0.938 0
2 24 10.524 3.093 0 7.117 1.938 0
2 24 13.75 4.685 0 10.524 3.093 0
2 24 13.75 4.685 0 13 5.984 0
5 24 3.589 0.236 0 3.589 0.236 1.253 0 0 1.016 7.117 0.938 0
5 24 10.524 3.093 0 10.524 3.093 4.109 7.117 1.938 2.954 13.75 4.685 0
2 24 13.75 4.685 0 13.75 4.685 6
5 24 13 5.984 0 13 5.984 7.299 13.75 4.685 6 13 13.5 6
0 BFC INVERTNEXT
1 16 0 5.262 6.512 5.5 0 0 0 2.82843 1.23744 0 -2.82843 1.23744 box5.dat
4 16 0 0 0 0 0 1.016 -3.589 0.236 1.253 -3.589 0.236 0
4 16 -3.589 0.236 0 -3.589 0.236 1.253 -7.117 0.938 1.954 -7.117 0.938 0
4 16 -7.117 0.938 0 -7.117 0.938 1.954 -7.117 1.938 2.954 -7.117 1.938 0
4 16 -7.117 1.938 0 -7.117 1.938 2.954 -10.524 3.093 4.109 -10.524 3.093 0
4 16 -10.524 3.093 0 -10.524 3.093 4.109 -13.75 4.685 6 -13.75 4.685 0
2 24 -7.117 0.938 0 -7.117 0.938 1.954
2 24 -7.117 1.938 0 -7.117 1.938 2.954
4 16 -13 5.984 0 -13.75 4.685 0 -13.75 4.685 6 -13 5.984 7.299
4 16 -13 5.984 7.299 -13 7.685 9 -13 13.5 9 -13 13.5 6
3 16 -13 13.5 6 -13 5.984 0 -13 5.984 7.299
2 24 -3.589 0.236 0 0 0 0
2 24 -7.117 0.938 0 -3.589 0.236 0
2 24 -7.117 1.938 0 -7.117 0.938 0
2 24 -10.524 3.093 0 -7.117 1.938 0
2 24 -13.75 4.685 0 -10.524 3.093 0
2 24 -13.75 4.685 0 -13 5.984 0
5 24 -3.589 0.236 0 -3.589 0.236 1.253 0 0 1.016 -7.117 0.938 0
5 24 -10.524 3.093 0 -10.524 3.093 4.109 -7.117 1.938 2.954 -13.75 4.685 0
2 24 -13.75 4.685 0 -13.75 4.685 6
5 24 -13 5.984 0 -13 5.984 7.299 -13.75 4.685 6 -13 13.5 6
3 16 0 0 0 -3.589 0.236 0 3.589 0.236 0
4 16 -3.589 0.236 0 -7.117 0.938 0 7.117 0.938 0 3.589 0.236 0
4 16 -7.117 0.938 0 -7.117 1.938 0 7.117 1.938 0 7.117 0.938 0
4 16 -7.117 1.938 0 -10.524 3.093 0 10.524 3.093 0 7.117 1.938 0
4 16 -10.524 3.093 0 -13.75 4.685 0 13.75 4.685 0 10.524 3.093 0
4 16 -13.75 4.685 0 -13 5.984 0 13 5.984 0 13.75 4.685 0
1 16 0 9.742 3 0 0 13 3.758 -0.62388 0 3 1 0 rect.dat
1 16 0 13.5 7.5 -13 0 0 0 -1 0 0 0 1.5 rect3.dat
1 16 0 10.593 9 -13 0 0 0 0 -2.9075 0 -1.00126 0 rect3.dat
5 24 -3.589 0.236 0 3.589 0.236 0 -7.117 0.938 0 0 0 0
5 24 -7.117 0.938 0 7.117 0.938 0 -7.117 1.938 0 -3.589 0.236 0
5 24 -7.117 1.938 0 7.117 1.938 0 -10.524 3.093 0 -7.117 0.938 0
5 24 -10.524 3.093 0 10.524 3.093 0 -13.75 4.685 0 -7.117 1.938 0
5 24 -13.75 4.685 0 13.75 4.685 0 -13 5.984 0 -10.524 3.093 0
2 24 0 0 1.016 3.589 0.236 1.253
2 24 3.589 0.236 1.253 7.117 0.938 1.954
2 24 7.117 0.938 1.954 7.117 1.938 2.954
2 24 7.117 1.938 2.954 10.524 3.093 4.109
2 24 10.524 3.093 4.109 13.75 4.685 6
2 24 13 5.984 7.299 13 7.685 9
2 24 13.75 4.685 6 13 5.984 7.299
2 24 0 0 1.016 -3.589 0.236 1.253
2 24 -3.589 0.236 1.253 -7.117 0.938 1.954
2 24 -7.117 0.938 1.954 -7.117 1.938 2.954
2 24 -7.117 1.938 2.954 -10.524 3.093 4.109
2 24 -10.524 3.093 4.109 -13.75 4.685 6
2 24 -13 5.984 7.299 -13 7.685 9
2 24 -13.75 4.685 6 -13 5.984 7.299
4 16 5.5 6.499 7.749 13 7.685 9 -13 7.685 9 -5.5 6.499 7.749
4 16 13 5.984 7.299 13 7.685 9 5.5 6.499 7.749 5.5 4.025 5.275
3 16 5.5 4.025 5.275 13.75 4.685 6 13 5.984 7.299
3 16 5.5 4.025 5.275 10.524 3.093 4.109 13.75 4.685 6
3 16 5.5 4.025 5.275 7.117 1.938 2.954 10.524 3.093 4.109
3 16 5.5 4.025 5.275 7.117 0.938 1.954 7.117 1.938 2.954
4 16 3.589 0.236 1.253 7.117 0.938 1.954 5.5 4.025 5.275 0 0 1.016
4 16 0 0 1.016 5.5 4.025 5.275 -5.5 4.025 5.275 -3.589 0.236 1.253
3 16 -5.5 4.025 5.275 -7.117 0.938 1.954 -3.589 0.236 1.253
3 16 -5.5 4.025 5.275 -7.117 1.938 2.954 -7.117 0.938 1.954
3 16 -5.5 4.025 5.275 -10.524 3.093 4.109 -7.117 1.938 2.954
3 16 -5.5 4.025 5.275 -13.75 4.685 6 -10.524 3.093 4.109
4 16 -13 5.984 7.299 -13.75 4.685 6 -5.5 4.025 5.275 -5.5 6.499 7.749
3 16 -5.5 6.499 7.749 -13 7.685 9 -13 5.984 7.299
5 24 5.5 6.499 7.749 13 7.685 9 -13 7.685 9 13 5.984 7.299
5 24 5.5 4.025 5.275 13.75 4.685 6 13 5.984 7.299 10.524 3.093 4.109
5 24 5.5 4.025 5.275 10.524 3.093 4.109 13.75 4.685 6 7.117 1.938 2.954
5 24 5.5 4.025 5.275 7.117 1.938 2.954 10.524 3.093 4.109 7.117 0.938 1.954
5 24 5.5 4.025 5.275 7.117 0.938 1.954 7.117 1.938 2.954 3.589 0.236 1.253
5 24 -5.5 4.025 5.275 -7.117 0.938 1.954 -3.589 0.236 1.253 -7.117 1.938 2.954
5 24 -5.5 4.025 5.275 -7.117 1.938 2.954 -7.117 0.938 1.954 -10.524 3.093 4.109
5 24 -5.5 4.025 5.275 -10.524 3.093 4.109 -7.117 1.938 2.954 -13.75 4.685 6
5 24 -5.5 4.025 5.275 -13.75 4.685 6 -10.524 3.093 4.109 -13 5.984 7.299
5 24 -5.5 6.499 7.749 -13 7.685 9 -13 5.984 7.299 5.5 6.499 7.749
