0 ~Electric Mindstorms EV3 Large Motor Back
0 Name: 10825.dat
0 Author: Philippe Hurbain [Philo]
0 !LDRAW_ORG Part UPDATE 2013-02
0 !LICENSE Redistributable under CCAL version 2.0 : see CAreadme.txt

0 BFC CERTIFY CCW

0 !HISTORY 2012-05-20 {LEGO MINDSTORMS Team} Original part shape
0 !HISTORY 2012-07-06 [Philo] File preparation for LDraw Parts Tracker
0 !HISTORY 2013-12-23 [PTadmin] Official Update 2013-02

1 16 0 40 -10 1 0 0 0 0 1 0 -1 0 connhole.dat
1 16 20 40 -10 1 0 0 0 0 1 0 -1 0 connhole.dat
1 16 0 -40 -10 1 0 0 0 0 1 0 -1 0 connhole.dat
1 16 20 -40 -10 1 0 0 0 0 1 0 -1 0 connhole.dat
0 BFC INVERTNEXT
1 16 12.6 -16 -43 2.4 0 0 0 0 -2.4 0 -6 0 1-4cylo.dat
1 16 12.6 -16 -49 2.4 0 0 0 0 -2.4 0 1 0 1-4ndis.dat
1 16 12.6 -16 -43 2.4 0 0 0 0 -2.4 0 -1 0 1-4ndis.dat
1 16 0 -18.4 -46 -12.6 0 0 0 -1 0 0 0 -3 rect2p.dat
1 16 0 18 -46 -15 0 0 0 1 0 0 0 3 rect.dat
1 16 15 1 -46 0 1 0 -17 0 0 0 0 -3 rect2p.dat
1 16 15 -19 -49 0 0 5 -5 0 0 0 5 0 1-4cylc.dat
1 16 21 -24 -44 0 0 5 -5 0 0 0 24 0 1-4cylc.dat
4 16 -15 -18.4 -49 15 -18.4 -49 15 -24 -49 -15 -24 -49
4 16 -23 -26 -43 23 -26 -43 15 -18.4 -43 -15 -18.4 -43
4 16 15 18 -43 15 -18.4 -43 23 -26 -43 23 26 -43
4 16 23 26 -43 -23 26 -43 -15 18 -43 15 18 -43
4 16 -15 -24 -44 15 -24 -44 21 -29 -44 -21 -29 -44
4 16 15 19 -49 20 19 -49 20 -19 -49 15 -19 -49
4 16 26 -24 -20 26 -24 -44 26 24 -44 26 24 -20
4 16 29 -40 0 29 -40 -20 29 -20 -14 29 -20 0
4 16 20 -19 -44 20 -19 -49 20 19 -49 20 19 -44
4 16 20 19 -44 21 24 -44 21 -24 -44 20 -19 -44
4 16 26 -24 -44 21 -24 -44 21 24 -44 26 24 -44
4 16 21 -24 -44 21 -29 -44 15 -24 -44 20 -19 -44
4 16 -15 -24 -49 15 -24 -49 15 -24 -44 -15 -24 -44
4 16 -21 -29 -44 21 -29 -44 21 -29 -20 -21 -29 -20
2 24 -15 -24 -49 15 -24 -49
2 24 20 19 -49 20 -19 -49
2 24 20 19 -44 20 -19 -44
2 24 26 24 -44 26 -24 -44
2 24 26 24 -20 26 -24 -20
2 24 29 40 -20 29 -40 -20
2 24 -15 -24 -44 15 -24 -44
2 24 -21 -29 -44 21 -29 -44
2 24 -21 -29 -20 21 -29 -20
1 16 15 19 -49 0 0 5 5 0 0 0 5 0 1-4cylc.dat
1 16 21 24 -44 0 0 5 5 0 0 0 24 0 1-4cylc.dat
4 16 -15 24 -49 15 24 -49 15 18 -49 -15 18 -49
4 16 -21 29 -44 21 29 -44 15 24 -44 -15 24 -44
4 16 20 19 -44 15 24 -44 21 29 -44 21 24 -44
4 16 -15 24 -44 15 24 -44 15 24 -49 -15 24 -49
4 16 -21 29 -20 21 29 -20 21 29 -44 -21 29 -44
2 24 -15 24 -49 15 24 -49
2 24 -15 24 -44 15 24 -44
2 24 -21 29 -44 21 29 -44
2 24 -21 29 -20 21 29 -20
0 BFC INVERTNEXT
1 16 0 0 -43 23 0 0 0 0 26 0 26 0 box4.dat
1 16 20 -40 -20 0 0 9 -9 0 0 0 20 0 1-4cylo.dat
2 24 29 -20 0 29 -40 0
2 24 26 -20 0 26 -31 0
2 24 26 31 -17 26 -31 -17
2 24 -26 -31 0 26 -31 0
4 16 29 20 0 29 20 -14 29 40 -20 29 40 0
4 16 29 -40 -20 29 40 -20 29 20 -14 29 -20 -14
2 24 29 20 0 29 40 0
4 16 -20 -49 -20 20 -49 -20 20 -49 0 -20 -49 0
2 24 -20 -49 -20 20 -49 -20
2 24 -20 -49 0 20 -49 0
4 16 -23.444 49 0 23.444 49 0 23.444 49 -20 -23.444 49 -20
0 BFC INVERTNEXT
1 16 27.5 0 0 1.5 0 0 0 0 20 0 -14 0 box3u2p.dat
2 24 -23.444 49 -20 23.444 49 -20
2 24 -23.444 49 0 23.444 49 0
1 16 10 -40 -20 0 0 -1 -1 0 0 0 16 0 npeghol2.dat
1 16 20 -40 -20 9 0 0 0 0 9 0 1 0 1-4ndis.dat
4 16 -21 -29 -20 21 -29 -20 20 -31 -20 -20 -31 -20
4 16 29 -31 -20 20 -31 -20 21 -29 -20 26 -24 -20
1 16 10 40 -20 0 0 -1 1 0 0 0 16 0 npeghol2.dat
1 16 20 40 -20 9 0 0 0 0 -9 0 1 0 1-4ndis.dat
4 16 -20 31 -20 20 31 -20 21 29 -20 -21 29 -20
4 16 26 24 -20 21 29 -20 20 31 -20 29 31 -20
4 16 29 31 -20 29 -31 -20 26 -24 -20 26 24 -20
1 16 20 -40 0 9 0 0 0 0 9 0 -1 0 3-4ndis.dat
1 16 0 -40 0 9 0 0 0 0 9 0 -1 0 4-4ndis.dat
4 16 -26 -31 -17 26 -31 -17 23 -26 -17 -23 -26 -17
4 16 23 26 -17 23 -26 -17 26 -31 -17 26 31 -17
4 16 9 -49 0 11 -49 0 11 -31 0 9 -31 0
4 16 26 -31 0 29 -31 0 29 -20 0 26 -20 0
4 16 26 -20 0 26 -20 -14 26 -31 -17 26 -31 0
4 16 26 31 -17 26 -31 -17 26 -20 -14 26 20 -14
1 16 20 40 0 9 0 0 0 0 -9 0 -1 0 3-4ndis.dat
1 16 0 40 0 9 0 0 0 0 -9 0 -1 0 4-4ndis.dat
4 16 -23 26 -17 23 26 -17 26 31 -17 -26 31 -17
4 16 9 31 0 11 31 0 11 49 0 9 49 0
4 16 26 20 0 29 20 0 29 31 0 26 31 0
4 16 26 31 0 26 31 -17 26 20 -14 26 20 0
4 16 -26 -31 0 26 -31 0 26 -31 -17 -26 -31 -17
2 24 26 20 0 26 31 0
2 24 -26 31 0 26 31 0
4 16 -26 31 -17 26 31 -17 26 31 0 -26 31 0
2 24 -26 -31 -17 26 -31 -17
2 24 26 -31 0 26 -31 -17
2 24 -26 31 -17 26 31 -17
2 24 26 31 0 26 31 -17
1 16 33 -31 -10 0 -4 0 4 0 0 0 0 4 4-4cylc.dat
1 16 38 40 -10 0 -7 0 4 0 0 0 0 4 4-4cylc.dat
1 16 31 40 -10 0 -4 0 5 0 0 0 0 5 4-4edge.dat
1 16 31 40 -10 0 -4 0 1 0 0 0 0 1 4-4ring4.dat
1 16 29 40 -10 0 -4 0 0 0 -5 5 0 0 2-4edge.dat
1 16 20 40 -20 9 0 0 0 0 9 0 20 0 3-16cylo.dat
1 16 31 40 -10 0 -4 0 5 0 0 0 0 5 4-4cyli.dat
2 24 23.444 49 0 23.444 49 -20
2 24 23.444 48.315 0 23.444 48.315 -20
4 16 23.444 49 0 23.444 48.315 0 23.444 48.315 -20 23.444 49 -20
2 24 23.444 49 0 23.444 48.315 0
2 24 23.444 48.315 -20 23.444 49 -20
3 16 20 49 0 23.444 48.315 0 23.444 49 0
3 16 23.444 49 -20 23.444 48.315 -20 20 49 -20
1 16 -20 40 -10 -1 0 0 0 0 1 0 -1 0 connhole.dat
1 16 -20 -40 -10 -1 0 0 0 0 1 0 -1 0 connhole.dat
0 BFC INVERTNEXT
1 16 -12.6 -16 -43 -2.4 0 0 0 0 -2.4 0 -6 0 1-4cylo.dat
1 16 -12.6 -16 -49 -2.4 0 0 0 0 -2.4 0 1 0 1-4ndis.dat
1 16 -12.6 -16 -43 -2.4 0 0 0 0 -2.4 0 -1 0 1-4ndis.dat
1 16 -15 1 -46 0 -1 0 -17 0 0 0 0 -3 rect2p.dat
1 16 -15 -19 -49 0 0 -5 -5 0 0 0 5 0 1-4cylc.dat
1 16 -21 -24 -44 0 0 -5 -5 0 0 0 24 0 1-4cylc.dat
4 16 -23 26 -43 -23 -26 -43 -15 -18.4 -43 -15 18 -43
4 16 -15 -19 -49 -20 -19 -49 -20 19 -49 -15 19 -49
4 16 -26 24 -20 -26 24 -44 -26 -24 -44 -26 -24 -20
4 16 -29 -20 0 -29 -20 -14 -29 -40 -20 -29 -40 0
4 16 -20 19 -44 -20 19 -49 -20 -19 -49 -20 -19 -44
4 16 -20 -19 -44 -21 -24 -44 -21 24 -44 -20 19 -44
4 16 -26 24 -44 -21 24 -44 -21 -24 -44 -26 -24 -44
4 16 -20 -19 -44 -15 -24 -44 -21 -29 -44 -21 -24 -44
2 24 -20 19 -49 -20 -19 -49
2 24 -20 19 -44 -20 -19 -44
2 24 -26 24 -44 -26 -24 -44
2 24 -26 24 -20 -26 -24 -20
2 24 -29 40 -20 -29 -40 -20
1 16 -15 19 -49 0 0 -5 5 0 0 0 5 0 1-4cylc.dat
1 16 -21 24 -44 0 0 -5 5 0 0 0 24 0 1-4cylc.dat
4 16 -21 24 -44 -21 29 -44 -15 24 -44 -20 19 -44
1 16 -20 -40 -20 0 0 -9 -9 0 0 0 20 0 1-4cylo.dat
2 24 -29 -20 0 -29 -40 0
2 24 -26 -20 0 -26 -31 0
2 24 -26 31 -17 -26 -31 -17
4 16 -29 40 0 -29 40 -20 -29 20 -14 -29 20 0
4 16 -29 -20 -14 -29 20 -14 -29 40 -20 -29 -40 -20
2 24 -29 20 0 -29 40 0
0 BFC INVERTNEXT
1 16 -27.5 0 0 -1.5 0 0 0 0 20 0 -14 0 box3u2p.dat
1 16 -10 -40 -20 0 0 1 -1 0 0 0 16 0 npeghol2.dat
1 16 -20 -40 -20 -9 0 0 0 0 9 0 1 0 1-4ndis.dat
4 16 -26 -24 -20 -21 -29 -20 -20 -31 -20 -29 -31 -20
1 16 -10 40 -20 0 0 1 1 0 0 0 16 0 npeghol2.dat
1 16 -20 40 -20 -9 0 0 0 0 -9 0 1 0 1-4ndis.dat
4 16 -29 31 -20 -20 31 -20 -21 29 -20 -26 24 -20
4 16 -26 24 -20 -26 -24 -20 -29 -31 -20 -29 31 -20
1 16 -20 -40 0 -9 0 0 0 0 9 0 -1 0 3-4ndis.dat
4 16 -26 31 -17 -26 -31 -17 -23 -26 -17 -23 26 -17
4 16 -9 -31 0 -11 -31 0 -11 -49 0 -9 -49 0
4 16 -26 -20 0 -29 -20 0 -29 -31 0 -26 -31 0
4 16 -26 -31 0 -26 -31 -17 -26 -20 -14 -26 -20 0
4 16 -26 20 -14 -26 -20 -14 -26 -31 -17 -26 31 -17
1 16 -20 40 0 -9 0 0 0 0 -9 0 -1 0 3-4ndis.dat
4 16 -9 49 0 -11 49 0 -11 31 0 -9 31 0
4 16 -26 31 0 -29 31 0 -29 20 0 -26 20 0
4 16 -26 20 0 -26 20 -14 -26 31 -17 -26 31 0
2 24 -26 20 0 -26 31 0
2 24 -26 -31 0 -26 -31 -17
2 24 -26 31 0 -26 31 -17
1 16 -33 -31 -10 0 4 0 4 0 0 0 0 4 4-4cylc.dat
1 16 -38 40 -10 0 7 0 4 0 0 0 0 4 4-4cylc.dat
1 16 -31 40 -10 0 4 0 5 0 0 0 0 5 4-4edge.dat
1 16 -31 40 -10 0 4 0 1 0 0 0 0 1 4-4ring4.dat
1 16 -29 40 -10 0 4 0 0 0 -5 5 0 0 2-4edge.dat
1 16 -20 40 -20 -9 0 0 0 0 9 0 20 0 3-16cylo.dat
1 16 -31 40 -10 0 4 0 5 0 0 0 0 5 4-4cyli.dat
2 24 -23.444 49 0 -23.444 49 -20
2 24 -23.444 48.315 0 -23.444 48.315 -20
4 16 -23.444 49 -20 -23.444 48.315 -20 -23.444 48.315 0 -23.444 49 0
2 24 -23.444 49 0 -23.444 48.315 0
2 24 -23.444 48.315 -20 -23.444 49 -20
3 16 -23.444 49 0 -23.444 48.315 0 -20 49 0
3 16 -20 49 -20 -23.444 48.315 -20 -23.444 49 -20
2 24 -28.62 41.914 -5.381 -28.315 43.444 -6.404
2 24 -29 40 -15 -28.62 41.914 -14.62
2 24 -28.62 41.914 -14.62 -28.315 43.444 -13.596
2 24 -29 40 -5 -28.62 41.914 -5.381
2 24 -27.275 45 -10 -27.53 44.62 -8.087
2 24 -27.53 44.62 -11.914 -27.275 45 -10
2 24 -27.53 44.62 -8.087 -28.254 43.536 -6.465
2 24 -28.315 43.444 -6.404 -28.254 43.536 -6.465
2 24 -28.315 43.444 -13.596 -28.254 43.536 -13.536
2 24 -28.254 43.536 -13.536 -27.53 44.62 -11.914
2 24 28.62 41.914 -5.381 28.315 43.444 -6.404
2 24 29 40 -15 28.62 41.914 -14.62
2 24 28.62 41.914 -14.62 28.315 43.444 -13.596
2 24 29 40 -5 28.62 41.914 -5.381
2 24 27.275 45 -10 27.53 44.62 -8.087
2 24 27.53 44.62 -11.914 27.275 45 -10
2 24 27.53 44.62 -8.087 28.254 43.536 -6.465
2 24 28.315 43.444 -6.404 28.254 43.536 -6.465
2 24 28.315 43.444 -13.596 28.254 43.536 -13.536
2 24 28.254 43.536 -13.536 27.53 44.62 -11.914
