0 Plate  2 x  2 with Peghole, Axlehole, Hinge and Rubberband Slots
0 Name: 15108.dat
0 Author: Magnus Forsberg [MagFors]
0 !LDRAW_ORG Part UPDATE 2016-01
0 !LICENSE Redistributable under CCAL version 2.0 : see CAreadme.txt

0 BFC CERTIFY CCW

0 !HISTORY 2016-12-31 [PTadmin] Official Update 2016-01

2 24 -20 8 10 -20 10 10
2 24 -20 10 -10 -20 8 -10
2 24 -20 8 -10 -20 8 -20
2 24 20 8 -20 20 8 -10
2 24 20 8 -10 20 10 -10
2 24 20 10 10 20 8 10
2 24 -20 8 -10 -16 8 -10
2 24 16 8 -10 20 8 -10
2 24 16 4 10 2 4 10
2 24 2 4 -10 16 4 -10
2 24 -16 4 10 -2 4 10
2 24 -2 4 -10 -16 4 -10
1 16 -2 10 0 0 1 0 6 0 0 0 0 6 4-4edge.dat
1 16 -20 10 0 0 1 0 1 0 0 0 0 1 peghole.dat
1 16 20 10 0 0 -1 0 0 0 -8 8 0 0 2-4ndis.dat
1 16 2 10 0 0 1 0 0 0 -6 6 0 0 2-4ndis.dat
1 16 -2 10 0 0 -1 0 0 0 -6 6 0 0 2-4ndis.dat
1 16 -20 10 0 0 1 0 0 0 -8 8 0 0 2-4ndis.dat
1 16 -20 10 0 0 1 0 0 0 2 2 0 0 2-4ring4.dat
1 16 -2 10 0 0 -1 0 0 0 2 2 0 0 2-4ring3.dat
1 16 -2 10 0 0 -1 0 0 0 2 2 0 0 2-4ring4.dat
1 16 20 10 0 0 -1 0 0 0 2 -2 0 0 2-4ring4.dat
1 16 20 10 0 0 -1 0 0 0 2 -2 0 0 4-4ring3.dat
1 16 2 10 0 0 1 0 0 0 2 -2 0 0 2-4ring3.dat
1 16 2 10 0 0 1 0 0 0 2 -2 0 0 2-4ring4.dat
1 16 20 10 0 0 -18 0 0 0 10 10 0 0 2-4cylo.dat
1 16 -20 10 0 0 18 0 0 0 10 10 0 0 2-4cylo.dat
0 BFC INVERTNEXT
1 16 -18 10 0 0 16 0 6 0 0 0 0 6 4-4cyli.dat
1 16 20 10 0 0 -18 0 1 0 0 0 0 1 axlehole.dat
1 16 2 10 0 0 -1 0 1 0 0 0 0 1 axlehol2.dat
1 16 20 10 0 0 -1 0 1 0 0 0 0 1 axlehol2.dat
4 16 20 10 10 2 10 10 16 8 10 20 8 10
4 16 16 8 10 2 10 10 2 4 10 16 4 10
4 16 -20 10 10 -20 8 10 -16 8 10 -2 10 10
4 16 -16 8 10 -16 4 10 -2 4 10 -2 10 10
4 16 20 10 -10 20 8 -10 16 8 -10 2 10 -10
4 16 16 8 -10 16 4 -10 2 4 -10 2 10 -10
4 16 -20 10 -10 -2 10 -10 -16 8 -10 -20 8 -10
4 16 -16 8 -10 -2 10 -10 -2 4 -10 -16 4 -10
1 16 2 7 8 0 1 0 0 0 3 2 0 0 rect1.dat
1 16 2 7 -8 0 1 0 0 0 -3 -2 0 0 rect1.dat
1 16 -2 7 8 0 -1 0 0 0 -3 2 0 0 rect1.dat
1 16 -2 7 -8 0 -1 0 0 0 3 -2 0 0 rect1.dat
1 16 0 4 0 0 0 -2 0 -1 0 -10 0 0 rect2p.dat
4 16 -20 8 -10 -16 8 -10 -16 8 -16 -20 8 -20
4 16 -20 8 -20 -16 8 -16 16 8 -16 20 8 -20
4 16 20 8 -20 16 8 -16 16 8 -10 20 8 -10
0 BFC INVERTNEXT
1 16 0 6 -10 -16 0 0 0 0 -2 0 -6 0 box4-2p.dat
1 16 18 6 13.5 0 0 -2 0 2 0 3.5 0 0 box2-5.dat
1 16 -18 6 13.5 0 0 2 0 2 0 -3.5 0 0 box2-5.dat
4 16 -16 4 17 16 4 17 16 4 10 -16 4 10
4 16 20 10 8 20 10 10 20 8 10 20 2 8
4 16 20 10 -10 20 10 -8 20 2 -8 20 8 -10
4 16 20 8 17 20 0 20 20 2 8 20 8 10
4 16 20 8 -20 20 8 -10 20 2 -8 20 0 -20
4 16 20 0 -20 20 2 -8 20 2 8 20 0 20
4 16 -20 10 10 -20 10 8 -20 2 8 -20 8 10
4 16 -20 10 -8 -20 10 -10 -20 8 -10 -20 2 -8
4 16 -20 8 17 -20 8 10 -20 2 8 -20 0 20
4 16 -20 8 -20 -20 0 -20 -20 2 -8 -20 8 -10
4 16 -20 0 20 -20 2 8 -20 2 -8 -20 0 -20
2 24 -20 8 -20 20 8 -20
1 16 0 4 0 20 0 0 0 -4 0 0 0 -20 box2-7.dat
1 16 0 0 0 0 0 1 0 1 0 -1 0 0 stug2-2x2.dat

0 // rubber band slots
2 24 20 0 20 20 14 20
2 24 -20 0 20 -20 14 20
4 16 -20 14 20 -20 14 17 -20 8 17 -20 0 20
4 16 20 0 20 20 8 17 20 14 17 20 14 20
2 24 -20 14 20 -20 14 17
2 24 20 14 20 20 14 17
2 24 -20 14 27 -20 14 24
2 24 20 14 27 20 14 24
4 16 -14.5 14 20 -12 14 17 -20 14 17 -20 14 20
4 16 -14.5 14 24 -12 14 27 -12 14 17 -14.5 14 20
4 16 -20 14 24 -20 14 27 -12 14 27 -14.5 14 24
4 16 20 14 20 20 14 17 12 14 17 14.5 14 20
4 16 14.5 14 20 12 14 17 12 14 27 14.5 14 24
4 16 14.5 14 24 12 14 27 20 14 27 20 14 24
1 16 20 11 22 0 -8 0 -3 0 0 0 0 -5 box3u5p.dat
1 16 -20 11 22 0 8 0 -3 0 0 0 0 5 box3u5p.dat
1 16 14 6 22.5 0 -2 0 -2 0 0 0 0 -5.5 box2-9.dat
1 16 -14 6 17 2 0 0 0 0 -2 0 1 0 rect2a.dat
4 16 -12 4 17 -12 8 17 -12 8 27 -12 6 27
4 16 -12 4 17 -12 6 27 -12 6 28 -12 4 28
2 24 -12 6 27 -12 6 28
2 24 -12 6 28 -12 4 28
1 16 0 4 22.5 -12 0 0 0 -1 0 0 0 5.5 rect2a.dat
1 16 5 6 28 -7 0 0 0 0 2 0 1 0 rect3.dat
2 24 -14.5 0 20 -20 0 20
2 24 20 0 20 14.5 0 20
1 16 0 0 22 14.5 0 0 0 1 0 0 0 2 rect3.dat
0 BFC INVERTNEXT
1 16 20 7 22 0 -5.5 0 -7 0 0 0 0 -2 box3u5p.dat
0 BFC INVERTNEXT
1 16 -20 7 22 0 5.5 0 -7 0 0 0 0 2 box3u5p.dat
2 24 12 8 27 12 8 28
2 24 20 8 27 12 8 27
2 24 20 8 27 20 8 30
4 16 20 8 27 12 8 27 12 8 28 20 8 30
4 16 20 8 30 12 8 28 -2 8 28 0 8 30
2 24 -18 8 27 -20 8 27

0 // wall
2 24 20 0 24 20 -6 24
2 24 -20 0 24 -20 -6 24
2 24 14.5 -6 24 -14.5 -6 24
4 16 14.5 0 24 15.5 -4 24 -15.5 -4 24 -14.5 0 24
4 16 -14.5 -6 24 -15.5 -4 24 15.5 -4 24 14.5 -6 24
4 16 20 0 24 17.5 -4 24 15.5 -4 24 14.5 0 24
4 16 17.5 -4 24 20 0 24 20 -6 24 18.5 -6 24
4 16 -14.5 0 24 -15.5 -4 24 -17.5 -4 24 -20 0 24
4 16 -18.5 -6 24 -20 -6 24 -20 0 24 -17.5 -4 24
1 16 10 2 30 10 0 0 0 0 6 0 -1 0 rect3.dat
4 16 20 -6 24 20 14 24 20 14 27 20 8 27
3 16 20 -6 24 20 8 27 20 -6 28
4 16 20 -6 28 20 8 27 20 8 30 20 -4 30
4 16 -20 8 27 -20 14 27 -20 14 24 -20 -6 24
4 16 -20 -6 30.8 -20 3 30.8 -20 8 27 -20 -6 24

0 // slots
2 24 -10 -6 28 -10 -6 30.8
2 24 -14.5 -6 30.8 -10 -6 30.8
4 16 -10 -6 30.8 -14.5 -6 30.8 -14.5 -6 24 -10 -6 28
4 16 -14.5 -6 24 14.5 -6 24 0 -6 28 -10 -6 28
3 16 14.5 -6 28 0 -6 28 14.5 -6 24
1 16 0 -8 28 0 -1 0 2 0 0 0 0 3 3-16ndis.dat
1 16 -10 -8 28 0 1 0 2 0 0 0 0 3 3-16ndis.dat
0 BFC INVERTNEXT
1 16 0 -8 28 0 -10 0 2 0 0 0 0 3 3-16cylo.dat
1 16 0 -4 28 0 1 0 -2 0 0 0 0 2 1-4edge.dat
1 16 0 -4 28 0 -1 0 -2 0 0 0 0 2 1-4ndis.dat
1 16 0 -4 28 0 14.5 0 -2 0 0 0 0 2 1-4cyli.dat
1 16 14.5 -4 28 0 1 0 -2 0 0 0 0 2 1-4cyls.dat
1 16 15.5 -4 28 -1 1 0 -2 0 0 0 0 2 1-4edge.dat
1 16 15.5 -4 28 -1 -1 0 -2 0 0 0 0 2 1-4chrd.dat
1 16 17.5 -4 28 1 1 0 -2 0 0 0 0 2 1-4chrd.dat
1 16 17.5 -4 28 1 -1 0 -2 0 0 0 0 2 1-4edge.dat
1 16 17.5 -4 28 1 1 0 -2 0 0 0 0 2 1-4cyls.dat
1 16 18.5 -4 28 0 1.5 0 -2 0 0 0 0 2 1-4cyli.dat
1 16 20 -4 28 0 1 0 -2 0 0 0 0 2 1-4edge.dat
1 16 20 -4 28 0 -1 0 -2 0 0 0 0 2 1-4chrd.dat
2 24 17.5 -4 24 18.5 -6 24
2 24 15.5 -4 24 14.5 -6 24
2 24 14.5 -6 24 14.5 -6 28
4 16 15.5 -4 24 15.5 -4 30 14.5 -6 28 14.5 -6 24
1 16 16.5 -4 27 1 0 0 0 1 0 0 0 3 rect.dat
4 16 17.5 -4 30 17.5 -4 24 18.5 -6 24 18.5 -6 28
1 16 19.25 -6 26 -0.75 0 0 0 1 0 0 0 -2 rect3.dat
2 24 -17.5 -4 24 -18.5 -6 24
2 24 -15.5 -4 24 -14.5 -6 24
2 24 -14.5 -6 24 -14.5 -6 30.8
2 24 -17.5 -4 31.10932 -18.5 -6 30.8
2 24 -15.5 -4 31.10932 -14.5 -6 30.8
1 16 -16.5 -4 27.55466 -1 0 0 0 1 0 0 0 -3.55466 rect.dat
4 16 -18.5 -6 30.8 -18.5 -6 24 -17.5 -4 24 -17.5 -4 31.10932
4 16 -15.5 -4 31.10932 -15.5 -4 24 -14.5 -6 24 -14.5 -6 30.8
1 16 -19.25 -6 27.4 -0.75 0 0 0 1 0 0 0 -3.4 rect.dat

0 // hinge
1 16 -10 5 28 -2 0 0 0 0 1 0 1 0 rect3.dat
1 16 -18 7 37.5 0 -1 0 1 0 0 0 0 10.5 rect.dat
1 16 -15 7 27 0 0 3 -1 0 0 0 -1 0 rect2a.dat
0 BFC INVERTNEXT
1 16 -5 1 30 3 0 0 0 -3 0 0 0 -2 box2-5.dat
2 24 -8 6 48 -18 6 48
2 24 -2 8 48 -18 8 48
2 24 -8 6 48 -8 6 28
4 16 -12 6 28 -12 6 27 -18 6 27 -18 6 48
4 16 -8 6 28 -12 6 28 -18 6 48 -8 6 48
4 16 -18 6 48 -18 8 48 -2 8 48 -8 6 48
2 24 0 8 50 -20 8 50
2 24 -20 8 50 -20 8 27
1 16 -1 8 39 0 0 -1 0 -1 0 -10 0 -1 rect2p.dat
4 16 0 8 50 0 3 49 0 3 31 0 8 30
3 16 0 -6 31 0 -9.4443 31.6849 0 -7.2346 30.7717
2 24 0 -9.4443 31.6849 0 -7.2346 30.7717
2 24 -10 -9.4443 31.6849 -10 -7.2346 30.7717
4 16 -10 -9.4443 31.6849 -10 -7.2346 30.7717 0 -7.2346 30.7717 0 -9.4443 31.6849
5 24 -10 -7.2346 30.7717 0 -7.2346 30.7717 -10 -6.5858 30.1213 -10 -9.4443 31.6849
3 16 -10 -7.2346 30.7717 -10 -9.4443 31.6849 -10 -6 31
4 16 0 -6 31 0 -6 30 0 8 30 0 3 31
4 16 0 8 50 -2 8 48 -18 8 48 -20 8 50
4 16 -20 8 50 -18 8 48 -18 8 27 -20 8 27
4 16 -8 6 28 -8 6 48 -8 4 48 -8 4 32
2 24 -2 -2 48 -8 -2 48
2 24 -8 -2 48 -8 6 48
2 24 -2 8 48 -2 -2 48
4 16 -8 -2 48 -8 6 48 -2 8 48 -2 -2 48
4 16 -8 6 28 -8 4 32 -8 -2 32 -8 -2 28
4 16 -2 -2 28 -2 -2 32 -2 4 32 -2 8 28
4 16 -2 4 48 -2 8 48 -2 8 28 -2 4 32
1 16 -2 -2 40 0 1 0 0 0 6 8 0 0 2-4ndis.dat
1 16 -8 -2 40 0 -1 0 0 0 6 -8 0 0 2-4ndis.dat
1 16 -8 -2 40 0 6 0 0 0 6 8 0 0 2-4cylo.dat
2 24 0 8 50 0 3 50
2 24 0 3 50 0 -6 49
2 24 -10 3 50 -10 -6 49
2 24 -20 8 50 -20 3 50
4 16 -20 3 50 -20 8 50 -20 8 27 -20 3 30.8
3 16 -10 3 50 -20 8 50 -20 3 50
4 16 0 3 50 0 8 50 -20 8 50 -10 3 50
4 16 0 8 50 0 3 50 0 -6 49 0 3 49
1 16 -15 3 43.9 5 0 0 0 1 0 0 0 6.1 rect3.dat
2 24 -20 -2.5557 31.3327 -20 -6 30.8
2 24 -10 -2.5557 31.3327 -10 -6 30.8
1 16 -20 -6 37.8 0 1 0 9 0 0 0 0 -7 3-16ndis.dat
3 16 -20 -6 30.8 -20 -2.5557 31.3327 -20 3 30.8
1 16 -10 -6 40 0 1 0 9 0 0 0 0 9 1-4ndis.dat
1 16 -10 -6 40 0 1 0 0 0 1 -1 0 0 1-4ring9.dat
3 16 -10 3 50 -10 3 49 -10 -6 49
4 16 -10 3 50 -10 -6 49 0 -6 49 0 3 50
5 24 0 3 50 -10 3 50 0 8 50 0 -6 49
1 16 0 -6 40 0 -1 0 0 0 9 9 0 0 2-4ndis.dat
0 BFC INVERTNEXT
1 16 -20 -6 37.8 0 10 0 9 0 0 0 0 -7 3-16cylo.dat
4 16 -17.5 -4 31.10932 -15.5 -4 31.10932 -10 -2.5557 31.3327 -20 -2.5557 31.3327
4 16 -18.5 -6 30.8 -17.5 -4 31.10932 -20 -2.5557 31.3327 -20 -6 30.8
4 16 -15.5 -4 31.10932 -14.5 -6 30.8 -10 -6 30.8 -10 -2.5557 31.3327
5 24 -20 -2.5557 31.3327 -10 -2.5557 31.3327 -20 -6 30.8 -20 0.3639 32.8503
1 16 -10 -6 40 0 1 0 1 0 0 0 0 1 4-4ring8.dat
1 16 -10 -6 40 0 1 0 1 0 0 0 0 1 peghole.dat
1 16 0 -6 40 0 -1 0 6 0 0 0 0 6 4-4edge.dat
0 BFC INVERTNEXT
1 16 0 -6 40 0 -8 0 6 0 0 0 0 6 4-4cyli.dat
1 16 0 -6 40 0 -1 0 2 0 0 0 0 -2 4-4ring3.dat
1 16 0 -6 40 0 -1 0 1 0 0 0 0 -1 4-4ring8.dat
1 16 0 -6 40 0 -10 0 0 0 -9 9 0 0 7-16cylo.dat
