0 Plate  3 x  3 Cross
0 Name: 15397.dat
0 Author: Max Martin Richter [MMR1988]
0 !LDRAW_ORG Part UPDATE 2014-01
0 !LICENSE Redistributable under CCAL version 2.0 : see CAreadme.txt

0 BFC CERTIFY CCW

0 !HISTORY 2014-06-21 [PTadmin] Official Update 2014-01

1 16 10 4 0 0 20 0 0 0 -4 -10 0 0 box4-2p.dat
1 16 -10 4 0 0 -20 0 0 0 -4 10 0 0 box4-2p.dat
4 16 -10 0 10 -10 0 -10 10 0 -10 10 0 10
1 16 0 8 -20 10 0 0 0 -8 0 0 0 -10 box4-4a.dat
1 16 0 8 20 -10 0 0 0 -8 0 0 0 10 box4-4a.dat

0 BFC INVERTNEXT
1 16 10.5 8 0 1.5 0 0 0 -4 0 0 0 6 box5.dat
0 BFC INVERTNEXT
1 16 -10.5 8 0 1.5 0 0 0 -4 0 0 0 6 box5.dat
0 BFC INVERTNEXT
1 16 0 8 10.5 0 0 6 0 -4 0 -1.5 0 0 box5.dat
0 BFC INVERTNEXT
1 16 0 8 -10.5 0 0 6 0 -4 0 -1.5 0 0 box5.dat

4 16 6 8 -6 6 8 6 9 8 6 9 8 -6
4 16 12 8 -6 12 8 6 14 8 6 14 8 -6
4 16 -6 8 -6 6 8 -6 6 8 -9 -6 8 -9
4 16 -6 8 -12 6 8 -12 6 8 -14 -6 8 -14
4 16 -6 8 6 -6 8 -6 -9 8 -6 -9 8 6
4 16 -12 8 6 -12 8 -6 -14 8 -6 -14 8 6
4 16 6 8 6 -6 8 6 -6 8 9 6 8 9
4 16 6 8 12 -6 8 12 -6 8 14 6 8 14

4 16 30 8 10 26 8 6 14 8 6 10 8 10
3 16 10 8 10 14 8 6 12 8 6
3 16 10 8 10 12 8 6 9 8 6
4 16 10 8 10 9 8 6 6 8 6 6 8 9
4 16 30 8 -10 26 8 -6 26 8 6 30 8 10
4 16 10 8 -10 14 8 -6 26 8 -6 30 8 -10
3 16 12 8 -6 14 8 -6 10 8 -10
3 16 9 8 -6 12 8 -6 10 8 -10
4 16 10 8 -30 6 8 -26 6 8 -14 10 8 -10
3 16 10 8 -10 6 8 -14 6 8 -12
3 16 10 8 -10 6 8 -12 6 8 -9
4 16 10 8 -10 6 8 -9 6 8 -6 9 8 -6
4 16 -10 8 -30 -6 8 -26 6 8 -26 10 8 -30
4 16 -10 8 -10 -6 8 -14 -6 8 -26 -10 8 -30
3 16 -6 8 -12 -6 8 -14 -10 8 -10
3 16 -6 8 -9 -6 8 -12 -10 8 -10
4 16 -30 8 -10 -26 8 -6 -14 8 -6 -10 8 -10
3 16 -10 8 -10 -14 8 -6 -12 8 -6
3 16 -10 8 -10 -12 8 -6 -9 8 -6
4 16 -10 8 -10 -9 8 -6 -6 8 -6 -6 8 -9
4 16 -30 8 10 -26 8 6 -26 8 -6 -30 8 -10
4 16 -10 8 10 -14 8 6 -26 8 6 -30 8 10
3 16 -12 8 6 -14 8 6 -10 8 10
3 16 -9 8 6 -12 8 6 -10 8 10
4 16 -10 8 30 -6 8 26 -6 8 14 -10 8 10
3 16 -10 8 10 -6 8 14 -6 8 12
3 16 -10 8 10 -6 8 12 -6 8 9
4 16 -10 8 10 -6 8 9 -6 8 6 -9 8 6
4 16 10 8 30 6 8 26 -6 8 26 -10 8 30
4 16 10 8 10 6 8 14 6 8 26 10 8 30
3 16 6 8 12 6 8 14 10 8 10
3 16 6 8 9 6 8 12 10 8 10

1 16 0 0 0 1 0 0 0 1 0 0 0 1 stug-1x3.dat
1 16 0 0 20 1 0 0 0 1 0 0 0 1 stud.dat
1 16 0 0 -20 1 0 0 0 1 0 0 0 1 stud.dat

1 16 20 8 0 1 0 0 0 -1 0 0 0 1 stud23.dat
1 16 -20 8 0 1 0 0 0 -1 0 0 0 1 stud23.dat
1 16 0 8 0 1 0 0 0 -1 0 0 0 1 stud23.dat
1 16 0 8 -20 1 0 0 0 -1 0 0 0 1 stud23.dat
1 16 0 8 20 1 0 0 0 -1 0 0 0 1 stud23.dat
