0 Sticker  1.9 x  7.9 Technic Supercar 4x4x4 Logo
0 Name: 168315a.dat
0 Author: Imre Papp [ampi]
0 !LDRAW_ORG Part UPDATE 2012-01
0 !LICENSE Redistributable under CCAL version 2.0 : see CAreadme.txt

0 BFC CERTIFY CW
0 !KEYWORDS set 8880

0 !HISTORY 2002-12-31 [PTadmin] Official Update 2002-06
0 !HISTORY 2007-05-05 [PTadmin] Header formatted for Contributor Agreement
0 !HISTORY 2008-07-01 [PTadmin] Official Update 2008-01
0 !HISTORY 2012-01-08 [cwdee] Correct part number, add dimensions
0 !HISTORY 2012-01-09 [MagFors] Corrected overlaps
0 !HISTORY 2012-03-30 [PTadmin] Official Update 2012-01

0 // sticker pattern

4 6 -29.34 -0.25 11.14 -28.85 -0.25 11.02 -29.77 -0.25 10.48 -29.74 -0.25 10.88
4 6 -28.85 -0.25 11.02 -28.65 -0.25 10.67 -29.54 -0.25 10.08 -29.77 -0.25 10.48
4 6 -28.65 -0.25 10.67 -28.75 -0.25 10.21 -29.12 -0.25 9.98 -29.54 -0.25 10.08
4 8 -32.23 -0.25 7.71 -32.09 -0.25 7.56 -32.26 -0.25 6.94 -32.44 -0.25 7.5
4 8 -32.26 -0.25 6.94 -32.49 -0.25 6.41 -32.6 -0.25 7.1 -32.44 -0.25 7.5
4 8 -32.49 -0.25 6.41 -32.69 -0.25 6.2 -32.8 -0.25 6.47 -32.6 -0.25 7.1
4 0 -32.13 -0.25 8.49 -31.63 -0.25 8.38 -32.09 -0.25 7.56 -32.23 -0.25 7.71
4 0 -31.63 -0.25 8.38 -31.49 -0.25 7.72 -32.26 -0.25 6.94 -32.09 -0.25 7.56
4 0 -31.49 -0.25 7.72 -31.77 -0.25 6.67 -32.49 -0.25 6.41 -32.26 -0.25 6.94
4 0 -31.77 -0.25 6.67 -32.07 -0.25 5.91 -32.69 -0.25 6.2 -32.49 -0.25 6.41
4 0 -32.07 -0.25 5.91 -32.47 -0.25 5.54 -32.97 -0.25 5.42 -32.69 -0.25 6.2
4 0 -32.97 -0.25 5.42 -33.4 -0.25 5.83 -32.8 -0.25 6.47 -32.69 -0.25 6.2
4 0 -33.4 -0.25 5.83 -33.29 -0.25 6.57 -32.6 -0.25 7.1 -32.8 -0.25 6.47
4 0 -33.29 -0.25 6.57 -32.97 -0.25 7.63 -32.44 -0.25 7.5 -32.6 -0.25 7.1
4 0 -32.97 -0.25 7.63 -32.47 -0.25 8.27 -32.23 -0.25 7.71 -32.44 -0.25 7.5
3 0 -32.13 -0.25 8.49 -32.23 -0.25 7.71 -32.47 -0.25 8.27
4 15 -31.57 -0.25 9.84 -30.94 -0.25 9.61 -31.63 -0.25 8.38 -32.13 -0.25 8.49
4 15 -30.94 -0.25 9.61 -30.57 -0.25 9.14 -31.49 -0.25 7.72 -31.63 -0.25 8.38
3 15 -30.57 -0.25 9.14 -30.19 -0.25 8.4 -31.49 -0.25 7.72
4 15 -30.19 -0.25 8.4 -30.21 -0.25 7.39 -31.77 -0.25 6.67 -31.49 -0.25 7.72
3 15 -30.21 -0.25 7.39 -30.43 -0.25 6.41 -31.77 -0.25 6.67
4 15 -30.43 -0.25 6.41 -30.93 -0.25 5.3 -32.07 -0.25 5.91 -31.77 -0.25 6.67
4 15 -30.93 -0.25 5.3 -31.36 -0.25 4.74 -32.47 -0.25 5.54 -32.07 -0.25 5.91
4 15 -32.47 -0.25 5.54 -31.36 -0.25 4.74 -32.3 -0.25 4.15 -32.97 -0.25 5.42
4 15 -32.3 -0.25 4.15 -33.23 -0.25 3.97 -34.01 -0.25 4.39 -32.97 -0.25 5.42
4 15 -34.01 -0.25 4.39 -34.44 -0.25 4.9 -33.4 -0.25 5.83 -32.97 -0.25 5.42
4 15 -34.5 -0.25 5.75 -34.52 -0.25 6.71 -33.29 -0.25 6.57 -33.4 -0.25 5.83
4 15 -34.52 -0.25 6.71 -34.21 -0.25 7.74 -32.97 -0.25 7.63 -33.29 -0.25 6.57
4 15 -34.21 -0.25 7.74 -33.81 -0.25 8.56 -32.47 -0.25 8.27 -32.97 -0.25 7.63
3 15 -33.81 -0.25 8.56 -33.27 -0.25 9.28 -32.47 -0.25 8.27
4 15 -33.27 -0.25 9.28 -32.58 -0.25 9.73 -32.13 -0.25 8.49 -32.47 -0.25 8.27
4 15 -35.61 -0.25 8.22 -34.56 -0.25 7.92 -34.99 -0.25 7.64 -35.48 -0.25 7.83
4 15 -35.61 -0.25 8.22 -34.37 -0.25 8.82 -34.35 -0.25 8.33 -34.56 -0.25 7.92
4 15 -35.61 -0.25 8.22 -35.25 -0.25 9.69 -34.7 -0.25 9.29 -34.37 -0.25 8.82
4 15 -35.61 -0.25 8.22 -35.93 -0.25 8.35 -36.11 -0.25 9.77 -35.25 -0.25 9.69
4 15 -35.93 -0.25 8.35 -36.39 -0.25 8.11 -36.81 -0.25 9.42 -36.11 -0.25 9.77
4 15 -36.39 -0.25 8.11 -36.96 -0.25 7.45 -37.41 -0.25 8.83 -36.81 -0.25 9.42
4 15 -36.96 -0.25 7.45 -37.28 -0.25 6.84 -38.07 -0.25 7.98 -37.41 -0.25 8.83
4 15 -37.28 -0.25 6.84 -38.54 -0.25 6.87 -38.38 -0.25 7.36 -38.07 -0.25 7.98
4 15 -37.28 -0.25 6.84 -37.31 -0.25 5.85 -38.58 -0.25 5.25 -38.54 -0.25 6.87
4 15 -37.31 -0.25 5.85 -37.81 -0.25 4.25 -38.31 -0.25 4.71 -38.58 -0.25 5.25
4 15 -37.31 -0.25 5.85 -36.91 -0.25 5.59 -36.99 -0.25 4.05 -37.81 -0.25 4.25
4 15 -36.91 -0.25 5.59 -36.61 -0.25 5.69 -36.18 -0.25 4.31 -36.99 -0.25 4.05
4 15 -36.61 -0.25 5.69 -36.28 -0.25 5.98 -35.53 -0.25 5.01 -36.18 -0.25 4.31
4 15 -36.28 -0.25 5.98 -36.3 -0.25 6.25 -34.96 -0.25 6.04 -35.53 -0.25 5.01
4 15 -36.3 -0.25 6.25 -36.5 -0.25 6.36 -34.84 -0.25 6.54 -34.96 -0.25 6.04
4 15 -36.5 -0.25 6.36 -36.62 -0.25 6.7 -34.84 -0.25 7.15 -34.84 -0.25 6.54
4 15 -36.62 -0.25 6.7 -36.53 -0.25 7.13 -35.15 -0.25 7.39 -34.84 -0.25 7.15
4 15 -36.53 -0.25 7.13 -36.15 -0.25 7.4 -35.63 -0.25 7.5 -35.15 -0.25 7.39
4 15 -39.54 -0.25 9.79 -38.75 -0.25 9.83 -38.05 -0.25 9.64 -39.97 -0.25 9.42
4 15 -38.05 -0.25 9.64 -37.9 -0.25 9.41 -40.46 -0.25 8.85 -39.97 -0.25 9.42
4 15 -37.9 -0.25 9.41 -37.81 -0.25 8.98 -37.88 -0.25 8.72 -40.46 -0.25 8.85
4 15 -37.88 -0.25 8.72 -38.22 -0.25 8.32 -38.66 -0.25 8.14 -40.46 -0.25 8.85
4 15 -39.34 -0.25 7.77 -38.99 -0.25 7.6 -38.88 -0.25 7.29 -40.97 -0.25 7.92
4 15 -40.97 -0.25 7.92 -38.88 -0.25 7.29 -38.91 -0.25 6.87 -39.23 -0.25 6.55
4 15 -40.22 -0.25 6.3 -40.22 -0.25 6.12 -41.51 -0.25 6.57 -40.97 -0.25 7.92
4 15 -40.22 -0.25 6.12 -40.13 -0.25 5.96 -41.76 -0.25 5.8 -41.51 -0.25 6.57
4 15 -40.13 -0.25 5.96 -39.25 -0.25 5.96 -38.96 -0.25 5.9 -38.96 -0.25 5.35
4 15 -38.96 -0.25 5.35 -39.03 -0.25 4.93 -41.76 -0.25 5.8 -40.13 -0.25 5.96
4 15 -39.03 -0.25 4.93 -39.42 -0.25 4.62 -41.89 -0.25 5.46 -41.76 -0.25 5.8
4 15 -39.42 -0.25 4.62 -40.22 -0.25 4.15 -41.86 -0.25 4.58 -41.89 -0.25 5.46
4 15 -40.22 -0.25 4.15 -40.83 -0.25 4.02 -41.57 -0.25 4.25 -41.86 -0.25 4.58
4 15 -41.74 -0.25 9.73 -41.69 -0.25 9.12 -42.88 -0.25 9.73 -42.28 -0.25 9.9
4 15 -41.69 -0.25 9.12 -42.01 -0.25 8.38 -43.49 -0.25 8.99 -42.88 -0.25 9.73
4 15 -42.01 -0.25 8.38 -43 -0.25 6.29 -44.15 -0.25 7.79 -43.49 -0.25 8.99
3 15 -44.15 -0.25 7.79 -43 -0.25 6.29 -44.71 -0.25 6.6
4 15 -44.71 -0.25 6.6 -43 -0.25 6.29 -42.91 -0.25 6.13 -45 -0.25 5.77
4 15 -42.91 -0.25 6.13 -42.46 -0.25 6.06 -42.28 -0.25 5.8 -45 -0.25 5.77
4 15 -42.28 -0.25 5.8 -42.14 -0.25 5.35 -45.04 -0.25 4.5 -45 -0.25 5.77
4 15 -42.14 -0.25 5.35 -42.23 -0.25 4.9 -44.78 -0.25 4.18 -45.04 -0.25 4.5
4 15 -42.23 -0.25 4.9 -42.83 -0.25 4.41 -43.62 -0.25 4.09 -44.78 -0.25 4.18
3 15 -44.78 -0.25 4.18 -43.62 -0.25 4.09 -44.34 -0.25 3.99
4 14 -38.77 -0.25 10.7 -38.23 -0.25 10.39 -38.41 -0.25 10.13 -39.36 -0.25 10.2
4 14 -39.6 -0.25 10.74 -38.77 -0.25 10.7 -39.36 -0.25 10.2 -40.37 -0.25 10.41
4 14 -40.37 -0.25 10.41 -39.36 -0.25 10.2 -40.01 -0.25 10.02 -41.39 -0.25 10.08
4 14 -40.01 -0.25 10.02 -40.59 -0.25 9.41 -41.17 -0.25 9.52 -41.39 -0.25 10.08
4 14 -40.59 -0.25 9.41 -41.06 -0.25 8.73 -41.38 -0.25 8.87 -41.17 -0.25 9.52
4 14 -41.06 -0.25 8.73 -42.03 -0.25 6.55 -42.44 -0.25 6.76 -41.38 -0.25 8.87
3 14 -42.03 -0.25 6.55 -42.28 -0.25 6.36 -42.44 -0.25 6.76
4 14 -37.58 -0.25 10.18 -36.88 -0.25 10.65 -36.86 -0.25 9.85 -37.38 -0.25 9.83
4 14 -36.88 -0.25 10.65 -35.69 -0.25 10.65 -34.93 -0.25 10.11 -35.67 -0.25 10.23
4 14 -34.34 -0.25 9.99 -33.58 -0.25 10.51 -33.51 -0.25 9.71 -33.99 -0.25 9.29
4 14 -33.58 -0.25 10.51 -32.44 -0.25 10.7 -32.73 -0.25 10.18 -33.51 -0.25 9.71
4 14 -32.44 -0.25 10.7 -31.34 -0.25 10.6 -31.47 -0.25 10.2 -32.73 -0.25 10.18
3 14 -31.34 -0.25 10.6 -30.88 -0.25 10.33 -31.47 -0.25 10.2
4 14 -29.6 -0.25 8.68 -29.51 -0.25 8.01 -29.64 -0.25 6.53 -29.82 -0.25 7.29
4 14 -29.64 -0.25 6.53 -29.87 -0.25 5.47 -30.08 -0.25 6.22 -29.82 -0.25 7.29
4 14 -29.87 -0.25 5.47 -30.43 -0.25 4.34 -30.64 -0.25 5.1 -30.08 -0.25 6.22
4 14 -30.43 -0.25 4.34 -31.04 -0.25 3.57 -31.54 -0.25 4.16 -30.64 -0.25 5.1
4 14 -31.04 -0.25 3.57 -31.94 -0.25 2.73 -32.32 -0.25 3.78 -31.54 -0.25 4.16
4 14 -31.94 -0.25 2.73 -33.13 -0.25 2.45 -33.06 -0.25 3.69 -32.32 -0.25 3.78
4 14 -33.13 -0.25 2.45 -34.32 -0.25 2.5 -33.72 -0.25 3.74 -33.06 -0.25 3.69
4 14 -34.32 -0.25 2.5 -35.06 -0.25 2.92 -34.46 -0.25 4.11 -33.72 -0.25 3.74
4 14 -35.06 -0.25 2.92 -35.47 -0.25 3.34 -35 -0.25 4.77 -34.46 -0.25 4.11
4 14 -35.47 -0.25 3.34 -36.39 -0.25 2.52 -35.65 -0.25 4.18 -35 -0.25 4.77
3 14 -36.39 -0.25 2.52 -36.26 -0.25 3.78 -35.65 -0.25 4.18
4 14 -36.39 -0.25 2.52 -37.29 -0.25 2.45 -37.04 -0.25 3.64 -36.26 -0.25 3.78
4 14 -37.29 -0.25 2.45 -38.05 -0.25 2.5 -37.92 -0.25 3.74 -37.04 -0.25 3.64
4 14 -38.05 -0.25 2.5 -38.75 -0.25 2.73 -38.84 -0.25 4.44 -37.92 -0.25 3.74
4 14 -39.58 -0.25 2.89 -40.37 -0.25 2.56 -39.65 -0.25 3.99 -38.84 -0.25 4.44
4 14 -40.37 -0.25 2.56 -41.35 -0.25 2.38 -40.41 -0.25 3.76 -39.65 -0.25 3.99
4 14 -41.35 -0.25 2.38 -42.32 -0.25 2.54 -41.31 -0.25 3.76 -40.41 -0.25 3.76
4 14 -42.32 -0.25 2.54 -42.75 -0.25 2.92 -41.98 -0.25 3.95 -41.31 -0.25 3.76
4 14 -42.75 -0.25 2.92 -43.6 -0.25 2.52 -42.37 -0.25 4.18 -41.98 -0.25 3.95
4 14 -43.6 -0.25 2.52 -44.52 -0.25 2.45 -43.67 -0.25 3.64 -42.37 -0.25 4.18
4 14 -44.52 -0.25 2.45 -45.63 -0.25 2.63 -44.77 -0.25 3.69 -43.67 -0.25 3.64
4 14 -45.63 -0.25 2.63 -46.34 -0.25 3.15 -45.47 -0.25 4.09 -44.77 -0.25 3.69
4 14 -46.34 -0.25 3.15 -46.64 -0.25 3.81 -45.69 -0.25 4.63 -45.47 -0.25 4.09
4 14 -46.64 -0.25 3.81 -46.66 -0.25 4.88 -45.58 -0.25 5.85 -45.69 -0.25 4.63
3 14 -46.66 -0.25 4.88 -46.43 -0.25 5.85 -45.58 -0.25 5.85
4 14 -46.43 -0.25 5.85 -45.47 -0.25 7.98 -44.66 -0.25 7.93 -45.58 -0.25 5.85
4 14 -45.47 -0.25 7.98 -44.57 -0.25 9.64 -43.94 -0.25 9.24 -44.66 -0.25 7.93
4 14 -44.57 -0.25 9.64 -43.96 -0.25 10.32 -43.15 -0.25 10.09 -43.94 -0.25 9.24
4 14 -43.96 -0.25 10.32 -43.24 -0.25 10.77 -42.45 -0.25 10.22 -43.15 -0.25 10.09
4 14 -43.24 -0.25 10.77 -42.5 -0.25 10.79 -41.81 -0.25 10.27 -42.45 -0.25 10.22
4 0 -41.81 -0.25 10.27 -41.39 -0.25 10.08 -41.74 -0.25 9.73 -42.28 -0.25 9.9
4 0 -41.39 -0.25 10.08 -41.17 -0.25 9.52 -41.69 -0.25 9.12 -41.74 -0.25 9.73
3 0 -41.17 -0.25 9.52 -41.38 -0.25 8.87 -41.69 -0.25 9.12
4 0 -41.38 -0.25 8.87 -42.44 -0.25 6.76 -42.01 -0.25 8.38 -41.69 -0.25 9.12
4 0 -42.44 -0.25 6.76 -42.91 -0.25 6.13 -43 -0.25 6.29 -42.01 -0.25 8.38
4 0 -42.44 -0.25 6.76 -42.28 -0.25 6.36 -42.46 -0.25 6.06 -42.91 -0.25 6.13
4 0 -42.03 -0.25 6.55 -41.51 -0.25 6.57 -41.76 -0.25 5.8 -42.28 -0.25 5.8
4 0 -42.28 -0.25 5.8 -41.76 -0.25 5.8 -41.89 -0.25 5.46 -42.14 -0.25 5.35
4 0 -41.89 -0.25 5.46 -41.86 -0.25 4.58 -42.23 -0.25 4.9 -42.14 -0.25 5.35
4 0 -41.86 -0.25 4.58 -41.98 -0.25 3.95 -42.37 -0.25 4.18 -42.23 -0.25 4.9
3 0 -42.37 -0.25 4.18 -42.83 -0.25 4.41 -42.23 -0.25 4.9
4 0 -42.37 -0.25 4.18 -43.67 -0.25 3.64 -43.62 -0.25 4.09 -42.83 -0.25 4.41
4 0 -43.67 -0.25 3.64 -44.77 -0.25 3.69 -44.34 -0.25 3.99 -43.62 -0.25 4.09
4 0 -44.77 -0.25 3.69 -45.47 -0.25 4.09 -44.78 -0.25 4.18 -44.34 -0.25 3.99
4 0 -45.47 -0.25 4.09 -45.69 -0.25 4.63 -45.04 -0.25 4.5 -44.78 -0.25 4.18
4 0 -45.69 -0.25 4.63 -45.58 -0.25 5.85 -45 -0.25 5.77 -45.04 -0.25 4.5
4 0 -45.58 -0.25 5.85 -44.66 -0.25 7.93 -44.71 -0.25 6.6 -45 -0.25 5.77
4 0 -44.66 -0.25 7.93 -43.94 -0.25 9.24 -44.15 -0.25 7.79 -44.71 -0.25 6.6
3 0 -43.94 -0.25 9.24 -43.49 -0.25 8.99 -44.15 -0.25 7.79
4 0 -43.94 -0.25 9.24 -43.15 -0.25 10.09 -42.88 -0.25 9.73 -43.49 -0.25 8.99
4 0 -43.15 -0.25 10.09 -42.45 -0.25 10.22 -42.28 -0.25 9.9 -42.88 -0.25 9.73
3 0 -42.45 -0.25 10.22 -41.81 -0.25 10.27 -42.28 -0.25 9.9
4 0 -42.03 -0.25 6.55 -41.06 -0.25 8.73 -40.97 -0.25 7.92 -41.51 -0.25 6.57
4 0 -41.06 -0.25 8.73 -40.59 -0.25 9.41 -40.46 -0.25 8.85 -40.97 -0.25 7.92
4 0 -40.59 -0.25 9.41 -40.01 -0.25 10.02 -39.97 -0.25 9.42 -40.46 -0.25 8.85
4 0 -40.01 -0.25 10.02 -39.36 -0.25 10.2 -39.54 -0.25 9.79 -39.97 -0.25 9.42
4 0 -39.36 -0.25 10.2 -38.41 -0.25 10.13 -38.75 -0.25 9.83 -39.54 -0.25 9.79
4 0 -41.86 -0.25 4.58 -41.57 -0.25 4.25 -41.31 -0.25 3.76 -41.98 -0.25 3.95
4 0 -41.57 -0.25 4.25 -40.83 -0.25 4.02 -40.41 -0.25 3.76 -41.31 -0.25 3.76
4 0 -40.83 -0.25 4.02 -40.22 -0.25 4.15 -39.65 -0.25 3.99 -40.41 -0.25 3.76
4 0 -40.22 -0.25 4.15 -39.42 -0.25 4.62 -38.84 -0.25 4.44 -39.65 -0.25 3.99
4 0 -39.42 -0.25 4.62 -39.03 -0.25 4.93 -38.31 -0.25 4.71 -38.84 -0.25 4.44
4 0 -39.03 -0.25 4.93 -38.96 -0.25 5.35 -38.58 -0.25 5.25 -38.31 -0.25 4.71
4 0 -38.96 -0.25 5.35 -38.96 -0.25 5.9 -38.54 -0.25 6.87 -38.58 -0.25 5.25
4 0 -38.96 -0.25 5.9 -39.23 -0.25 6.55 -38.91 -0.25 6.87 -38.54 -0.25 6.87
3 0 -39.25 -0.25 5.96 -39.23 -0.25 6.55 -38.96 -0.25 5.9
4 0 -40.13 -0.25 5.96 -39.91 -0.25 6.42 -39.23 -0.25 6.55 -39.25 -0.25 5.96
4 0 -38.91 -0.25 6.87 -38.88 -0.25 7.29 -38.38 -0.25 7.36 -38.54 -0.25 6.87
4 0 -38.88 -0.25 7.29 -38.99 -0.25 7.6 -38.07 -0.25 7.98 -38.38 -0.25 7.36
4 0 -38.99 -0.25 7.6 -39.31 -0.25 8.17 -38.66 -0.25 8.14 -38.07 -0.25 7.98
3 0 -38.66 -0.25 8.14 -38.22 -0.25 8.32 -38.07 -0.25 7.98
4 0 -38.22 -0.25 8.32 -37.88 -0.25 8.72 -37.41 -0.25 8.83 -38.07 -0.25 7.98
4 0 -37.88 -0.25 8.72 -37.81 -0.25 8.98 -36.81 -0.25 9.42 -37.41 -0.25 8.83
4 0 -38.75 -0.25 9.83 -38.41 -0.25 10.13 -37.38 -0.25 9.83 -38.05 -0.25 9.64
4 0 -38.41 -0.25 10.13 -38.23 -0.25 10.39 -37.58 -0.25 10.18 -37.38 -0.25 9.83
4 0 -38.05 -0.25 9.64 -37.38 -0.25 9.83 -36.86 -0.25 9.85 -37.9 -0.25 9.41
4 0 -37.9 -0.25 9.41 -36.86 -0.25 9.85 -36.81 -0.25 9.42 -37.81 -0.25 8.98
4 0 -36.86 -0.25 9.85 -36.55 -0.25 10.09 -36.11 -0.25 9.77 -36.81 -0.25 9.42
4 0 -36.55 -0.25 10.09 -35.67 -0.25 10.23 -34.93 -0.25 10.11 -36.11 -0.25 9.77
4 0 -36.11 -0.25 9.77 -34.93 -0.25 10.11 -34.34 -0.25 9.99 -35.25 -0.25 9.69
4 0 -35.25 -0.25 9.69 -34.34 -0.25 9.99 -33.99 -0.25 9.29 -34.7 -0.25 9.29
4 0 -34.7 -0.25 9.29 -33.99 -0.25 9.29 -33.81 -0.25 8.56 -34.37 -0.25 8.82
4 0 -33.81 -0.25 8.56 -34.21 -0.25 7.74 -34.35 -0.25 8.33 -34.37 -0.25 8.82
3 0 -34.35 -0.25 8.33 -34.21 -0.25 7.74 -34.56 -0.25 7.92
3 0 -34.56 -0.25 7.92 -34.21 -0.25 7.74 -34.52 -0.25 6.71
4 0 -34.84 -0.25 7.15 -35.15 -0.25 7.39 -34.99 -0.25 7.64 -34.56 -0.25 7.92
4 0 -35.15 -0.25 7.39 -35.63 -0.25 7.5 -35.48 -0.25 7.83 -34.99 -0.25 7.64
4 0 -35.63 -0.25 7.5 -36.15 -0.25 7.4 -35.61 -0.25 8.22 -35.48 -0.25 7.83
4 0 -36.15 -0.25 7.4 -36.39 -0.25 8.11 -35.93 -0.25 8.35 -35.61 -0.25 8.22
4 0 -36.15 -0.25 7.4 -36.53 -0.25 7.13 -36.96 -0.25 7.45 -36.39 -0.25 8.11
4 0 -36.62 -0.25 6.7 -37.28 -0.25 6.84 -36.96 -0.25 7.45 -36.53 -0.25 7.13
4 0 -36.5 -0.25 6.36 -37.31 -0.25 5.85 -37.28 -0.25 6.84 -36.62 -0.25 6.7
4 0 -36.5 -0.25 6.36 -36.3 -0.25 6.25 -36.91 -0.25 5.59 -37.31 -0.25 5.85
4 0 -36.3 -0.25 6.25 -36.28 -0.25 5.98 -36.61 -0.25 5.69 -36.91 -0.25 5.59
4 0 -34.56 -0.25 7.92 -34.52 -0.25 6.71 -34.84 -0.25 6.54 -34.84 -0.25 7.15
4 0 -34.52 -0.25 6.71 -34.5 -0.25 5.75 -34.96 -0.25 6.04 -34.84 -0.25 6.54
4 0 -35.53 -0.25 5.01 -34.96 -0.25 6.04 -34.5 -0.25 5.75 -34.44 -0.25 4.9
3 0 -35.53 -0.25 5.01 -34.44 -0.25 4.9 -35 -0.25 4.77
4 0 -35.53 -0.25 5.01 -35 -0.25 4.77 -35.65 -0.25 4.18 -36.18 -0.25 4.31
4 0 -36.18 -0.25 4.31 -35.65 -0.25 4.18 -36.26 -0.25 3.78 -36.99 -0.25 4.05
4 0 -36.99 -0.25 4.05 -36.26 -0.25 3.78 -37.04 -0.25 3.64 -37.92 -0.25 3.74
3 0 -37.81 -0.25 4.25 -36.99 -0.25 4.05 -37.92 -0.25 3.74
4 0 -38.31 -0.25 4.71 -37.81 -0.25 4.25 -37.92 -0.25 3.74 -38.84 -0.25 4.44
4 0 -34.44 -0.25 4.9 -34.01 -0.25 4.39 -34.46 -0.25 4.11 -35 -0.25 4.77
4 0 -34.01 -0.25 4.39 -33.23 -0.25 3.97 -33.72 -0.25 3.74 -34.46 -0.25 4.11
3 0 -33.23 -0.25 3.97 -33.06 -0.25 3.69 -33.72 -0.25 3.74
4 0 -33.23 -0.25 3.97 -32.3 -0.25 4.15 -32.32 -0.25 3.78 -33.06 -0.25 3.69
4 0 -32.3 -0.25 4.15 -31.36 -0.25 4.74 -31.54 -0.25 4.16 -32.32 -0.25 3.78
4 0 -30.93 -0.25 5.3 -30.64 -0.25 5.1 -31.54 -0.25 4.16 -31.36 -0.25 4.74
4 0 -30.93 -0.25 5.3 -30.43 -0.25 6.41 -30.08 -0.25 6.22 -30.64 -0.25 5.1
4 0 -30.43 -0.25 6.41 -30.21 -0.25 7.39 -29.82 -0.25 7.29 -30.08 -0.25 6.22
4 0 -30.21 -0.25 7.39 -30.19 -0.25 8.4 -29.6 -0.25 8.68 -29.82 -0.25 7.29
4 0 -30.19 -0.25 8.4 -30.57 -0.25 9.14 -30.18 -0.25 9.79 -29.6 -0.25 8.68
4 0 -30.57 -0.25 9.14 -30.94 -0.25 9.61 -30.88 -0.25 10.33 -30.18 -0.25 9.79
4 0 -30.94 -0.25 9.61 -31.57 -0.25 9.84 -31.47 -0.25 10.2 -30.88 -0.25 10.33
4 0 -31.57 -0.25 9.84 -32.2 -0.25 9.81 -32.73 -0.25 10.18 -31.47 -0.25 10.2
3 0 -32.58 -0.25 9.73 -32.73 -0.25 10.18 -32.2 -0.25 9.81
4 0 -32.58 -0.25 9.73 -33.27 -0.25 9.28 -33.51 -0.25 9.71 -32.73 -0.25 10.18
4 0 -33.27 -0.25 9.28 -33.81 -0.25 8.56 -33.99 -0.25 9.29 -33.51 -0.25 9.71
4 4 -41.81 -0.25 10.27 -42.5 -0.25 10.79 -40.37 -0.25 10.41 -41.39 -0.25 10.08
3 4 -42.5 -0.25 10.79 -39.6 -0.25 10.74 -40.37 -0.25 10.41
4 4 -38.23 -0.25 10.39 -38.77 -0.25 10.7 -36.88 -0.25 10.65 -37.58 -0.25 10.18
4 4 -35.69 -0.25 10.65 -33.58 -0.25 10.51 -34.34 -0.25 9.99 -34.93 -0.25 10.11
3 4 -35.69 -0.25 10.65 -32.44 -0.25 10.7 -33.58 -0.25 10.51
4 4 -31.34 -0.25 10.6 -29.77 -0.25 10.48 -29.54 -0.25 10.08 -30.88 -0.25 10.33
4 4 -29.54 -0.25 10.08 -29.12 -0.25 9.98 -29.51 -0.25 8.01 -29.6 -0.25 8.68
3 4 -39.04 -0.25 3.22 -38.75 -0.25 2.73 -39.58 -0.25 2.89
4 4 -38.75 -0.25 2.73 -38.05 -0.25 2.5 -40.37 -0.25 2.56 -39.58 -0.25 2.89
3 4 -42.75 -0.25 2.92 -42.32 -0.25 2.54 -43.6 -0.25 2.52
4 4 -46.79 -0.25 4.97 -46.66 -0.25 4.88 -46.64 -0.25 3.81 -46.79 -0.25 3.77
4 4 -46.64 -0.25 3.81 -46.34 -0.25 3.15 -46.79 -0.25 3.06 -46.79 -0.25 3.77
4 4 -46.79 -0.25 3.06 -46.34 -0.25 3.15 -45.63 -0.25 2.63 -46.79 -0.25 -2.53
4 4 -46.79 -0.25 -2.53 -41.35 -0.25 2.38 -40.37 -0.25 2.56 -38.05 -0.25 2.5
4 4 -38.05 -0.25 2.5 -37.29 -0.25 2.45 -28.56 -0.25 -2.53 -46.79 -0.25 -2.53
4 4 -28.56 -0.25 -2.53 -30.43 -0.25 4.34 -29.87 -0.25 5.47 -28.56 -0.25 5.35
4 4 -29.87 -0.25 5.47 -29.64 -0.25 6.53 -28.56 -0.25 6.74 -28.56 -0.25 5.35
4 4 -29.12 -0.25 9.98 -28.75 -0.25 10.21 -28.56 -0.25 10.18 -29.51 -0.25 8.01
4 4 -28.56 -0.25 10.18 -28.56 -0.25 6.74 -29.64 -0.25 6.53 -29.51 -0.25 8.01
4 4 -28.56 -0.25 11.13 -28.85 -0.25 11.02 -29.34 -0.25 11.14 -28.56 -0.25 16.47
4 4 -28.56 -0.25 16.47 -29.34 -0.25 11.14 -31.34 -0.25 10.6 -32.44 -0.25 10.7
3 4 -28.56 -0.25 16.47 -32.44 -0.25 10.7 -35.69 -0.25 10.65
3 4 -28.56 -0.25 16.47 -35.69 -0.25 10.65 -36.88 -0.25 10.65
4 4 -28.56 -0.25 16.47 -36.88 -0.25 10.65 -38.77 -0.25 10.7 -46.79 -0.25 16.47
3 4 -46.79 -0.25 16.47 -38.77 -0.25 10.7 -39.6 -0.25 10.74
3 4 -46.79 -0.25 16.47 -39.6 -0.25 10.74 -42.5 -0.25 10.79
4 4 -46.43 -0.25 5.85 -46.66 -0.25 4.88 -46.79 -0.25 4.97 -46.79 -0.25 5.95
4 4 -46.79 -0.25 16.47 -45.47 -0.25 7.98 -46.43 -0.25 5.85 -46.79 -0.25 5.95
4 15 -24.74 -0.25 15.26 -24.6 -0.25 15.89 -24.25 -0.25 16.4 -24.42 -0.25 14.71
4 15 -24.25 -0.25 16.4 -23.72 -0.25 16.73 -24.07 -0.25 14.39 -24.42 -0.25 14.71
3 15 -23.72 -0.25 16.73 -20.07 -0.25 14.35 -24.07 -0.25 14.39
4 15 -23.72 -0.25 16.73 -12.48 -0.25 16.77 -17.01 -0.25 14.49 -20.07 -0.25 14.35
3 15 -12.48 -0.25 16.77 -12.65 -0.25 14.49 -17.01 -0.25 14.49
4 15 -12.48 -0.25 16.77 -11.88 -0.25 16.4 -12.23 -0.25 14.71 -12.65 -0.25 14.49
4 15 -11.88 -0.25 16.4 -11.67 -0.25 15.89 -11.78 -0.25 15.23 -12.23 -0.25 14.71
4 15 -20.07 -0.25 14.35 -17.01 -0.25 14.49 -17.36 -0.25 14.2 -19.86 -0.25 14.05
4 15 -19.86 -0.25 14.05 -17.36 -0.25 14.2 -19.72 -0.25 -1.55 -22.21 -0.25 -1.04
4 15 -19.72 -0.25 -1.55 -20.17 -0.25 -2.21 -22.21 -0.25 -1.66 -22.21 -0.25 -1.04
4 15 -22.21 -0.25 -1.66 -20.17 -0.25 -2.21 -20.77 -0.25 -2.69 -22 -0.25 -2.36
3 15 -22 -0.25 -2.36 -20.77 -0.25 -2.69 -21.4 -0.25 -2.65
4 15 -13.25 -0.25 6.65 -15.75 -0.25 7.24 -14.52 -0.25 9.11 -13.22 -0.25 7.09
4 15 -14.52 -0.25 9.11 -13.19 -0.25 10.5 -11.99 -0.25 8.49 -13.22 -0.25 7.09
4 15 -13.19 -0.25 10.5 -11.5 -0.25 11.57 -10.34 -0.25 9.81 -11.99 -0.25 8.49
4 15 -11.5 -0.25 11.57 -10.23 -0.25 12.04 -9.18 -0.25 10.06 -10.34 -0.25 9.81
4 15 -10.23 -0.25 12.04 -8.58 -0.25 12.22 -7.81 -0.25 9.95 -9.18 -0.25 10.06
4 15 -7.81 -0.25 9.95 -8.58 -0.25 12.22 -7.32 -0.25 12.04 -5.56 -0.25 11.34
4 15 -7.81 -0.25 9.95 -5.56 -0.25 11.34 -4.26 -0.25 10.17 -6.89 -0.25 9.47
4 15 -6.89 -0.25 9.47 -4.26 -0.25 10.17 -3.77 -0.25 8.78 -6.05 -0.25 8.6
4 15 -6.05 -0.25 8.6 -3.77 -0.25 8.78 -3.52 -0.25 7.86 -5.77 -0.25 7.75
4 15 -5.77 -0.25 7.75 -3.52 -0.25 7.86 -3.56 -0.25 5.7 -5.77 -0.25 6.84
4 15 -5.77 -0.25 6.84 -3.56 -0.25 5.7 -3.91 -0.25 5.04 -5.91 -0.25 6.58
4 15 -5.91 -0.25 6.58 -3.91 -0.25 5.04 -4.4 -0.25 4.64 -4.79 -0.25 4.5
4 15 -13.25 -0.25 6.65 -5.91 -0.25 6.58 -4.79 -0.25 4.5 -13.92 -0.25 4.5
4 15 -15.75 -0.25 7.24 -13.25 -0.25 6.65 -13.92 -0.25 4.5 -16.35 -0.25 5.7
4 15 -13.92 -0.25 4.5 -13.96 -0.25 3.21 -16.59 -0.25 3.98 -16.35 -0.25 5.7
4 15 -13.96 -0.25 3.21 -13.85 -0.25 2.33 -16.42 -0.25 2.11 -16.59 -0.25 3.98
4 15 -13.85 -0.25 2.33 -13.54 -0.25 1.56 -15.89 -0.25 0.54 -16.42 -0.25 2.11
4 15 -13.54 -0.25 1.56 -12.87 -0.25 0.65 -14.87 -0.25 -0.89 -15.89 -0.25 0.54
4 15 -12.87 -0.25 0.65 -11.78 -0.25 -0.08 -13.5 -0.25 -1.95 -14.87 -0.25 -0.89
4 15 -11.78 -0.25 -0.08 -11.22 -0.25 -0.27 -12.34 -0.25 -2.43 -13.5 -0.25 -1.95
3 15 -11.22 -0.25 -0.27 -11.08 -0.25 -2.65 -12.34 -0.25 -2.43
4 15 -11.22 -0.25 -0.27 -3.8 -0.25 -0.27 -3.8 -0.25 -2.65 -11.08 -0.25 -2.65
4 15 -3.8 -0.25 -0.27 -2.86 -0.25 -0.42 -3.17 -0.25 -2.5 -3.8 -0.25 -2.65
4 15 -2.86 -0.25 -0.42 -2.5 -0.25 -0.96 -2.58 -0.25 -1.88 -3.17 -0.25 -2.5
4 15 8.8 -0.25 11.53 8.98 -0.25 10.72 8.8 -0.25 10.1 8.28 -0.25 9.62
4 15 8.17 -0.25 11.97 8.8 -0.25 11.53 8.28 -0.25 9.62 7.79 -0.25 9.4
4 15 7.79 -0.25 9.4 4.84 -0.25 9.51 4.06 -0.25 11.89 8.17 -0.25 11.97
4 15 4.84 -0.25 9.51 3.68 -0.25 9.29 2.66 -0.25 11.64 4.06 -0.25 11.89
4 15 3.68 -0.25 9.29 2.55 -0.25 8.74 1.15 -0.25 10.87 2.66 -0.25 11.64
4 15 2.55 -0.25 8.74 1.25 -0.25 7.46 -0.26 -0.25 9.7 1.15 -0.25 10.87
4 15 1.25 -0.25 7.46 0.52 -0.25 6.14 -1.38 -0.25 8.05 -0.26 -0.25 9.7
4 15 0.52 -0.25 6.14 0.41 -0.25 4.79 -1.95 -0.25 6.33 -1.38 -0.25 8.05
4 15 0.41 -0.25 4.79 0.52 -0.25 3.14 -2.19 -0.25 4.71 -1.95 -0.25 6.33
4 15 -2.19 -0.25 4.71 0.52 -0.25 3.14 -1.59 -0.25 1.64 -2.05 -0.25 3.14
4 15 0.52 -0.25 3.14 1.22 -0.25 1.71 -0.79 -0.25 0.14 -1.59 -0.25 1.64
4 15 1.22 -0.25 1.71 2.17 -0.25 0.72 0.3 -0.25 -1.04 -0.79 -0.25 0.14
4 15 2.17 -0.25 0.72 3.15 -0.25 0.03 1.36 -0.25 -1.7 0.3 -0.25 -1.04
4 15 3.15 -0.25 0.03 4.84 -0.25 -0.27 3.22 -0.25 -2.47 1.36 -0.25 -1.7
3 15 4.84 -0.25 -0.27 4.38 -0.25 -2.69 3.22 -0.25 -2.47
4 15 4.84 -0.25 -0.27 9.58 -0.25 -0.31 10.84 -0.25 -2.69 4.38 -0.25 -2.69
4 15 9.58 -0.25 -0.31 11.62 -0.25 -1.99 11.27 -0.25 -2.43 10.84 -0.25 -2.69
3 15 9.58 -0.25 -0.31 11.93 -0.25 -0.71 11.62 -0.25 -1.99
4 15 9.58 -0.25 -0.31 11.86 -0.25 15.92 12.21 -0.25 1.23 11.93 -0.25 -0.71
4 15 11.86 -0.25 15.92 12.46 -0.25 16.47 13.55 -0.25 16.66 14.32 -0.25 16.25
4 15 11.86 -0.25 15.92 14.32 -0.25 16.25 14.46 -0.25 15.34 13.72 -0.25 10.61
3 15 11.86 -0.25 15.92 13.72 -0.25 10.61 13.3 -0.25 6.8
4 15 13.72 -0.25 10.61 14.88 -0.25 11.38 16.32 -0.25 9.88 15.23 -0.25 9.33
4 15 14.88 -0.25 11.38 16.64 -0.25 12.11 17.48 -0.25 10.03 16.32 -0.25 9.88
4 15 16.64 -0.25 12.11 18.33 -0.25 12.22 18.47 -0.25 9.81 17.48 -0.25 10.03
4 15 18.33 -0.25 12.22 19.8 -0.25 11.89 21.03 -0.25 11.12 18.47 -0.25 9.81
4 15 21.03 -0.25 11.12 21.84 -0.25 9.73 19.31 -0.25 9.11 18.47 -0.25 9.81
4 15 21.84 -0.25 9.73 22.12 -0.25 7.72 19.66 -0.25 7.83 19.31 -0.25 9.11
3 15 19.66 -0.25 7.83 22.12 -0.25 7.72 21.94 -0.25 5.67
4 15 19.66 -0.25 7.83 21.94 -0.25 5.67 20.86 -0.25 -1.51 18.4 -0.25 -1.08
4 15 18.4 -0.25 -1.08 20.86 -0.25 -1.51 20.36 -0.25 -2.32 18.47 -0.25 -1.88
4 15 18.47 -0.25 -1.88 20.36 -0.25 -2.32 19.59 -0.25 -2.72 18.82 -0.25 -2.43
4 15 24.36 -0.25 -2.5 23.73 -0.25 -2.72 23.14 -0.25 -2.47 22.68 -0.25 -1.99
3 15 22.68 -0.25 -1.99 24.93 -0.25 -1.88 24.36 -0.25 -2.5
4 15 24.93 -0.25 -1.88 22.68 -0.25 -1.99 24.4 -0.25 10.43 25.74 -0.25 3.36
4 15 24.79 -0.25 11.53 27.88 -0.25 8.67 26.93 -0.25 7.35 24.4 -0.25 10.43
4 15 24.79 -0.25 11.53 25.63 -0.25 12.26 26.47 -0.25 12.11 26.93 -0.25 11.45
3 15 24.79 -0.25 11.53 26.93 -0.25 11.45 26.97 -0.25 10.79
4 15 24.79 -0.25 11.53 26.97 -0.25 10.79 27.25 -0.25 10.61 27.88 -0.25 8.67
4 15 27.88 -0.25 8.67 27.25 -0.25 10.61 28.44 -0.25 11.6 28.9 -0.25 9.62
4 15 28.44 -0.25 11.6 29.99 -0.25 12.22 29.81 -0.25 9.95 28.9 -0.25 9.62
4 15 29.99 -0.25 12.22 32.41 -0.25 12.11 31 -0.25 9.99 29.81 -0.25 9.95
4 15 32.41 -0.25 12.11 33.64 -0.25 11.57 32.31 -0.25 9.4 31 -0.25 9.99
4 15 33.64 -0.25 11.57 34.69 -0.25 10.57 32.9 -0.25 8.23 32.31 -0.25 9.4
4 15 34.69 -0.25 10.57 35.36 -0.25 9.18 32.87 -0.25 6.65 32.9 -0.25 8.23
4 15 32.87 -0.25 6.65 35.36 -0.25 9.18 35.47 -0.25 7.64 34.9 -0.25 3.5
4 15 34.9 -0.25 3.5 34.06 -0.25 -1.48 31.64 -0.25 -1.18 32.87 -0.25 6.65
4 15 34.06 -0.25 -1.48 33.53 -0.25 -2.28 31.71 -0.25 -2.1 31.64 -0.25 -1.18
4 15 33.53 -0.25 -2.28 32.97 -0.25 -2.61 32.27 -0.25 -2.5 31.71 -0.25 -2.1
4 15 39.36 -0.25 16.8 40.24 -0.25 17.13 40.88 -0.25 16.77 38.7 -0.25 16
4 15 40.88 -0.25 16.77 41.19 -0.25 15.92 38.45 -0.25 14.82 38.7 -0.25 16
4 15 41.19 -0.25 15.92 41.02 -0.25 14.68 38.7 -0.25 14.17 38.45 -0.25 14.82
4 15 41.02 -0.25 14.68 40.59 -0.25 13.91 39.19 -0.25 13.62 38.7 -0.25 14.17
3 15 40.59 -0.25 13.91 39.92 -0.25 13.54 39.19 -0.25 13.62
4 15 38.91 -0.25 12.04 39.54 -0.25 12.11 40.28 -0.25 11.71 38.13 -0.25 11.27
3 15 38.13 -0.25 11.27 40.28 -0.25 11.71 40.49 -0.25 10.79
4 15 38.13 -0.25 11.27 40.49 -0.25 10.79 38.63 -0.25 -1.62 36.27 -0.25 -0.19
4 15 38.63 -0.25 -1.62 37.99 -0.25 -2.39 36.17 -0.25 -1.81 36.27 -0.25 -0.19
4 15 37.99 -0.25 -2.39 37.12 -0.25 -2.72 36.56 -0.25 -2.45 36.17 -0.25 -1.81
4 15 53.8 -0.25 -0.78 53.98 -0.25 -1.55 53.63 -0.25 -2.25 53.24 -0.25 -2.61
3 15 53.8 -0.25 -0.78 53.24 -0.25 -2.61 53.24 -0.25 -0.34
4 15 53.24 -0.25 -0.34 53.24 -0.25 -2.61 47.45 -0.25 -2.65 48.46 -0.25 -0.34
4 15 47.45 -0.25 -2.65 45.83 -0.25 -2.06 47.02 -0.25 -0.05 48.46 -0.25 -0.34
4 15 45.83 -0.25 -2.06 44.35 -0.25 -1.18 45.79 -0.25 0.83 47.02 -0.25 -0.05
4 15 44.35 -0.25 -1.18 43.05 -0.25 0.25 44.77 -0.25 1.93 45.79 -0.25 0.83
4 15 43.05 -0.25 0.25 42 -0.25 2 44.14 -0.25 3.58 44.77 -0.25 1.93
4 15 44.14 -0.25 3.58 42 -0.25 2 41.65 -0.25 3.87 44.11 -0.25 5.78
4 15 44.11 -0.25 5.78 41.65 -0.25 3.87 41.65 -0.25 6.07 42.38 -0.25 8.23
4 15 42.38 -0.25 8.23 43.65 -0.25 10.03 44.88 -0.25 7.46 44.11 -0.25 5.78
4 15 43.65 -0.25 10.03 45.37 -0.25 11.34 45.9 -0.25 8.63 44.88 -0.25 7.46
4 15 45.37 -0.25 11.34 47.62 -0.25 12 46.78 -0.25 9.22 45.9 -0.25 8.63
3 15 47.62 -0.25 12 48.08 -0.25 9.51 46.78 -0.25 9.22
4 15 47.62 -0.25 12 53.52 -0.25 11.93 53.14 -0.25 9.55 48.08 -0.25 9.51
4 15 53.52 -0.25 11.93 54.15 -0.25 11.34 54.12 -0.25 10.54 53.14 -0.25 9.55
3 15 54.12 -0.25 10.54 53.7 -0.25 9.81 53.14 -0.25 9.55
3 14 47.16 -0.25 -12.25 49.13 -0.25 -12.39 46.35 -0.25 -13.75
4 14 47.16 -0.25 -12.25 46.35 -0.25 -13.75 43.33 -0.25 -15.22 41.47 -0.25 -15.22
4 14 43.33 -0.25 -15.22 41.23 -0.25 -16.13 41.19 -0.25 -15.65 41.47 -0.25 -15.22
4 14 43.33 -0.25 -15.22 45.51 -0.25 -15.22 44.84 -0.25 -16.2 41.23 -0.25 -16.13
4 14 49.13 -0.25 -12.39 47.2 -0.25 -15.25 45.51 -0.25 -15.22 46.35 -0.25 -13.75
4 14 47.2 -0.25 -15.25 46.53 -0.25 -16.24 44.84 -0.25 -16.2 45.51 -0.25 -15.22
4 14 47.2 -0.25 -15.25 48.32 -0.25 -15.32 47.69 -0.25 -16.24 46.53 -0.25 -16.24
4 14 46.53 -0.25 -16.24 45.79 -0.25 -17.34 44.03 -0.25 -17.34 44.84 -0.25 -16.2
3 14 44.03 -0.25 -17.34 44.07 -0.25 -16.93 44.84 -0.25 -16.2
3 14 49.73 -0.25 -13.57 51.69 -0.25 -13.6 49.73 -0.25 -14.01
4 14 51.69 -0.25 -13.6 52.22 -0.25 -14.52 50.57 -0.25 -15.22 49.73 -0.25 -14.01
4 14 53.98 -0.25 -13.64 56.19 -0.25 -13.71 52.85 -0.25 -15.4 52.22 -0.25 -14.52
4 14 52.22 -0.25 -14.52 52.85 -0.25 -15.4 51.2 -0.25 -16.24 50.57 -0.25 -15.22
4 14 50.57 -0.25 -15.22 51.2 -0.25 -16.24 49.23 -0.25 -17.38 47.37 -0.25 -17.08
3 14 47.37 -0.25 -17.08 49.23 -0.25 -17.38 47.41 -0.25 -17.34
4 14 52.85 -0.25 -15.4 53.91 -0.25 -17.01 51.94 -0.25 -17.41 51.2 -0.25 -16.24
3 14 53.91 -0.25 -17.01 53.87 -0.25 -17.41 51.94 -0.25 -17.41
3 14 60.55 -0.25 -12.36 62.52 -0.25 -12.5 59.74 -0.25 -13.86
4 14 60.55 -0.25 -12.36 59.74 -0.25 -13.86 56.72 -0.25 -15.32 54.86 -0.25 -15.32
4 14 56.72 -0.25 -15.32 54.61 -0.25 -16.24 54.58 -0.25 -15.76 54.86 -0.25 -15.32
4 14 56.72 -0.25 -15.32 58.9 -0.25 -15.32 58.23 -0.25 -16.31 54.61 -0.25 -16.24
4 14 62.52 -0.25 -12.5 60.58 -0.25 -15.36 58.9 -0.25 -15.32 59.74 -0.25 -13.86
4 14 60.58 -0.25 -15.36 59.91 -0.25 -16.35 58.23 -0.25 -16.31 58.9 -0.25 -15.32
4 14 60.58 -0.25 -15.36 61.71 -0.25 -15.43 61.08 -0.25 -16.35 59.91 -0.25 -16.35
4 14 59.91 -0.25 -16.35 59.18 -0.25 -17.45 57.42 -0.25 -17.45 58.23 -0.25 -16.31
3 14 57.42 -0.25 -17.45 57.45 -0.25 -17.05 58.23 -0.25 -16.31
3 14 74.6 -0.25 -12.36 76.56 -0.25 -12.5 73.79 -0.25 -13.86
4 14 74.6 -0.25 -12.36 73.79 -0.25 -13.86 70.77 -0.25 -15.32 68.91 -0.25 -15.32
4 14 70.77 -0.25 -15.32 68.66 -0.25 -16.24 68.63 -0.25 -15.76 68.91 -0.25 -15.32
4 14 70.77 -0.25 -15.32 72.94 -0.25 -15.32 72.28 -0.25 -16.31 68.66 -0.25 -16.24
4 14 76.56 -0.25 -12.5 74.63 -0.25 -15.36 72.94 -0.25 -15.32 73.79 -0.25 -13.86
4 14 74.63 -0.25 -15.36 73.96 -0.25 -16.35 72.28 -0.25 -16.31 72.94 -0.25 -15.32
4 14 74.63 -0.25 -15.36 75.76 -0.25 -15.43 75.13 -0.25 -16.35 73.96 -0.25 -16.35
4 14 73.96 -0.25 -16.35 73.23 -0.25 -17.45 71.47 -0.25 -17.45 72.28 -0.25 -16.31
3 14 71.47 -0.25 -17.45 71.5 -0.25 -17.05 72.28 -0.25 -16.31
3 14 63.5 -0.25 -13.6 65.47 -0.25 -13.64 63.5 -0.25 -14.04
4 14 65.47 -0.25 -13.64 65.99 -0.25 -14.55 64.34 -0.25 -15.25 63.5 -0.25 -14.04
4 14 67.75 -0.25 -13.68 69.96 -0.25 -13.75 66.62 -0.25 -15.43 65.99 -0.25 -14.55
4 14 65.99 -0.25 -14.55 66.62 -0.25 -15.43 64.97 -0.25 -16.28 64.34 -0.25 -15.25
4 14 64.34 -0.25 -15.25 64.97 -0.25 -16.28 63.01 -0.25 -17.41 61.14 -0.25 -17.12
3 14 61.14 -0.25 -17.12 63.01 -0.25 -17.41 61.18 -0.25 -17.37
4 14 66.62 -0.25 -15.43 67.68 -0.25 -17.05 65.71 -0.25 -17.45 64.97 -0.25 -16.28
3 14 67.68 -0.25 -17.05 67.64 -0.25 -17.45 65.71 -0.25 -17.45
4 14 -79 -0.25 -11.08 -79 -0.25 -5.28 79 -0.25 -5.28 79 -0.25 -11.08
4 0 -46.79 -0.25 16.47 -79 -0.25 19 -28.71 -0.25 19 -28.56 -0.25 16.47
4 0 -46.79 -0.25 16.47 -46.79 -0.25 -2.53 -79 -0.25 -5.28 -79 -0.25 19
4 0 -46.79 -0.25 -2.53 -28.56 -0.25 -2.53 -28.39 -0.25 -5.28 -79 -0.25 -5.28
4 0 -28.71 -0.25 19 -12.18 -0.25 19 -12.48 -0.25 16.77 -23.72 -0.25 16.73
4 0 -28.71 -0.25 19 -24.6 -0.25 15.89 -24.74 -0.25 15.26 -28.56 -0.25 16.47
4 0 -28.56 -0.25 16.47 -24.42 -0.25 14.71 -22.21 -0.25 -1.04 -28.56 -0.25 -2.53
4 0 -24.07 -0.25 14.39 -20.07 -0.25 14.35 -19.86 -0.25 14.05 -22.21 -0.25 -1.04
4 0 -28.56 -0.25 -2.53 -22 -0.25 -2.36 -21.4 -0.25 -5.28 -28.39 -0.25 -5.28
4 0 -20.77 -0.25 -2.69 -13.5 -0.25 -1.95 -13.6 -0.25 -5.28 -21.4 -0.25 -5.28
4 0 -20.17 -0.25 -2.21 -14.87 -0.25 -0.89 -13.5 -0.25 -1.95 -20.77 -0.25 -2.69
4 0 -19.72 -0.25 -1.55 -15.89 -0.25 0.54 -14.87 -0.25 -0.89 -20.17 -0.25 -2.21
4 0 -19.72 -0.25 -1.55 -17.36 -0.25 14.2 -16.35 -0.25 5.7 -16.59 -0.25 3.98
4 0 -17.01 -0.25 14.49 -13.19 -0.25 10.5 -14.52 -0.25 9.11 -17.36 -0.25 14.2
4 0 -12.65 -0.25 14.49 -11.5 -0.25 11.57 -13.19 -0.25 10.5 -17.01 -0.25 14.49
4 0 -12.65 -0.25 14.49 -12.23 -0.25 14.71 -10.23 -0.25 12.04 -11.5 -0.25 11.57
4 0 -11.78 -0.25 15.23 -8.58 -0.25 12.22 -10.23 -0.25 12.04 -12.23 -0.25 14.71
4 0 -11.67 -0.25 15.89 -7.32 -0.25 12.04 -8.58 -0.25 12.22 -11.78 -0.25 15.23
4 0 -11.67 -0.25 15.89 -11.88 -0.25 16.4 -5.56 -0.25 11.34 -7.32 -0.25 12.04
4 0 -12.18 -0.25 19 11.76 -0.25 19 11.86 -0.25 15.92 -12.48 -0.25 16.77
4 0 -11.88 -0.25 16.4 11.86 -0.25 15.92 2.66 -0.25 11.64 -5.56 -0.25 11.34
3 0 -11.88 -0.25 16.4 -12.48 -0.25 16.77 11.86 -0.25 15.92
4 0 -5.56 -0.25 11.34 2.66 -0.25 11.64 1.15 -0.25 10.87 -4.26 -0.25 10.17
4 0 -4.26 -0.25 10.17 1.15 -0.25 10.87 -0.26 -0.25 9.7 -3.77 -0.25 8.78
4 0 -3.77 -0.25 8.78 -0.26 -0.25 9.7 -1.38 -0.25 8.05 -3.52 -0.25 7.86
4 0 -3.52 -0.25 7.86 -1.38 -0.25 8.05 -1.95 -0.25 6.33 -3.56 -0.25 5.7
4 0 -1.95 -0.25 6.33 -2.19 -0.25 4.71 -3.91 -0.25 5.04 -3.56 -0.25 5.7
4 0 -3.91 -0.25 5.04 -2.19 -0.25 4.71 -2.05 -0.25 3.14 -4.4 -0.25 4.64
4 0 -2.05 -0.25 3.14 -2.5 -0.25 -0.96 -2.86 -0.25 -0.42 -4.4 -0.25 4.64
4 0 -4.4 -0.25 4.64 -2.86 -0.25 -0.42 -3.8 -0.25 -0.27 -4.79 -0.25 4.5
4 0 -4.79 -0.25 4.5 -3.8 -0.25 -0.27 -11.22 -0.25 -0.27 -13.92 -0.25 4.5
4 0 -13.92 -0.25 4.5 -11.22 -0.25 -0.27 -11.78 -0.25 -0.08 -13.96 -0.25 3.21
4 0 -13.96 -0.25 3.21 -11.78 -0.25 -0.08 -12.87 -0.25 0.65 -13.85 -0.25 2.33
3 0 -13.85 -0.25 2.33 -12.87 -0.25 0.65 -13.54 -0.25 1.56
4 0 -5.77 -0.25 7.75 -5.77 -0.25 6.84 -5.91 -0.25 6.58 -6.05 -0.25 8.6
4 0 -5.91 -0.25 6.58 -7.81 -0.25 9.95 -6.89 -0.25 9.47 -6.05 -0.25 8.6
4 0 -5.91 -0.25 6.58 -13.25 -0.25 6.65 -9.18 -0.25 10.06 -7.81 -0.25 9.95
3 0 -9.18 -0.25 10.06 -11.99 -0.25 8.49 -10.34 -0.25 9.81
4 0 -9.18 -0.25 10.06 -13.25 -0.25 6.65 -13.22 -0.25 7.09 -11.99 -0.25 8.49
4 0 -11.08 -0.25 -2.65 -3.8 -0.25 -2.65 -3.67 -0.25 -5.28 -13.6 -0.25 -5.28
4 0 -0.79 -0.25 0.14 0.3 -0.25 -1.04 -2.58 -0.25 -1.88 -2.5 -0.25 -0.96
4 0 0.3 -0.25 -1.04 1.36 -0.25 -1.7 -3.67 -0.25 -5.28 -2.58 -0.25 -1.88
4 0 4.38 -0.25 -2.69 10.84 -0.25 -2.69 11 -0.25 -5.28 -3.67 -0.25 -5.28
4 0 11.86 -0.25 15.92 9.58 -0.25 -0.31 8.8 -0.25 10.1 8.98 -0.25 10.72
4 0 9.58 -0.25 -0.31 4.84 -0.25 -0.27 4.84 -0.25 9.51 7.79 -0.25 9.4
4 0 4.84 -0.25 -0.27 3.15 -0.25 0.03 3.68 -0.25 9.29 4.84 -0.25 9.51
4 0 3.15 -0.25 0.03 2.17 -0.25 0.72 2.55 -0.25 8.74 3.68 -0.25 9.29
4 0 2.17 -0.25 0.72 1.22 -0.25 1.71 1.25 -0.25 7.46 2.55 -0.25 8.74
4 0 1.22 -0.25 1.71 0.52 -0.25 3.14 0.41 -0.25 4.79 1.25 -0.25 7.46
3 0 1.25 -0.25 7.46 0.41 -0.25 4.79 0.52 -0.25 6.14
4 0 10.84 -0.25 -2.69 19.59 -0.25 -2.72 19.86 -0.25 -5.28 11 -0.25 -5.28
4 0 10.84 -0.25 -2.69 11.27 -0.25 -2.43 18.82 -0.25 -2.43 19.59 -0.25 -2.72
4 0 11.62 -0.25 -1.99 18.47 -0.25 -1.88 18.82 -0.25 -2.43 11.27 -0.25 -2.43
4 0 11.93 -0.25 -0.71 18.4 -0.25 -1.08 18.47 -0.25 -1.88 11.62 -0.25 -1.99
4 0 11.93 -0.25 -0.71 12.21 -0.25 1.23 19.66 -0.25 7.83 18.4 -0.25 -1.08
4 0 12.21 -0.25 1.23 12.71 -0.25 4.5 19.31 -0.25 9.11 19.66 -0.25 7.83
4 0 13.3 -0.25 6.8 18.47 -0.25 9.81 19.31 -0.25 9.11 12.71 -0.25 4.5
4 0 13.97 -0.25 8.12 17.48 -0.25 10.03 18.47 -0.25 9.81 13.3 -0.25 6.8
4 0 15.23 -0.25 9.33 16.32 -0.25 9.88 17.48 -0.25 10.03 13.97 -0.25 8.12
4 0 11.76 -0.25 19 40.13 -0.25 19 40.24 -0.25 17.13 13.55 -0.25 16.66
4 0 40.24 -0.25 17.13 39.36 -0.25 16.8 14.32 -0.25 16.25 13.55 -0.25 16.66
4 0 39.36 -0.25 16.8 38.7 -0.25 16 14.46 -0.25 15.34 14.32 -0.25 16.25
4 0 14.46 -0.25 15.34 38.7 -0.25 16 25.63 -0.25 12.26 19.8 -0.25 11.89
4 0 19.8 -0.25 11.89 25.63 -0.25 12.26 24.79 -0.25 11.53 21.03 -0.25 11.12
4 0 24.79 -0.25 11.53 24.4 -0.25 10.43 21.84 -0.25 9.73 21.03 -0.25 11.12
4 0 24.4 -0.25 10.43 22.68 -0.25 -1.99 20.86 -0.25 -1.51 21.94 -0.25 5.67
4 0 22.68 -0.25 -1.99 23.14 -0.25 -2.47 20.36 -0.25 -2.32 20.86 -0.25 -1.51
4 0 23.73 -0.25 -2.72 19.59 -0.25 -2.72 20.36 -0.25 -2.32 23.14 -0.25 -2.47
4 0 19.59 -0.25 -2.72 23.73 -0.25 -2.72 24.08 -0.25 -5.28 19.86 -0.25 -5.28
4 0 23.73 -0.25 -2.72 32.27 -0.25 -2.5 32.6 -0.25 -5.28 24.08 -0.25 -5.28
4 0 24.36 -0.25 -2.5 31.71 -0.25 -2.1 32.27 -0.25 -2.5 23.73 -0.25 -2.72
4 0 24.93 -0.25 -1.88 31.64 -0.25 -1.18 31.71 -0.25 -2.1 24.36 -0.25 -2.5
4 0 24.93 -0.25 -1.88 25.74 -0.25 3.36 32.87 -0.25 6.65 31.64 -0.25 -1.18
4 0 26.33 -0.25 5.85 32.9 -0.25 8.23 32.87 -0.25 6.65 25.74 -0.25 3.36
4 0 26.93 -0.25 7.35 32.31 -0.25 9.4 32.9 -0.25 8.23 26.33 -0.25 5.85
4 0 27.88 -0.25 8.67 31 -0.25 9.99 32.31 -0.25 9.4 26.93 -0.25 7.35
4 0 29.81 -0.25 9.95 31 -0.25 9.99 27.88 -0.25 8.67 28.9 -0.25 9.62
4 0 25.63 -0.25 12.26 38.7 -0.25 16 38.45 -0.25 14.82 26.47 -0.25 12.11
4 0 26.47 -0.25 12.11 29.99 -0.25 12.22 28.44 -0.25 11.6 26.93 -0.25 11.45
4 0 26.93 -0.25 11.45 28.44 -0.25 11.6 27.25 -0.25 10.61 26.97 -0.25 10.79
4 0 26.47 -0.25 12.11 38.45 -0.25 14.82 38.7 -0.25 14.17 29.99 -0.25 12.22
4 0 29.99 -0.25 12.22 38.7 -0.25 14.17 39.19 -0.25 13.62 32.41 -0.25 12.11
4 0 32.41 -0.25 12.11 39.19 -0.25 13.62 39.92 -0.25 13.54 33.64 -0.25 11.57
4 0 39.92 -0.25 13.54 38.91 -0.25 12.04 34.69 -0.25 10.57 33.64 -0.25 11.57
3 0 38.91 -0.25 12.04 38.13 -0.25 11.27 34.69 -0.25 10.57
4 0 38.13 -0.25 11.27 36.27 -0.25 -0.19 34.9 -0.25 3.5 35.47 -0.25 7.64
4 0 34.9 -0.25 3.5 36.27 -0.25 -0.19 36.17 -0.25 -1.81 34.06 -0.25 -1.48
4 0 34.06 -0.25 -1.48 36.17 -0.25 -1.81 36.56 -0.25 -2.45 33.53 -0.25 -2.28
4 0 33.53 -0.25 -2.28 36.56 -0.25 -2.45 37.12 -0.25 -2.72 32.97 -0.25 -2.61
3 0 32.27 -0.25 -2.5 32.97 -0.25 -2.61 32.6 -0.25 -5.28
4 0 32.97 -0.25 -2.61 37.12 -0.25 -2.72 37.53 -0.25 -5.28 32.6 -0.25 -5.28
4 0 38.63 -0.25 -1.62 47.45 -0.25 -2.65 47.36 -0.25 -5.28 37.53 -0.25 -5.28
3 0 40.49 -0.25 10.79 41.65 -0.25 6.07 38.63 -0.25 -1.62
4 0 40.28 -0.25 11.71 45.37 -0.25 11.34 43.65 -0.25 10.03 40.49 -0.25 10.79
4 0 40.59 -0.25 13.91 45.37 -0.25 11.34 40.28 -0.25 11.71 39.92 -0.25 13.54
4 0 41.02 -0.25 14.68 47.62 -0.25 12 45.37 -0.25 11.34 40.59 -0.25 13.91
4 0 41.02 -0.25 14.68 41.19 -0.25 15.92 53.52 -0.25 11.93 47.62 -0.25 12
4 0 52.94 -0.25 19 53.52 -0.25 11.93 41.19 -0.25 15.92 40.88 -0.25 16.77
4 0 40.13 -0.25 19 52.94 -0.25 19 40.88 -0.25 16.77 40.24 -0.25 17.13
4 0 52.94 -0.25 19 79 -0.25 19 54.15 -0.25 11.34 53.52 -0.25 11.93
4 0 53.7 -0.25 9.81 79 -0.25 19 79 -0.25 -5.28 53.8 -0.25 -0.78
4 0 79 -0.25 -5.28 52.95 -0.25 -5.28 53.24 -0.25 -2.61 53.63 -0.25 -2.25
4 0 47.45 -0.25 -2.65 53.24 -0.25 -2.61 52.95 -0.25 -5.28 47.36 -0.25 -5.28
4 0 53.14 -0.25 9.55 53.7 -0.25 9.81 53.8 -0.25 -0.78 53.24 -0.25 -0.34
4 0 48.08 -0.25 9.51 53.14 -0.25 9.55 53.24 -0.25 -0.34 48.46 -0.25 -0.34
4 0 48.46 -0.25 -0.34 47.02 -0.25 -0.05 46.78 -0.25 9.22 48.08 -0.25 9.51
4 0 47.02 -0.25 -0.05 45.79 -0.25 0.83 45.9 -0.25 8.63 46.78 -0.25 9.22
4 0 45.79 -0.25 0.83 44.77 -0.25 1.93 44.88 -0.25 7.46 45.9 -0.25 8.63
4 0 44.77 -0.25 1.93 44.14 -0.25 3.58 44.11 -0.25 5.78 44.88 -0.25 7.46
4 0 -79 -0.25 -11.08 37.79 -0.25 -11.08 37.79 -0.25 -19 -79 -0.25 -19
4 0 37.79 -0.25 -11.08 41.19 -0.25 -15.65 41.23 -0.25 -16.13 37.79 -0.25 -19
4 0 41.23 -0.25 -16.13 44.84 -0.25 -16.2 44.07 -0.25 -16.93 37.79 -0.25 -19
4 0 37.79 -0.25 -19 45.79 -0.25 -17.34 47.41 -0.25 -17.34 47.36 -0.25 -19
3 0 46.35 -0.25 -13.75 45.51 -0.25 -15.22 43.33 -0.25 -15.22
4 0 45.79 -0.25 -17.34 46.53 -0.25 -16.24 47.37 -0.25 -17.08 47.41 -0.25 -17.34
3 0 46.53 -0.25 -16.24 47.69 -0.25 -16.24 47.37 -0.25 -17.08
4 0 48.32 -0.25 -15.32 50.57 -0.25 -15.22 47.37 -0.25 -17.08 47.69 -0.25 -16.24
4 0 47.2 -0.25 -15.25 49.73 -0.25 -14.01 50.57 -0.25 -15.22 48.32 -0.25 -15.32
4 0 49.13 -0.25 -12.39 49.73 -0.25 -13.57 49.73 -0.25 -14.01 47.2 -0.25 -15.25
4 0 37.79 -0.25 -11.08 49.53 -0.25 -11.08 49.13 -0.25 -12.39 47.16 -0.25 -12.25
4 0 49.53 -0.25 -11.08 51.69 -0.25 -13.6 49.73 -0.25 -13.57 49.13 -0.25 -12.39
4 0 47.41 -0.25 -17.34 49.23 -0.25 -17.38 50.9 -0.25 -19 47.36 -0.25 -19
4 0 49.23 -0.25 -17.38 51.2 -0.25 -16.24 51.94 -0.25 -17.41 50.9 -0.25 -19
4 0 49.53 -0.25 -11.08 59.4 -0.25 -11.08 56.19 -0.25 -13.71 53.98 -0.25 -13.64
4 0 51.94 -0.25 -17.41 53.87 -0.25 -17.41 57.87 -0.25 -19 50.9 -0.25 -19
3 0 53.87 -0.25 -17.41 57.42 -0.25 -17.45 57.87 -0.25 -19
4 0 53.91 -0.25 -17.01 57.45 -0.25 -17.05 57.42 -0.25 -17.45 53.87 -0.25 -17.41
4 0 54.61 -0.25 -16.24 58.23 -0.25 -16.31 57.45 -0.25 -17.05 53.91 -0.25 -17.01
4 0 52.85 -0.25 -15.4 54.58 -0.25 -15.76 54.61 -0.25 -16.24 53.91 -0.25 -17.01
3 0 52.85 -0.25 -15.4 54.86 -0.25 -15.32 54.58 -0.25 -15.76
4 0 56.19 -0.25 -13.71 60.55 -0.25 -12.36 54.86 -0.25 -15.32 52.85 -0.25 -15.4
3 0 56.19 -0.25 -13.71 59.4 -0.25 -11.08 60.55 -0.25 -12.36
3 0 59.74 -0.25 -13.86 58.9 -0.25 -15.32 56.72 -0.25 -15.32
4 0 57.42 -0.25 -17.45 59.18 -0.25 -17.45 60.49 -0.25 -19 57.87 -0.25 -19
4 0 59.18 -0.25 -17.45 61.18 -0.25 -17.37 61.63 -0.25 -19 60.49 -0.25 -19
4 0 59.18 -0.25 -17.45 59.91 -0.25 -16.35 61.14 -0.25 -17.12 61.18 -0.25 -17.37
3 0 59.91 -0.25 -16.35 61.08 -0.25 -16.35 61.14 -0.25 -17.12
4 0 61.14 -0.25 -17.12 61.08 -0.25 -16.35 61.71 -0.25 -15.43 64.34 -0.25 -15.25
3 0 61.71 -0.25 -15.43 63.5 -0.25 -14.04 64.34 -0.25 -15.25
4 0 62.52 -0.25 -12.5 63.5 -0.25 -14.04 61.71 -0.25 -15.43 60.58 -0.25 -15.36
4 0 59.4 -0.25 -11.08 68.3 -0.25 -11.08 62.52 -0.25 -12.5 60.55 -0.25 -12.36
4 0 67.64 -0.25 -17.45 71.47 -0.25 -17.45 72.41 -0.25 -19 61.63 -0.25 -19
4 0 67.68 -0.25 -17.05 71.5 -0.25 -17.05 71.47 -0.25 -17.45 67.64 -0.25 -17.45
4 0 67.68 -0.25 -17.05 68.66 -0.25 -16.24 72.28 -0.25 -16.31 71.5 -0.25 -17.05
4 0 66.62 -0.25 -15.43 68.63 -0.25 -15.76 68.66 -0.25 -16.24 67.68 -0.25 -17.05
3 0 66.62 -0.25 -15.43 68.91 -0.25 -15.32 68.63 -0.25 -15.76
4 0 69.96 -0.25 -13.75 74.6 -0.25 -12.36 68.91 -0.25 -15.32 66.62 -0.25 -15.43
4 0 73.14 -0.25 -11.08 79 -0.25 -11.08 76.56 -0.25 -12.5 74.6 -0.25 -12.36
3 0 73.79 -0.25 -13.86 72.94 -0.25 -15.32 70.77 -0.25 -15.32
4 0 76.56 -0.25 -12.5 79 -0.25 -11.08 75.76 -0.25 -15.43 74.63 -0.25 -15.36
4 0 79 -0.25 -11.08 79 -0.25 -19 75.13 -0.25 -16.35 75.76 -0.25 -15.43
4 0 75.13 -0.25 -16.35 79 -0.25 -19 73.23 -0.25 -17.45 73.96 -0.25 -16.35
4 0 79 -0.25 -19 72.41 -0.25 -19 71.47 -0.25 -17.45 73.23 -0.25 -17.45
4 0 68.3 -0.25 -11.08 73.14 -0.25 -11.08 74.6 -0.25 -12.36 69.96 -0.25 -13.75
3 15 -40.97 -0.25 7.92 -39.5 -0.25 7.96 -39.34 -0.25 7.77
3 15 -32.2 -0.25 9.81 -31.57 -0.25 9.84 -32.13 -0.25 8.49
3 15 -32.58 -0.25 9.73 -32.2 -0.25 9.81 -32.13 -0.25 8.49
3 4 -28.56 -0.25 11.13 -28.56 -0.25 10.18 -28.65 -0.25 10.67
3 4 -28.85 -0.25 11.02 -28.56 -0.25 11.13 -28.65 -0.25 10.67
3 4 -28.65 -0.25 10.67 -28.56 -0.25 10.18 -28.75 -0.25 10.21
3 0 -42.46 -0.25 6.06 -42.28 -0.25 6.36 -42.28 -0.25 5.8
3 0 -42.28 -0.25 6.36 -42.03 -0.25 6.55 -42.28 -0.25 5.8
3 0 -40.22 -0.25 6.3 -39.91 -0.25 6.42 -40.22 -0.25 6.12
3 0 -40.22 -0.25 6.12 -39.91 -0.25 6.42 -40.13 -0.25 5.96
3 0 -39.31 -0.25 8.17 -39.34 -0.25 7.77 -39.5 -0.25 7.96
3 0 -39.31 -0.25 8.17 -38.99 -0.25 7.6 -39.34 -0.25 7.77
4 15 -40.46 -0.25 8.85 -39.31 -0.25 8.17 -39.5 -0.25 7.96 -40.97 -0.25 7.92
3 15 -40.46 -0.25 8.85 -38.66 -0.25 8.14 -39.31 -0.25 8.17
3 15 -34.5 -0.25 5.75 -33.4 -0.25 5.83 -34.44 -0.25 4.9
3 14 -36.88 -0.25 10.65 -36.55 -0.25 10.09 -36.86 -0.25 9.85
3 14 -36.88 -0.25 10.65 -35.67 -0.25 10.23 -36.55 -0.25 10.09
3 14 -38.84 -0.25 4.44 -38.75 -0.25 2.73 -39.04 -0.25 3.22
3 14 -38.84 -0.25 4.44 -39.04 -0.25 3.22 -39.58 -0.25 2.89
3 4 -30.88 -0.25 10.33 -29.54 -0.25 10.08 -30.18 -0.25 9.79
3 4 -30.18 -0.25 9.79 -29.54 -0.25 10.08 -29.6 -0.25 8.68
3 4 -31.34 -0.25 10.6 -29.34 -0.25 11.14 -29.74 -0.25 10.88
3 4 -31.34 -0.25 10.6 -29.74 -0.25 10.88 -29.77 -0.25 10.48
3 4 -36.39 -0.25 2.52 -35.47 -0.25 3.34 -35.06 -0.25 2.92
3 4 -36.39 -0.25 2.52 -35.06 -0.25 2.92 -34.32 -0.25 2.5
3 4 -46.79 -0.25 -2.53 -45.63 -0.25 2.63 -44.52 -0.25 2.45
3 4 -46.79 -0.25 -2.53 -44.52 -0.25 2.45 -43.6 -0.25 2.52
3 4 -37.29 -0.25 2.45 -36.39 -0.25 2.52 -28.56 -0.25 -2.53
3 4 -36.39 -0.25 2.52 -34.32 -0.25 2.5 -28.56 -0.25 -2.53
3 4 -28.56 -0.25 -2.53 -31.94 -0.25 2.73 -31.04 -0.25 3.57
3 4 -28.56 -0.25 -2.53 -31.04 -0.25 3.57 -30.43 -0.25 4.34
4 4 -46.79 -0.25 -2.53 -43.6 -0.25 2.52 -42.32 -0.25 2.54 -41.35 -0.25 2.38
3 4 -46.79 -0.25 16.47 -42.5 -0.25 10.79 -43.24 -0.25 10.77
3 4 -46.79 -0.25 16.47 -43.24 -0.25 10.77 -43.96 -0.25 10.32
3 4 -46.79 -0.25 16.47 -43.96 -0.25 10.32 -44.57 -0.25 9.64
3 4 -46.79 -0.25 16.47 -44.57 -0.25 9.64 -45.47 -0.25 7.98
3 15 11.86 -0.25 15.92 13.3 -0.25 6.8 12.71 -0.25 4.5
3 15 11.86 -0.25 15.92 12.71 -0.25 4.5 12.21 -0.25 1.23
3 15 13.72 -0.25 10.61 15.23 -0.25 9.33 13.97 -0.25 8.12
3 15 13.72 -0.25 10.61 13.97 -0.25 8.12 13.3 -0.25 6.8
3 15 24.4 -0.25 10.43 26.93 -0.25 7.35 26.33 -0.25 5.85
3 15 24.4 -0.25 10.43 26.33 -0.25 5.85 25.74 -0.25 3.36
3 0 -28.71 -0.25 19 -23.72 -0.25 16.73 -24.25 -0.25 16.4
3 0 -28.71 -0.25 19 -24.25 -0.25 16.4 -24.6 -0.25 15.89
3 0 -28.56 -0.25 16.47 -24.74 -0.25 15.26 -24.42 -0.25 14.71
3 0 -24.42 -0.25 14.71 -24.07 -0.25 14.39 -22.21 -0.25 -1.04
3 0 -28.56 -0.25 -2.53 -22.21 -0.25 -1.04 -22.21 -0.25 -1.66
3 0 -28.56 -0.25 -2.53 -22.21 -0.25 -1.66 -22 -0.25 -2.36
3 0 -22 -0.25 -2.36 -21.4 -0.25 -2.65 -21.4 -0.25 -5.28
3 0 -21.4 -0.25 -2.65 -20.77 -0.25 -2.69 -21.4 -0.25 -5.28
3 0 -19.72 -0.25 -1.55 -16.59 -0.25 3.98 -16.42 -0.25 2.11
3 0 -19.72 -0.25 -1.55 -16.42 -0.25 2.11 -15.89 -0.25 0.54
3 0 -17.36 -0.25 14.2 -14.52 -0.25 9.11 -15.75 -0.25 7.24
3 0 -17.36 -0.25 14.2 -15.75 -0.25 7.24 -16.35 -0.25 5.7
3 0 -13.6 -0.25 -5.28 -13.5 -0.25 -1.95 -12.34 -0.25 -2.43
3 0 -13.6 -0.25 -5.28 -12.34 -0.25 -2.43 -11.08 -0.25 -2.65
3 0 -3.67 -0.25 -5.28 -3.8 -0.25 -2.65 -3.17 -0.25 -2.5
3 0 -3.67 -0.25 -5.28 -3.17 -0.25 -2.5 -2.58 -0.25 -1.88
3 0 -2.5 -0.25 -0.96 -2.05 -0.25 3.14 -1.59 -0.25 1.64
3 0 -2.5 -0.25 -0.96 -1.59 -0.25 1.64 -0.79 -0.25 0.14
3 0 -3.67 -0.25 -5.28 1.36 -0.25 -1.7 3.22 -0.25 -2.47
3 0 -3.67 -0.25 -5.28 3.22 -0.25 -2.47 4.38 -0.25 -2.69
3 0 2.66 -0.25 11.64 11.86 -0.25 15.92 4.06 -0.25 11.89
3 0 4.06 -0.25 11.89 11.86 -0.25 15.92 8.17 -0.25 11.97
3 0 8.17 -0.25 11.97 11.86 -0.25 15.92 8.8 -0.25 11.53
3 0 8.8 -0.25 11.53 11.86 -0.25 15.92 8.98 -0.25 10.72
3 0 7.79 -0.25 9.4 8.28 -0.25 9.62 9.58 -0.25 -0.31
3 0 9.58 -0.25 -0.31 8.28 -0.25 9.62 8.8 -0.25 10.1
3 0 11.76 -0.25 19 12.46 -0.25 16.47 11.86 -0.25 15.92
3 0 11.76 -0.25 19 13.55 -0.25 16.66 12.46 -0.25 16.47
3 0 14.46 -0.25 15.34 14.88 -0.25 11.38 13.72 -0.25 10.61
3 0 14.46 -0.25 15.34 16.64 -0.25 12.11 14.88 -0.25 11.38
3 0 14.46 -0.25 15.34 18.33 -0.25 12.22 16.64 -0.25 12.11
3 0 14.46 -0.25 15.34 19.8 -0.25 11.89 18.33 -0.25 12.22
3 0 21.84 -0.25 9.73 24.4 -0.25 10.43 22.12 -0.25 7.72
3 0 22.12 -0.25 7.72 24.4 -0.25 10.43 21.94 -0.25 5.67
3 0 34.69 -0.25 10.57 38.13 -0.25 11.27 35.36 -0.25 9.18
3 0 35.36 -0.25 9.18 38.13 -0.25 11.27 35.47 -0.25 7.64
3 0 37.12 -0.25 -2.72 37.99 -0.25 -2.39 37.53 -0.25 -5.28
3 0 37.99 -0.25 -2.39 38.63 -0.25 -1.62 37.53 -0.25 -5.28
3 0 38.63 -0.25 -1.62 41.65 -0.25 6.07 41.65 -0.25 3.87
3 0 38.63 -0.25 -1.62 41.65 -0.25 3.87 42 -0.25 2
3 0 38.63 -0.25 -1.62 42 -0.25 2 43.05 -0.25 0.25
3 0 38.63 -0.25 -1.62 43.05 -0.25 0.25 44.35 -0.25 -1.18
3 0 38.63 -0.25 -1.62 44.35 -0.25 -1.18 45.83 -0.25 -2.06
3 0 38.63 -0.25 -1.62 45.83 -0.25 -2.06 47.45 -0.25 -2.65
3 0 40.49 -0.25 10.79 43.65 -0.25 10.03 42.38 -0.25 8.23
3 0 40.49 -0.25 10.79 42.38 -0.25 8.23 41.65 -0.25 6.07
3 0 38.91 -0.25 12.04 39.92 -0.25 13.54 39.54 -0.25 12.11
3 0 39.92 -0.25 13.54 40.28 -0.25 11.71 39.54 -0.25 12.11
3 0 54.12 -0.25 10.54 79 -0.25 19 53.7 -0.25 9.81
3 0 54.15 -0.25 11.34 79 -0.25 19 54.12 -0.25 10.54
3 0 53.8 -0.25 -0.78 79 -0.25 -5.28 53.98 -0.25 -1.55
3 0 53.98 -0.25 -1.55 79 -0.25 -5.28 53.63 -0.25 -2.25
3 0 37.79 -0.25 -11.08 41.47 -0.25 -15.22 41.19 -0.25 -15.65
3 0 37.79 -0.25 -11.08 47.16 -0.25 -12.25 41.47 -0.25 -15.22
3 0 37.79 -0.25 -19 44.07 -0.25 -16.93 44.03 -0.25 -17.34
3 0 37.79 -0.25 -19 44.03 -0.25 -17.34 45.79 -0.25 -17.34
3 0 49.53 -0.25 -11.08 53.98 -0.25 -13.64 51.69 -0.25 -13.6
3 0 51.69 -0.25 -13.6 53.98 -0.25 -13.64 52.22 -0.25 -14.52
3 0 62.52 -0.25 -12.5 63.5 -0.25 -13.6 63.5 -0.25 -14.04
3 0 62.52 -0.25 -12.5 65.47 -0.25 -13.64 63.5 -0.25 -13.6
3 0 61.63 -0.25 -19 61.18 -0.25 -17.37 63.01 -0.25 -17.41
3 0 61.63 -0.25 -19 63.01 -0.25 -17.41 65.71 -0.25 -17.45
3 0 61.63 -0.25 -19 65.71 -0.25 -17.45 67.64 -0.25 -17.45
3 0 63.01 -0.25 -17.41 64.97 -0.25 -16.28 65.71 -0.25 -17.45
3 0 62.52 -0.25 -12.5 68.3 -0.25 -11.08 65.47 -0.25 -13.64
3 0 65.47 -0.25 -13.64 68.3 -0.25 -11.08 67.75 -0.25 -13.68
3 0 67.75 -0.25 -13.68 68.3 -0.25 -11.08 69.96 -0.25 -13.75
3 0 65.47 -0.25 -13.64 67.75 -0.25 -13.68 65.99 -0.25 -14.55
3 15 -40.97 -0.25 7.92 -39.23 -0.25 6.55 -39.91 -0.25 6.42
3 15 -40.97 -0.25 7.92 -39.91 -0.25 6.42 -40.22 -0.25 6.3
3 4 -34.32 -0.25 2.5 -33.13 -0.25 2.45 -28.56 -0.25 -2.53
3 4 -33.13 -0.25 2.45 -31.94 -0.25 2.73 -28.56 -0.25 -2.53

0 thin box
4 0 79 0 -19 79 0 19 -79 0 19 -79 0 -19
4 0 -79 -0.25 -19 79 -0.25 -19 79 0 -19 -79 0 -19
4 0 79 -0.25 -19 79 -0.25 19 79 0 19 79 0 -19
4 0 79 -0.25 19 -79 -0.25 19 -79 0 19 79 0 19
4 0 -79 -0.25 19 -79 -0.25 -19 -79 0 -19 -79 0 19

0
