0 ~Electric Power Functions 2.0 Hub Battery Box Side
0 Name: s\19079s01.dat
0 Author: Philippe Hurbain [Philo]
0 !LDRAW_ORG Subpart UPDATE 2016-01
0 !LICENSE Redistributable under CCAL version 2.0 : see CAreadme.txt

0 BFC CERTIFY CCW

0 !HISTORY 2016-12-31 [PTadmin] Official Update 2016-01

1 16 50 18 20 0 0 -1 0 -1.5 0 1 0 0 stud3a.dat
1 16 50 18 20 0 0 -1 0 1 0 1 0 0 cylj4x8.dat
1 16 50 10 20 0 -1 0 0 0 1 1 0 0 connhol3.dat
1 16 40 10 20 0 1 0 0 0 1 -1 0 0 peghole5.dat
1 16 40 10 20 0 -1 0 0 0 8 8 0 0 2-4disc.dat
2 24 44 10 28 44 4 28
0 BFC INVERTNEXT
1 16 50 10 10 0 0 -6 0 -6 0 2 0 0 box5-4a.dat
2 24 56 4 28 56 4 36
1 16 48 14 36 -8 0 0 0 0 10 0 1 0 rect.dat
1 16 44 10 20 0 12 0 0 0 8 8 0 0 2-4cylo.dat
1 16 50 7 28 0 0 6 -3 0 0 0 -1 0 rect2p.dat
1 16 40 10 20 0 -1 0 0 0 9 9 0 0 2-4ndis.dat
1 16 56 10 20 0 1 0 0 0 8 8 0 0 2-4ndis.dat
4 16 56 18 12 56 18 8 56 10 8 56 10 12
1 16 40 14 33.5 0 -1 0 -10 0 0 0 0 -2.5 rect2a.dat
4 16 56 24 36 56 18 28 56 4 28 56 4 36
4 16 40 24 40 60 24 40 56 24 36 40 24 36
1 16 60 10 20 0 -1 0 0 0 9 9 0 0 4-4ndis.dat
4 16 60 19 11 60 1 11 60 1 9 60 19 9
4 16 60 24 40 60 0 40 60 1 29 60 19 29
1 16 40 5 20 0 -1 0 -5 0 0 0 0 -8 rect1.dat
4 16 42 0 8 42 0 12 40 0 12 40 0 8
4 16 40 0 40 40 0 28 42 0 28 60 0 40
1 16 40 10 20 0 4 0 0 0 9 9 0 0 2-4cylo.dat
1 16 44 10 20 0 -1 0 0 0 1 1 0 0 2-4ring8.dat
1 16 42 10 10 0 0 2 0 14 0 -1 0 0 box4-3p.dat
1 16 42 24 30 0 0 2 0 -1 0 1 0 0 rect.dat
4 16 44 24 31 44 4 31 44 10 29 44 24 29
1 16 42 14 31 0 0 2 -10 0 0 0 -1 0 rect2a.dat
1 16 42 17 29 2 0 0 0 0 -7 0 1 0 rect3.dat
4 16 44 4 31 44 4 28 44 10 28 44 10 29
1 16 50 18 -20 0 0 -1 0 -1.5 0 -1 0 0 stud3a.dat
1 16 50 18 -20 0 0 -1 0 1 0 -1 0 0 cylj4x8.dat
1 16 50 10 -20 0 -1 0 0 0 1 -1 0 0 connhol3.dat
1 16 40 10 -20 0 1 0 0 0 1 1 0 0 peghole5.dat
1 16 40 10 -20 0 -1 0 0 0 8 -8 0 0 2-4disc.dat
2 24 44 10 -28 44 4 -28
0 BFC INVERTNEXT
1 16 50 10 -10 0 0 -6 0 -6 0 -2 0 0 box5-4a.dat
2 24 56 4 -28 56 4 -36
1 16 48 14 -36 8 0 0 0 0 10 0 -1 0 rect.dat
1 16 44 10 -20 0 12 0 0 0 8 -8 0 0 2-4cylo.dat
1 16 50 7 -28 0 0 6 3 0 0 0 1 0 rect2p.dat
1 16 40 10 -20 0 -1 0 0 0 9 -9 0 0 2-4ndis.dat
1 16 56 10 -20 0 1 0 0 0 8 -8 0 0 2-4ndis.dat
4 16 56 10 -12 56 10 -8 56 18 -8 56 18 -12
1 16 40 14 -33.5 0 -1 0 0 0 -10 2.5 0 0 rect2a.dat
4 16 56 4 -36 56 4 -28 56 18 -28 56 24 -36
4 16 40 24 -36 56 24 -36 60 24 -40 40 24 -40
1 16 60 10 -20 0 -1 0 0 0 9 -9 0 0 4-4ndis.dat
4 16 60 19 -9 60 1 -9 60 1 -11 60 19 -11
4 16 60 19 -29 60 1 -29 60 0 -40 60 24 -40
1 16 40 5 -20 0 -1 0 -5 0 0 0 0 -8 rect1.dat
4 16 40 0 -8 40 0 -12 42 0 -12 42 0 -8
4 16 60 0 -40 42 0 -28 40 0 -28 40 0 -40
1 16 40 10 -20 0 4 0 0 0 9 -9 0 0 2-4cylo.dat
1 16 44 10 -20 0 -1 0 0 0 1 -1 0 0 2-4ring8.dat
1 16 42 10 -10 0 0 2 0 14 0 1 0 0 box4-3p.dat
1 16 42 24 -30 0 0 -2 0 -1 0 -1 0 0 rect.dat
4 16 44 24 -29 44 10 -29 44 4 -31 44 24 -31
1 16 42 14 -31 2 0 0 0 0 -10 0 1 0 rect2a.dat
1 16 42 17 -29 -2 0 0 0 0 -7 0 -1 0 rect3.dat
4 16 44 10 -29 44 10 -28 44 4 -28 44 4 -31
1 16 50 18 0 0 0 -1 0 -1.5 0 1 0 0 stud3a.dat
1 16 50 18 0 0 0 -1 0 1 0 1 0 0 cylj4x8.dat
1 16 50 10 0 0 -1 0 0 0 1 1 0 0 connhol3.dat
1 16 40 10 0 0 1 0 0 0 1 -1 0 0 peghole5.dat
1 16 40 10 0 0 -1 0 0 0 8 8 0 0 2-4disc.dat
2 24 56 24 36 56 24 -36
2 24 60 24 40 60 24 -40
1 16 44 10 0 0 12 0 0 0 8 8 0 0 2-4cylo.dat
1 16 56 10 0 0 1 0 0 0 8 8 0 0 2-4ndis.dat
4 16 40 24 29 40 19 29 40 19 -29 40 24 -29
4 16 56 24 36 56 24 -36 56 18 -28 56 18 28
4 16 60 24 40 60 24 -40 56 24 -36 56 24 36
1 16 60 10 0 0 -1 0 0 0 9 9 0 0 4-4ndis.dat
4 16 60 24 40 60 19 29 60 19 -29 60 24 -40
4 16 60 0 40 60 0 -40 60 1 -29 60 1 29
1 16 40 5 0 0 -1 0 -5 0 0 0 0 -8 rect1.dat
4 16 60 0 40 42 0 28 42 0 -28 60 0 -40
1 16 40 10 0 0 -1 0 0 0 9 9 0 0 2-4ndis.dat
1 16 40 10 0 0 4 0 0 0 9 9 0 0 2-4cylo.dat
1 16 44 10 0 0 -1 0 0 0 1 1 0 0 2-4ring8.dat
2 24 44 4 -31 44 4 -28
2 24 44 4 28 44 4 31
1 16 50 12 -40 0 0 10 12 0 0 0 1 0 rect.dat
1 16 50 12 40 -10 0 0 0 0 -12 0 -1 0 rect.dat
2 24 40 24 36 40 24 40
2 24 40 24 -40 40 24 -36
2 24 40 24 9 40 24 11
2 24 40 24 -11 40 24 -9
4 16 40 4 -36 40 4 -31 44 4 -31 56 4 -36
4 16 56 4 -36 44 4 -31 44 4 -28 56 4 -28
2 24 44 4 -28 56 4 -28
4 16 56 4 28 44 4 28 44 4 31 56 4 36
4 16 44 4 31 40 4 31 40 4 36 56 4 36
2 24 44 4 28 56 4 28
2 24 60 0 40 60 0 -40
2 24 40 0 -80 40 0 -40
4 16 40 0 -40 40 0 -80 40 48 -80 40 24 -40
3 16 40 24 -36 40 24 -40 40 48 -80
2 24 40 48 -80 40 0 -80
3 16 40 24 40 40 24 36 40 48 80
2 24 40 48 80 40 8 80
4 16 40 48 80 40 24 36 40 24 -36 40 48 -80
2 24 40 48 80 40 48 -80
1 16 40 5 61 0 -4 0 -5 0 0 0 0 5 1-8cylo.dat
1 16 40 5 61 0 -1 0 -5 0 0 0 0 5 1-8chrd.dat
1 16 40 1 72 0 -1 0 7 0 0 0 0 -7 1-8ndis.dat
0 BFC INVERTNEXT
1 16 40 1 72 0 -4 0 7 0 0 0 0 -7 1-8cylo.dat
2 24 40 0 40 40 0 61
2 24 40 8 72 40 8 80
4 16 40 0 61 40 0 40 40 24 40 40 1.4645 64.5355
4 16 40 24 40 40 8 65 40 5.9497 67.0503 40 1.4645 64.5355
4 16 40 8 72 40 8 65 40 24 40 40 48 80
3 16 40 48 80 40 8 80 40 8 72
1 16 38 3.7071 65.7929 0 0 2 -2.2426 0 0 -1.2574 -1 0 rect2p.dat
2 24 36 8 72 36 8 76
4 16 40 8 80 36 8 76 36 8 72 40 8 72
4 16 36 0 -76 40 0 -80 40 0 61 36 0 61
2 24 36 0 61 36 0 -76
2 24 36 40 76 36 40 -76
4 16 40 48 -80 36 48 -76 36 48 76 40 48 80
2 24 36 8 76 36 40 76
2 24 36 0 -76 36 40 -76
1 16 36 1 72 0 1 0 7 0 0 0 0 -7 1-8ndis.dat
1 16 36 5 61 0 1 0 -5 0 0 0 0 5 1-8chrd.dat
4 16 36 1.4645 64.5355 36 5.9497 67.0503 36 8 65 36 0 61
4 16 36 0 -76 36 0 61 36 8 65 36 40 -76
4 16 36 8 72 36 40 76 36 40 -76 36 8 65
3 16 36 8 72 36 8 76 36 40 76
1 16 36 6 -54.5 0 -4 0 -2 0 0 0 0 -4.5 box5.dat
1 16 36 6 60.5 0 -4 0 -2 0 0 0 0 -4.5 box5.dat
5 24 40 5.9497 67.0503 36 5.9497 67.0503 36 1.4645 64.5355 40 7.4673 69.3211
5 24 36 1.4645 64.5355 40 1.4645 64.5355 40 5.9497 67.0503 40 0.3805 62.9135