0 Sticker  3.3 x  3.5 with Mail Logo
0 Name: 194215a.dat
0 Author: Chris Dee [cwdee]
0 !LDRAW_ORG Part UPDATE 2011-02
0 !LICENSE Redistributable under CCAL version 2.0 : see CAreadme.txt

0 BFC CERTIFY CW

0 !HISTORY 2011-12-29 [PTadmin] Official Update 2011-02

1 16 0 -0.25 0 34.5 0 0 0 0.25 0 0 0 32.5 box5-12.dat
1 16 0 -0.25 0 2.1 0 0 0 1 0 0 0 2.1 s\4346p03b.dat

1 4 26 -0.25 24 6 0 0 0 1 0 0 0 6 1-4disc.dat
1 4 26 -0.25 -24 0 0 6 0 1 0 -6 0 0 1-4disc.dat
1 4 -26 -0.25 -24 -6 0 0 0 1 0 0 0 -6 1-4disc.dat
1 4 -26 -0.25 24 0 0 -6 0 1 0 6 0 0 1-4disc.dat
4 4 -26 -0.25 24 -26 -0.25 30 26 -0.25 30 26 -0.25 24
4 4 -26 -0.25 -30 -26 -0.25 -24 26 -0.25 -24 26 -0.25 -30
4 4 -32 -0.25 24 -26.082 -0.25 18.9 -26.082 -0.25 -18.9 -32 -0.25 -24
4 4 32 -0.25 -24 26.082 -0.25 -18.9 26.082 -0.25 18.9 32 -0.25 24
4 4 -26 -0.25 24 26 -0.25 24 26.082 -0.25 18.9 -26.082 -0.25 18.9
3 4 -32 -0.25 24 -26 -0.25 24 -26.082 -0.25 18.9
3 4 32 -0.25 24 26.082 -0.25 18.9 26 -0.25 24
4 4 26 -0.25 -24 -26 -0.25 -24 -26.082 -0.25 -18.9 26.082 -0.25 -18.9
3 4 32 -0.25 -24 26 -0.25 -24 26.082 -0.25 -18.9
3 4 -32 -0.25 -24 -26.082 -0.25 -18.9 -26 -0.25 -24
1 16 26 -0.25 24 6 0 0 0 1 0 0 0 6 1-4ndis.dat
1 16 26 -0.25 -24 0 0 6 0 1 0 -6 0 0 1-4ndis.dat
1 16 -26 -0.25 -24 -6 0 0 0 1 0 0 0 -6 1-4ndis.dat
1 16 -26 -0.25 24 0 0 -6 0 1 0 6 0 0 1-4ndis.dat
4 16 -34.5 -0.25 32.5 -32 -0.25 24 -32 -0.25 -24 -34.5 -0.25 -32.5
3 16 -34.5 -0.25 -32.5 -32 -0.25 -24 -32 -0.25 -30
3 16 -32 -0.25 30 -32 -0.25 24 -34.5 -0.25 32.5
4 16 34.5 -0.25 -32.5 32 -0.25 -24 32 -0.25 24 34.5 -0.25 32.5
3 16 34.5 -0.25 32.5 32 -0.25 24 32 -0.25 30
3 16 32 -0.25 -30 32 -0.25 -24 34.5 -0.25 -32.5
4 16 -34.5 -0.25 32.5 34.5 -0.25 32.5 26 -0.25 30 -26 -0.25 30
3 16 32 -0.25 30 26 -0.25 30 34.5 -0.25 32.5
3 16 -34.5 -0.25 32.5 -26 -0.25 30 -32 -0.25 30
4 16 34.5 -0.25 -32.5 -34.5 -0.25 -32.5 -26 -0.25 -30 26 -0.25 -30
3 16 -32 -0.25 -30 -26 -0.25 -30 -34.5 -0.25 -32.5
3 16 34.5 -0.25 -32.5 26 -0.25 -30 32 -0.25 -30
