0 Sticker  2.4 x  2.4 with Posthorn and Envelope
0 Name: 195515a.dat
0 Author: Steffen [Steffen]
0 !LDRAW_ORG Part UPDATE 2016-01
0 !LICENSE Redistributable under CCAL version 2.0 : see CAreadme.txt

0 BFC CERTIFY CCW

0 !HISTORY 2011-07-02 [MagFors] Removed T-junctions
0 !HISTORY 2011-07-25 [PTadmin] Official Update 2011-01
0 !HISTORY 2016-07-01 [cwdee] Updated description
0 !HISTORY 2016-12-31 [PTadmin] Official Update 2016-01

1 15 0 -0.25 0 1.8 0 0 0 1.8 0 0 0 1.8 s\4346p03b.dat
4 4 -22.359 -0.25 -22.359 -22.359 -0.25 -24 22.359 -0.25 -24 22.359 -0.25 -22.359
4 4 -22.359 -0.25 24 -22.359 -0.25 22.359 22.359 -0.25 22.359 22.359 -0.25 24
4 4 -22.356 -0.25 -16.2 -22.359 -0.25 -22.359 22.359 -0.25 -22.359 22.356 -0.25 -16.2
4 4 -22.359 -0.25 22.359 -22.356 -0.25 16.2 22.356 -0.25 16.2 22.359 -0.25 22.359
3 4 -22.356 -0.25 16.2 -22.359 -0.25 22.359 -24 -0.25 22.359
4 4 -24 -0.25 22.359 -24 -0.25 -22.359 -22.356 -0.25 -16.2 -22.356 -0.25 16.2
3 4 -24 -0.25 -22.359 -22.359 -0.25 -22.359 -22.356 -0.25 -16.2
3 4 24 -0.25 22.359 22.359 -0.25 22.359 22.356 -0.25 16.2
4 4 22.356 -0.25 16.2 22.356 -0.25 -16.2 24 -0.25 -22.359 24 -0.25 22.359
3 4 22.356 -0.25 -16.2 22.359 -0.25 -22.359 24 -0.25 -22.359
1 4 -22.359 -0.25 -22.359 0 0 -1.64094 0 1 0 -1.64094 0 0 1-4disc.dat
1 4 22.359 -0.25 -22.359 1.64094 0 0 0 1 0 0 0 -1.64094 1-4disc.dat
1 4 22.359 -0.25 22.359 0 0 1.64094 0 1 0 1.64094 0 0 1-4disc.dat
1 4 -22.359 -0.25 22.359 -1.64094 0 0 0 1 0 0 0 1.64094 1-4disc.dat
1 4 -22.359 -0.25 22.359 -1.64094 0 0 0 0.25 0 0 0 1.64094 1-4cyli.dat
1 4 -22.359 -0.25 -22.359 0 0 -1.64094 0 0.25 0 -1.64094 0 0 1-4cyli.dat
1 4 22.359 -0.25 -22.359 1.64094 0 0 0 0.25 0 0 0 -1.64094 1-4cyli.dat
1 4 22.359 -0.25 22.359 0 0 1.64094 0 0.25 0 1.64094 0 0 1-4cyli.dat
4 4 22.359 0 -24 22.359 -0.25 -24 -22.359 -0.25 -24 -22.359 0 -24
4 4 22.359 -0.25 24 22.359 0 24 -22.359 0 24 -22.359 -0.25 24
4 4 -24 0 22.359 -24 0 -22.359 -24 -0.25 -22.359 -24 -0.25 22.359
4 4 24 -0.25 22.359 24 -0.25 -22.359 24 0 -22.359 24 0 22.359
1 4 -22.359 0 -22.359 -1.64094 0 0 0 -1 0 0 0 -1.64094 1-4disc.dat
1 4 -22.359 0 22.359 0 0 -1.64094 0 -1 0 1.64094 0 0 1-4disc.dat
1 4 22.359 0 22.359 1.64094 0 0 0 -1 0 0 0 1.64094 1-4disc.dat
1 4 22.359 0 -22.359 0 0 1.64094 0 -1 0 -1.64094 0 0 1-4disc.dat
4 4 -22.359 0 -22.359 -22.359 0 22.359 22.359 0 22.359 22.359 0 -22.359
4 4 -24 0 -22.359 -24 0 22.359 -22.359 0 22.359 -22.359 0 -22.359
4 4 22.359 0 -22.359 22.359 0 22.359 24 0 22.359 24 0 -22.359
4 4 -22.359 0 24 22.359 0 24 22.359 0 22.359 -22.359 0 22.359
4 4 -22.359 0 -22.359 22.359 0 -22.359 22.359 0 -24 -22.359 0 -24
