0 Figure Friends Cape Cloth Short with 2 Bottom Curves and 4 Heart Shaped Holes
0 Name: 21490.dat
0 Author: Philippe Hurbain [Philo]
0 !LDRAW_ORG Part UPDATE 2017-01
0 !LICENSE Redistributable under CCAL version 2.0 : see CAreadme.txt

0 BFC CERTIFY CCW

0 !CATEGORY Canvas
0 !KEYWORDS Cloak, Shawl, Drape, Poncho, Neckwear

0 !HISTORY 2017-12-30 [PTadmin] Official Update 2017-01

4 16 -18.52 0 15.04 -19.98 0 16.02 -19.98 -0.3 16.02 -18.52 -0.3 15.04
4 16 -19.98 0 16.02 -20.96 0 17.48 -20.96 -0.3 17.48 -19.98 -0.3 16.02
4 16 -15.08 0 15.04 -16.8 0 14.7 -16.8 -0.3 14.7 -15.08 -0.3 15.04
4 16 -16.8 0 14.7 -18.52 0 15.04 -18.52 -0.3 15.04 -16.8 -0.3 14.7
4 16 -12.64 0 17.48 -13.62 0 16.02 -13.62 -0.3 16.02 -12.64 -0.3 17.48
4 16 -13.62 0 16.02 -15.08 0 15.04 -15.08 -0.3 15.04 -13.62 -0.3 16.02
4 16 -12.64 0 20.92 -12.3 0 19.2 -12.3 -0.3 19.2 -12.64 -0.3 20.92
4 16 -12.3 0 19.2 -12.64 0 17.48 -12.64 -0.3 17.48 -12.3 -0.3 19.2
4 16 -15.08 0 23.36 -13.62 0 22.38 -13.62 -0.3 22.38 -15.08 -0.3 23.36
4 16 -13.62 0 22.38 -12.64 0 20.92 -12.64 -0.3 20.92 -13.62 -0.3 22.38
4 16 -18.52 0 23.36 -16.8 0 23.7 -16.8 -0.3 23.7 -18.52 -0.3 23.36
4 16 -16.8 0 23.7 -15.08 0 23.36 -15.08 -0.3 23.36 -16.8 -0.3 23.7
4 16 -20.96 0 20.92 -19.98 0 22.38 -19.98 -0.3 22.38 -20.96 -0.3 20.92
4 16 -19.98 0 22.38 -18.52 0 23.36 -18.52 -0.3 23.36 -19.98 -0.3 22.38
4 16 -20.96 0 17.48 -21.3 0 19.2 -21.3 -0.3 19.2 -20.96 -0.3 17.48
4 16 -21.3 0 19.2 -20.96 0 20.92 -20.96 -0.3 20.92 -21.3 -0.3 19.2
4 16 4.5 0 0 4.16 0 -1.72 4.16 -0.3 -1.72 4.5 -0.3 0
4 16 4.16 0 -1.72 3.18 0 -3.18 3.18 -0.3 -3.18 4.16 -0.3 -1.72
4 16 3.18 0 3.18 4.16 0 1.72 4.16 -0.3 1.72 3.18 -0.3 3.18
4 16 4.16 0 1.72 4.5 0 0 4.5 -0.3 0 4.16 -0.3 1.72
4 16 0 0 4.5 1.72 0 4.16 1.72 -0.3 4.16 0 -0.3 4.5
4 16 1.72 0 4.16 3.18 0 3.18 3.18 -0.3 3.18 1.72 -0.3 4.16
4 16 -3.18 0 3.18 -1.72 0 4.16 -1.72 -0.3 4.16 -3.18 -0.3 3.18
4 16 -1.72 0 4.16 0 0 4.5 0 -0.3 4.5 -1.72 -0.3 4.16
4 16 -4.5 0 0 -4.16 0 1.72 -4.16 -0.3 1.72 -4.5 -0.3 0
4 16 -4.16 0 1.72 -3.18 0 3.18 -3.18 -0.3 3.18 -4.16 -0.3 1.72
4 16 -3.18 0 -3.18 -4.16 0 -1.72 -4.16 -0.3 -1.72 -3.18 -0.3 -3.18
4 16 -4.16 0 -1.72 -4.5 0 0 -4.5 -0.3 0 -4.16 -0.3 -1.72
4 16 0 0 -4.5 -1.72 0 -4.16 -1.72 -0.3 -4.16 0 -0.3 -4.5
4 16 -1.72 0 -4.16 -3.18 0 -3.18 -3.18 -0.3 -3.18 -1.72 -0.3 -4.16
4 16 3.18 0 -3.18 1.72 0 -4.16 1.72 -0.3 -4.16 3.18 -0.3 -3.18
4 16 1.72 0 -4.16 0 0 -4.5 0 -0.3 -4.5 1.72 -0.3 -4.16
4 16 15.5 0 31.3 13.2 0 29.9 13.2 -0.3 29.9 15.5 -0.3 31.3
4 16 13.2 0 29.9 10.1 0 27.4 10.1 -0.3 27.4 13.2 -0.3 29.9
4 16 -10.1 0 27.4 -13.2 0 29.9 -13.2 -0.3 29.9 -10.1 -0.3 27.4
4 16 -13.2 0 29.9 -15.5 0 31.3 -15.5 -0.3 31.3 -13.2 -0.3 29.9
3 16 6.1 -.3 11.6 6.1 0 11.6 -6.1 -.3 11.6
3 16 6.1 0 11.6 -6.1 0 11.6 -6.1 -.3 11.6
4 16 18.52 0 15.04 16.8 0 14.7 16.8 -0.3 14.7 18.52 -0.3 15.04
4 16 16.8 0 14.7 15.08 0 15.04 15.08 -0.3 15.04 16.8 -0.3 14.7
4 16 20.96 0 17.48 19.98 0 16.02 19.98 -0.3 16.02 20.96 -0.3 17.48
4 16 19.98 0 16.02 18.52 0 15.04 18.52 -0.3 15.04 19.98 -0.3 16.02
4 16 20.96 0 20.92 21.3 0 19.2 21.3 -0.3 19.2 20.96 -0.3 20.92
4 16 21.3 0 19.2 20.96 0 17.48 20.96 -0.3 17.48 21.3 -0.3 19.2
4 16 18.52 0 23.36 19.98 0 22.38 19.98 -0.3 22.38 18.52 -0.3 23.36
4 16 19.98 0 22.38 20.96 0 20.92 20.96 -0.3 20.92 19.98 -0.3 22.38
4 16 15.08 0 23.36 16.8 0 23.7 16.8 -0.3 23.7 15.08 -0.3 23.36
4 16 16.8 0 23.7 18.52 0 23.36 18.52 -0.3 23.36 16.8 -0.3 23.7
4 16 12.64 0 20.92 13.62 0 22.38 13.62 -0.3 22.38 12.64 -0.3 20.92
4 16 13.62 0 22.38 15.08 0 23.36 15.08 -0.3 23.36 13.62 -0.3 22.38
4 16 12.64 0 17.48 12.3 0 19.2 12.3 -0.3 19.2 12.64 -0.3 17.48
4 16 12.3 0 19.2 12.64 0 20.92 12.64 -0.3 20.92 12.3 -0.3 19.2
4 16 15.08 0 15.04 13.62 0 16.02 13.62 -0.3 16.02 15.08 -0.3 15.04
4 16 13.62 0 16.02 12.64 0 17.48 12.64 -0.3 17.48 13.62 -0.3 16.02
3 16 13.62 -0.3 16.02 11.9 -0.3 10.4 15.08 -0.3 15.04
4 16 15.7 -0.3 7.2 16.8 -0.3 14.7 15.08 -0.3 15.04 11.9 -0.3 10.4
4 16 16.9 -0.3 7.5 18.52 -0.3 15.04 16.8 -0.3 14.7 15.7 -0.3 7.2
4 16 18.3 -0.3 6.9 19.98 -0.3 16.02 18.52 -0.3 15.04 16.9 -0.3 7.5
4 16 32.3 -0.3 16.6 20.96 -0.3 17.48 19.98 -0.3 16.02 18.3 -0.3 6.9
3 16 32.3 -0.3 16.6 18.3 -0.3 6.9 33.3 -0.3 13.2
4 16 19 -0.3 5.6 34.3 -0.3 9.4 33.3 -0.3 13.2 18.3 -0.3 6.9
4 16 19 -0.3 4.1 35.1 -0.3 2 34.3 -0.3 9.4 19 -0.3 5.6
3 16 19 -0.3 4.1 36.5 -0.3 -10 35.1 -0.3 2
4 16 19 -0.3 4.1 18.3 -0.3 2.8 37.5 -0.3 -22.1 36.5 -0.3 -10
4 16 18.3 -0.3 2.8 35.4 -0.3 -34.2 38.3 -0.3 -31.4 37.5 -0.3 -22.1
4 16 26.9 -0.3 -26.7 18.3 -0.3 2.8 22.39 -0.3 -26 26.4 -0.3 -27.2
3 16 26 -0.3 -28.8 26.4 -0.3 -27.2 22.39 -0.3 -26
4 16 26 -0.3 -28.8 22.39 -0.3 -26 24.1 -0.3 -31.1 25.2 -0.3 -30.1
3 16 22.39 -0.3 -26 23.9 -0.3 -31.9 24.1 -0.3 -31.1
4 16 24.3 -0.3 -38.9 23.9 -0.3 -31.9 22.39 -0.3 -26 18.5 -0.3 -39.8
3 16 23.9 -0.3 -31.9 24.3 -0.3 -38.9 24.3 -0.3 -32.5
3 16 24.3 -0.3 -32.5 24.3 -0.3 -38.9 25.2 -0.3 -32.6
3 16 24.3 -0.3 -38.9 26.3 -0.3 -32.1 25.2 -0.3 -32.6
4 16 24.3 -0.3 -38.9 30.9 -0.3 -30.6 29.7 -0.3 -30.6 26.3 -0.3 -32.1
4 16 27.3 -0.3 -31.2 26.3 -0.3 -32.1 29.7 -0.3 -30.6 28.9 -0.3 -30.3
4 16 27.3 -0.3 -31.2 28.9 -0.3 -30.3 28.2 -0.3 -30.2 27.6 -0.3 -30.6
4 16 24.3 -0.3 -38.9 35.4 -0.3 -34.2 31.7 -0.3 -30.3 30.9 -0.3 -30.6
3 16 31.9 -0.3 -29.7 31.7 -0.3 -30.3 35.4 -0.3 -34.2
3 16 31.8 -0.3 -29.2 31.9 -0.3 -29.7 35.4 -0.3 -34.2
3 16 18.3 -0.3 2.8 31.8 -0.3 -29.2 35.4 -0.3 -34.2
3 16 18.3 -0.3 2.8 31.4 -0.3 -28.9 31.8 -0.3 -29.2
3 16 29.8 -0.3 -28.6 31.4 -0.3 -28.9 18.3 -0.3 2.8
4 16 29.8 -0.3 -28.6 18.3 -0.3 2.8 27.6 -0.3 -26.9 28.4 -0.3 -27.8
3 16 24.3 -0.3 -38.9 30.3 -0.3 -37 35.4 -0.3 -34.2
4 16 22.39 -0.3 -26 18.3 -0.3 2.8 16.9 -0.3 2.2 18.5 -0.3 -39.8
3 16 16.9 -0.3 2.2 16.78 -0.3 -32.82 18.5 -0.3 -39.8
3 16 16.78 -0.3 -32.82 16.66 -0.3 -33.31 18.5 -0.3 -39.8
3 16 16.66 -0.3 -33.31 16.22 -0.3 -33.77 18.5 -0.3 -39.8
3 16 15.37 -0.3 -33.71 18.5 -0.3 -39.8 16.22 -0.3 -33.77
4 16 15.37 -0.3 -33.71 5.6 -0.3 -38.2 9 -0.3 -39.7 18.5 -0.3 -39.8
3 16 18.5 -0.3 -39.8 9 -0.3 -39.7 13.6 -0.3 -40.1
4 16 15.37 -0.3 -33.71 14.28 -0.3 -33.2 10.57 -0.3 -33.12 5.6 -0.3 -38.2
3 16 9.36 -0.3 -33.11 5.6 -0.3 -38.2 10.57 -0.3 -33.12
3 16 8.59 -0.3 -32.64 5.6 -0.3 -38.2 9.36 -0.3 -33.11
3 16 8.48 -0.3 -31.93 5.6 -0.3 -38.2 8.59 -0.3 -32.64
4 16 8.43 -0.3 -26.18 2.4 -0.3 -35.7 5.6 -0.3 -38.2 8.48 -0.3 -31.93
3 16 8.43 -0.3 -26.18 8.48 -0.3 -31.93 9 -0.3 -31.28
3 16 8.43 -0.3 -26.18 9 -0.3 -31.28 10.42 -0.3 -30.84
4 16 11.69 -0.3 -30 12.73 -0.3 -28.72 8.43 -0.3 -26.18 10.42 -0.3 -30.84
3 16 13.39 -0.3 -28.48 8.43 -0.3 -26.18 12.73 -0.3 -28.72
4 16 13.39 -0.3 -28.48 16.9 -0.3 2.2 15.2 -0.3 2.5 8.43 -0.3 -26.18
4 16 15.2 -0.3 2.5 0 -0.3 -34.7 2.4 -0.3 -35.7 8.43 -0.3 -26.18
4 16 15.2 -0.3 2.5 4.16 -0.3 -1.72 3.18 -0.3 -3.18 0 -0.3 -34.7
3 16 3.18 -0.3 -3.18 1.72 -0.3 -4.16 0 -0.3 -34.7
3 16 1.72 -0.3 -4.16 0 -0.3 -4.5 0 -0.3 -34.7
3 16 0 -0.3 -34.7 0 -0.3 -4.5 -1.72 -0.3 -4.16
3 16 0 -0.3 -34.7 -1.72 -0.3 -4.16 -3.18 -0.3 -3.18
3 16 0 -0.3 -34.7 -3.18 -0.3 -3.18 -4.16 -0.3 -1.72
4 16 0 -0.3 -34.7 -4.16 -0.3 -1.72 -15.2 -0.3 2.5 -16.9 -0.3 2.2
4 16 -12.73 -0.3 -28.72 -16.9 -0.3 2.2 -17.42 -0.3 -26.5 -13.39 -0.3 -28.48
3 16 -13.94 -0.3 -28.96 -13.39 -0.3 -28.48 -17.42 -0.3 -26.5
3 16 -14.29 -0.3 -30.11 -13.94 -0.3 -28.96 -17.42 -0.3 -26.5
4 16 -14.29 -0.3 -30.11 -17.42 -0.3 -26.5 -16.54 -0.3 -32.38 -15.22 -0.3 -31.43
3 16 -16.78 -0.3 -32.82 -16.54 -0.3 -32.38 -17.42 -0.3 -26.5
3 16 -18.5 -0.3 -39.8 -16.78 -0.3 -32.82 -17.42 -0.3 -26.5
3 16 -18.5 -0.3 -39.8 -16.66 -0.3 -33.31 -16.78 -0.3 -32.82
3 16 -18.5 -0.3 -39.8 -16.22 -0.3 -33.77 -16.66 -0.3 -33.31
3 16 -16.22 -0.3 -33.77 -18.5 -0.3 -39.8 -15.37 -0.3 -33.71
4 16 -18.5 -0.3 -39.8 -10.57 -0.3 -33.12 -11.86 -0.3 -32.73 -15.37 -0.3 -33.71
3 16 -15.37 -0.3 -33.71 -11.86 -0.3 -32.73 -14.28 -0.3 -33.2
4 16 -12.38 -0.3 -32.31 -13.69 -0.3 -32.59 -14.28 -0.3 -33.2 -11.86 -0.3 -32.73
3 16 -13.69 -0.3 -32.59 -12.38 -0.3 -32.31 -13.09 -0.3 -32.2
4 16 -18.5 -0.3 -39.8 -13.6 -0.3 -40.1 -5.6 -0.3 -38.2 -10.57 -0.3 -33.12
3 16 -10.57 -0.3 -33.12 -5.6 -0.3 -38.2 -9.36 -0.3 -33.11
3 16 -9.36 -0.3 -33.11 -5.6 -0.3 -38.2 -8.59 -0.3 -32.64
4 16 -8.59 -0.3 -32.64 -5.6 -0.3 -38.2 -2.4 -0.3 -35.7 -8.48 -0.3 -31.93
4 16 -8.48 -0.3 -31.93 -2.4 -0.3 -35.7 0 -0.3 -34.7 -16.9 -0.3 2.2
3 16 -9 -0.3 -31.28 -8.48 -0.3 -31.93 -16.9 -0.3 2.2
3 16 -10.42 -0.3 -30.84 -9 -0.3 -31.28 -16.9 -0.3 2.2
3 16 -13.6 -0.3 -40.1 -9 -0.3 -39.7 -5.6 -0.3 -38.2
4 16 -10.42 -0.3 -30.84 -16.9 -0.3 2.2 -12.73 -0.3 -28.72 -11.69 -0.3 -30
4 16 -18.5 -0.3 -39.8 -17.42 -0.3 -26.5 -16.9 -0.3 2.2 -22.39 -0.3 -26
4 16 -23.9 -0.3 -31.9 -18.5 -0.3 -39.8 -22.39 -0.3 -26 -24.1 -0.3 -31.1
3 16 -25.2 -0.3 -30.1 -24.1 -0.3 -31.1 -22.39 -0.3 -26
4 16 -25.2 -0.3 -30.1 -22.39 -0.3 -26 -26.4 -0.3 -27.2 -26 -0.3 -28.8
4 16 -26.4 -0.3 -27.2 -22.39 -0.3 -26 -16.9 -0.3 2.2 -26.9 -0.3 -26.7
3 16 -27.6 -0.3 -26.9 -26.9 -0.3 -26.7 -16.9 -0.3 2.2
3 16 -28.4 -0.3 -27.8 -27.6 -0.3 -26.9 -16.9 -0.3 2.2
4 16 -28.4 -0.3 -27.8 -16.9 -0.3 2.2 -31.4 -0.3 -28.9 -29.8 -0.3 -28.6
3 16 -31.8 -0.3 -29.2 -31.4 -0.3 -28.9 -16.9 -0.3 2.2
3 16 -35.4 -0.3 -34.2 -31.8 -0.3 -29.2 -16.9 -0.3 2.2
4 16 -18.3 -0.3 2.8 -38.3 -0.3 -31.4 -35.4 -0.3 -34.2 -16.9 -0.3 2.2
4 16 -19 -0.3 4.1 -37.5 -0.3 -22.1 -38.3 -0.3 -31.4 -18.3 -0.3 2.8
4 16 -37.5 -0.3 -22.1 -19 -0.3 4.1 -35.1 -0.3 2 -36.5 -0.3 -10
4 16 -19 -0.3 5.6 -34.3 -0.3 9.4 -35.1 -0.3 2 -19 -0.3 4.1
4 16 -18.3 -0.3 6.9 -33.3 -0.3 13.2 -34.3 -0.3 9.4 -19 -0.3 5.6
3 16 -33.3 -0.3 13.2 -18.3 -0.3 6.9 -32.3 -0.3 16.6
4 16 -18.3 -0.3 6.9 -19.98 -0.3 16.02 -20.96 -0.3 17.48 -32.3 -0.3 16.6
3 16 -32.3 -0.3 16.6 -20.96 -0.3 17.48 -21.3 -0.3 19.2
3 16 -32.3 -0.3 16.6 -21.3 -0.3 19.2 -20.96 -0.3 20.92
4 16 -32.3 -0.3 16.6 -20.96 -0.3 20.92 -19.98 -0.3 22.38 -30.2 -0.3 19.6
4 16 -30.2 -0.3 19.6 -19.98 -0.3 22.38 -18.52 -0.3 23.36 -24.6 -0.3 25.9
3 16 -18.52 -0.3 23.36 -16.8 -0.3 23.7 -24.6 -0.3 25.9
4 16 -24.6 -0.3 25.9 -16.8 -0.3 23.7 -15.08 -0.3 23.36 -10.1 -0.3 27.4
4 16 -13.2 -0.3 29.9 -22.3 -0.3 28.8 -24.6 -0.3 25.9 -10.1 -0.3 27.4
4 16 -19 -0.3 30.9 -22.3 -0.3 28.8 -13.2 -0.3 29.9 -15.5 -0.3 31.3
3 16 -15.08 -0.3 23.36 -13.62 -0.3 22.38 -10.1 -0.3 27.4
3 16 -13.62 -0.3 22.38 -12.64 -0.3 20.92 -10.1 -0.3 27.4
3 16 -12.64 -0.3 20.92 -12.3 -0.3 19.2 -10.1 -0.3 27.4
4 16 -10.1 -0.3 27.4 -12.3 -0.3 19.2 -12.64 -0.3 17.48 -9.2 -0.3 12.7
4 16 -5.6 -0.3 16 -6.3 -0.3 24.2 -10.1 -0.3 27.4 -9.2 -0.3 12.7
4 16 -5 -0.3 21.6 -6.3 -0.3 24.2 -5.6 -0.3 16 -4.8 -0.3 18.6
3 16 -9.2 -0.3 12.7 -12.64 -0.3 17.48 -13.62 -0.3 16.02
4 16 -9.2 -0.3 12.7 -13.62 -0.3 16.02 -15.08 -0.3 15.04 -11.9 -0.3 10.4
4 16 -11.9 -0.3 10.4 -15.08 -0.3 15.04 -16.8 -0.3 14.7 -15.7 -0.3 7.2
4 16 -15.7 -0.3 7.2 -16.8 -0.3 14.7 -18.52 -0.3 15.04 -16.9 -0.3 7.5
4 16 -16.9 -0.3 7.5 -18.52 -0.3 15.04 -19.98 -0.3 16.02 -18.3 -0.3 6.9
3 16 -35.4 -0.3 -34.2 -31.9 -0.3 -29.7 -31.8 -0.3 -29.2
3 16 -35.4 -0.3 -34.2 -31.7 -0.3 -30.3 -31.9 -0.3 -29.7
4 16 -35.4 -0.3 -34.2 -30.3 -0.3 -37 -30.9 -0.3 -30.6 -31.7 -0.3 -30.3
4 16 -30.9 -0.3 -30.6 -30.3 -0.3 -37 -24.3 -0.3 -38.9 -25.2 -0.3 -32.6
3 16 -25.2 -0.3 -32.6 -24.3 -0.3 -38.9 -24.3 -0.3 -32.5
4 16 -24.3 -0.3 -32.5 -24.3 -0.3 -38.9 -18.5 -0.3 -39.8 -23.9 -0.3 -31.9
3 16 -25.2 -0.3 -32.6 -26.3 -0.3 -32.1 -30.9 -0.3 -30.6
4 16 -30.9 -0.3 -30.6 -26.3 -0.3 -32.1 -27.3 -0.3 -31.2 -29.7 -0.3 -30.6
4 16 -27.6 -0.3 -30.6 -28.9 -0.3 -30.3 -29.7 -0.3 -30.6 -27.3 -0.3 -31.2
3 16 -28.9 -0.3 -30.3 -27.6 -0.3 -30.6 -28.2 -0.3 -30.2
3 16 -4.16 -0.3 -1.72 -4.5 -0.3 0 -15.2 -0.3 2.5
4 16 -15.2 -0.3 2.5 -4.5 -0.3 0 -4.16 -0.3 1.72 -14.3 -0.3 3.6
4 16 -14.3 -0.3 3.6 -4.16 -0.3 1.72 -12.6 -0.3 6.2 -14.2 -0.3 4.9
4 16 -4.16 -0.3 1.72 -3.18 -0.3 3.18 -9.1 -0.3 9.2 -12.6 -0.3 6.2
4 16 -3.18 -0.3 3.18 -1.72 -0.3 4.16 -6.1 -0.3 11.6 -9.1 -0.3 9.2
4 16 -1.72 -0.3 4.16 0 -0.3 4.5 6.1 -0.3 11.6 -6.1 -0.3 11.6
4 16 6.1 -0.3 11.6 0 -0.3 4.5 1.72 -0.3 4.16 9.1 -0.3 9.2
4 16 9.1 -0.3 9.2 1.72 -0.3 4.16 3.18 -0.3 3.18 12.6 -0.3 6.2
4 16 12.6 -0.3 6.2 3.18 -0.3 3.18 4.16 -0.3 1.72 14.2 -0.3 4.9
4 16 14.2 -0.3 4.9 4.16 -0.3 1.72 4.5 -0.3 0 14.3 -0.3 3.6
4 16 14.3 -0.3 3.6 4.5 -0.3 0 4.16 -0.3 -1.72 15.2 -0.3 2.5
3 16 16.9 -0.3 2.2 13.39 -0.3 -28.48 13.94 -0.3 -28.96
3 16 16.9 -0.3 2.2 13.94 -0.3 -28.96 14.29 -0.3 -30.11
4 16 15.22 -0.3 -31.43 16.54 -0.3 -32.38 16.9 -0.3 2.2 14.29 -0.3 -30.11
4 16 11.86 -0.3 -32.73 10.57 -0.3 -33.12 14.28 -0.3 -33.2 13.69 -0.3 -32.59
4 16 11.86 -0.3 -32.73 13.69 -0.3 -32.59 13.09 -0.3 -32.2 12.38 -0.3 -32.31
3 16 16.9 -0.3 2.2 16.54 -0.3 -32.38 16.78 -0.3 -32.82
3 16 18.3 -0.3 2.8 26.9 -0.3 -26.7 27.6 -0.3 -26.9
3 16 21.3 -0.3 19.2 20.96 -0.3 17.48 32.3 -0.3 16.6
4 16 30.2 -0.3 19.6 20.96 -0.3 20.92 21.3 -0.3 19.2 32.3 -0.3 16.6
4 16 24.6 -0.3 25.9 19.98 -0.3 22.38 20.96 -0.3 20.92 30.2 -0.3 19.6
3 16 24.6 -0.3 25.9 18.52 -0.3 23.36 19.98 -0.3 22.38
4 16 24.6 -0.3 25.9 10.1 -0.3 27.4 16.8 -0.3 23.7 18.52 -0.3 23.36
4 16 10.1 -0.3 27.4 24.6 -0.3 25.9 22.3 -0.3 28.8 13.2 -0.3 29.9
4 16 15.5 -0.3 31.3 13.2 -0.3 29.9 22.3 -0.3 28.8 19 -0.3 30.9
3 16 10.1 -0.3 27.4 15.08 -0.3 23.36 16.8 -0.3 23.7
3 16 10.1 -0.3 27.4 13.62 -0.3 22.38 15.08 -0.3 23.36
3 16 10.1 -0.3 27.4 12.64 -0.3 20.92 13.62 -0.3 22.38
4 16 12.3 -0.3 19.2 12.64 -0.3 20.92 10.1 -0.3 27.4 9.2 -0.3 12.7
4 16 9.2 -0.3 12.7 10.1 -0.3 27.4 6.3 -0.3 24.2 5.6 -0.3 16
4 16 4.8 -0.3 18.6 5.6 -0.3 16 6.3 -0.3 24.2 5 -0.3 21.6
3 16 9.2 -0.3 12.7 12.64 -0.3 17.48 12.3 -0.3 19.2
4 16 11.9 -0.3 10.4 13.62 -0.3 16.02 12.64 -0.3 17.48 9.2 -0.3 12.7
3 16 11.9 0 10.4 12.64 0 17.48 13.62 0 16.02
4 16 11.9 0 10.4 9.2 0 12.7 12.3 0 19.2 12.64 0 17.48
3 16 4.8 0 18.6 5 0 21.6 6.3 0 24.2
4 16 4.8 0 18.6 6.3 0 24.2 9.2 0 12.7 5.6 0 16
4 16 9.2 0 12.7 6.3 0 24.2 10.1 0 27.4 12.3 0 19.2
3 16 10.1 0 27.4 12.64 0 20.92 12.3 0 19.2
3 16 10.1 0 27.4 13.62 0 22.38 12.64 0 20.92
3 16 10.1 0 27.4 15.08 0 23.36 13.62 0 22.38
3 16 10.1 0 27.4 16.8 0 23.7 15.08 0 23.36
4 16 15.5 0 31.3 19 0 30.9 22.3 0 28.8 13.2 0 29.9
4 16 10.1 0 27.4 13.2 0 29.9 22.3 0 28.8 24.6 0 25.9
4 16 10.1 0 27.4 24.6 0 25.9 18.52 0 23.36 16.8 0 23.7
3 16 24.6 0 25.9 19.98 0 22.38 18.52 0 23.36
3 16 24.6 0 25.9 20.96 0 20.92 19.98 0 22.38
4 16 24.6 0 25.9 30.2 0 19.6 21.3 0 19.2 20.96 0 20.92
4 16 30.2 0 19.6 32.3 0 16.6 20.96 0 17.48 21.3 0 19.2
3 16 32.3 0 16.6 19.98 0 16.02 20.96 0 17.48
4 16 18.3 0 2.8 37.5 0 -22.1 38.3 0 -31.4 35.4 0 -34.2
3 16 18.3 0 2.8 27.6 0 -26.9 26.9 0 -26.7
3 16 22.39 0 -26 17.42 0 -26.5 16.9 0 2.2
3 16 17.42 0 -26.5 16.78 0 -32.82 16.54 0 -32.38
3 16 13.09 0 -32.2 13.69 0 -32.59 12.38 0 -32.31
4 16 11.86 0 -32.73 12.38 0 -32.31 13.69 0 -32.59 14.28 0 -33.2
3 16 14.28 0 -33.2 10.57 0 -33.12 11.86 0 -32.73
4 16 14.28 0 -33.2 15.37 0 -33.71 5.6 0 -38.2 10.57 0 -33.12
4 16 5.6 0 -38.2 2.4 0 -35.7 15.2 0 2.5 8.48 0 -31.93
3 16 15.22 0 -31.43 17.42 0 -26.5 16.54 0 -32.38
4 16 15.22 0 -31.43 14.29 0 -30.11 13.94 0 -28.96 17.42 0 -26.5
3 16 17.42 0 -26.5 13.94 0 -28.96 13.39 0 -28.48
4 16 17.42 0 -26.5 13.39 0 -28.48 15.2 0 2.5 16.9 0 2.2
3 16 15.2 0 2.5 3.18 0 -3.18 4.16 0 -1.72
3 16 15.2 0 2.5 4.16 0 -1.72 4.5 0 0
4 16 14.3 0 3.6 15.2 0 2.5 4.5 0 0 4.16 0 1.72
4 16 14.2 0 4.9 14.3 0 3.6 4.16 0 1.72 12.6 0 6.2
4 16 12.6 0 6.2 4.16 0 1.72 3.18 0 3.18 9.1 0 9.2
4 16 9.1 0 9.2 3.18 0 3.18 1.72 0 4.16 6.1 0 11.6
3 16 6.1 0 11.6 1.72 0 4.16 0 0 4.5
4 16 -1.72 0 4.16 -6.1 0 11.6 6.1 0 11.6 0 0 4.5
4 16 -3.18 0 3.18 -9.1 0 9.2 -6.1 0 11.6 -1.72 0 4.16
4 16 -4.16 0 1.72 -12.6 0 6.2 -9.1 0 9.2 -3.18 0 3.18
4 16 -14.3 0 3.6 -14.2 0 4.9 -12.6 0 6.2 -4.16 0 1.72
4 16 -15.2 0 2.5 -14.3 0 3.6 -4.16 0 1.72 -4.5 0 0
3 16 -4.16 0 -1.72 -15.2 0 2.5 -4.5 0 0
3 16 -15.2 0 2.5 0 0 -34.7 -2.4 0 -35.7
4 16 -23.9 0 -31.9 -18.5 0 -39.8 -24.3 0 -38.9 -24.3 0 -32.5
3 16 -28.9 0 -30.3 -28.2 0 -30.2 -27.6 0 -30.6
4 16 -27.6 0 -30.6 -27.3 0 -31.2 -29.7 0 -30.6 -28.9 0 -30.3
4 16 -30.9 0 -30.6 -29.7 0 -30.6 -27.3 0 -31.2 -26.3 0 -32.1
3 16 -25.2 0 -32.6 -30.9 0 -30.6 -26.3 0 -32.1
3 16 -25.2 0 -32.6 -24.3 0 -32.5 -24.3 0 -38.9
4 16 -25.2 0 -32.6 -24.3 0 -38.9 -30.3 0 -37 -30.9 0 -30.6
4 16 -30.9 0 -30.6 -30.3 0 -37 -35.4 0 -34.2 -31.7 0 -30.3
3 16 -35.4 0 -34.2 -31.9 0 -29.7 -31.7 0 -30.3
3 16 -35.4 0 -34.2 -31.8 0 -29.2 -31.9 0 -29.7
3 16 -35.1 0 2 -37.5 0 -22.1 -36.5 0 -10
3 16 -18.3 0 6.9 -20.96 0 17.48 -19.98 0 16.02
4 16 -16.9 0 7.5 -18.3 0 6.9 -19.98 0 16.02 -18.52 0 15.04
4 16 -15.7 0 7.2 -16.9 0 7.5 -18.52 0 15.04 -16.8 0 14.7
4 16 -11.9 0 10.4 -15.7 0 7.2 -16.8 0 14.7 -15.08 0 15.04
3 16 -15.08 0 15.04 -13.62 0 16.02 -11.9 0 10.4
4 16 -9.2 0 12.7 -11.9 0 10.4 -13.62 0 16.02 -12.64 0 17.48
3 16 -5 0 21.6 -4.8 0 18.6 -5.6 0 16
4 16 -5 0 21.6 -5.6 0 16 -10.1 0 27.4 -6.3 0 24.2
4 16 -5.6 0 16 -9.2 0 12.7 -12.64 0 17.48 -10.1 0 27.4
3 16 -10.1 0 27.4 -12.64 0 17.48 -12.3 0 19.2
3 16 -12.64 0 20.92 -10.1 0 27.4 -12.3 0 19.2
3 16 -13.62 0 22.38 -10.1 0 27.4 -12.64 0 20.92
3 16 -15.08 0 23.36 -10.1 0 27.4 -13.62 0 22.38
3 16 -19 0 30.9 -15.5 0 31.3 -13.2 0 29.9
4 16 -19 0 30.9 -13.2 0 29.9 -24.6 0 25.9 -22.3 0 28.8
4 16 -13.2 0 29.9 -10.1 0 27.4 -15.08 0 23.36 -24.6 0 25.9
3 16 -24.6 0 25.9 -15.08 0 23.36 -16.8 0 23.7
3 16 -18.52 0 23.36 -24.6 0 25.9 -16.8 0 23.7
3 16 -19.98 0 22.38 -24.6 0 25.9 -18.52 0 23.36
4 16 -30.2 0 19.6 -24.6 0 25.9 -19.98 0 22.38 -20.96 0 20.92
4 16 -32.3 0 16.6 -30.2 0 19.6 -20.96 0 20.92 -21.3 0 19.2
3 16 -32.3 0 16.6 -21.3 0 19.2 -20.96 0 17.48
4 16 -18.3 0 6.9 -33.3 0 13.2 -32.3 0 16.6 -20.96 0 17.48
3 16 -18.3 0 6.9 -34.3 0 9.4 -33.3 0 13.2
4 16 -18.3 0 6.9 -19 0 5.6 -35.1 0 2 -34.3 0 9.4
4 16 -19 0 5.6 -19 0 4.1 -37.5 0 -22.1 -35.1 0 2
3 16 -19 0 4.1 -38.3 0 -31.4 -37.5 0 -22.1
4 16 -19 0 4.1 -18.3 0 2.8 -35.4 0 -34.2 -38.3 0 -31.4
4 16 -30.26 0 -23.27 -18.3 0 2.8 -16.9 0 2.2 -26.4 0 -27.2
3 16 -18.3 0 2.8 -30.26 0 -23.27 -35.4 0 -34.2
3 16 -35.4 0 -34.2 -30.26 0 -23.27 -31.8 0 -29.2
3 16 -31.8 0 -29.2 -30.26 0 -23.27 -31.4 0 -28.9
3 16 -28.4 0 -27.8 -29.8 0 -28.6 -31.4 0 -28.9
4 16 -28.4 0 -27.8 -31.4 0 -28.9 -30.26 0 -23.27 -27.6 0 -26.9
3 16 -27.6 0 -26.9 -30.26 0 -23.27 -26.9 0 -26.7
3 16 -26.4 0 -27.2 -26.9 0 -26.7 -30.26 0 -23.27
3 16 -25.2 0 -30.1 -26 0 -28.8 -26.4 0 -27.2
4 16 -25.2 0 -30.1 -26.4 0 -27.2 -16.9 0 2.2 -24.1 0 -31.1
4 16 -24.1 0 -31.1 -16.9 0 2.2 -18.5 0 -39.8 -23.9 0 -31.9
3 16 -18.5 0 -39.8 -16.9 0 2.2 -17.42 0 -26.5
3 16 -10.42 0 -30.84 -11.69 0 -30 -12.73 0 -28.72
4 16 -10.42 0 -30.84 -12.73 0 -28.72 -15.2 0 2.5 -9 0 -31.28
4 16 -5.6 0 -38.2 -9 0 -39.7 -13.6 0 -40.1 -18.5 0 -39.8
4 16 -9 0 -31.28 -15.2 0 2.5 -2.4 0 -35.7 -8.48 0 -31.93
4 16 -8.48 0 -31.93 -2.4 0 -35.7 -5.6 0 -38.2 -8.59 0 -32.64
3 16 -9.36 0 -33.11 -8.59 0 -32.64 -5.6 0 -38.2
4 16 -10.57 0 -33.12 -9.36 0 -33.11 -5.6 0 -38.2 -18.5 0 -39.8
3 16 -13.69 0 -32.59 -13.09 0 -32.2 -12.38 0 -32.31
4 16 -12.38 0 -32.31 -11.86 0 -32.73 -14.28 0 -33.2 -13.69 0 -32.59
3 16 -15.37 0 -33.71 -14.28 0 -33.2 -11.86 0 -32.73
4 16 -15.37 0 -33.71 -11.86 0 -32.73 -10.57 0 -33.12 -18.5 0 -39.8
3 16 -16.22 0 -33.77 -15.37 0 -33.71 -18.5 0 -39.8
3 16 -18.5 0 -39.8 -16.66 0 -33.31 -16.22 0 -33.77
3 16 -18.5 0 -39.8 -16.78 0 -32.82 -16.66 0 -33.31
3 16 -18.5 0 -39.8 -17.42 0 -26.5 -16.78 0 -32.82
3 16 -16.78 0 -32.82 -17.42 0 -26.5 -16.54 0 -32.38
3 16 -14.29 0 -30.11 -15.22 0 -31.43 -16.54 0 -32.38
4 16 -14.29 0 -30.11 -16.54 0 -32.38 -17.42 0 -26.5 -13.94 0 -28.96
3 16 -13.94 0 -28.96 -17.42 0 -26.5 -13.39 0 -28.48
3 16 -12.73 0 -28.72 -13.39 0 -28.48 -17.42 0 -26.5
4 16 -12.73 0 -28.72 -17.42 0 -26.5 -16.9 0 2.2 -15.2 0 2.5
4 16 0 0 -34.7 -15.2 0 2.5 -4.16 0 -1.72 -3.18 0 -3.18
3 16 0 0 -34.7 -3.18 0 -3.18 -1.72 0 -4.16
3 16 0 0 -34.7 -1.72 0 -4.16 0 0 -4.5
3 16 1.72 0 -4.16 0 0 -34.7 0 0 -4.5
3 16 3.18 0 -3.18 0 0 -34.7 1.72 0 -4.16
4 16 15.2 0 2.5 2.4 0 -35.7 0 0 -34.7 3.18 0 -3.18
3 16 13.39 0 -28.48 12.73 0 -28.72 15.2 0 2.5
3 16 11.69 0 -30 15.2 0 2.5 12.73 0 -28.72
4 16 11.69 0 -30 10.42 0 -30.84 9 0 -31.28 15.2 0 2.5
3 16 15.2 0 2.5 9 0 -31.28 8.48 0 -31.93
3 16 8.48 0 -31.93 8.59 0 -32.64 5.6 0 -38.2
3 16 8.59 0 -32.64 9.36 0 -33.11 5.6 0 -38.2
3 16 9.36 0 -33.11 10.57 0 -33.12 5.6 0 -38.2
4 16 18.5 0 -39.8 13.6 0 -40.1 9 0 -39.7 5.6 0 -38.2
4 16 15.37 0 -33.71 16.22 0 -33.77 18.5 0 -39.8 5.6 0 -38.2
3 16 16.66 0 -33.31 18.5 0 -39.8 16.22 0 -33.77
3 16 16.78 0 -32.82 18.5 0 -39.8 16.66 0 -33.31
3 16 17.42 0 -26.5 18.5 0 -39.8 16.78 0 -32.82
4 16 22.39 0 -26 24.3 0 -38.9 18.5 0 -39.8 17.42 0 -26.5
3 16 24.3 0 -38.9 35.4 0 -34.2 30.3 0 -37
3 16 18.3 0 2.8 28.4 0 -27.8 27.6 0 -26.9
4 16 29.8 0 -28.6 28.4 0 -27.8 18.3 0 2.8 31.4 0 -28.9
3 16 18.3 0 2.8 31.8 0 -29.2 31.4 0 -28.9
3 16 18.3 0 2.8 35.4 0 -34.2 31.8 0 -29.2
3 16 31.8 0 -29.2 35.4 0 -34.2 31.9 0 -29.7
3 16 31.9 0 -29.7 35.4 0 -34.2 31.7 0 -30.3
4 16 31.7 0 -30.3 35.4 0 -34.2 24.3 0 -38.9 30.9 0 -30.6
3 16 28.2 0 -30.2 28.9 0 -30.3 27.6 0 -30.6
4 16 27.3 0 -31.2 27.6 0 -30.6 28.9 0 -30.3 29.7 0 -30.6
3 16 29.7 0 -30.6 26.3 0 -32.1 27.3 0 -31.2
4 16 29.7 0 -30.6 30.9 0 -30.6 24.3 0 -38.9 26.3 0 -32.1
3 16 24.3 0 -38.9 25.2 0 -32.6 26.3 0 -32.1
3 16 24.3 0 -32.5 25.2 0 -32.6 24.3 0 -38.9
3 16 23.9 0 -31.9 24.3 0 -32.5 24.3 0 -38.9
3 16 22.39 0 -26 23.9 0 -31.9 24.3 0 -38.9
3 16 22.39 0 -26 24.1 0 -31.1 23.9 0 -31.9
3 16 22.39 0 -26 25.2 0 -30.1 24.1 0 -31.1
4 16 26 0 -28.8 25.2 0 -30.1 22.39 0 -26 26.4 0 -27.2
3 16 26.9 0 -26.7 26.4 0 -27.2 22.39 0 -26
4 16 26.9 0 -26.7 22.39 0 -26 16.9 0 2.2 18.3 0 2.8
4 16 18.3 0 2.8 19 0 4.1 36.5 0 -10 37.5 0 -22.1
3 16 19 0 4.1 35.1 0 2 36.5 0 -10
3 16 19 0 4.1 34.3 0 9.4 35.1 0 2
4 16 19 0 4.1 19 0 5.6 33.3 0 13.2 34.3 0 9.4
4 16 19 0 5.6 18.3 0 6.9 32.3 0 16.6 33.3 0 13.2
4 16 32.3 0 16.6 18.3 0 6.9 18.52 0 15.04 19.98 0 16.02
4 16 18.3 0 6.9 16.9 0 7.5 16.8 0 14.7 18.52 0 15.04
4 16 16.9 0 7.5 15.7 0 7.2 15.08 0 15.04 16.8 0 14.7
4 16 15.7 0 7.2 11.9 0 10.4 13.62 0 16.02 15.08 0 15.04
4 16 11.9 0 10.4 15.7 0 7.2 15.7 -0.3 7.2 11.9 -0.3 10.4
4 16 15.7 0 7.2 16.9 0 7.5 16.9 -0.3 7.5 15.7 -0.3 7.2
4 16 16.9 0 7.5 18.3 0 6.9 18.3 -0.3 6.9 16.9 -0.3 7.5
4 16 18.3 0 6.9 19 0 5.6 19 -0.3 5.6 18.3 -0.3 6.9
4 16 19 0 5.6 19 0 4.1 19 -0.3 4.1 19 -0.3 5.6
4 16 19 0 4.1 18.3 0 2.8 18.3 -0.3 2.8 19 -0.3 4.1
4 16 18.3 0 2.8 16.9 0 2.2 16.9 -0.3 2.2 18.3 -0.3 2.8
4 16 16.9 0 2.2 15.2 0 2.5 15.2 -0.3 2.5 16.9 -0.3 2.2
4 16 15.2 0 2.5 14.3 0 3.6 14.3 -0.3 3.6 15.2 -0.3 2.5
4 16 14.3 0 3.6 14.2 0 4.9 14.2 -0.3 4.9 14.3 -0.3 3.6
4 16 14.2 0 4.9 12.6 0 6.2 12.6 -0.3 6.2 14.2 -0.3 4.9
4 16 12.6 0 6.2 9.1 0 9.2 9.1 -0.3 9.2 12.6 -0.3 6.2
4 16 9.1 0 9.2 6.1 0 11.6 6.1 -.3 11.6 9.1 -.3 9.2
4 16 -6.1 0 11.6 -9.1 0 9.2 -9.1 -0.3 9.2 -6.1 -0.3 11.6
4 16 -9.1 0 9.2 -12.6 0 6.2 -12.6 -0.3 6.2 -9.1 -0.3 9.2
4 16 -12.6 0 6.2 -14.2 0 4.9 -14.2 -0.3 4.9 -12.6 -0.3 6.2
4 16 -14.2 0 4.9 -14.3 0 3.6 -14.3 -0.3 3.6 -14.2 -0.3 4.9
4 16 -14.3 0 3.6 -15.2 0 2.5 -15.2 -0.3 2.5 -14.3 -0.3 3.6
4 16 -15.2 0 2.5 -16.9 0 2.2 -16.9 -0.3 2.2 -15.2 -0.3 2.5
4 16 -16.9 0 2.2 -18.3 0 2.8 -18.3 -0.3 2.8 -16.9 -0.3 2.2
4 16 -18.3 0 2.8 -19 0 4.1 -19 -0.3 4.1 -18.3 -0.3 2.8
4 16 -19 0 4.1 -19 0 5.6 -19 -0.3 5.6 -19 -0.3 4.1
4 16 -19 0 5.6 -18.3 0 6.9 -18.3 -0.3 6.9 -19 -0.3 5.6
4 16 -18.3 0 6.9 -16.9 0 7.5 -16.9 -0.3 7.5 -18.3 -0.3 6.9
4 16 -16.9 0 7.5 -15.7 0 7.2 -15.7 -0.3 7.2 -16.9 -0.3 7.5
4 16 -15.7 0 7.2 -11.9 0 10.4 -11.9 -0.3 10.4 -15.7 -0.3 7.2
4 16 -11.9 0 10.4 -9.2 0 12.7 -9.2 -0.3 12.7 -11.9 -0.3 10.4
4 16 -9.2 0 12.7 -5.6 0 16 -5.6 -0.3 16 -9.2 -0.3 12.7
4 16 -5.6 0 16 -4.8 0 18.6 -4.8 -0.3 18.6 -5.6 -0.3 16
4 16 -4.8 0 18.6 -5 0 21.6 -5 -0.3 21.6 -4.8 -0.3 18.6
4 16 -5 0 21.6 -6.3 0 24.2 -6.3 -0.3 24.2 -5 -0.3 21.6
4 16 -6.3 0 24.2 -10.1 0 27.4 -10.1 -0.3 27.4 -6.3 -0.3 24.2
4 16 -15.5 0 31.3 -19 0 30.9 -19 -0.3 30.9 -15.5 -0.3 31.3
4 16 -19 0 30.9 -22.3 0 28.8 -22.3 -0.3 28.8 -19 -0.3 30.9
4 16 -22.3 0 28.8 -24.6 0 25.9 -24.6 -0.3 25.9 -22.3 -0.3 28.8
4 16 -24.6 0 25.9 -30.2 0 19.6 -30.2 -0.3 19.6 -24.6 -0.3 25.9
4 16 -30.2 0 19.6 -32.3 0 16.6 -32.3 -0.3 16.6 -30.2 -0.3 19.6
4 16 -32.3 0 16.6 -33.3 0 13.2 -33.3 -0.3 13.2 -32.3 -0.3 16.6
4 16 -33.3 0 13.2 -34.3 0 9.4 -34.3 -0.3 9.4 -33.3 -0.3 13.2
4 16 -34.3 0 9.4 -35.1 0 2 -35.1 -0.3 2 -34.3 -0.3 9.4
4 16 -35.1 0 2 -36.5 0 -10 -36.5 -0.3 -10 -35.1 -0.3 2
4 16 -36.5 0 -10 -37.5 0 -22.1 -37.5 -0.3 -22.1 -36.5 -0.3 -10
4 16 -37.5 0 -22.1 -38.3 0 -31.4 -38.3 -0.3 -31.4 -37.5 -0.3 -22.1
4 16 -38.3 0 -31.4 -35.4 0 -34.2 -35.4 -0.3 -34.2 -38.3 -0.3 -31.4
4 16 -35.4 0 -34.2 -30.3 0 -37 -30.3 -0.3 -37 -35.4 -0.3 -34.2
4 16 -30.3 0 -37 -24.3 0 -38.9 -24.3 -0.3 -38.9 -30.3 -0.3 -37
4 16 -24.3 0 -38.9 -18.5 0 -39.8 -18.5 -0.3 -39.8 -24.3 -0.3 -38.9
4 16 -18.5 0 -39.8 -13.6 0 -40.1 -13.6 -0.3 -40.1 -18.5 -0.3 -39.8
4 16 -13.6 0 -40.1 -9 0 -39.7 -9 -0.3 -39.7 -13.6 -0.3 -40.1
4 16 -9 0 -39.7 -5.6 0 -38.2 -5.6 -0.3 -38.2 -9 -0.3 -39.7
4 16 -5.6 0 -38.2 -2.4 0 -35.7 -2.4 -0.3 -35.7 -5.6 -0.3 -38.2
4 16 -2.4 0 -35.7 0 0 -34.7 0 -0.3 -34.7 -2.4 -0.3 -35.7
4 16 0 0 -34.7 2.4 0 -35.7 2.4 -0.3 -35.7 0 -0.3 -34.7
4 16 2.4 0 -35.7 5.6 0 -38.2 5.6 -0.3 -38.2 2.4 -0.3 -35.7
4 16 5.6 0 -38.2 9 0 -39.7 9 -0.3 -39.7 5.6 -0.3 -38.2
4 16 9 0 -39.7 13.6 0 -40.1 13.6 -0.3 -40.1 9 -0.3 -39.7
4 16 13.6 0 -40.1 18.5 0 -39.8 18.5 -0.3 -39.8 13.6 -0.3 -40.1
4 16 18.5 0 -39.8 24.3 0 -38.9 24.3 -0.3 -38.9 18.5 -0.3 -39.8
4 16 24.3 0 -38.9 30.3 0 -37 30.3 -0.3 -37 24.3 -0.3 -38.9
4 16 30.3 0 -37 35.4 0 -34.2 35.4 -0.3 -34.2 30.3 -0.3 -37
4 16 35.4 0 -34.2 38.3 0 -31.4 38.3 -0.3 -31.4 35.4 -0.3 -34.2
4 16 38.3 0 -31.4 37.5 0 -22.1 37.5 -0.3 -22.1 38.3 -0.3 -31.4
4 16 37.5 0 -22.1 36.5 0 -10 36.5 -0.3 -10 37.5 -0.3 -22.1
4 16 36.5 0 -10 35.1 0 2 35.1 -0.3 2 36.5 -0.3 -10
4 16 35.1 0 2 34.3 0 9.4 34.3 -0.3 9.4 35.1 -0.3 2
4 16 34.3 0 9.4 33.3 0 13.2 33.3 -0.3 13.2 34.3 -0.3 9.4
4 16 33.3 0 13.2 32.3 0 16.6 32.3 -0.3 16.6 33.3 -0.3 13.2
4 16 32.3 0 16.6 30.2 0 19.6 30.2 -0.3 19.6 32.3 -0.3 16.6
4 16 30.2 0 19.6 24.6 0 25.9 24.6 -0.3 25.9 30.2 -0.3 19.6
4 16 24.6 0 25.9 22.3 0 28.8 22.3 -0.3 28.8 24.6 -0.3 25.9
4 16 22.3 0 28.8 19 0 30.9 19 -0.3 30.9 22.3 -0.3 28.8
4 16 19 0 30.9 15.5 0 31.3 15.5 -0.3 31.3 19 -0.3 30.9
4 16 10.1 0 27.4 6.3 0 24.2 6.3 -0.3 24.2 10.1 -0.3 27.4
4 16 6.3 0 24.2 5 0 21.6 5 -0.3 21.6 6.3 -0.3 24.2
4 16 5 0 21.6 4.8 0 18.6 4.8 -0.3 18.6 5 -0.3 21.6
4 16 4.8 0 18.6 5.6 0 16 5.6 -0.3 16 4.8 -0.3 18.6
4 16 5.6 0 16 9.2 0 12.7 9.2 -0.3 12.7 5.6 -0.3 16
4 16 9.2 0 12.7 11.9 0 10.4 11.9 -0.3 10.4 9.2 -0.3 12.7
4 16 26.4 0 -27.2 26.9 0 -26.7 26.9 -0.3 -26.7 26.4 -0.3 -27.2
4 16 26.9 0 -26.7 27.6 0 -26.9 27.6 -0.3 -26.9 26.9 -0.3 -26.7
4 16 27.6 0 -26.9 28.4 0 -27.8 28.4 -0.3 -27.8 27.6 -0.3 -26.9
4 16 28.4 0 -27.8 29.8 0 -28.6 29.8 -0.3 -28.6 28.4 -0.3 -27.8
4 16 29.8 0 -28.6 31.4 0 -28.9 31.4 -0.3 -28.9 29.8 -0.3 -28.6
4 16 31.4 0 -28.9 31.8 0 -29.2 31.8 -0.3 -29.2 31.4 -0.3 -28.9
4 16 31.8 0 -29.2 31.9 0 -29.7 31.9 -0.3 -29.7 31.8 -0.3 -29.2
4 16 31.9 0 -29.7 31.7 0 -30.3 31.7 -0.3 -30.3 31.9 -0.3 -29.7
4 16 31.7 0 -30.3 30.9 0 -30.6 30.9 -0.3 -30.6 31.7 -0.3 -30.3
4 16 30.9 0 -30.6 29.7 0 -30.6 29.7 -0.3 -30.6 30.9 -0.3 -30.6
4 16 29.7 0 -30.6 28.9 0 -30.3 28.9 -0.3 -30.3 29.7 -0.3 -30.6
4 16 28.9 0 -30.3 28.2 0 -30.2 28.2 -0.3 -30.2 28.9 -0.3 -30.3
4 16 28.2 0 -30.2 27.6 0 -30.6 27.6 -0.3 -30.6 28.2 -0.3 -30.2
4 16 27.6 0 -30.6 27.3 0 -31.2 27.3 -0.3 -31.2 27.6 -0.3 -30.6
4 16 27.3 0 -31.2 26.3 0 -32.1 26.3 -0.3 -32.1 27.3 -0.3 -31.2
4 16 26.3 0 -32.1 25.2 0 -32.6 25.2 -0.3 -32.6 26.3 -0.3 -32.1
4 16 25.2 0 -32.6 24.3 0 -32.5 24.3 -0.3 -32.5 25.2 -0.3 -32.6
4 16 24.3 0 -32.5 23.9 0 -31.9 23.9 -0.3 -31.9 24.3 -0.3 -32.5
4 16 23.9 0 -31.9 24.1 0 -31.1 24.1 -0.3 -31.1 23.9 -0.3 -31.9
4 16 24.1 0 -31.1 25.2 0 -30.1 25.2 -0.3 -30.1 24.1 -0.3 -31.1
4 16 25.2 0 -30.1 26 0 -28.8 26 -0.3 -28.8 25.2 -0.3 -30.1
4 16 26 0 -28.8 26.4 0 -27.2 26.4 -0.3 -27.2 26 -0.3 -28.8
4 16 16.78 0 -32.82 16.66 0 -33.31 16.66 -0.3 -33.31 16.78 -0.3 -32.82
4 16 16.66 0 -33.31 16.22 0 -33.77 16.22 -0.3 -33.77 16.66 -0.3 -33.31
4 16 16.22 0 -33.77 15.37 0 -33.71 15.37 -0.3 -33.71 16.22 -0.3 -33.77
4 16 15.37 0 -33.71 14.28 0 -33.2 14.28 -0.3 -33.2 15.37 -0.3 -33.71
4 16 14.28 0 -33.2 13.69 0 -32.59 13.69 -0.3 -32.59 14.28 -0.3 -33.2
4 16 13.69 0 -32.59 13.09 0 -32.2 13.09 -0.3 -32.2 13.69 -0.3 -32.59
4 16 13.09 0 -32.2 12.38 0 -32.31 12.38 -0.3 -32.31 13.09 -0.3 -32.2
4 16 12.38 0 -32.31 11.86 0 -32.73 11.86 -0.3 -32.73 12.38 -0.3 -32.31
4 16 11.86 0 -32.73 10.57 0 -33.12 10.57 -0.3 -33.12 11.86 -0.3 -32.73
4 16 10.57 0 -33.12 9.36 0 -33.11 9.36 -0.3 -33.11 10.57 -0.3 -33.12
4 16 9.36 0 -33.11 8.59 0 -32.64 8.59 -0.3 -32.64 9.36 -0.3 -33.11
4 16 8.59 0 -32.64 8.48 0 -31.93 8.48 -0.3 -31.93 8.59 -0.3 -32.64
4 16 8.48 0 -31.93 9 0 -31.28 9 -0.3 -31.28 8.48 -0.3 -31.93
4 16 9 0 -31.28 10.42 0 -30.84 10.42 -0.3 -30.84 9 -0.3 -31.28
4 16 10.42 0 -30.84 11.69 0 -30 11.69 -0.3 -30 10.42 -0.3 -30.84
4 16 11.69 0 -30 12.73 0 -28.72 12.73 -0.3 -28.72 11.69 -0.3 -30
4 16 12.73 0 -28.72 13.39 0 -28.48 13.39 -0.3 -28.48 12.73 -0.3 -28.72
4 16 13.39 0 -28.48 13.94 0 -28.96 13.94 -0.3 -28.96 13.39 -0.3 -28.48
4 16 13.94 0 -28.96 14.29 0 -30.11 14.29 -0.3 -30.11 13.94 -0.3 -28.96
4 16 14.29 0 -30.11 15.22 0 -31.43 15.22 -0.3 -31.43 14.29 -0.3 -30.11
4 16 15.22 0 -31.43 16.54 0 -32.38 16.54 -0.3 -32.38 15.22 -0.3 -31.43
4 16 16.54 0 -32.38 16.78 0 -32.82 16.78 -0.3 -32.82 16.54 -0.3 -32.38
4 16 -13.39 0 -28.48 -12.73 0 -28.72 -12.73 -0.3 -28.72 -13.39 -0.3 -28.48
4 16 -12.73 0 -28.72 -11.69 0 -30 -11.69 -0.3 -30 -12.73 -0.3 -28.72
4 16 -11.69 0 -30 -10.42 0 -30.84 -10.42 -0.3 -30.84 -11.69 -0.3 -30
4 16 -10.42 0 -30.84 -9 0 -31.28 -9 -0.3 -31.28 -10.42 -0.3 -30.84
4 16 -9 0 -31.28 -8.48 0 -31.93 -8.48 -0.3 -31.93 -9 -0.3 -31.28
4 16 -8.48 0 -31.93 -8.59 0 -32.64 -8.59 -0.3 -32.64 -8.48 -0.3 -31.93
4 16 -8.59 0 -32.64 -9.36 0 -33.11 -9.36 -0.3 -33.11 -8.59 -0.3 -32.64
4 16 -9.36 0 -33.11 -10.57 0 -33.12 -10.57 -0.3 -33.12 -9.36 -0.3 -33.11
4 16 -10.57 0 -33.12 -11.86 0 -32.73 -11.86 -0.3 -32.73 -10.57 -0.3 -33.12
4 16 -11.86 0 -32.73 -12.38 0 -32.31 -12.38 -0.3 -32.31 -11.86 -0.3 -32.73
4 16 -12.38 0 -32.31 -13.09 0 -32.2 -13.09 -0.3 -32.2 -12.38 -0.3 -32.31
4 16 -13.09 0 -32.2 -13.69 0 -32.59 -13.69 -0.3 -32.59 -13.09 -0.3 -32.2
4 16 -13.69 0 -32.59 -14.28 0 -33.2 -14.28 -0.3 -33.2 -13.69 -0.3 -32.59
4 16 -14.28 0 -33.2 -15.37 0 -33.71 -15.37 -0.3 -33.71 -14.28 -0.3 -33.2
4 16 -15.37 0 -33.71 -16.22 0 -33.77 -16.22 -0.3 -33.77 -15.37 -0.3 -33.71
4 16 -16.22 0 -33.77 -16.66 0 -33.31 -16.66 -0.3 -33.31 -16.22 -0.3 -33.77
4 16 -16.66 0 -33.31 -16.78 0 -32.82 -16.78 -0.3 -32.82 -16.66 -0.3 -33.31
4 16 -16.78 0 -32.82 -16.54 0 -32.38 -16.54 -0.3 -32.38 -16.78 -0.3 -32.82
4 16 -16.54 0 -32.38 -15.22 0 -31.43 -15.22 -0.3 -31.43 -16.54 -0.3 -32.38
4 16 -15.22 0 -31.43 -14.29 0 -30.11 -14.29 -0.3 -30.11 -15.22 -0.3 -31.43
4 16 -14.29 0 -30.11 -13.94 0 -28.96 -13.94 -0.3 -28.96 -14.29 -0.3 -30.11
4 16 -13.94 0 -28.96 -13.39 0 -28.48 -13.39 -0.3 -28.48 -13.94 -0.3 -28.96
4 16 -24.1 0 -31.1 -23.9 0 -31.9 -23.9 -0.3 -31.9 -24.1 -0.3 -31.1
4 16 -23.9 0 -31.9 -24.3 0 -32.5 -24.3 -0.3 -32.5 -23.9 -0.3 -31.9
4 16 -24.3 0 -32.5 -25.2 0 -32.6 -25.2 -0.3 -32.6 -24.3 -0.3 -32.5
4 16 -25.2 0 -32.6 -26.3 0 -32.1 -26.3 -0.3 -32.1 -25.2 -0.3 -32.6
4 16 -26.3 0 -32.1 -27.3 0 -31.2 -27.3 -0.3 -31.2 -26.3 -0.3 -32.1
4 16 -27.3 0 -31.2 -27.6 0 -30.6 -27.6 -0.3 -30.6 -27.3 -0.3 -31.2
4 16 -27.6 0 -30.6 -28.2 0 -30.2 -28.2 -0.3 -30.2 -27.6 -0.3 -30.6
4 16 -28.2 0 -30.2 -28.9 0 -30.3 -28.9 -0.3 -30.3 -28.2 -0.3 -30.2
4 16 -28.9 0 -30.3 -29.7 0 -30.6 -29.7 -0.3 -30.6 -28.9 -0.3 -30.3
4 16 -29.7 0 -30.6 -30.9 0 -30.6 -30.9 -0.3 -30.6 -29.7 -0.3 -30.6
4 16 -30.9 0 -30.6 -31.7 0 -30.3 -31.7 -0.3 -30.3 -30.9 -0.3 -30.6
4 16 -31.7 0 -30.3 -31.9 0 -29.7 -31.9 -0.3 -29.7 -31.7 -0.3 -30.3
4 16 -31.9 0 -29.7 -31.8 0 -29.2 -31.8 -0.3 -29.2 -31.9 -0.3 -29.7
4 16 -31.8 0 -29.2 -31.4 0 -28.9 -31.4 -0.3 -28.9 -31.8 -0.3 -29.2
4 16 -31.4 0 -28.9 -29.8 0 -28.6 -29.8 -0.3 -28.6 -31.4 -0.3 -28.9
4 16 -29.8 0 -28.6 -28.4 0 -27.8 -28.4 -0.3 -27.8 -29.8 -0.3 -28.6
4 16 -28.4 0 -27.8 -27.6 0 -26.9 -27.6 -0.3 -26.9 -28.4 -0.3 -27.8
4 16 -27.6 0 -26.9 -26.9 0 -26.7 -26.9 -0.3 -26.7 -27.6 -0.3 -26.9
4 16 -26.9 0 -26.7 -26.4 0 -27.2 -26.4 -0.3 -27.2 -26.9 -0.3 -26.7
4 16 -26.4 0 -27.2 -26 0 -28.8 -26 -0.3 -28.8 -26.4 -0.3 -27.2
4 16 -26 0 -28.8 -25.2 0 -30.1 -25.2 -0.3 -30.1 -26 -0.3 -28.8
4 16 -25.2 0 -30.1 -24.1 0 -31.1 -24.1 -0.3 -31.1 -25.2 -0.3 -30.1
2 24 -18.52 0 15.04 -19.98 0 16.02
5 24 -19.98 0 16.02 -19.98 -0.3 16.02 -18.52 0 15.04 -20.96 0 17.48
2 24 -19.98 -0.3 16.02 -18.52 -0.3 15.04
5 24 -18.52 -0.3 15.04 -18.52 0 15.04 -19.98 0 16.02 -16.8 0 14.7
2 24 -19.98 0 16.02 -20.96 0 17.48
5 24 -20.96 0 17.48 -20.96 -0.3 17.48 -19.98 0 16.02 -21.3 0 19.2
2 24 -20.96 -0.3 17.48 -19.98 -0.3 16.02
2 24 -15.08 0 15.04 -16.8 0 14.7
5 24 -16.8 0 14.7 -16.8 -0.3 14.7 -15.08 0 15.04 -18.52 0 15.04
2 24 -16.8 -0.3 14.7 -15.08 -0.3 15.04
5 24 -15.08 -0.3 15.04 -15.08 0 15.04 -16.8 0 14.7 -13.62 0 16.02
2 24 -16.8 0 14.7 -18.52 0 15.04
2 24 -18.52 -0.3 15.04 -16.8 -0.3 14.7
2 24 -12.64 0 17.48 -13.62 0 16.02
5 24 -13.62 0 16.02 -13.62 -0.3 16.02 -12.64 0 17.48 -15.08 0 15.04
2 24 -13.62 -0.3 16.02 -12.64 -0.3 17.48
5 24 -12.64 -0.3 17.48 -12.64 0 17.48 -13.62 0 16.02 -12.3 0 19.2
2 24 -13.62 0 16.02 -15.08 0 15.04
2 24 -15.08 -0.3 15.04 -13.62 -0.3 16.02
2 24 -12.64 0 20.92 -12.3 0 19.2
5 24 -12.3 0 19.2 -12.3 -0.3 19.2 -12.64 0 20.92 -12.64 0 17.48
2 24 -12.3 -0.3 19.2 -12.64 -0.3 20.92
5 24 -12.64 -0.3 20.92 -12.64 0 20.92 -12.3 0 19.2 -13.62 0 22.38
2 24 -12.3 0 19.2 -12.64 0 17.48
2 24 -12.64 -0.3 17.48 -12.3 -0.3 19.2
2 24 -15.08 0 23.36 -13.62 0 22.38
5 24 -13.62 0 22.38 -13.62 -0.3 22.38 -15.08 0 23.36 -12.64 0 20.92
2 24 -13.62 -0.3 22.38 -15.08 -0.3 23.36
5 24 -15.08 -0.3 23.36 -15.08 0 23.36 -13.62 0 22.38 -16.8 0 23.7
2 24 -13.62 0 22.38 -12.64 0 20.92
2 24 -12.64 -0.3 20.92 -13.62 -0.3 22.38
2 24 -18.52 0 23.36 -16.8 0 23.7
5 24 -16.8 0 23.7 -16.8 -0.3 23.7 -18.52 0 23.36 -15.08 0 23.36
2 24 -16.8 -0.3 23.7 -18.52 -0.3 23.36
5 24 -18.52 -0.3 23.36 -18.52 0 23.36 -16.8 0 23.7 -19.98 0 22.38
2 24 -16.8 0 23.7 -15.08 0 23.36
2 24 -15.08 -0.3 23.36 -16.8 -0.3 23.7
2 24 -20.96 0 20.92 -19.98 0 22.38
5 24 -19.98 0 22.38 -19.98 -0.3 22.38 -20.96 0 20.92 -18.52 0 23.36
2 24 -19.98 -0.3 22.38 -20.96 -0.3 20.92
5 24 -20.96 -0.3 20.92 -20.96 0 20.92 -19.98 0 22.38 -21.3 0 19.2
2 24 -19.98 0 22.38 -18.52 0 23.36
2 24 -18.52 -0.3 23.36 -19.98 -0.3 22.38
2 24 -20.96 0 17.48 -21.3 0 19.2
5 24 -21.3 0 19.2 -21.3 -0.3 19.2 -20.96 0 17.48 -20.96 0 20.92
2 24 -21.3 -0.3 19.2 -20.96 -0.3 17.48
2 24 -21.3 0 19.2 -20.96 0 20.92
2 24 -20.96 -0.3 20.92 -21.3 -0.3 19.2
2 24 4.5 0 0 4.16 0 -1.72
5 24 4.16 0 -1.72 4.16 -0.3 -1.72 4.5 0 0 3.18 0 -3.18
2 24 4.16 -0.3 -1.72 4.5 -0.3 0
5 24 4.5 -0.3 0 4.5 0 0 4.16 0 -1.72 4.16 0 1.72
2 24 4.16 0 -1.72 3.18 0 -3.18
5 24 3.18 0 -3.18 3.18 -0.3 -3.18 4.16 0 -1.72 1.72 0 -4.16
2 24 3.18 -0.3 -3.18 4.16 -0.3 -1.72
2 24 3.18 0 3.18 4.16 0 1.72
5 24 4.16 0 1.72 4.16 -0.3 1.72 3.18 0 3.18 4.5 0 0
2 24 4.16 -0.3 1.72 3.18 -0.3 3.18
5 24 3.18 -0.3 3.18 3.18 0 3.18 4.16 0 1.72 1.72 0 4.16
2 24 4.16 0 1.72 4.5 0 0
2 24 4.5 -0.3 0 4.16 -0.3 1.72
2 24 0 0 4.5 1.72 0 4.16
5 24 1.72 0 4.16 1.72 -0.3 4.16 0 0 4.5 3.18 0 3.18
2 24 1.72 -0.3 4.16 0 -0.3 4.5
5 24 0 -0.3 4.5 0 0 4.5 1.72 0 4.16 -1.72 0 4.16
2 24 1.72 0 4.16 3.18 0 3.18
2 24 3.18 -0.3 3.18 1.72 -0.3 4.16
2 24 -3.18 0 3.18 -1.72 0 4.16
5 24 -1.72 0 4.16 -1.72 -0.3 4.16 -3.18 0 3.18 0 0 4.5
2 24 -1.72 -0.3 4.16 -3.18 -0.3 3.18
5 24 -3.18 -0.3 3.18 -3.18 0 3.18 -1.72 0 4.16 -4.16 0 1.72
2 24 -1.72 0 4.16 0 0 4.5
2 24 0 -0.3 4.5 -1.72 -0.3 4.16
2 24 -4.5 0 0 -4.16 0 1.72
5 24 -4.16 0 1.72 -4.16 -0.3 1.72 -4.5 0 0 -3.18 0 3.18
2 24 -4.16 -0.3 1.72 -4.5 -0.3 0
5 24 -4.5 -0.3 0 -4.5 0 0 -4.16 0 1.72 -4.16 0 -1.72
2 24 -4.16 0 1.72 -3.18 0 3.18
2 24 -3.18 -0.3 3.18 -4.16 -0.3 1.72
2 24 -3.18 0 -3.18 -4.16 0 -1.72
5 24 -4.16 0 -1.72 -4.16 -0.3 -1.72 -3.18 0 -3.18 -4.5 0 0
2 24 -4.16 -0.3 -1.72 -3.18 -0.3 -3.18
5 24 -3.18 -0.3 -3.18 -3.18 0 -3.18 -4.16 0 -1.72 -1.72 0 -4.16
2 24 -4.16 0 -1.72 -4.5 0 0
2 24 -4.5 -0.3 0 -4.16 -0.3 -1.72
2 24 0 0 -4.5 -1.72 0 -4.16
5 24 -1.72 0 -4.16 -1.72 -0.3 -4.16 0 0 -4.5 -3.18 0 -3.18
2 24 -1.72 -0.3 -4.16 0 -0.3 -4.5
5 24 0 -0.3 -4.5 0 0 -4.5 -1.72 0 -4.16 1.72 0 -4.16
2 24 -1.72 0 -4.16 -3.18 0 -3.18
2 24 -3.18 -0.3 -3.18 -1.72 -0.3 -4.16
2 24 3.18 0 -3.18 1.72 0 -4.16
5 24 1.72 0 -4.16 1.72 -0.3 -4.16 3.18 0 -3.18 0 0 -4.5
2 24 1.72 -0.3 -4.16 3.18 -0.3 -3.18
2 24 1.72 0 -4.16 0 0 -4.5
2 24 0 -0.3 -4.5 1.72 -0.3 -4.16
2 24 15.5 0 31.3 13.2 0 29.9
5 24 13.2 0 29.9 13.2 -0.3 29.9 15.5 0 31.3 10.1 0 27.4
2 24 13.2 -0.3 29.9 15.5 -0.3 31.3
5 24 15.5 -0.3 31.3 15.5 0 31.3 13.2 0 29.9 19 0 30.9
2 24 13.2 0 29.9 10.1 0 27.4
5 24 10.1 0 27.4 10.1 -0.3 27.4 13.2 0 29.9 6.3 0 24.2
2 24 10.1 -0.3 27.4 13.2 -0.3 29.9
2 24 -10.1 0 27.4 -13.2 0 29.9
5 24 -13.2 0 29.9 -13.2 -0.3 29.9 -10.1 0 27.4 -15.5 0 31.3
2 24 -13.2 -0.3 29.9 -10.1 -0.3 27.4
5 24 -10.1 -0.3 27.4 -10.1 0 27.4 -13.2 0 29.9 -6.3 0 24.2
2 24 -13.2 0 29.9 -15.5 0 31.3
5 24 -15.5 0 31.3 -15.5 -0.3 31.3 -13.2 0 29.9 -19 0 30.9
2 24 -15.5 -0.3 31.3 -13.2 -0.3 29.9
2 24 6.1 -.3 11.6 6.1 0 11.6
2 24 6.1 0 11.6 -6.1 0 11.6
2 24 -6.1 0 11.6 -6.1 -.3 11.6
2 24 -6.1 -0.3 11.6 6.1 -0.3 11.6
2 24 18.52 0 15.04 16.8 0 14.7
5 24 16.8 0 14.7 16.8 -0.3 14.7 18.52 0 15.04 15.08 0 15.04
2 24 16.8 -0.3 14.7 18.52 -0.3 15.04
5 24 18.52 -0.3 15.04 18.52 0 15.04 16.8 0 14.7 19.98 0 16.02
2 24 16.8 0 14.7 15.08 0 15.04
5 24 15.08 0 15.04 15.08 -0.3 15.04 16.8 0 14.7 13.62 0 16.02
2 24 15.08 -0.3 15.04 16.8 -0.3 14.7
2 24 20.96 0 17.48 19.98 0 16.02
5 24 19.98 0 16.02 19.98 -0.3 16.02 20.96 0 17.48 18.52 0 15.04
2 24 19.98 -0.3 16.02 20.96 -0.3 17.48
5 24 20.96 -0.3 17.48 20.96 0 17.48 19.98 0 16.02 21.3 0 19.2
2 24 19.98 0 16.02 18.52 0 15.04
2 24 18.52 -0.3 15.04 19.98 -0.3 16.02
2 24 20.96 0 20.92 21.3 0 19.2
5 24 21.3 0 19.2 21.3 -0.3 19.2 20.96 0 20.92 20.96 0 17.48
2 24 21.3 -0.3 19.2 20.96 -0.3 20.92
5 24 20.96 -0.3 20.92 20.96 0 20.92 21.3 0 19.2 19.98 0 22.38
2 24 21.3 0 19.2 20.96 0 17.48
2 24 20.96 -0.3 17.48 21.3 -0.3 19.2
2 24 18.52 0 23.36 19.98 0 22.38
5 24 19.98 0 22.38 19.98 -0.3 22.38 18.52 0 23.36 20.96 0 20.92
2 24 19.98 -0.3 22.38 18.52 -0.3 23.36
5 24 18.52 -0.3 23.36 18.52 0 23.36 19.98 0 22.38 16.8 0 23.7
2 24 19.98 0 22.38 20.96 0 20.92
2 24 20.96 -0.3 20.92 19.98 -0.3 22.38
2 24 15.08 0 23.36 16.8 0 23.7
5 24 16.8 0 23.7 16.8 -0.3 23.7 15.08 0 23.36 18.52 0 23.36
2 24 16.8 -0.3 23.7 15.08 -0.3 23.36
5 24 15.08 -0.3 23.36 15.08 0 23.36 16.8 0 23.7 13.62 0 22.38
2 24 16.8 0 23.7 18.52 0 23.36
2 24 18.52 -0.3 23.36 16.8 -0.3 23.7
2 24 12.64 0 20.92 13.62 0 22.38
5 24 13.62 0 22.38 13.62 -0.3 22.38 12.64 0 20.92 15.08 0 23.36
2 24 13.62 -0.3 22.38 12.64 -0.3 20.92
5 24 12.64 -0.3 20.92 12.64 0 20.92 13.62 0 22.38 12.3 0 19.2
2 24 13.62 0 22.38 15.08 0 23.36
2 24 15.08 -0.3 23.36 13.62 -0.3 22.38
2 24 12.64 0 17.48 12.3 0 19.2
5 24 12.3 0 19.2 12.3 -0.3 19.2 12.64 0 17.48 12.64 0 20.92
2 24 12.3 -0.3 19.2 12.64 -0.3 17.48
5 24 12.64 -0.3 17.48 12.64 0 17.48 12.3 0 19.2 13.62 0 16.02
2 24 12.3 0 19.2 12.64 0 20.92
2 24 12.64 -0.3 20.92 12.3 -0.3 19.2
2 24 15.08 0 15.04 13.62 0 16.02
5 24 13.62 0 16.02 13.62 -0.3 16.02 15.08 0 15.04 12.64 0 17.48
2 24 13.62 -0.3 16.02 15.08 -0.3 15.04
2 24 13.62 0 16.02 12.64 0 17.48
2 24 12.64 -0.3 17.48 13.62 -0.3 16.02
2 24 11.9 -0.3 10.4 15.7 -0.3 7.2
2 24 15.7 -0.3 7.2 16.9 -0.3 7.5
2 24 16.9 -0.3 7.5 18.3 -0.3 6.9
2 24 33.3 -0.3 13.2 32.3 -0.3 16.6
2 24 34.3 -0.3 9.4 33.3 -0.3 13.2
2 24 18.3 -0.3 6.9 19 -0.3 5.6
2 24 35.1 -0.3 2 34.3 -0.3 9.4
2 24 19 -0.3 5.6 19 -0.3 4.1
2 24 36.5 -0.3 -10 35.1 -0.3 2
2 24 19 -0.3 4.1 18.3 -0.3 2.8
2 24 37.5 -0.3 -22.1 36.5 -0.3 -10
2 24 35.4 -0.3 -34.2 38.3 -0.3 -31.4
2 24 38.3 -0.3 -31.4 37.5 -0.3 -22.1
2 24 26.4 -0.3 -27.2 26.9 -0.3 -26.7
2 24 26 -0.3 -28.8 26.4 -0.3 -27.2
2 24 24.1 -0.3 -31.1 25.2 -0.3 -30.1
2 24 25.2 -0.3 -30.1 26 -0.3 -28.8
2 24 23.9 -0.3 -31.9 24.1 -0.3 -31.1
2 24 24.3 -0.3 -32.5 23.9 -0.3 -31.9
2 24 25.2 -0.3 -32.6 24.3 -0.3 -32.5
2 24 26.3 -0.3 -32.1 25.2 -0.3 -32.6
2 24 30.9 -0.3 -30.6 29.7 -0.3 -30.6
2 24 27.3 -0.3 -31.2 26.3 -0.3 -32.1
2 24 29.7 -0.3 -30.6 28.9 -0.3 -30.3
2 24 28.9 -0.3 -30.3 28.2 -0.3 -30.2
2 24 28.2 -0.3 -30.2 27.6 -0.3 -30.6
2 24 27.6 -0.3 -30.6 27.3 -0.3 -31.2
2 24 31.7 -0.3 -30.3 30.9 -0.3 -30.6
2 24 31.9 -0.3 -29.7 31.7 -0.3 -30.3
2 24 31.8 -0.3 -29.2 31.9 -0.3 -29.7
2 24 31.4 -0.3 -28.9 31.8 -0.3 -29.2
2 24 29.8 -0.3 -28.6 31.4 -0.3 -28.9
2 24 27.6 -0.3 -26.9 28.4 -0.3 -27.8
2 24 28.4 -0.3 -27.8 29.8 -0.3 -28.6
2 24 24.3 -0.3 -38.9 30.3 -0.3 -37
2 24 30.3 -0.3 -37 35.4 -0.3 -34.2
2 24 18.5 -0.3 -39.8 24.3 -0.3 -38.9
2 24 18.3 -0.3 2.8 16.9 -0.3 2.2
2 24 16.78 -0.3 -32.82 16.66 -0.3 -33.31
2 24 16.66 -0.3 -33.31 16.22 -0.3 -33.77
2 24 16.22 -0.3 -33.77 15.37 -0.3 -33.71
2 24 5.6 -0.3 -38.2 9 -0.3 -39.7
2 24 9 -0.3 -39.7 13.6 -0.3 -40.1
2 24 13.6 -0.3 -40.1 18.5 -0.3 -39.8
2 24 15.37 -0.3 -33.71 14.28 -0.3 -33.2
2 24 10.57 -0.3 -33.12 9.36 -0.3 -33.11
2 24 9.36 -0.3 -33.11 8.59 -0.3 -32.64
2 24 8.59 -0.3 -32.64 8.48 -0.3 -31.93
2 24 2.4 -0.3 -35.7 5.6 -0.3 -38.2
2 24 8.48 -0.3 -31.93 9 -0.3 -31.28
2 24 9 -0.3 -31.28 10.42 -0.3 -30.84
2 24 11.69 -0.3 -30 12.73 -0.3 -28.72
2 24 10.42 -0.3 -30.84 11.69 -0.3 -30
2 24 12.73 -0.3 -28.72 13.39 -0.3 -28.48
2 24 16.9 -0.3 2.2 15.2 -0.3 2.5
2 24 0 -0.3 -34.7 2.4 -0.3 -35.7
2 24 -15.2 -0.3 2.5 -16.9 -0.3 2.2
2 24 -13.39 -0.3 -28.48 -12.73 -0.3 -28.72
2 24 -13.94 -0.3 -28.96 -13.39 -0.3 -28.48
2 24 -14.29 -0.3 -30.11 -13.94 -0.3 -28.96
2 24 -16.54 -0.3 -32.38 -15.22 -0.3 -31.43
2 24 -15.22 -0.3 -31.43 -14.29 -0.3 -30.11
2 24 -16.78 -0.3 -32.82 -16.54 -0.3 -32.38
2 24 -16.66 -0.3 -33.31 -16.78 -0.3 -32.82
2 24 -16.22 -0.3 -33.77 -16.66 -0.3 -33.31
2 24 -15.37 -0.3 -33.71 -16.22 -0.3 -33.77
2 24 -10.57 -0.3 -33.12 -11.86 -0.3 -32.73
2 24 -14.28 -0.3 -33.2 -15.37 -0.3 -33.71
2 24 -13.69 -0.3 -32.59 -14.28 -0.3 -33.2
2 24 -11.86 -0.3 -32.73 -12.38 -0.3 -32.31
2 24 -12.38 -0.3 -32.31 -13.09 -0.3 -32.2
2 24 -13.09 -0.3 -32.2 -13.69 -0.3 -32.59
2 24 -18.5 -0.3 -39.8 -13.6 -0.3 -40.1
2 24 -9.36 -0.3 -33.11 -10.57 -0.3 -33.12
2 24 -8.59 -0.3 -32.64 -9.36 -0.3 -33.11
2 24 -5.6 -0.3 -38.2 -2.4 -0.3 -35.7
2 24 -8.48 -0.3 -31.93 -8.59 -0.3 -32.64
2 24 -2.4 -0.3 -35.7 0 -0.3 -34.7
2 24 -9 -0.3 -31.28 -8.48 -0.3 -31.93
2 24 -10.42 -0.3 -30.84 -9 -0.3 -31.28
2 24 -13.6 -0.3 -40.1 -9 -0.3 -39.7
2 24 -9 -0.3 -39.7 -5.6 -0.3 -38.2
2 24 -12.73 -0.3 -28.72 -11.69 -0.3 -30
2 24 -11.69 -0.3 -30 -10.42 -0.3 -30.84
2 24 -24.1 -0.3 -31.1 -23.9 -0.3 -31.9
2 24 -25.2 -0.3 -30.1 -24.1 -0.3 -31.1
2 24 -26.4 -0.3 -27.2 -26 -0.3 -28.8
2 24 -26 -0.3 -28.8 -25.2 -0.3 -30.1
2 24 -26.9 -0.3 -26.7 -26.4 -0.3 -27.2
2 24 -27.6 -0.3 -26.9 -26.9 -0.3 -26.7
2 24 -28.4 -0.3 -27.8 -27.6 -0.3 -26.9
2 24 -31.4 -0.3 -28.9 -29.8 -0.3 -28.6
2 24 -29.8 -0.3 -28.6 -28.4 -0.3 -27.8
2 24 -31.8 -0.3 -29.2 -31.4 -0.3 -28.9
2 24 -38.3 -0.3 -31.4 -35.4 -0.3 -34.2
2 24 -16.9 -0.3 2.2 -18.3 -0.3 2.8
2 24 -37.5 -0.3 -22.1 -38.3 -0.3 -31.4
2 24 -18.3 -0.3 2.8 -19 -0.3 4.1
2 24 -34.3 -0.3 9.4 -35.1 -0.3 2
2 24 -19 -0.3 4.1 -19 -0.3 5.6
2 24 -33.3 -0.3 13.2 -34.3 -0.3 9.4
2 24 -19 -0.3 5.6 -18.3 -0.3 6.9
2 24 -32.3 -0.3 16.6 -33.3 -0.3 13.2
2 24 -30.2 -0.3 19.6 -32.3 -0.3 16.6
2 24 -24.6 -0.3 25.9 -30.2 -0.3 19.6
2 24 -22.3 -0.3 28.8 -24.6 -0.3 25.9
2 24 -19 -0.3 30.9 -22.3 -0.3 28.8
2 24 -15.5 -0.3 31.3 -19 -0.3 30.9
2 24 -6.3 -0.3 24.2 -10.1 -0.3 27.4
2 24 -9.2 -0.3 12.7 -5.6 -0.3 16
2 24 -5 -0.3 21.6 -6.3 -0.3 24.2
2 24 -5.6 -0.3 16 -4.8 -0.3 18.6
2 24 -4.8 -0.3 18.6 -5 -0.3 21.6
2 24 -11.9 -0.3 10.4 -9.2 -0.3 12.7
2 24 -15.7 -0.3 7.2 -11.9 -0.3 10.4
2 24 -16.9 -0.3 7.5 -15.7 -0.3 7.2
2 24 -18.3 -0.3 6.9 -16.9 -0.3 7.5
2 24 -35.1 -0.3 2 -36.5 -0.3 -10
2 24 -36.5 -0.3 -10 -37.5 -0.3 -22.1
2 24 -31.9 -0.3 -29.7 -31.8 -0.3 -29.2
2 24 -31.7 -0.3 -30.3 -31.9 -0.3 -29.7
2 24 -35.4 -0.3 -34.2 -30.3 -0.3 -37
2 24 -30.9 -0.3 -30.6 -31.7 -0.3 -30.3
2 24 -30.3 -0.3 -37 -24.3 -0.3 -38.9
2 24 -24.3 -0.3 -32.5 -25.2 -0.3 -32.6
2 24 -24.3 -0.3 -38.9 -18.5 -0.3 -39.8
2 24 -23.9 -0.3 -31.9 -24.3 -0.3 -32.5
2 24 -25.2 -0.3 -32.6 -26.3 -0.3 -32.1
2 24 -26.3 -0.3 -32.1 -27.3 -0.3 -31.2
2 24 -29.7 -0.3 -30.6 -30.9 -0.3 -30.6
2 24 -28.9 -0.3 -30.3 -29.7 -0.3 -30.6
2 24 -27.3 -0.3 -31.2 -27.6 -0.3 -30.6
2 24 -27.6 -0.3 -30.6 -28.2 -0.3 -30.2
2 24 -28.2 -0.3 -30.2 -28.9 -0.3 -30.3
2 24 -14.3 -0.3 3.6 -15.2 -0.3 2.5
2 24 -12.6 -0.3 6.2 -14.2 -0.3 4.9
2 24 -14.2 -0.3 4.9 -14.3 -0.3 3.6
2 24 -9.1 -0.3 9.2 -12.6 -0.3 6.2
2 24 -6.1 -0.3 11.6 -9.1 -0.3 9.2
2 24 9.1 -0.3 9.2 6.1 -0.3 11.6
2 24 12.6 -0.3 6.2 9.1 -0.3 9.2
2 24 14.2 -0.3 4.9 12.6 -0.3 6.2
2 24 14.3 -0.3 3.6 14.2 -0.3 4.9
2 24 15.2 -0.3 2.5 14.3 -0.3 3.6
2 24 13.39 -0.3 -28.48 13.94 -0.3 -28.96
2 24 13.94 -0.3 -28.96 14.29 -0.3 -30.11
2 24 15.22 -0.3 -31.43 16.54 -0.3 -32.38
2 24 14.29 -0.3 -30.11 15.22 -0.3 -31.43
2 24 11.86 -0.3 -32.73 10.57 -0.3 -33.12
2 24 14.28 -0.3 -33.2 13.69 -0.3 -32.59
2 24 13.69 -0.3 -32.59 13.09 -0.3 -32.2
2 24 13.09 -0.3 -32.2 12.38 -0.3 -32.31
2 24 12.38 -0.3 -32.31 11.86 -0.3 -32.73
2 24 16.54 -0.3 -32.38 16.78 -0.3 -32.82
2 24 26.9 -0.3 -26.7 27.6 -0.3 -26.9
2 24 32.3 -0.3 16.6 30.2 -0.3 19.6
2 24 30.2 -0.3 19.6 24.6 -0.3 25.9
2 24 24.6 -0.3 25.9 22.3 -0.3 28.8
2 24 22.3 -0.3 28.8 19 -0.3 30.9
2 24 19 -0.3 30.9 15.5 -0.3 31.3
2 24 10.1 -0.3 27.4 6.3 -0.3 24.2
2 24 5.6 -0.3 16 9.2 -0.3 12.7
2 24 4.8 -0.3 18.6 5.6 -0.3 16
2 24 6.3 -0.3 24.2 5 -0.3 21.6
2 24 5 -0.3 21.6 4.8 -0.3 18.6
2 24 9.2 -0.3 12.7 11.9 -0.3 10.4
2 24 11.9 0 10.4 9.2 0 12.7
2 24 4.8 0 18.6 5 0 21.6
2 24 5 0 21.6 6.3 0 24.2
2 24 9.2 0 12.7 5.6 0 16
2 24 5.6 0 16 4.8 0 18.6
2 24 6.3 0 24.2 10.1 0 27.4
2 24 15.5 0 31.3 19 0 30.9
2 24 19 0 30.9 22.3 0 28.8
2 24 22.3 0 28.8 24.6 0 25.9
2 24 24.6 0 25.9 30.2 0 19.6
2 24 30.2 0 19.6 32.3 0 16.6
2 24 37.5 0 -22.1 38.3 0 -31.4
2 24 38.3 0 -31.4 35.4 0 -34.2
2 24 27.6 0 -26.9 26.9 0 -26.7
2 24 16.78 0 -32.82 16.54 0 -32.38
2 24 13.09 0 -32.2 13.69 0 -32.59
2 24 12.38 0 -32.31 13.09 0 -32.2
2 24 11.86 0 -32.73 12.38 0 -32.31
2 24 13.69 0 -32.59 14.28 0 -33.2
2 24 10.57 0 -33.12 11.86 0 -32.73
2 24 14.28 0 -33.2 15.37 0 -33.71
2 24 5.6 0 -38.2 2.4 0 -35.7
2 24 16.54 0 -32.38 15.22 0 -31.43
2 24 15.22 0 -31.43 14.29 0 -30.11
2 24 14.29 0 -30.11 13.94 0 -28.96
2 24 13.94 0 -28.96 13.39 0 -28.48
2 24 15.2 0 2.5 16.9 0 2.2
2 24 14.3 0 3.6 15.2 0 2.5
2 24 14.2 0 4.9 14.3 0 3.6
2 24 12.6 0 6.2 14.2 0 4.9
2 24 9.1 0 9.2 12.6 0 6.2
2 24 6.1 0 11.6 9.1 0 9.2
2 24 -9.1 0 9.2 -6.1 0 11.6
2 24 -12.6 0 6.2 -9.1 0 9.2
2 24 -14.3 0 3.6 -14.2 0 4.9
2 24 -14.2 0 4.9 -12.6 0 6.2
2 24 -15.2 0 2.5 -14.3 0 3.6
2 24 0 0 -34.7 -2.4 0 -35.7
2 24 -18.5 0 -39.8 -24.3 0 -38.9
2 24 -24.3 0 -32.5 -23.9 0 -31.9
2 24 -28.9 0 -30.3 -28.2 0 -30.2
2 24 -28.2 0 -30.2 -27.6 0 -30.6
2 24 -27.6 0 -30.6 -27.3 0 -31.2
2 24 -29.7 0 -30.6 -28.9 0 -30.3
2 24 -30.9 0 -30.6 -29.7 0 -30.6
2 24 -27.3 0 -31.2 -26.3 0 -32.1
2 24 -26.3 0 -32.1 -25.2 0 -32.6
2 24 -25.2 0 -32.6 -24.3 0 -32.5
2 24 -24.3 0 -38.9 -30.3 0 -37
2 24 -30.3 0 -37 -35.4 0 -34.2
2 24 -31.7 0 -30.3 -30.9 0 -30.6
2 24 -31.9 0 -29.7 -31.7 0 -30.3
2 24 -31.8 0 -29.2 -31.9 0 -29.7
2 24 -37.5 0 -22.1 -36.5 0 -10
2 24 -36.5 0 -10 -35.1 0 2
2 24 -16.9 0 7.5 -18.3 0 6.9
2 24 -15.7 0 7.2 -16.9 0 7.5
2 24 -11.9 0 10.4 -15.7 0 7.2
2 24 -9.2 0 12.7 -11.9 0 10.4
2 24 -5 0 21.6 -4.8 0 18.6
2 24 -4.8 0 18.6 -5.6 0 16
2 24 -10.1 0 27.4 -6.3 0 24.2
2 24 -6.3 0 24.2 -5 0 21.6
2 24 -5.6 0 16 -9.2 0 12.7
2 24 -19 0 30.9 -15.5 0 31.3
2 24 -24.6 0 25.9 -22.3 0 28.8
2 24 -22.3 0 28.8 -19 0 30.9
2 24 -30.2 0 19.6 -24.6 0 25.9
2 24 -32.3 0 16.6 -30.2 0 19.6
2 24 -33.3 0 13.2 -32.3 0 16.6
2 24 -34.3 0 9.4 -33.3 0 13.2
2 24 -18.3 0 6.9 -19 0 5.6
2 24 -35.1 0 2 -34.3 0 9.4
2 24 -19 0 5.6 -19 0 4.1
2 24 -38.3 0 -31.4 -37.5 0 -22.1
2 24 -19 0 4.1 -18.3 0 2.8
2 24 -35.4 0 -34.2 -38.3 0 -31.4
2 24 -18.3 0 2.8 -16.9 0 2.2
2 24 -31.4 0 -28.9 -31.8 0 -29.2
2 24 -28.4 0 -27.8 -29.8 0 -28.6
2 24 -29.8 0 -28.6 -31.4 0 -28.9
2 24 -27.6 0 -26.9 -28.4 0 -27.8
2 24 -26.9 0 -26.7 -27.6 0 -26.9
2 24 -26.4 0 -27.2 -26.9 0 -26.7
2 24 -25.2 0 -30.1 -26 0 -28.8
2 24 -26 0 -28.8 -26.4 0 -27.2
2 24 -24.1 0 -31.1 -25.2 0 -30.1
2 24 -23.9 0 -31.9 -24.1 0 -31.1
2 24 -10.42 0 -30.84 -11.69 0 -30
2 24 -11.69 0 -30 -12.73 0 -28.72
2 24 -9 0 -31.28 -10.42 0 -30.84
2 24 -5.6 0 -38.2 -9 0 -39.7
2 24 -9 0 -39.7 -13.6 0 -40.1
2 24 -13.6 0 -40.1 -18.5 0 -39.8
2 24 -8.48 0 -31.93 -9 0 -31.28
2 24 -2.4 0 -35.7 -5.6 0 -38.2
2 24 -8.59 0 -32.64 -8.48 0 -31.93
2 24 -9.36 0 -33.11 -8.59 0 -32.64
2 24 -10.57 0 -33.12 -9.36 0 -33.11
2 24 -13.69 0 -32.59 -13.09 0 -32.2
2 24 -13.09 0 -32.2 -12.38 0 -32.31
2 24 -12.38 0 -32.31 -11.86 0 -32.73
2 24 -14.28 0 -33.2 -13.69 0 -32.59
2 24 -15.37 0 -33.71 -14.28 0 -33.2
2 24 -11.86 0 -32.73 -10.57 0 -33.12
2 24 -16.22 0 -33.77 -15.37 0 -33.71
2 24 -16.66 0 -33.31 -16.22 0 -33.77
2 24 -16.78 0 -32.82 -16.66 0 -33.31
2 24 -16.54 0 -32.38 -16.78 0 -32.82
2 24 -14.29 0 -30.11 -15.22 0 -31.43
2 24 -15.22 0 -31.43 -16.54 0 -32.38
2 24 -13.94 0 -28.96 -14.29 0 -30.11
2 24 -13.39 0 -28.48 -13.94 0 -28.96
2 24 -12.73 0 -28.72 -13.39 0 -28.48
2 24 -16.9 0 2.2 -15.2 0 2.5
2 24 2.4 0 -35.7 0 0 -34.7
2 24 13.39 0 -28.48 12.73 0 -28.72
2 24 12.73 0 -28.72 11.69 0 -30
2 24 11.69 0 -30 10.42 0 -30.84
2 24 10.42 0 -30.84 9 0 -31.28
2 24 9 0 -31.28 8.48 0 -31.93
2 24 8.48 0 -31.93 8.59 0 -32.64
2 24 8.59 0 -32.64 9.36 0 -33.11
2 24 9.36 0 -33.11 10.57 0 -33.12
2 24 18.5 0 -39.8 13.6 0 -40.1
2 24 13.6 0 -40.1 9 0 -39.7
2 24 9 0 -39.7 5.6 0 -38.2
2 24 15.37 0 -33.71 16.22 0 -33.77
2 24 16.22 0 -33.77 16.66 0 -33.31
2 24 16.66 0 -33.31 16.78 0 -32.82
2 24 24.3 0 -38.9 18.5 0 -39.8
2 24 35.4 0 -34.2 30.3 0 -37
2 24 30.3 0 -37 24.3 0 -38.9
2 24 28.4 0 -27.8 27.6 0 -26.9
2 24 29.8 0 -28.6 28.4 0 -27.8
2 24 31.4 0 -28.9 29.8 0 -28.6
2 24 31.8 0 -29.2 31.4 0 -28.9
2 24 31.9 0 -29.7 31.8 0 -29.2
2 24 31.7 0 -30.3 31.9 0 -29.7
2 24 30.9 0 -30.6 31.7 0 -30.3
2 24 28.2 0 -30.2 28.9 0 -30.3
2 24 27.6 0 -30.6 28.2 0 -30.2
2 24 27.3 0 -31.2 27.6 0 -30.6
2 24 28.9 0 -30.3 29.7 0 -30.6
2 24 26.3 0 -32.1 27.3 0 -31.2
2 24 29.7 0 -30.6 30.9 0 -30.6
2 24 25.2 0 -32.6 26.3 0 -32.1
2 24 24.3 0 -32.5 25.2 0 -32.6
2 24 23.9 0 -31.9 24.3 0 -32.5
2 24 24.1 0 -31.1 23.9 0 -31.9
2 24 25.2 0 -30.1 24.1 0 -31.1
2 24 26 0 -28.8 25.2 0 -30.1
2 24 26.4 0 -27.2 26 0 -28.8
2 24 26.9 0 -26.7 26.4 0 -27.2
2 24 16.9 0 2.2 18.3 0 2.8
2 24 18.3 0 2.8 19 0 4.1
2 24 36.5 0 -10 37.5 0 -22.1
2 24 35.1 0 2 36.5 0 -10
2 24 34.3 0 9.4 35.1 0 2
2 24 19 0 4.1 19 0 5.6
2 24 33.3 0 13.2 34.3 0 9.4
2 24 19 0 5.6 18.3 0 6.9
2 24 32.3 0 16.6 33.3 0 13.2
2 24 18.3 0 6.9 16.9 0 7.5
2 24 16.9 0 7.5 15.7 0 7.2
2 24 15.7 0 7.2 11.9 0 10.4
2 24 15.7 0 7.2 15.7 -.3 7.2
5 24 11.9 -0.3 10.4 11.9 0 10.4 15.7 0 7.2 9.2 0 12.7
5 24 16.9 0 7.5 16.9 -0.3 7.5 15.7 0 7.2 18.3 0 6.9
5 24 18.3 0 6.9 18.3 -0.3 6.9 16.9 0 7.5 19 0 5.6
5 24 19 0 5.6 19 -0.3 5.6 18.3 0 6.9 19 0 4.1
5 24 19 0 4.1 19 -0.3 4.1 19 0 5.6 18.3 0 2.8
5 24 18.3 0 2.8 18.3 -0.3 2.8 19 0 4.1 16.9 0 2.2
5 24 16.9 0 2.2 16.9 -0.3 2.2 18.3 0 2.8 15.2 0 2.5
5 24 15.2 0 2.5 15.2 -0.3 2.5 16.9 0 2.2 14.3 0 3.6
5 24 14.3 0 3.6 14.3 -0.3 3.6 15.2 0 2.5 14.2 0 4.9
2 24 14.2 0 4.9 14.2 -.3 4.9
5 24 12.6 0 6.2 12.6 -0.3 6.2 14.2 0 4.9 9.1 0 9.2
5 24 9.1 0 9.2 9.1 -.3 9.2 12.6 0 6.2 6.1 0 11.6
5 24 -9.1 0 9.2 -9.1 -0.3 9.2 -6.1 0 11.6 -12.6 0 6.2
5 24 -12.6 0 6.2 -12.6 -0.3 6.2 -9.1 0 9.2 -14.2 0 4.9
2 24 -14.2 0 4.9 -14.2 -.3 4.9
5 24 -14.3 0 3.6 -14.3 -0.3 3.6 -14.2 0 4.9 -15.2 0 2.5
5 24 -15.2 0 2.5 -15.2 -0.3 2.5 -14.3 0 3.6 -16.9 0 2.2
5 24 -16.9 0 2.2 -16.9 -0.3 2.2 -15.2 0 2.5 -18.3 0 2.8
5 24 -18.3 0 2.8 -18.3 -0.3 2.8 -16.9 0 2.2 -19 0 4.1
5 24 -19 0 4.1 -19 -0.3 4.1 -18.3 0 2.8 -19 0 5.6
5 24 -19 0 5.6 -19 -0.3 5.6 -19 0 4.1 -18.3 0 6.9
5 24 -18.3 0 6.9 -18.3 -0.3 6.9 -19 0 5.6 -16.9 0 7.5
5 24 -16.9 0 7.5 -16.9 -0.3 7.5 -18.3 0 6.9 -15.7 0 7.2
2 24 -15.7 0 7.2 -15.7 -.3 7.2
5 24 -11.9 0 10.4 -11.9 -0.3 10.4 -15.7 0 7.2 -9.2 0 12.7
5 24 -9.2 0 12.7 -9.2 -0.3 12.7 -11.9 0 10.4 -5.6 0 16
5 24 -5.6 0 16 -5.6 -0.3 16 -9.2 0 12.7 -4.8 0 18.6
5 24 -4.8 0 18.6 -4.8 -0.3 18.6 -5.6 0 16 -5 0 21.6
5 24 -5 0 21.6 -5 -0.3 21.6 -4.8 0 18.6 -6.3 0 24.2
5 24 -6.3 0 24.2 -6.3 -0.3 24.2 -5 0 21.6 -10.1 0 27.4
5 24 -19 0 30.9 -19 -0.3 30.9 -15.5 0 31.3 -22.3 0 28.8
5 24 -22.3 0 28.8 -22.3 -0.3 28.8 -19 0 30.9 -24.6 0 25.9
5 24 -24.6 0 25.9 -24.6 -0.3 25.9 -22.3 0 28.8 -30.2 0 19.6
5 24 -30.2 0 19.6 -30.2 -0.3 19.6 -24.6 0 25.9 -32.3 0 16.6
5 24 -32.3 0 16.6 -32.3 -0.3 16.6 -30.2 0 19.6 -33.3 0 13.2
5 24 -33.3 0 13.2 -33.3 -0.3 13.2 -32.3 0 16.6 -34.3 0 9.4
5 24 -34.3 0 9.4 -34.3 -0.3 9.4 -33.3 0 13.2 -35.1 0 2
5 24 -35.1 0 2 -35.1 -0.3 2 -34.3 0 9.4 -36.5 0 -10
5 24 -36.5 0 -10 -36.5 -0.3 -10 -35.1 0 2 -37.5 0 -22.1
5 24 -37.5 0 -22.1 -37.5 -0.3 -22.1 -36.5 0 -10 -38.3 0 -31.4
2 24 -38.3 0 -31.4 -38.3 -.3 -31.4
5 24 -35.4 0 -34.2 -35.4 -0.3 -34.2 -38.3 0 -31.4 -30.3 0 -37
5 24 -30.3 0 -37 -30.3 -0.3 -37 -35.4 0 -34.2 -24.3 0 -38.9
5 24 -24.3 0 -38.9 -24.3 -0.3 -38.9 -30.3 0 -37 -18.5 0 -39.8
5 24 -18.5 0 -39.8 -18.5 -0.3 -39.8 -24.3 0 -38.9 -13.6 0 -40.1
5 24 -13.6 0 -40.1 -13.6 -0.3 -40.1 -18.5 0 -39.8 -9 0 -39.7
5 24 -9 0 -39.7 -9 -0.3 -39.7 -13.6 0 -40.1 -5.6 0 -38.2
5 24 -5.6 0 -38.2 -5.6 -0.3 -38.2 -9 0 -39.7 -2.4 0 -35.7
5 24 -2.4 0 -35.7 -2.4 -0.3 -35.7 -5.6 0 -38.2 0 0 -34.7
5 24 0 0 -34.7 0 -0.3 -34.7 -2.4 0 -35.7 2.4 0 -35.7
5 24 2.4 0 -35.7 2.4 -0.3 -35.7 0 0 -34.7 5.6 0 -38.2
5 24 5.6 0 -38.2 5.6 -0.3 -38.2 2.4 0 -35.7 9 0 -39.7
5 24 9 0 -39.7 9 -0.3 -39.7 5.6 0 -38.2 13.6 0 -40.1
5 24 13.6 0 -40.1 13.6 -0.3 -40.1 9 0 -39.7 18.5 0 -39.8
5 24 18.5 0 -39.8 18.5 -0.3 -39.8 13.6 0 -40.1 24.3 0 -38.9
5 24 24.3 0 -38.9 24.3 -0.3 -38.9 18.5 0 -39.8 30.3 0 -37
5 24 30.3 0 -37 30.3 -0.3 -37 24.3 0 -38.9 35.4 0 -34.2
5 24 35.4 0 -34.2 35.4 -0.3 -34.2 30.3 0 -37 38.3 0 -31.4
2 24 38.3 0 -31.4 38.3 -.3 -31.4
5 24 37.5 0 -22.1 37.5 -0.3 -22.1 38.3 0 -31.4 36.5 0 -10
5 24 36.5 0 -10 36.5 -0.3 -10 37.5 0 -22.1 35.1 0 2
5 24 35.1 0 2 35.1 -0.3 2 36.5 0 -10 34.3 0 9.4
5 24 34.3 0 9.4 34.3 -0.3 9.4 35.1 0 2 33.3 0 13.2
5 24 33.3 0 13.2 33.3 -0.3 13.2 34.3 0 9.4 32.3 0 16.6
5 24 32.3 0 16.6 32.3 -0.3 16.6 33.3 0 13.2 30.2 0 19.6
5 24 30.2 0 19.6 30.2 -0.3 19.6 32.3 0 16.6 24.6 0 25.9
5 24 24.6 0 25.9 24.6 -0.3 25.9 30.2 0 19.6 22.3 0 28.8
5 24 22.3 0 28.8 22.3 -0.3 28.8 24.6 0 25.9 19 0 30.9
5 24 19 0 30.9 19 -0.3 30.9 22.3 0 28.8 15.5 0 31.3
5 24 6.3 0 24.2 6.3 -0.3 24.2 10.1 0 27.4 5 0 21.6
5 24 5 0 21.6 5 -0.3 21.6 6.3 0 24.2 4.8 0 18.6
5 24 4.8 0 18.6 4.8 -0.3 18.6 5 0 21.6 5.6 0 16
5 24 5.6 0 16 5.6 -0.3 16 4.8 0 18.6 9.2 0 12.7
5 24 9.2 0 12.7 9.2 -0.3 12.7 5.6 0 16 11.9 0 10.4
5 24 26.9 0 -26.7 26.9 -0.3 -26.7 26.4 0 -27.2 27.6 0 -26.9
5 24 26.4 -0.3 -27.2 26.4 0 -27.2 26.9 0 -26.7 26 0 -28.8
5 24 27.6 0 -26.9 27.6 -0.3 -26.9 26.9 0 -26.7 28.4 0 -27.8
5 24 28.4 0 -27.8 28.4 -0.3 -27.8 27.6 0 -26.9 29.8 0 -28.6
5 24 29.8 0 -28.6 29.8 -0.3 -28.6 28.4 0 -27.8 31.4 0 -28.9
5 24 31.4 0 -28.9 31.4 -0.3 -28.9 29.8 0 -28.6 31.8 0 -29.2
5 24 31.8 0 -29.2 31.8 -0.3 -29.2 31.4 0 -28.9 31.9 0 -29.7
5 24 31.9 0 -29.7 31.9 -0.3 -29.7 31.8 0 -29.2 31.7 0 -30.3
5 24 31.7 0 -30.3 31.7 -0.3 -30.3 31.9 0 -29.7 30.9 0 -30.6
5 24 30.9 0 -30.6 30.9 -0.3 -30.6 31.7 0 -30.3 29.7 0 -30.6
5 24 29.7 0 -30.6 29.7 -0.3 -30.6 30.9 0 -30.6 28.9 0 -30.3
5 24 28.9 0 -30.3 28.9 -0.3 -30.3 29.7 0 -30.6 28.2 0 -30.2
5 24 28.2 0 -30.2 28.2 -0.3 -30.2 28.9 0 -30.3 27.6 0 -30.6
5 24 27.6 0 -30.6 27.6 -0.3 -30.6 28.2 0 -30.2 27.3 0 -31.2
5 24 27.3 0 -31.2 27.3 -0.3 -31.2 27.6 0 -30.6 26.3 0 -32.1
5 24 26.3 0 -32.1 26.3 -0.3 -32.1 27.3 0 -31.2 25.2 0 -32.6
5 24 25.2 0 -32.6 25.2 -0.3 -32.6 26.3 0 -32.1 24.3 0 -32.5
5 24 24.3 0 -32.5 24.3 -0.3 -32.5 25.2 0 -32.6 23.9 0 -31.9
5 24 23.9 0 -31.9 23.9 -0.3 -31.9 24.3 0 -32.5 24.1 0 -31.1
5 24 24.1 0 -31.1 24.1 -0.3 -31.1 23.9 0 -31.9 25.2 0 -30.1
5 24 25.2 0 -30.1 25.2 -0.3 -30.1 24.1 0 -31.1 26 0 -28.8
5 24 26 0 -28.8 26 -0.3 -28.8 25.2 0 -30.1 26.4 0 -27.2
5 24 16.66 0 -33.31 16.66 -0.3 -33.31 16.78 0 -32.82 16.22 0 -33.77
5 24 16.78 -0.3 -32.82 16.78 0 -32.82 16.66 0 -33.31 16.54 0 -32.38
5 24 16.22 0 -33.77 16.22 -0.3 -33.77 16.66 0 -33.31 15.37 0 -33.71
5 24 15.37 0 -33.71 15.37 -0.3 -33.71 16.22 0 -33.77 14.28 0 -33.2
5 24 14.28 0 -33.2 14.28 -0.3 -33.2 15.37 0 -33.71 13.69 0 -32.59
5 24 13.69 0 -32.59 13.69 -0.3 -32.59 14.28 0 -33.2 13.09 0 -32.2
5 24 13.09 0 -32.2 13.09 -0.3 -32.2 13.69 0 -32.59 12.38 0 -32.31
5 24 12.38 0 -32.31 12.38 -0.3 -32.31 13.09 0 -32.2 11.86 0 -32.73
5 24 11.86 0 -32.73 11.86 -0.3 -32.73 12.38 0 -32.31 10.57 0 -33.12
5 24 10.57 0 -33.12 10.57 -0.3 -33.12 11.86 0 -32.73 9.36 0 -33.11
5 24 9.36 0 -33.11 9.36 -0.3 -33.11 10.57 0 -33.12 8.59 0 -32.64
5 24 8.59 0 -32.64 8.59 -0.3 -32.64 9.36 0 -33.11 8.48 0 -31.93
5 24 8.48 0 -31.93 8.48 -0.3 -31.93 8.59 0 -32.64 9 0 -31.28
5 24 9 0 -31.28 9 -0.3 -31.28 8.48 0 -31.93 10.42 0 -30.84
5 24 10.42 0 -30.84 10.42 -0.3 -30.84 9 0 -31.28 11.69 0 -30
5 24 11.69 0 -30 11.69 -0.3 -30 10.42 0 -30.84 12.73 0 -28.72
5 24 12.73 0 -28.72 12.73 -0.3 -28.72 11.69 0 -30 13.39 0 -28.48
5 24 13.39 0 -28.48 13.39 -0.3 -28.48 12.73 0 -28.72 13.94 0 -28.96
5 24 13.94 0 -28.96 13.94 -0.3 -28.96 13.39 0 -28.48 14.29 0 -30.11
5 24 14.29 0 -30.11 14.29 -0.3 -30.11 13.94 0 -28.96 15.22 0 -31.43
5 24 15.22 0 -31.43 15.22 -0.3 -31.43 14.29 0 -30.11 16.54 0 -32.38
5 24 16.54 0 -32.38 16.54 -0.3 -32.38 15.22 0 -31.43 16.78 0 -32.82
5 24 -12.73 0 -28.72 -12.73 -0.3 -28.72 -13.39 0 -28.48 -11.69 0 -30
5 24 -13.39 -0.3 -28.48 -13.39 0 -28.48 -12.73 0 -28.72 -13.94 0 -28.96
5 24 -11.69 0 -30 -11.69 -0.3 -30 -12.73 0 -28.72 -10.42 0 -30.84
5 24 -10.42 0 -30.84 -10.42 -0.3 -30.84 -11.69 0 -30 -9 0 -31.28
5 24 -9 0 -31.28 -9 -0.3 -31.28 -10.42 0 -30.84 -8.48 0 -31.93
5 24 -8.48 0 -31.93 -8.48 -0.3 -31.93 -9 0 -31.28 -8.59 0 -32.64
5 24 -8.59 0 -32.64 -8.59 -0.3 -32.64 -8.48 0 -31.93 -9.36 0 -33.11
5 24 -9.36 0 -33.11 -9.36 -0.3 -33.11 -8.59 0 -32.64 -10.57 0 -33.12
5 24 -10.57 0 -33.12 -10.57 -0.3 -33.12 -9.36 0 -33.11 -11.86 0 -32.73
5 24 -11.86 0 -32.73 -11.86 -0.3 -32.73 -10.57 0 -33.12 -12.38 0 -32.31
5 24 -12.38 0 -32.31 -12.38 -0.3 -32.31 -11.86 0 -32.73 -13.09 0 -32.2
5 24 -13.09 0 -32.2 -13.09 -0.3 -32.2 -12.38 0 -32.31 -13.69 0 -32.59
5 24 -13.69 0 -32.59 -13.69 -0.3 -32.59 -13.09 0 -32.2 -14.28 0 -33.2
5 24 -14.28 0 -33.2 -14.28 -0.3 -33.2 -13.69 0 -32.59 -15.37 0 -33.71
5 24 -15.37 0 -33.71 -15.37 -0.3 -33.71 -14.28 0 -33.2 -16.22 0 -33.77
5 24 -16.22 0 -33.77 -16.22 -0.3 -33.77 -15.37 0 -33.71 -16.66 0 -33.31
5 24 -16.66 0 -33.31 -16.66 -0.3 -33.31 -16.22 0 -33.77 -16.78 0 -32.82
5 24 -16.78 0 -32.82 -16.78 -0.3 -32.82 -16.66 0 -33.31 -16.54 0 -32.38
5 24 -16.54 0 -32.38 -16.54 -0.3 -32.38 -16.78 0 -32.82 -15.22 0 -31.43
5 24 -15.22 0 -31.43 -15.22 -0.3 -31.43 -16.54 0 -32.38 -14.29 0 -30.11
5 24 -14.29 0 -30.11 -14.29 -0.3 -30.11 -15.22 0 -31.43 -13.94 0 -28.96
5 24 -13.94 0 -28.96 -13.94 -0.3 -28.96 -14.29 0 -30.11 -13.39 0 -28.48
5 24 -23.9 0 -31.9 -23.9 -0.3 -31.9 -24.1 0 -31.1 -24.3 0 -32.5
5 24 -24.1 -0.3 -31.1 -24.1 0 -31.1 -23.9 0 -31.9 -25.2 0 -30.1
5 24 -24.3 0 -32.5 -24.3 -0.3 -32.5 -23.9 0 -31.9 -25.2 0 -32.6
5 24 -25.2 0 -32.6 -25.2 -0.3 -32.6 -24.3 0 -32.5 -26.3 0 -32.1
5 24 -26.3 0 -32.1 -26.3 -0.3 -32.1 -25.2 0 -32.6 -27.3 0 -31.2
5 24 -27.3 0 -31.2 -27.3 -0.3 -31.2 -26.3 0 -32.1 -27.6 0 -30.6
5 24 -27.6 0 -30.6 -27.6 -0.3 -30.6 -27.3 0 -31.2 -28.2 0 -30.2
5 24 -28.2 0 -30.2 -28.2 -0.3 -30.2 -27.6 0 -30.6 -28.9 0 -30.3
5 24 -28.9 0 -30.3 -28.9 -0.3 -30.3 -28.2 0 -30.2 -29.7 0 -30.6
5 24 -29.7 0 -30.6 -29.7 -0.3 -30.6 -28.9 0 -30.3 -30.9 0 -30.6
5 24 -30.9 0 -30.6 -30.9 -0.3 -30.6 -29.7 0 -30.6 -31.7 0 -30.3
5 24 -31.7 0 -30.3 -31.7 -0.3 -30.3 -30.9 0 -30.6 -31.9 0 -29.7
5 24 -31.9 0 -29.7 -31.9 -0.3 -29.7 -31.7 0 -30.3 -31.8 0 -29.2
5 24 -31.8 0 -29.2 -31.8 -0.3 -29.2 -31.9 0 -29.7 -31.4 0 -28.9
5 24 -31.4 0 -28.9 -31.4 -0.3 -28.9 -31.8 0 -29.2 -29.8 0 -28.6
5 24 -29.8 0 -28.6 -29.8 -0.3 -28.6 -31.4 0 -28.9 -28.4 0 -27.8
5 24 -28.4 0 -27.8 -28.4 -0.3 -27.8 -29.8 0 -28.6 -27.6 0 -26.9
5 24 -27.6 0 -26.9 -27.6 -0.3 -26.9 -28.4 0 -27.8 -26.9 0 -26.7
5 24 -26.9 0 -26.7 -26.9 -0.3 -26.7 -27.6 0 -26.9 -26.4 0 -27.2
5 24 -26.4 0 -27.2 -26.4 -0.3 -27.2 -26.9 0 -26.7 -26 0 -28.8
5 24 -26 0 -28.8 -26 -0.3 -28.8 -26.4 0 -27.2 -25.2 0 -30.1
5 24 -25.2 0 -30.1 -25.2 -0.3 -30.1 -26 0 -28.8 -24.1 0 -31.1
