0 Bar  4L Lightsaber Blade with Cross Bar  2L
0 Name: 21699.dat
0 Author: Massimo Maso [Sirio]
0 !LDRAW_ORG Part UPDATE 2018-01
0 !LICENSE Redistributable under CCAL version 2.0 : see CAreadme.txt

0 BFC CERTIFY CCW
0 !KEYWORDS minifig accessory, tool, saber, star wars

0 !HISTORY 2016-03-18 {LEGO Digital Designer} Original part shape
0 !HISTORY 2017-12-24 [Sirio] File preparation for LDraw Parts Tracker
0 !HISTORY 2018-01-30 [PTadmin] Official Update 2018-01

0 // Primitives

1 16 0 -80 0 4 0 0 0 1 0 0 0 4 4-4disc.dat
1 16 0 -80 0 4 0 0 0 66.75 0 0 0 4 4-4cyli.dat
1 16 0 -13.25 0 -4 0 0 0 4 0 0 0 4 1-4cyls.dat
1 16 0 -13.25 0 4 0 0 0 4 0 0 0 4 1-4cyls.dat
1 16 0 -13.25 0 -4 0 0 0 4 0 0 0 -4 1-4cyls.dat
1 16 0 -13.25 0 4 0 0 0 4 0 0 0 -4 1-4cyls.dat
1 16 -20 -9.25 0 0 1 0 -4 0 0 0 0 4 4-4disc.dat
1 16 -20 -9.25 0 0 14 0 -4 0 0 0 0 4 4-4cyli.dat
1 16 -6 -9.25 0 0 0.3044 0 3.69552 0 -1.53074 -1.53074 0 -3.69552 7-8cyli.dat
1 16 -5.6956 -9.25 0 0 0.508 0 2.82843 0 -2.82843 -2.82843 0 -2.82843 3-4cyli.dat
1 16 -5.188 -9.25 0 0 1.1876 0 1.53074 0 -3.69552 -3.69552 0 -1.53074 5-8cyli.dat
1 16 -4 -9.25 0 0 4 0 -4 0 0 0 0 4 1-4cyls.dat
1 16 4 -9.25 0 0 -4 0 -4 0 0 0 0 4 1-4cyls.dat
1 16 -4 -9.25 0 0 4 0 -4 0 0 0 0 -4 1-4cyls.dat
1 16 4 -9.25 0 0 -4 0 -4 0 0 0 0 -4 1-4cyls.dat
1 16 4 -9.25 0 0 1.1876 0 1.53073 0 -3.69552 -3.69552 0 -1.53073 5-8cyli.dat
1 16 5.1876 -9.25 0 0 0.508 0 2.82842 0 -2.82843 -2.82843 0 -2.82842 3-4cyli.dat
1 16 5.6956 -9.25 0 0 0.3044 0 3.69551 0 -1.53074 -1.53074 0 -3.69551 7-8cyli.dat
1 16 20 -9.25 0 0 -14 0 4 0 0 0 0 4 4-4cyli.dat
1 16 20 -9.25 0 0 -1 0 4 0 0 0 0 4 4-4disc.dat
1 16 0 -7 0 4 0 0 0 7 0 0 0 4 4-4cyli.dat
1 16 0 0 0 4 0 0 0 -1 0 0 0 4 4-4disc.dat
1 16 0 -7 0 -5.54328 0 -2.2961 0 -1 0 2.2961 0 -5.54328 1-8chrd.dat
1 16 0 -7 0 5.54328 0 2.2961 0 -1 0 -2.2961 0 5.54328 1-8chrd.dat
0 BFC INVERTNEXT
1 16 0 -7 0 -5.54328 0 -2.2961 0 0.9341 0 2.2961 0 -5.54328 1-8cyli.dat
0 BFC INVERTNEXT
1 16 0 -7 0 5.54328 0 2.2961 0 0.9341 0 -2.2961 0 5.54328 1-8cyli.dat
0 // Faces
4 16 1.5308 -7.7193 -3.6956 4 -7.7193 -3.6956 4 -9.25 -4 0 -9.25 -4
4 16 1.5308 -7.7193 3.6956 0 -9.25 4 4 -9.25 4 4 -7.7193 3.6956
4 16 -1.5308 -7.7193 3.6956 -4 -7.7193 3.6956 -4 -9.25 4 0 -9.25 4
4 16 -1.5308 -7.7193 -3.6956 0 -9.25 -4 -4 -9.25 -4 -4 -7.7193 -3.6956
4 16 -4.9293 -7 3.2149 -4 -7.7193 3.6956 -1.5308 -7.7193 3.6956 -2.25 -7 3.2149
4 16 4.9293 -7 3.2149 2.25 -7 3.2149 1.5308 -7.7193 3.6956 4 -7.7193 3.6956
4 16 -4.9293 -7 -3.2149 -2.25 -7 -3.2149 -1.5308 -7.7193 -3.6956 -4 -7.7193 -3.6956
4 16 4.9293 -7 -3.2149 4 -7.7193 -3.6956 1.5308 -7.7193 -3.6956 2.25 -7 -3.2149
3 16 -5.1876 -7.7193 3.6956 -4 -7.7193 3.6956 -4.9293 -7 3.2149
3 16 4.9293 -7 3.2149 4 -7.7193 3.6956 5.1876 -7.7193 3.6956
3 16 -4.9293 -7 -3.2149 -4 -7.7193 -3.6956 -5.1876 -7.7193 -3.6956
3 16 5.1876 -7.7193 -3.6956 4 -7.7193 -3.6956 4.9293 -7 -3.2149
3 16 -2.8284 -7 -2.8284 -2.25 -7 -3.2149 -4.9293 -7 -3.2149
3 16 -3.6956 -7 -1.5308 -2.8284 -7 -2.8284 -4.9293 -7 -3.2149
4 16 -3.6956 -7 -1.5308 -4.9293 -7 -3.2149 -5.5434 -7 -2.2962 -4 -7 0
3 16 -4 -7 0 -5.5434 -7 -2.2962 -5.5434 -7 2.2962
4 16 -4 -7 0 -5.5434 -7 2.2962 -4.9293 -7 3.2149 -3.6956 -7 1.5308
3 16 -4.9293 -7 3.2149 -2.8284 -7 2.8284 -3.6956 -7 1.5308
3 16 -4.9293 -7 3.2149 -2.25 -7 3.2149 -2.8284 -7 2.8284
3 16 2.8284 -7 2.8284 2.25 -7 3.2149 4.9293 -7 3.2149
3 16 3.6956 -7 1.5308 2.8284 -7 2.8284 4.9293 -7 3.2149
4 16 3.6956 -7 1.5308 4.9293 -7 3.2149 5.5434 -7 2.2962 4 -7 0
3 16 4 -7 0 5.5434 -7 2.2962 5.5434 -7 -2.2962
4 16 4 -7 0 5.5434 -7 -2.2962 4.9293 -7 -3.2149 3.6956 -7 -1.5308
3 16 4.9293 -7 -3.2149 2.8284 -7 -2.8284 3.6956 -7 -1.5308
3 16 4.9293 -7 -3.2149 2.25 -7 -3.2149 2.8284 -7 -2.8284
3 16 -5.1876 -6.4216 2.8284 -5.1876 -7.7193 3.6956 -4.9293 -7 3.2149
3 16 4.9293 -7 3.2149 5.1876 -7.7193 3.6956 5.1876 -6.4216 2.8284
3 16 -4.9293 -7 -3.2149 -5.1876 -7.7193 -3.6956 -5.1876 -6.4216 -2.8284
3 16 5.1876 -6.4216 -2.8284 5.1876 -7.7193 -3.6956 4.9293 -7 -3.2149
4 16 -4.9293 -7 3.2146 -5.5434 -7 2.2962 -5.5434 -6.0659 2.2962 -5.1876 -6.4216 2.8284
4 16 5.1876 -6.4216 2.8284 5.5434 -6.0659 2.2962 5.5434 -7 2.2962 4.9293 -7 3.2146
4 16 -5.1876 -6.4216 -2.8284 -5.5434 -6.0659 -2.2962 -5.5434 -7 -2.2962 -4.9293 -7 -3.2146
4 16 4.9293 -7 -3.2146 5.5434 -7 -2.2962 5.5434 -6.0659 -2.2962 5.1876 -6.4216 -2.8284
3 16 -5.5434 -6.0659 2.2962 -5.6956 -6.4216 2.8284 -5.1876 -6.4216 2.8284
3 16 5.1876 -6.4216 2.8284 5.6956 -6.4216 2.8284 5.5434 -6.0659 2.2962
3 16 -5.1876 -6.4216 -2.8284 -5.6956 -6.4216 -2.8284 -5.5434 -6.0659 -2.2962
3 16 5.5434 -6.0659 -2.2962 5.6956 -6.4216 -2.8284 5.1876 -6.4216 -2.8284
3 16 -5.5434 -6.0659 2.2962 -5.6956 -5.5545 1.5308 -5.6956 -6.4216 2.8284
3 16 5.6956 -6.4216 2.8284 5.6956 -5.5545 1.5308 5.5434 -6.0659 2.2962
3 16 -5.6956 -6.4216 -2.8284 -5.6956 -5.5545 -1.5308 -5.5434 -6.0659 -2.2962
3 16 5.5434 -6.0659 -2.2962 5.6956 -5.5545 -1.5308 5.6956 -6.4216 -2.8284
3 16 -6 -5.25 0 -6 -5.5545 1.5308 -5.6956 -5.5545 1.5308
3 16 5.6956 -5.5545 1.5308 6 -5.5545 1.5308 6 -5.25 0
3 16 -5.6956 -5.5545 -1.5308 -6 -5.5545 -1.5308 -6 -5.25 0
3 16 6 -5.25 0 6 -5.5545 -1.5308 5.6956 -5.5545 -1.5308
3 16 -1.5308 -7.7193 3.6956 -1.5308 -7 3.6956 -2.25 -7 3.2149
3 16 2.25 -7 3.2149 1.5308 -7 3.6956 1.5308 -7.7193 3.6956
3 16 -2.25 -7 -3.2149 -1.5308 -7 -3.6956 -1.5308 -7.7193 -3.6956
3 16 1.5308 -7.7193 -3.6956 1.5308 -7 -3.6956 2.25 -7 -3.2149
4 16 -1.5308 -7.7193 3.6956 0 -9.25 4 0 -7 4 -1.5308 -7 3.6956
4 16 1.5308 -7 3.6956 0 -7 4 0 -9.25 4 1.5308 -7.7193 3.6956
4 16 -1.5308 -7 -3.6956 0 -7 -4 0 -9.25 -4 -1.5308 -7.7193 -3.6956
4 16 1.5308 -7.7193 -3.6956 0 -9.25 -4 0 -7 -4 1.5308 -7 -3.6956
4 16 -5.5434 -6.0659 2.2962 -6 -6.0659 0 -6 -5.25 0 -5.6956 -5.5545 1.5308
4 16 5.6956 -5.5545 1.5308 6 -5.25 0 6 -6.0659 0 5.5434 -6.0659 2.2962
4 16 -5.6956 -5.5545 -1.5308 -6 -5.25 0 -6 -6.0659 0 -5.5434 -6.0659 -2.2962
4 16 5.5434 -6.0659 -2.2962 6 -6.0659 0 6 -5.25 0 5.6956 -5.5545 -1.5308
0 // Edges
1 16 0 -80 0 4 0 0 0 1 0 0 0 4 4-4edge.dat
1 16 -20 -9.25 0 0 1 0 -4 0 0 0 0 4 4-4edge.dat
1 16 0 -9.25 0 0 0.707107 -4.00003 0 -0.707107 -4.00003 -4 0 0 2-4edge.dat
1 16 0 -9.25 0 0 0.707107 4.00003 0 0.707107 -4.00003 -4 0 0 2-4edge.dat
1 16 20 -9.25 0 0 1 0 -4 0 0 0 0 4 4-4edge.dat
1 16 0 -7 0 -5.54328 0 -2.2961 0 1 0 2.2961 0 -5.54328 1-8edge.dat
1 16 0 -7 0 5.54328 0 2.2961 0 -1 0 2.2961 0 -5.54328 1-8edge.dat
1 16 0 -7 0 -2.82843 0 -2.82843 0 1 0 2.82843 0 -2.82843 1-4edge.dat
1 16 0 -7 0 2.82843 0 2.82843 0 1 0 -2.82843 0 2.82843 1-4edge.dat
1 16 0 0 0 4 0 0 0 1 0 0 0 4 4-4edge.dat
2 24 0 -9.25 4 -1.5308 -7.7193 3.6956
2 24 -1.5308 -7.7193 3.6956 -2.25 -7 3.2149
2 24 -2.25 -7 3.2149 -4.9293 -7 3.2149
2 24 -4.9293 -7 3.2149 -5.1876 -6.4216 2.8284
2 24 -5.1876 -6.4216 2.8284 -5.5434 -6.0659 2.2962
2 24 -5.5434 -6.0659 2.2962 -5.6956 -5.5545 1.5308
2 24 -5.6956 -5.5545 1.5308 -6 -5.25 0
2 24 -6 -5.25 0 -5.6956 -5.5545 -1.5308
2 24 -5.6956 -5.5545 -1.5308 -5.5434 -6.0659 -2.2962
2 24 -5.5434 -6.0659 -2.2962 -5.1876 -6.4216 -2.8284
2 24 -5.1876 -6.4216 -2.8284 -4.9293 -7 -3.2149
2 24 -4.9293 -7 -3.2149 -2.25 -7 -3.2149
2 24 -2.25 -7 -3.2149 -1.5308 -7.7193 -3.6956
2 24 -1.5308 -7.7193 -3.6956 0 -9.25 -4
2 24 0 -9.25 -4 1.5308 -7.7193 -3.6956
2 24 1.5308 -7.7193 -3.6956 2.25 -7 -3.2149
2 24 2.25 -7 -3.2149 4.9293 -7 -3.2149
2 24 4.9293 -7 -3.2149 5.1876 -6.4216 -2.8284
2 24 5.1876 -6.4216 -2.8284 5.5434 -6.0659 -2.2962
2 24 5.5434 -6.0659 -2.2962 5.6956 -5.5545 -1.5308
2 24 5.6956 -5.5545 -1.5308 6 -5.25 0
2 24 6 -5.25 0 5.6956 -5.5545 1.5308
2 24 5.6956 -5.5545 1.5308 5.5434 -6.0659 2.2962
2 24 5.5434 -6.0659 2.2962 5.1876 -6.4216 2.8284
2 24 5.1876 -6.4216 2.8284 4.9293 -7 3.2149
2 24 4.9293 -7 3.2149 2.25 -7 3.2149
2 24 2.25 -7 3.2149 1.5308 -7.7193 3.6956
2 24 1.5308 -7.7193 3.6956 0 -9.25 4
2 24 -4.9293 -7 3.2149 -5.5434 -7 2.2962
2 24 -2.25 -7 3.2149 -2.8284 -7 2.8284
2 24 -2.8284 -7 -2.8284 -2.25 -7 -3.2149
2 24 -5.5434 -7 -2.2962 -4.9293 -7 -3.2149
2 24 5.5434 -7 -2.2962 4.9293 -7 -3.2149
2 24 2.25 -7 -3.2149 2.8284 -7 -2.8284
2 24 2.8284 -7 2.8284 2.25 -7 3.2149
2 24 4.9293 -7 3.2149 5.5434 -7 2.2962
0 // Conditional lines
5 24 -4 -7.7193 3.6955 -1.5308 -7.7193 3.6955 -4 -9.25 4 -4 -6.4216 2.8284
5 24 4 -7.7193 3.6955 1.5308 -7.7193 3.6955 4 -9.25 4 4 -6.4216 2.8284
5 24 -4 -7.7193 -3.6955 -1.5308 -7.7193 -3.6955 -4 -9.25 -4 -4 -6.4216 -2.8284
5 24 4 -7.7193 -3.6955 1.5308 -7.7193 -3.6955 4 -9.25 -4 4 -6.4216 -2.8284
5 24 -1.5308 -7 3.6956 -1.5308 -7.7193 3.6956 -2.8284 -7 2.8284 0 -7 4
5 24 0 -7 4 0 -9.25 4 -1.5308 -7 3.6956 1.5308 -7 3.6956
5 24 1.5308 -7 3.6956 1.5308 -7.7193 3.6956 0 -7 4 2.8284 -7 2.8284
5 24 -1.5308 -7 -3.6956 -1.5308 -7.7193 -3.6956 -2.8284 -7 -2.8284 0 -7 -4
5 24 0 -7 -4 0 -9.25 -4 -1.5308 -7 -3.6956 1.5308 -7 -3.6956
5 24 1.5308 -7 -3.6956 1.5308 -7.7193 -3.6956 0 -7 -4 2.8284 -7 -2.8284
5 24 -6 -6.4216 2.8284 -5.1876 -6.4216 2.8284 -6 -7.7193 3.6955 -6 -5.5545 1.5308
5 24 6 -6.4216 2.8284 5.1876 -6.4216 2.8284 6 -7.7193 3.6955 6 -5.5545 1.5308
5 24 -6 -6.4216 -2.8284 -5.1876 -6.4216 -2.8284 -6 -7.7193 -3.6955 -6 -5.5545 -1.5308
5 24 6 -6.4216 -2.8284 5.1876 -6.4216 -2.8284 6 -7.7193 -3.6955 6 -5.5545 -1.5308
5 24 -6 -6.0659 0 -6 -5.25 0 -5.5434 -6.0659 2.2962 -5.6956 -5.5545 -1.5308
5 24 6 -5.25 0 6 -6.0659 0 5.6956 -5.5545 1.5308 5.5434 -6.0659 -2.2962
5 24 4 -9.25 -4 0 -9.25 -4 1.5308 -7.7193 -3.6956 1.5308 -10.7808 -3.6956 
5 24 0 -9.25 4 4 -9.25 4 1.5308 -7.7193 3.6956 1.5308 -10.7808 3.6956 
5 24 -4 -9.25 4 0 -9.25 4 -1.5308 -7.7193 3.6956 -1.5308 -10.7808 3.6956 
5 24 0 -9.25 -4 -4 -9.25 -4 -1.5308 -7.7193 -3.6956 -1.5308 -10.7808 -3.6956 
5 24 -5.1876 -7.7193 3.6956 -4 -7.7193 3.6956 -4.9293 -7 3.2149 -5.188 -9.25 4
5 24 4 -7.7193 3.6956 5.1876 -7.7193 3.6956 4.9293 -7 3.2149 4 -9.25 4
5 24 -4 -7.7193 -3.6956 -5.1876 -7.7193 -3.6956 -4.9293 -7 -3.2149 -4 -9.25 -4
5 24 5.1876 -7.7193 -3.6956 4 -7.7193 -3.6956 4.9293 -7 -3.2149 5.1876 -9.25 -4
5 24 -5.5434 -7 2.2962 -5.5434 -6.0659 2.2962 -4.9293 -7 3.2146 -6 -7 -0 
5 24 5.5434 -6.0659 2.2962 5.5434 -7 2.2962 5.1876 -6.4216 2.8284 6 -7 0 
5 24 -5.5434 -6.0659 -2.2962 -5.5434 -7 -2.2962 -5.1876 -6.4216 -2.8284 -6 -7 0 
5 24 5.5434 -7 -2.2962 5.5434 -6.0659 -2.2962 4.9293 -7 -3.2146 6 -7 0
5 24 -5.6956 -6.4216 2.8284 -5.1876 -6.4216 2.8284 -5.5434 -6.0659 2.2962 -5.6956 -7.7193 3.6956
5 24 5.1876 -6.4216 2.8284 5.6956 -6.4216 2.8284 5.5434 -6.0659 2.2962 5.1876 -7.7193 3.6956
5 24 -5.1876 -6.4216 -2.8284 -5.6956 -6.4216 -2.8284 -5.5434 -6.0659 -2.2962 -5.1876 -7.7193 -3.6956
5 24 5.6956 -6.4216 -2.8284 5.1876 -6.4216 -2.8284 5.5434 -6.0659 -2.2962 5.6956 -7.7193 -3.6956
5 24 -6 -5.5545 1.5308 -5.6956 -5.5545 1.5308 -6 -5.25 0 -6 -6.4216 2.8284
5 24 5.6956 -5.5545 1.5308 6 -5.5545 1.5308 6 -5.25 0 5.6956 -6.4216 2.8284
5 24 -5.6956 -5.5545 -1.5308 -6 -5.5545 -1.5308 -6 -5.25 0 -6 -6.4216 -2.8284
5 24 6 -5.5545 -1.5308 5.6956 -5.5545 -1.5308 6 -5.25 0 5.6956 -6.4216 -2.8284
