0 Panel  1 x  2  x 1 Double Corner with Rounded Corners
0 Name: 23969.dat
0 Author: Owen Burgoyne [C3POwen]
0 !LDRAW_ORG Part UPDATE 2016-01
0 !LICENSE Redistributable under CCAL version 2.0 : see CAreadme.txt

0 BFC CERTIFY CCW

0 !HISTORY 2016-12-31 [PTadmin] Official Update 2016-01

1 16 0 20 0 1 0 0 0 -1 0 0 0 1 stud3.dat
0 BFC INVERTNEXT
1 16 0 24 0 16 0 0 0 -4 0 0 0 6 box5.dat
4 16 -20 24 -10 -20 24 10 -16 24 6 -16 24 -6
4 16 -20 24 10 20 24 10 16 24 6 -16 24 6
4 16 20 24 10 20 24 -10 16 24 -6 16 24 6
4 16 20 24 -10 -20 24 -10 -16 24 -6 16 24 -6
1 16 0 12 10 0 0 20 -12 0 0 0 -1 0 rect2p.dat
1 16 0 24 0 20 0 0 0 1 0 0 0 10 recte3.dat
4 16 -20 24 10 -20 2 -8 -20 0 -8 -20 0 10
4 16 -20 24 10 -20 24 -10 -20 2 -10 -20 2 -8
1 16 -20 2 -8 0 1 0 0 0 -2 -2 0 0 1-4disc.dat
4 16 -16 0 6 -16 0 -8 -16 2 -8 -16 16 6
4 16 -16 2 -8 -16 2 -10 -16 16 -10 -16 16 6
1 16 -16 2 -8 0 -1 0 0 0 -2 -2 0 0 1-4disc.dat
0 BFC INVERTNEXT
1 16 0 8 -2 16 0 0 0 8 0 0 0 8 box2-7.dat
4 16 16 16 6 16 2 -8 16 0 -8 16 0 6
4 16 16 16 6 16 16 -10 16 2 -10 16 2 -8
1 16 16 2 -8 0 1 0 0 0 -2 -2 0 0 1-4disc.dat
4 16 20 0 10 20 0 -8 20 2 -8 20 24 10
4 16 20 2 -8 20 2 -10 20 24 -10 20 24 10
1 16 20 2 -8 0 -1 0 0 0 -2 -2 0 0 1-4disc.dat
1 16 0 0 1 20 0 0 0 1 0 0 0 9 recte3.dat
1 16 0 0 -1 16 0 0 0 1 0 0 0 7 recte3.dat
1 16 0 9 -10 16 0 0 0 0 7 0 -1 0 recte3.dat
1 16 0 13 -10 20 0 0 0 0 11 0 -1 0 recte3.dat
4 16 -20 0 -8 -16 0 -8 -16 0 6 -20 0 10
1 16 -20 2 -8 0 4 0 0 0 -2 -2 0 0 1-4cylo.dat
4 16 -20 24 -10 -16 16 -10 -16 2 -10 -20 2 -10
4 16 -20 0 10 -16 0 6 16 0 6 20 0 10
4 16 20 0 10 16 0 6 16 0 -8 20 0 -8
1 16 16 2 -8 0 4 0 0 0 -2 -2 0 0 1-4cylo.dat
4 16 20 2 -10 16 2 -10 16 16 -10 20 24 -10
4 16 -20 24 -10 20 24 -10 16 16 -10 -16 16 -10
