0 Tile  1 x  2 Grille without Groove
0 Name: 2412a.dat
0 Author: James Jessiman
0 !LDRAW_ORG Part UPDATE 2003-03
0 !LICENSE Redistributable under CCAL version 2.0 : see CAreadme.txt

0 BFC CERTIFY CCW

0 !HISTORY 2001-12-21 [cwdee] Corrected superfluous lines
0 !HISTORY 2002-02-18 [PTadmin] Official Update 2002-01
0 !HISTORY 2003-06-08 [jriley] BFC compliancy
0 !HISTORY 2003-12-19 [PTadmin] Official Update 2003-03
0 !HISTORY 2007-05-08 [PTadmin] Header formatted for Contributor Agreement
0 !HISTORY 2008-07-01 [PTadmin] Official Update 2008-01

2 24 3 8 1 -3 8 1
2 24 3 8 -1 -3 8 -1
2 24 3 4 1 -3 4 1
2 24 3 4 -1 -3 4 -1
1 16 3 8 0 0 0 1 0 1 0 1 0 0 2-4edge.dat
1 16 -3 8 0 0 0 -1 0 1 0 1 0 0 2-4edge.dat
1 16 3 4 0 0 0 1 0 1 0 1 0 0 2-4edge.dat
1 16 -3 4 0 0 0 -1 0 1 0 1 0 0 2-4edge.dat
1 16 3 8 0 0 0 1 0 -1 0 1 0 0 2-4disc.dat
1 16 -3 8 0 0 0 -1 0 -1 0 1 0 0 2-4disc.dat
1 16 3 4 0 0 0 1 0 4 0 1 0 0 2-4cyli.dat
1 16 -3 4 0 0 0 -1 0 4 0 1 0 0 2-4cyli.dat
4 16 3 8 1 3 8 -1 -3 8 -1 -3 8 1
4 16 -3 8 1 -3 4 1 3 4 1 3 8 1
4 16 3 8 -1 3 4 -1 -3 4 -1 -3 8 -1
2 24 20 8 10 -20 8 10
2 24 -20 8 10 -20 8 -10
2 24 -20 8 -10 20 8 -10
2 24 20 8 -10 20 8 10
2 24 16 8 6 -16 8 6
2 24 -16 8 6 -16 8 -6
2 24 -16 8 -6 16 8 -6
2 24 16 8 -6 16 8 6
2 24 20 0 10 -20 0 10
2 24 -20 0 10 -20 0 6
2 24 -20 0 6 20 0 6
2 24 20 0 6 20 0 10
2 24 -16 4 6 -20 4 6
2 24 16 4 6 20 4 6
2 24 -20 4 6 -20 4 2
2 24 -20 4 2 20 4 2
2 24 20 4 2 20 4 6
2 24 20 0 2 -20 0 2
2 24 -20 0 2 -20 0 -2
2 24 -20 0 -2 20 0 -2
2 24 20 0 -2 20 0 2
2 24 20 4 -2 -20 4 -2
2 24 -20 4 -2 -20 4 -6
2 24 -20 4 -6 -16 4 -6
2 24 16 4 -6 20 4 -6
2 24 20 4 -6 20 4 -2
2 24 20 0 -6 -20 0 -6
2 24 -20 0 -6 -20 0 -10
2 24 -20 0 -10 20 0 -10
2 24 20 0 -10 20 0 -6
2 24 20 0 10 20 8 10
2 24 -20 0 10 -20 8 10
2 24 20 0 -10 20 8 -10
2 24 -20 0 -10 -20 8 -10
2 24 16 4 6 16 8 6
2 24 -16 4 6 -16 8 6
2 24 16 4 -6 16 8 -6
2 24 -16 4 -6 -16 8 -6
2 24 16 4 6 16 4 -6
2 24 -16 4 6 -16 4 -6
2 24 20 0 6 20 4 6
2 24 -20 0 6 -20 4 6
2 24 20 0 -6 20 4 -6
2 24 -20 0 -6 -20 4 -6
2 24 20 0 2 20 4 2
2 24 -20 0 2 -20 4 2
2 24 20 0 -2 20 4 -2
2 24 -20 0 -2 -20 4 -2
4 16 -20 8 10 20 8 10 20 8 6 -20 8 6
4 16 20 8 -10 -20 8 -10 -20 8 -6 20 8 -6
4 16 20 8 -6 16 8 -6 16 8 6 20 8 6
4 16 -20 8 6 -16 8 6 -16 8 -6 -20 8 -6
4 16 20 8 10 20 4 10 20 4 -10 20 8 -10
4 16 -20 8 -10 -20 4 -10 -20 4 10 -20 8 10
4 16 16 8 -6 16 4 -6 16 4 6 16 8 6
4 16 -16 8 6 -16 4 6 -16 4 -6 -16 8 -6
4 16 20 4 10 20 0 10 20 0 6 20 4 6
4 16 -20 4 6 -20 0 6 -20 0 10 -20 4 10
4 16 20 4 2 20 0 2 20 0 -2 20 4 -2
4 16 -20 4 -2 -20 0 -2 -20 0 2 -20 4 2
4 16 20 4 -6 20 0 -6 20 0 -10 20 4 -10
4 16 -20 4 -10 -20 0 -10 -20 0 -6 -20 4 -6
4 16 20 4 6 16 4 6 16 4 -6 20 4 -6
4 16 -20 4 -6 -16 4 -6 -16 4 6 -20 4 6
4 16 -16 4 2 16 4 2 16 4 -2 -16 4 -2
4 16 -20 8 10 -20 0 10 20 0 10 20 8 10
4 16 20 8 6 20 0 6 -20 0 6 -20 8 6
4 16 -20 4 2 -20 0 2 20 0 2 20 4 2
4 16 20 4 -2 20 0 -2 -20 0 -2 -20 4 -2
4 16 -20 8 -6 -20 0 -6 20 0 -6 20 8 -6
4 16 20 8 -10 20 0 -10 -20 0 -10 -20 8 -10
4 16 20 0 10 -20 0 10 -20 0 6 20 0 6
4 16 20 0 2 -20 0 2 -20 0 -2 20 0 -2
4 16 20 0 -6 -20 0 -6 -20 0 -10 20 0 -10
0
