0 Minifig Sword Cutlass
0 Name: 2530.dat
0 Author: Franklin W. Cain [fwcain]
0 !LDRAW_ORG Part UPDATE 2014-02
0 !LICENSE Redistributable under CCAL version 2.0 : see CAreadme.txt

0 BFC CERTIFY CCW

0 !CATEGORY Minifig Accessory
0 !KEYWORDS jungle, adventurers, pirate, wild west, western
0 !KEYWORDS machete, saber, weapon, cavalry,

0 !CMDLINE -c8

0 !HISTORY 2000-09-30 [PTadmin] Official Update 2000-02
0 !HISTORY 2007-05-14 [PTadmin] Header formatted for Contributor Agreement
0 !HISTORY 2008-07-01 [PTadmin] Official Update 2008-01
0 !HISTORY 2014-11-21 [Holly-Wood] Primitive substitution, added missing edges and cond. lines, BFCed
0 !HISTORY 2014-12-23 [PTadmin] Official Update 2014-02

0 // grip

1 16 0 6 0 4 0 0 0 -12 0 0 0 4 4-4cylc.dat
0 // pommel
1 16 0 6 0 2 0 0 0 2 0 0 0 2 4-4cyli.dat
1 16 0 6 0 2 0 0 0 1 0 0 0 2 4-4edge.dat
1 16 0 10 0 4 0 0 0 4 0 0 0 4 8-8sphe.dat
2 24 2 6.618 0 1.848 6.695 0.765
2 24 1.665 6.636 1.039 1.414 6.672 1.414
2 24 1.848 6.695 0.765 1.665 6.636 1.039
2 24 0.765 6.695 1.848 1.039 6.636 1.665
2 24 1.039 6.636 1.665 1.414 6.672 1.414
2 24 0 6.618 2 0.765 6.695 1.848
2 24 -0.765 6.695 1.848 0 6.618 2
2 24 -1.414 6.672 1.414 -1.039 6.636 1.665
2 24 -1.039 6.636 1.665 -0.765 6.695 1.848
2 24 -1.848 6.695 0.765 -1.665 6.636 1.039
2 24 -1.665 6.636 1.039 -1.414 6.672 1.414
2 24 -2 6.618 0 -1.848 6.695 0.765
2 24 -1.97 6.617 -0.152 -2 6.618 0
2 24 1.97 6.617 -0.152 2 6.618 0
0 // guard
1 16 0 -6 5 -4 0 0 0 -1 0 0 0 3 2-4disc.dat
1 16 0 -6 5 -4 0 0 0 -2 0 0 0 3 2-4cylo.dat
1 16 0 -8 5 -4 0 0 0 1 0 0 0 3 2-4disc.dat
4 16 -6 -8 -4 6 -8 -4 4 -8 5 -4 -8 5
4 16 -6 -6 -4 -4 -6 5 4 -6 5 6 -6 -4
4 16 -6 -8 -4 -4 -8 5 -4 -6 5 -6 -6 -4
4 16 6 -8 -4 6 -6 -4 4 -6 5 4 -8 5
2 24 -4 -8 5 -6 -8 -4
2 24 4 -8 5 6 -8 -4
2 24 -4 -6 5 -6 -6 -4
2 24 4 -6 5 6 -6 -4
5 24 -4 -8 5 -4 -6 5 -3.696 -8 6.148 -6 -8 -4
5 24 4 -8 5 4 -6 5 3.696 -8 6.148 6 -8 -4
1 16 6 0 -4 0 -12 0 -8 0 0 0 0 -8 1-4cyli.dat
0 BFC INVERTNEXT
1 16 6 0 -4 0 -12 0 -6 0 0 0 0 -6 1-4cyli.dat
1 16 -6 0 -4 0 1 0 -2 0 0 0 0 -2 1-4ring3.dat
1 16 6 0 -4 0 -1 0 -2 0 0 0 0 -2 1-4ring3.dat
1 16 -6 0 -4 0 1 0 -8 0 0 0 0 -8 1-4edge.dat
1 16 6 0 -4 0 1 0 -8 0 0 0 0 -8 1-4edge.dat
1 16 -6 0 -4 0 1 0 -6 0 0 0 0 -6 1-4edge.dat
1 16 6 0 -4 0 1 0 -6 0 0 0 0 -6 1-4edge.dat
1 16 4 0 -4 0 -8 0 8 0 0 0 0 -8 1-4cyli.dat
0 BFC INVERTNEXT
1 16 4 0 -4 0 -8 0 6 0 0 0 0 -6 1-4cyli.dat
1 16 -4 0 -4 0 -2 0 8 0 0 0 0 -8 1-4cyls.dat
1 16 4 0 -4 0 2 0 8 0 0 0 0 -8 1-4cyls.dat
0 BFC INVERTNEXT
1 16 -4 0 -4 0 -2 0 6 0 0 0 0 -6 1-4cyls.dat
0 BFC INVERTNEXT
1 16 4 0 -4 0 2 0 6 0 0 0 0 -6 1-4cyls.dat
3 16 -4 6 -4 -4 8 -4 -4.152 5.543 -6.296
3 16 -4 8 -4 -4.152 7.391 -7.062 -4.152 5.543 -6.296
3 16 -4.152 5.543 -6.296 -4.152 7.391 -7.062 -4.586 4.243 -8.243
3 16 -4.152 7.391 -7.062 -4.586 5.657 -9.657 -4.586 4.243 -8.243
3 16 -4.586 4.243 -8.243 -4.586 5.657 -9.657 -5.235 2.296 -9.543
3 16 -4.586 5.657 -9.657 -5.235 3.062 -11.391 -5.235 2.296 -9.543
3 16 -5.235 2.296 -9.543 -5.235 3.062 -11.391 -6 0 -10
3 16 -5.235 3.062 -11.391 -6 0 -12 -6 0 -10
5 24 -4 6 -4 -4 8 -4 -4.152 5.543 -6.296 -4 6 -2
5 24 -4.152 5.543 -6.296 -4.152 7.391 -7.062 -4 8 -4 -4.586 4.243 -8.243
5 24 -4.586 4.243 -8.243 -4.586 5.657 -9.657 -4.152 7.391 -7.062 -5.235 2.296 -9.543
5 24 -5.235 2.296 -9.543 -5.235 3.062 -11.391 -4.586 5.657 -9.657 -6 0 -10
5 24 -4 8 -4 -4.152 5.543 -6.296 -4 6 -4 -4.152 7.391 -7.062
5 24 -4.152 7.391 -7.062 -4.586 4.243 -8.243 -4.152 5.543 -6.296 -4.586 5.657 -9.657
5 24 -4.586 5.657 -9.657 -5.235 2.296 -9.543 -4.586 4.243 -8.243 -5.235 3.062 -11.391
5 24 -5.235 3.062 -11.391 -6 0 -10 -5.235 2.296 -9.543 -6 0 -12
3 16 4 6 -4 4.152 5.543 -6.296 4 8 -4
3 16 4 8 -4 4.152 5.543 -6.296 4.152 7.391 -7.062
3 16 4.152 5.543 -6.296 4.586 4.243 -8.243 4.152 7.391 -7.062
3 16 4.152 7.391 -7.062 4.586 4.243 -8.243 4.586 5.657 -9.657
3 16 4.586 4.243 -8.243 5.235 2.296 -9.543 4.586 5.657 -9.657
3 16 4.586 5.657 -9.657 5.235 2.296 -9.543 5.235 3.062 -11.391
3 16 5.235 2.296 -9.543 6 0 -10 5.235 3.062 -11.391
3 16 5.235 3.062 -11.391 6 0 -10 6 0 -12
5 24 4 6 -4 4 8 -4 4.152 5.543 -6.296 4 6 -2
5 24 4.152 5.543 -6.296 4.152 7.391 -7.062 4 8 -4 4.586 4.243 -8.243
5 24 4.586 4.243 -8.243 4.586 5.657 -9.657 4.152 7.391 -7.062 5.235 2.296 -9.543
5 24 5.235 2.296 -9.543 5.235 3.062 -11.391 4.586 5.657 -9.657 6 0 -10
5 24 4.152 5.543 -6.296 4 8 -4 4 6 -4 4.152 7.391 -7.062
5 24 4.586 4.243 -8.243 4.152 7.391 -7.062 4.152 5.543 -6.296 4.586 5.657 -9.657
5 24 5.235 2.296 -9.543 4.586 5.657 -9.657 4.586 4.243 -8.243 5.235 3.062 -11.391
5 24 6 0 -10 5.235 3.062 -11.391 5.235 2.296 -9.543 6 0 -12
1 16 -6 0 -4 2 -0.24254 0 8 0.97014 0 0 0 -8 1-4edge.dat
1 16 6 0 -4 -2 0.24254 0 8 0.97014 0 0 0 -8 1-4edge.dat
1 16 -6 0 -4 2 -0.31623 0 6 0.94868 0 0 0 -6 1-4edge.dat
1 16 6 0 -4 -2 0.31623 0 6 0.94868 0 0 0 -6 1-4edge.dat
1 16 4 7 -2 0 -8 0 1 0 0 0 0 2 2-4cylo.dat
1 16 4 7 -2 0 -1 0 1 0 0 0 0 2 2-4disc.dat
1 16 -4 7 -2 0 1 0 1 0 0 0 0 2 2-4disc.dat
2 24 -1.848 6.233 -0.765 -1.884 6.293 -0.586
2 24 -1.884 6.293 -0.586 -1.97 6.617 -0.152
2 24 -1.414 6.058 -1.414 -1.534 6.076 -1.235
2 24 -1.534 6.076 -1.235 -1.848 6.233 -0.765
2 24 -1.414 6.058 -1.414 -0.765 6.015 -1.848
2 24 -0.765 6.015 -1.848 0 6 -2
2 24 0 6 -2 0.765 6.015 -1.848
2 24 0.765 6.015 -1.848 1.414 6.058 -1.414
2 24 1.534 6.076 -1.235 1.848 6.233 -0.765
2 24 1.414 6.058 -1.414 1.534 6.076 -1.235
2 24 1.884 6.293 -0.586 1.97 6.617 -0.152
2 24 1.848 6.233 -0.765 1.884 6.293 -0.586
2 24 3.043 7.923 -1.232 3.049 7.707 -0.586
2 24 3.049 7.707 -0.586 2.934 7.383 -0.152
2 24 2.844 7.227 -0.09 2.934 7.383 -0.152
2 24 2.867 7.976 -1.757 3.042 7.924 -1.235
2 24 3.042 7.924 -1.235 3.043 7.923 -1.232
2 24 2.789 7.161 -0.064 2.844 7.227 -0.09
2 24 2.648 8 -2 2.867 7.976 -1.757
2 24 2.571 7 0 2.789 7.161 -0.064
2 24 1.946 6.617 -0.152 2.571 7 0
2 24 -3.043 7.923 -1.232 -3.049 7.707 -0.586
2 24 -3.049 7.707 -0.586 -2.934 7.383 -0.152
2 24 -2.844 7.227 -0.09 -2.934 7.383 -0.152
2 24 -2.867 7.976 -1.757 -3.042 7.924 -1.235
2 24 -3.042 7.924 -1.235 -3.043 7.923 -1.232
2 24 -2.789 7.161 -0.064 -2.844 7.227 -0.09
2 24 -2.648 8 -2 -2.867 7.976 -1.757
2 24 -2.789 7.161 -0.064 -2.571 7 0
2 24 -2.571 7 0 -1.946 6.617 -0.152
2 24 1.757 8 -2.891 2.648 8 -2
2 24 1.358 8 -3.065 1.757 8 -2.891
2 24 0 8 -3.382 1.358 8 -3.065
2 24 -2.648 8 -2 -1.757 8 -2.891
2 24 -1.757 8 -2.891 -1.358 8 -3.065
2 24 -1.358 8 -3.065 0 8 -3.382
1 16 0 8 -3 0 0 4 0 -1 0 1 0 0 rect2p.dat
1 16 0 6 -3 0 0 -4 0 1 0 1 0 0 rect2p.dat
4 16 -4 8 -4 -4 6 -4 -4 6 -2 -4 8 -2
4 16 4 8 -4 4 8 -2 4 6 -2 4 6 -4
0 // blade
1 16 -2 -24 2 0 1 0 0 0 16 2 0 0 rect3.dat
1 16 2 -24 2 0 -1 0 0 0 16 -2 0 0 rect3.dat
4 16 -2 -8 0 0 -8 -4 0 -40 -4 -2 -40 0
4 16 2 -8 0 2 -40 0 0 -40 -4 0 -8 -4
4 16 -2 -8 4 -2 -40 4 2 -40 4 2 -8 4
4 16 -2 -44.06 0.147 -2 -40 0 0 -40 -4 0 -44.06 -3.765
3 16 -2 -44.06 0.147 0 -44.06 -3.765 -2 -48.052 0.582
4 16 -2 -48.052 0.582 0 -44.06 -3.765 0 -48.052 -3.069 -2 -51.907 1.299
3 16 0 -48.052 -3.069 0 -51.907 -1.921 -2 -51.907 1.299
3 16 -2 -51.907 1.299 0 -51.907 -1.921 -2 -55.556 2.288
3 16 0 -51.907 -1.921 0 -55.556 -0.34 -2 -55.556 2.288
3 16 -2 -55.556 2.288 0 -55.556 -0.34 -2 -58.942 3.527
3 16 0 -55.556 -0.34 0 -58.942 1.643 -2 -58.942 3.527
3 16 -2 -58.942 3.527 0 -58.942 1.643 -2 -62 5
3 16 0 -58.942 1.643 0 -62 4 -2 -62 5
4 16 0 -40 -4 2 -40 0 2 -44.06 0.147 0 -44.06 -3.765
3 16 2 -44.06 0.147 2 -48.052 0.582 0 -44.06 -3.765
4 16 0 -48.052 -3.069 0 -44.06 -3.765 2 -48.052 0.582 2 -51.907 1.299
3 16 0 -48.052 -3.069 2 -51.907 1.299 0 -51.907 -1.921
3 16 2 -51.907 1.299 2 -55.556 2.288 0 -51.907 -1.921
3 16 0 -51.907 -1.921 2 -55.556 2.288 0 -55.556 -0.34
3 16 2 -55.556 2.288 2 -58.942 3.527 0 -55.556 -0.34
3 16 0 -55.556 -0.34 2 -58.942 3.527 0 -58.942 1.643
3 16 2 -58.942 3.527 2 -62 5 0 -58.942 1.643
3 16 0 -58.942 1.643 2 -62 5 0 -62 4
4 16 -2 -40 0 -2 -44.06 0.147 -2 -43.876 4.059 -2 -40 4
4 16 -2 -44.06 0.147 -2 -48.052 0.582 -2 -47.686 4.233 -2 -43.876 4.059
4 16 -2 -48.052 0.582 -2 -51.907 1.299 -2 -51.366 4.52 -2 -47.686 4.233
4 16 -2 -51.907 1.299 -2 -55.556 2.288 -2 -54.849 4.915 -2 -51.366 4.52
4 16 -2 -55.556 2.288 -2 -58.942 3.527 -2 -58.081 5.411 -2 -54.849 4.915
4 16 -2 -58.942 3.527 -2 -62 5 -2 -61 6 -2 -58.081 5.411
4 16 2 -40 0 2 -40 4 2 -43.876 4.059 2 -44.06 0.147
4 16 2 -44.06 0.147 2 -43.876 4.059 2 -47.686 4.233 2 -48.052 0.582
4 16 2 -48.052 0.582 2 -47.686 4.233 2 -51.366 4.52 2 -51.907 1.299
4 16 2 -51.907 1.299 2 -51.366 4.52 2 -54.849 4.915 2 -55.556 2.288
4 16 2 -55.556 2.288 2 -54.849 4.915 2 -58.081 5.411 2 -58.942 3.527
4 16 2 -58.942 3.527 2 -58.081 5.411 2 -61 6 2 -62 5
4 16 -2 -40 4 -2 -43.876 4.059 2 -43.876 4.059 2 -40 4
4 16 -2 -43.876 4.059 -2 -47.686 4.233 2 -47.686 4.233 2 -43.876 4.059
4 16 -2 -47.686 4.233 -2 -51.366 4.52 2 -51.366 4.52 2 -47.686 4.233
4 16 -2 -51.366 4.52 -2 -54.849 4.915 2 -54.849 4.915 2 -51.366 4.52
4 16 -2 -54.849 4.915 -2 -58.081 5.411 2 -58.081 5.411 2 -54.849 4.915
4 16 -2 -58.081 5.411 -2 -61 6 2 -61 6 2 -58.081 5.411
5 24 -2 -40 4 2 -40 4 -2 -8 4 -2 -43.876 4.059
5 24 -2 -43.876 4.059 2 -43.876 4.059 -2 -40 4 -2 -47.686 4.233
5 24 -2 -47.686 4.233 2 -47.686 4.233 -2 -43.876 4.059 -2 -51.366 4.52
5 24 -2 -51.366 4.52 2 -51.366 4.52 -2 -47.686 4.233 -2 -54.849 4.915
5 24 -2 -54.849 4.915 2 -54.849 4.915 -2 -51.366 4.52 -2 -58.081 5.411
5 24 -2 -58.081 5.411 2 -58.081 5.411 -2 -54.849 4.915 -2 -61 6
3 16 0 -62 4 2 -62 5 -2 -62 5
1 16 0 -61.5 5.5 2 0 0 0 1 0.5 0 0 0.5 rect.dat
2 24 0 -8 -4 -2 -8 0
2 24 0 -8 -4 2 -8 0
2 24 -2 -8 4 2 -8 4
2 24 0 -8 -4 0 -40 -4
2 24 0 -40 -4 0 -44.06 -3.765
2 24 0 -44.06 -3.765 0 -48.052 -3.069
2 24 0 -48.052 -3.069 0 -51.907 -1.921
2 24 0 -51.907 -1.921 0 -55.556 -0.34
2 24 0 -55.556 -0.34 0 -58.942 1.643
2 24 0 -58.942 1.643 0 -62 4
2 24 -2 -40 0 -2 -44.06 0.147
2 24 -2 -44.06 0.147 -2 -48.052 0.582
2 24 -2 -48.052 0.582 -2 -51.907 1.299
2 24 -2 -51.907 1.299 -2 -55.556 2.288
2 24 -2 -55.556 2.288 -2 -58.942 3.527
2 24 -2 -58.942 3.527 -2 -62 5
2 24 2 -40 0 2 -44.06 0.147
2 24 2 -44.06 0.147 2 -48.052 0.582
2 24 2 -48.052 0.582 2 -51.907 1.299
2 24 2 -51.907 1.299 2 -55.556 2.288
2 24 2 -55.556 2.288 2 -58.942 3.527
2 24 2 -58.942 3.527 2 -62 5
2 24 -2 -40 4 -2 -43.876 4.059
2 24 -2 -43.876 4.059 -2 -47.686 4.233
2 24 -2 -47.686 4.233 -2 -51.366 4.52
2 24 -2 -51.366 4.52 -2 -54.849 4.915
2 24 -2 -54.849 4.915 -2 -58.081 5.411
2 24 -2 -58.081 5.411 -2 -61 6
2 24 2 -40 4 2 -43.876 4.059
2 24 2 -43.876 4.059 2 -47.686 4.233
2 24 2 -47.686 4.233 2 -51.366 4.52
2 24 2 -51.366 4.52 2 -54.849 4.915
2 24 2 -54.849 4.915 2 -58.081 5.411
2 24 2 -58.081 5.411 2 -61 6
5 24 0 -40 -4 -2 -40 0 0 -44.06 -3.765 0 14 0
5 24 0 -40 -4 2 -40 0 0 -44.06 -3.765 0 14 0
5 24 0 -44.06 -3.765 -2 -44.06 0.147 0 -48.052 -3.069 0 -40 -4
5 24 0 -44.06 -3.765 2 -44.06 0.147 0 -48.052 -3.069 0 -40 -4
5 24 0 -51.907 -1.921 -2 -51.907 1.299 0 -55.556 -0.34 0 -48.052 -3.069
5 24 0 -51.907 -1.921 2 -51.907 1.299 0 -55.556 -0.34 0 -48.052 -3.069
5 24 0 -55.556 -0.34 -2 -55.556 2.288 0 -58.942 1.643 0 -51.907 -1.921
5 24 0 -55.556 -0.34 2 -55.556 2.288 0 -58.942 1.643 0 -51.907 -1.921
5 24 0 -58.942 1.643 -2 -58.942 3.527 0 -62 4 0 -55.556 -0.34
5 24 0 -58.942 1.643 2 -58.942 3.527 0 -62 4 0 -55.556 -0.34
5 24 0 -44.06 -3.765 -2 -48.052 0.582 0 -48.052 -3.069 -2 -44.06 0.147
5 24 0 -44.06 -3.765 2 -48.052 0.582 0 -48.052 -3.069 2 -44.06 0.147
5 24 0 -48.052 -3.069 -2 -51.907 1.299 0 -51.907 -1.921 -2 -48.052 0.582
5 24 0 -48.052 -3.069 2 -51.907 1.299 0 -51.907 -1.921 2 -48.052 0.582
5 24 0 -51.907 -1.921 -2 -55.556 2.288 0 -55.556 -0.34 -2 -51.907 1.299
5 24 0 -51.907 -1.921 2 -55.556 2.288 0 -55.556 -0.34 2 -51.907 1.299
5 24 0 -55.556 -0.34 -2 -58.942 3.527 0 -58.942 1.643 -2 -55.556 2.288
5 24 0 -55.556 -0.34 2 -58.942 3.527 0 -58.942 1.643 2 -55.556 2.288
5 24 0 -58.942 1.643 -2 -62 5 0 -62 4 -2 -58.942 3.527
5 24 0 -58.942 1.643 2 -62 5 0 -62 4 2 -58.942 3.527
2 24 0 -62 4 -2 -62 5
2 24 0 -62 4 2 -62 5
