0 ~Minifig Cannon Shooting Plunger
0 Name: 2534.dat
0 Author: Andy Westrate [westrate]
0 !LDRAW_ORG Part UPDATE 2012-01
0 !LICENSE Redistributable under CCAL version 2.0 : see CAreadme.txt

0 BFC CERTIFY CCW

0 !HISTORY 2009-10-13 {LEGO Universe Team} Original part shape
0 !HISTORY 2009-11-16 [westrate] File preparation for LDraw Parts Tracker
0 !HISTORY 2012-03-30 [PTadmin] Official Update 2012-01

4 16 0 -3.75 70.15 -1.88 -3.25 70.15 -1.95 -3.38 67.7 0 -3.9 67.7
4 16 0 -3.75 70.15 0 -3.9 67.7 1.95 -3.38 67.7 1.87 -3.25 70.15
4 16 -1.95 3.38 67.7 -1.88 3.25 70.15 0 3.75 70.15 0 3.9 67.7
4 16 0 3.75 70.15 1.87 3.25 70.15 1.95 3.38 67.7 0 3.9 67.7
4 16 -3.38 -1.95 67.7 -1.95 -3.38 67.7 -1.88 -3.25 70.15 -3.25 -1.87 70.15
4 16 1.87 -3.25 70.15 1.95 -3.38 67.7 3.38 -1.95 67.7 3.25 -1.87 70.15
4 16 -1.88 3.25 70.15 -1.95 3.38 67.7 -3.38 1.95 67.7 -3.25 1.88 70.15
4 16 3.38 1.95 67.7 1.95 3.38 67.7 1.87 3.25 70.15 3.25 1.88 70.15
4 16 -3.25 -1.87 77.54 -3.25 -1.87 70.15 -1.88 -3.25 70.15 -1.88 -3.25 77.54
4 16 1.87 -3.25 70.15 3.25 -1.87 70.15 3.25 -1.87 77.54 1.87 -3.25 77.54
4 16 -1.88 3.25 70.15 -3.25 1.88 70.15 -3.25 1.88 77.54 -1.88 3.25 77.54
4 16 3.25 1.88 77.54 3.25 1.88 70.15 1.87 3.25 70.15 1.87 3.25 77.54
4 16 0 -3.75 70.15 0 -3.75 77.54 -1.88 -3.25 77.54 -1.88 -3.25 70.15
4 16 0 -3.75 70.15 1.87 -3.25 70.15 1.87 -3.25 77.54 0 -3.75 77.54
4 16 -1.88 3.25 77.54 0 3.75 77.54 0 3.75 70.15 -1.88 3.25 70.15
4 16 0 3.75 70.15 0 3.75 77.54 1.87 3.25 77.54 1.87 3.25 70.15
4 16 -3.25 -1.87 70.15 -3.25 -1.87 77.54 -3.75 0 77.54 -3.75 0 70.15
4 16 3.75 0 77.54 3.25 -1.87 77.54 3.25 -1.87 70.15 3.75 0 70.15
4 16 -3.75 0 77.54 -3.25 1.88 77.54 -3.25 1.88 70.15 -3.75 0 70.15
4 16 3.25 1.88 70.15 3.25 1.88 77.54 3.75 0 77.54 3.75 0 70.15
4 16 -3.9 0 67.7 -3.38 -1.95 67.7 -3.25 -1.87 70.15 -3.75 0 70.15
4 16 3.25 -1.87 70.15 3.38 -1.95 67.7 3.9 0 67.7 3.75 0 70.15
4 16 -3.25 1.88 70.15 -3.38 1.95 67.7 -3.9 0 67.7 -3.75 0 70.15
4 16 3.9 0 67.7 3.38 1.95 67.7 3.25 1.88 70.15 3.75 0 70.15
4 16 -4.36 0 65.29 -3.77 -2.18 65.29 -3.38 -1.95 67.7 -3.9 0 67.7
4 16 3.38 -1.95 67.7 3.77 -2.18 65.29 4.36 0 65.29 3.9 0 67.7
4 16 -3.38 1.95 67.7 -3.77 2.18 65.29 -4.36 0 65.29 -3.9 0 67.7
4 16 4.36 0 65.29 3.77 2.18 65.29 3.38 1.95 67.7 3.9 0 67.7
4 16 -3.77 -2.18 65.29 -2.18 -3.77 65.29 -1.95 -3.38 67.7 -3.38 -1.95 67.7
4 16 1.95 -3.38 67.7 2.18 -3.77 65.29 3.77 -2.18 65.29 3.38 -1.95 67.7
4 16 -1.95 3.38 67.7 -2.18 3.77 65.29 -3.77 2.18 65.29 -3.38 1.95 67.7
4 16 3.77 2.18 65.29 2.18 3.77 65.29 1.95 3.38 67.7 3.38 1.95 67.7
4 16 -2.18 -3.77 65.29 0 -4.35 65.29 0 -3.9 67.7 -1.95 -3.38 67.7
4 16 0 -3.9 67.7 0 -4.35 65.29 2.18 -3.77 65.29 1.95 -3.38 67.7
4 16 0 3.9 67.7 0 4.36 65.29 -2.18 3.77 65.29 -1.95 3.38 67.7
4 16 2.18 3.77 65.29 0 4.36 65.29 0 3.9 67.7 1.95 3.38 67.7
4 16 -5.1 0 62.96 -4.42 -2.55 62.96 -3.77 -2.18 65.29 -4.36 0 65.29
4 16 3.77 -2.18 65.29 4.42 -2.55 62.96 5.1 0 62.96 4.36 0 65.29
4 16 -3.77 2.18 65.29 -4.42 2.55 62.96 -5.1 0 62.96 -4.36 0 65.29
4 16 5.1 0 62.96 4.42 2.55 62.96 3.77 2.18 65.29 4.36 0 65.29
4 16 -4.42 -2.55 62.96 -2.55 -4.42 62.96 -2.18 -3.77 65.29 -3.77 -2.18 65.29
4 16 2.18 -3.77 65.29 2.55 -4.42 62.96 4.42 -2.55 62.96 3.77 -2.18 65.29
4 16 -2.18 3.77 65.29 -2.55 4.42 62.96 -4.42 2.55 62.96 -3.77 2.18 65.29
4 16 4.42 2.55 62.96 2.55 4.42 62.96 2.18 3.77 65.29 3.77 2.18 65.29
4 16 -2.18 -3.77 65.29 -2.55 -4.42 62.96 0 -5.1 62.96 0 -4.35 65.29
4 16 0 -5.1 62.96 2.55 -4.42 62.96 2.18 -3.77 65.29 0 -4.35 65.29
4 16 0 5.1 62.96 -2.55 4.42 62.96 -2.18 3.77 65.29 0 4.36 65.29
4 16 2.18 3.77 65.29 2.55 4.42 62.96 0 5.1 62.96 0 4.36 65.29
3 16 -5.59 -2.5 55.73 -5.3 -3.06 60.73 -6.13 0 60.73
3 16 6.12 0 60.73 5.3 -3.06 60.73 5.59 -2.5 55.73
3 16 -6.13 0 60.73 -5.3 3.06 60.73 -5.59 2.5 55.73
3 16 5.59 2.5 55.73 5.3 3.06 60.73 6.12 0 60.73
3 16 -5.3 -3.06 55.73 -5.3 -3.06 60.73 -5.59 -2.5 55.73
3 16 5.59 -2.5 55.73 5.3 -3.06 60.73 5.3 -3.06 55.73
3 16 -5.59 2.5 55.73 -5.3 3.06 60.73 -5.3 3.06 55.73
3 16 5.3 3.06 55.73 5.3 3.06 60.73 5.59 2.5 55.73
4 16 -5.3 -3.06 60.73 -3.06 -5.3 60.73 -2.55 -4.42 62.96 -4.42 -2.55 62.96
4 16 2.55 -4.42 62.96 3.06 -5.3 60.73 5.3 -3.06 60.73 4.42 -2.55 62.96
4 16 -2.55 4.42 62.96 -3.06 5.3 60.73 -5.3 3.06 60.73 -4.42 2.55 62.96
4 16 5.3 3.06 60.73 3.06 5.3 60.73 2.55 4.42 62.96 4.42 2.55 62.96
4 16 -5.3 -3.06 55.73 -3.06 -5.3 55.73 -3.06 -5.3 60.73 -5.3 -3.06 60.73
4 16 3.06 -5.3 60.73 3.06 -5.3 55.73 5.3 -3.06 55.73 5.3 -3.06 60.73
4 16 -3.06 5.3 60.73 -3.06 5.3 55.73 -5.3 3.06 55.73 -5.3 3.06 60.73
4 16 5.3 3.06 55.73 3.06 5.3 55.73 3.06 5.3 60.73 5.3 3.06 60.73
3 16 -3.06 -5.3 55.73 -2.5 -5.59 55.73 -3.06 -5.3 60.73
3 16 3.06 -5.3 60.73 2.5 -5.59 55.73 3.06 -5.3 55.73
3 16 -3.06 5.3 60.73 -2.5 5.59 55.73 -3.06 5.3 55.73
3 16 3.06 5.3 55.73 2.5 5.59 55.73 3.06 5.3 60.73
4 16 -3.06 -5.3 60.73 0 -6.12 60.73 0 -5.1 62.96 -2.55 -4.42 62.96
4 16 0 -5.1 62.96 0 -6.12 60.73 3.06 -5.3 60.73 2.55 -4.42 62.96
4 16 0 5.1 62.96 0 6.13 60.73 -3.06 5.3 60.73 -2.55 4.42 62.96
4 16 3.06 5.3 60.73 0 6.13 60.73 0 5.1 62.96 2.55 4.42 62.96
3 16 -2.5 -5.59 55.73 0 -6.12 60.73 -3.06 -5.3 60.73
3 16 3.06 -5.3 60.73 0 -6.12 60.73 2.5 -5.59 55.73
3 16 -3.06 5.3 60.73 0 6.13 60.73 -2.5 5.59 55.73
3 16 2.5 5.59 55.73 0 6.13 60.73 3.06 5.3 60.73
4 16 -5.59 -2.5 14.48 -5.59 -2.5 55.73 -6.13 0 60.73 -6.13 0 14.48
4 16 6.12 0 60.73 5.59 -2.5 55.73 5.59 -2.5 14.48 6.12 0 14.48
4 16 -6.13 0 60.73 -5.59 2.5 55.73 -5.59 2.5 14.48 -6.13 0 14.48
4 16 5.59 2.5 14.48 5.59 2.5 55.73 6.12 0 60.73 6.12 0 14.48
4 16 -5.59 -2.5 14.48 -2.5 -2.5 14.48 -2.5 -2.5 55.73 -5.59 -2.5 55.73
4 16 2.5 -2.5 55.73 2.5 -2.5 14.48 5.59 -2.5 14.48 5.59 -2.5 55.73
4 16 -2.5 2.5 55.73 -2.5 2.5 14.48 -5.59 2.5 14.48 -5.59 2.5 55.73
4 16 5.59 2.5 14.48 2.5 2.5 14.48 2.5 2.5 55.73 5.59 2.5 55.73
4 16 -2.5 -2.5 14.48 -2.5 -5.59 14.48 -2.5 -5.59 55.73 -2.5 -2.5 55.73
4 16 2.5 -5.59 55.73 2.5 -5.59 14.48 2.5 -2.5 14.48 2.5 -2.5 55.73
4 16 -2.5 5.59 55.73 -2.5 5.59 14.48 -2.5 2.5 14.48 -2.5 2.5 55.73
4 16 2.5 2.5 14.48 2.5 5.59 14.48 2.5 5.59 55.73 2.5 2.5 55.73
4 16 0 -6.12 60.73 -2.5 -5.59 55.73 -2.5 -5.59 14.48 0 -6.12 14.48
4 16 2.5 -5.59 14.48 2.5 -5.59 55.73 0 -6.12 60.73 0 -6.12 14.48
4 16 -2.5 5.59 14.48 -2.5 5.59 55.73 0 6.13 60.73 0 6.13 14.48
4 16 0 6.13 60.73 2.5 5.59 55.73 2.5 5.59 14.48 0 6.13 14.48
4 16 -5.3 -3.06 60.73 -4.42 -2.55 62.96 -5.1 0 62.96 -6.13 0 60.73
4 16 5.1 0 62.96 4.42 -2.55 62.96 5.3 -3.06 60.73 6.12 0 60.73
4 16 -5.1 0 62.96 -4.42 2.55 62.96 -5.3 3.06 60.73 -6.13 0 60.73
4 16 5.3 3.06 60.73 4.42 2.55 62.96 5.1 0 62.96 6.12 0 60.73
4 16 0 -5.93 82.23 -2.97 -5.14 82.23 -2.63 -4.55 79.45 0 -5.25 79.45
4 16 2.63 -4.55 79.45 2.97 -5.14 82.23 0 -5.93 82.23 0 -5.25 79.45
4 16 -2.63 4.55 79.45 -2.97 5.14 82.23 0 5.93 82.23 0 5.25 79.45
4 16 0 5.93 82.23 2.97 5.14 82.23 2.63 4.55 79.45 0 5.25 79.45
4 16 -2.97 -5.14 82.23 -5.14 -2.97 82.23 -4.55 -2.63 79.45 -2.63 -4.55 79.45
4 16 4.55 -2.63 79.45 5.14 -2.97 82.23 2.97 -5.14 82.23 2.63 -4.55 79.45
4 16 -4.55 2.63 79.45 -5.14 2.97 82.23 -2.97 5.14 82.23 -2.63 4.55 79.45
4 16 2.97 5.14 82.23 5.14 2.97 82.23 4.55 2.63 79.45 2.63 4.55 79.45
4 16 -5.14 -2.97 82.23 -5.93 0 82.23 -5.25 0 79.45 -4.55 -2.63 79.45
4 16 5.25 0 79.45 5.93 0 82.23 5.14 -2.97 82.23 4.55 -2.63 79.45
4 16 -5.25 0 79.45 -5.93 0 82.23 -5.14 2.97 82.23 -4.55 2.63 79.45
4 16 5.14 2.97 82.23 5.93 0 82.23 5.25 0 79.45 4.55 2.63 79.45
4 16 -5.14 -2.97 82.23 -2.97 -5.14 82.23 -2.67 -4.62 84.96 -4.62 -2.67 84.96
4 16 2.67 -4.62 84.96 2.97 -5.14 82.23 5.14 -2.97 82.23 4.62 -2.67 84.96
4 16 -2.67 4.62 84.96 -2.97 5.14 82.23 -5.14 2.97 82.23 -4.62 2.67 84.96
4 16 5.14 2.97 82.23 2.97 5.14 82.23 2.67 4.62 84.96 4.62 2.67 84.96
4 16 -5.93 0 82.23 -5.14 -2.97 82.23 -4.62 -2.67 84.96 -5.34 0 84.96
4 16 4.62 -2.67 84.96 5.14 -2.97 82.23 5.93 0 82.23 5.34 0 84.96
4 16 -4.62 2.67 84.96 -5.14 2.97 82.23 -5.93 0 82.23 -5.34 0 84.96
4 16 5.93 0 82.23 5.14 2.97 82.23 4.62 2.67 84.96 5.34 0 84.96
4 16 -4.62 -2.67 84.96 -2.67 -4.62 84.96 -1.88 -3.26 86.83 -3.26 -1.88 86.83
4 16 1.88 -3.26 86.83 2.67 -4.62 84.96 4.62 -2.67 84.96 3.26 -1.88 86.83
4 16 -1.88 3.26 86.83 -2.67 4.62 84.96 -4.62 2.67 84.96 -3.26 1.88 86.83
4 16 4.62 2.67 84.96 2.67 4.62 84.96 1.88 3.26 86.83 3.26 1.88 86.83
4 16 -5.34 0 84.96 -4.62 -2.67 84.96 -3.26 -1.88 86.83 -3.76 0 86.83
4 16 3.26 -1.88 86.83 4.62 -2.67 84.96 5.34 0 84.96 3.76 0 86.83
4 16 -3.26 1.88 86.83 -4.62 2.67 84.96 -5.34 0 84.96 -3.76 0 86.83
4 16 5.34 0 84.96 4.62 2.67 84.96 3.26 1.88 86.83 3.76 0 86.83
4 16 -1.88 -3.26 86.83 0 -3.76 86.83 0 -1.62 88 -0.81 -1.4 88
4 16 0 -1.62 88 0 -3.76 86.83 1.88 -3.26 86.83 0.81 -1.4 88
4 16 0 1.62 88 0 3.76 86.83 -1.88 3.26 86.83 -0.81 1.4 88
4 16 1.88 3.26 86.83 0 3.76 86.83 0 1.62 88 0.81 1.4 88
4 16 -3.26 -1.88 86.83 -1.88 -3.26 86.83 -0.81 -1.4 88 -1.4 -0.81 88
4 16 0.81 -1.4 88 1.88 -3.26 86.83 3.26 -1.88 86.83 1.4 -0.81 88
4 16 -0.81 1.4 88 -1.88 3.26 86.83 -3.26 1.88 86.83 -1.4 0.81 88
4 16 3.26 1.88 86.83 1.88 3.26 86.83 0.81 1.4 88 1.4 0.81 88
4 16 -3.76 0 86.83 -3.26 -1.88 86.83 -1.4 -0.81 88 -1.62 0 88
4 16 1.4 -0.81 88 3.26 -1.88 86.83 3.76 0 86.83 1.62 0 88
4 16 -1.4 0.81 88 -3.26 1.88 86.83 -3.76 0 86.83 -1.62 0 88
4 16 3.76 0 86.83 3.26 1.88 86.83 1.4 0.81 88 1.62 0 88
4 16 -4.55 -2.63 79.45 -5.25 0 79.45 -3.75 0 77.54 -3.25 -1.87 77.54
4 16 3.75 0 77.54 5.25 0 79.45 4.55 -2.63 79.45 3.25 -1.87 77.54
4 16 -3.75 0 77.54 -5.25 0 79.45 -4.55 2.63 79.45 -3.25 1.88 77.54
4 16 4.55 2.63 79.45 5.25 0 79.45 3.75 0 77.54 3.25 1.88 77.54
4 16 -2.63 -4.55 79.45 -4.55 -2.63 79.45 -3.25 -1.87 77.54 -1.88 -3.25 77.54
4 16 3.25 -1.87 77.54 4.55 -2.63 79.45 2.63 -4.55 79.45 1.87 -3.25 77.54
4 16 -3.25 1.88 77.54 -4.55 2.63 79.45 -2.63 4.55 79.45 -1.88 3.25 77.54
4 16 2.63 4.55 79.45 4.55 2.63 79.45 3.25 1.88 77.54 1.87 3.25 77.54
4 16 0 -5.25 79.45 -2.63 -4.55 79.45 -1.88 -3.25 77.54 0 -3.75 77.54
4 16 1.87 -3.25 77.54 2.63 -4.55 79.45 0 -5.25 79.45 0 -3.75 77.54
4 16 -1.88 3.25 77.54 -2.63 4.55 79.45 0 5.25 79.45 0 3.75 77.54
4 16 0 5.25 79.45 2.63 4.55 79.45 1.87 3.25 77.54 0 3.75 77.54
4 16 -2.97 -5.14 82.23 0 -5.93 82.23 0 -5.34 84.96 -2.67 -4.62 84.96
4 16 0 -5.34 84.96 0 -5.93 82.23 2.97 -5.14 82.23 2.67 -4.62 84.96
4 16 0 5.34 84.96 0 5.93 82.23 -2.97 5.14 82.23 -2.67 4.62 84.96
4 16 2.97 5.14 82.23 0 5.93 82.23 0 5.34 84.96 2.67 4.62 84.96
4 16 -2.67 -4.62 84.96 0 -5.34 84.96 0 -3.76 86.83 -1.88 -3.26 86.83
4 16 0 -3.76 86.83 0 -5.34 84.96 2.67 -4.62 84.96 1.88 -3.26 86.83
4 16 0 3.76 86.83 0 5.34 84.96 -2.67 4.62 84.96 -1.88 3.26 86.83
4 16 2.67 4.62 84.96 0 5.34 84.96 0 3.76 86.83 1.88 3.26 86.83
3 16 0 0 88.23 -1.4 -0.81 88 -0.81 -1.4 88
3 16 0.81 -1.4 88 1.4 -0.81 88 0 0 88.23
3 16 -0.81 1.4 88 -1.4 0.81 88 0 0 88.23
3 16 0 0 88.23 1.4 0.81 88 0.81 1.4 88
3 16 -1.62 0 88 -1.4 -0.81 88 0 0 88.23
3 16 0 0 88.23 1.4 -0.81 88 1.62 0 88
3 16 0 0 88.23 -1.4 0.81 88 -1.62 0 88
3 16 1.62 0 88 1.4 0.81 88 0 0 88.23
3 16 0 -1.62 88 0 0 88.23 -0.81 -1.4 88
3 16 0.81 -1.4 88 0 0 88.23 0 -1.62 88
3 16 -0.81 1.4 88 0 0 88.23 0 1.62 88
3 16 0 1.62 88 0 0 88.23 0.81 1.4 88
4 16 -5.3 -3.06 55.73 -2.5 -2.5 55.73 -2.5 -5.59 55.73 -3.06 -5.3 55.73
4 16 2.5 -5.59 55.73 2.5 -2.5 55.73 5.3 -3.06 55.73 3.06 -5.3 55.73
4 16 -2.5 5.59 55.73 -2.5 2.5 55.73 -5.3 3.06 55.73 -3.06 5.3 55.73
4 16 5.3 3.06 55.73 2.5 2.5 55.73 2.5 5.59 55.73 3.06 5.3 55.73
3 16 -5.59 -2.5 55.73 -2.5 -2.5 55.73 -5.3 -3.06 55.73
3 16 5.3 -3.06 55.73 2.5 -2.5 55.73 5.59 -2.5 55.73
3 16 -5.3 3.06 55.73 -2.5 2.5 55.73 -5.59 2.5 55.73
3 16 5.59 2.5 55.73 2.5 2.5 55.73 5.3 3.06 55.73
3 16 -3.75 -5.75 -36.77 0 -9.5 -36.77 -3.75 -8.73 -36.77
4 16 -3.75 -5.75 -36.77 3.75 -5.75 -36.77 3.75 -8.73 -36.77 0 -9.5 -36.77
3 16 5 5.75 10.73 5 8.08 10.73 8.23 4.75 10.73
3 16 -5 5.75 10.73 -8.23 4.75 10.73 -5 8.08 10.73
3 16 -8.23 -4.75 10.73 -9.5 0 10.73 -8.23 4.75 10.73
3 16 -5 -5.75 10.73 -5 -8.08 10.73 -8.23 -4.75 10.73
4 16 -5 -5.75 10.73 -8.23 -4.75 10.73 -8.23 4.75 10.73 -5 5.75 10.73
3 16 5 -5.75 10.73 8.23 -4.75 10.73 5 -8.08 10.73
3 16 -3.75 5.75 -36.77 -3.75 8.73 -36.77 0 9.5 -36.77
4 16 -3.75 5.75 -36.77 0 9.5 -36.77 3.75 8.73 -36.77 3.75 5.75 -36.77
4 16 -6.06 3.5 14.48 -8.23 4.75 11.98 -9.5 0 11.98 -7 0 14.48
4 16 -4.75 8.23 11.98 -8.23 4.75 11.98 -6.06 3.5 14.48 -3.5 6.06 14.48
4 16 0 9.5 11.98 -4.75 8.23 11.98 -3.5 6.06 14.48 0 7 14.48
4 16 4.75 8.23 11.98 0 9.5 11.98 0 7 14.48 3.5 6.06 14.48
4 16 8.23 4.75 11.98 4.75 8.23 11.98 3.5 6.06 14.48 6.06 3.5 14.48
4 16 9.5 0 11.98 8.23 4.75 11.98 6.06 3.5 14.48 7 0 14.48
4 16 9.5 0 10.73 8.23 4.75 10.73 8.23 4.75 11.98 9.5 0 11.98
3 16 4.75 8.23 11.98 8.23 4.75 11.98 5 8.08 10.73
3 16 5 8.08 10.73 8.23 4.75 11.98 8.23 4.75 10.73
3 16 3.75 8.73 -36.77 0 9.5 -36.77 5 8.08 10.73
3 16 5 8.08 10.73 0 9.5 -36.77 0 9.5 11.98
3 16 -4.75 8.23 11.98 0 9.5 11.98 -5 8.08 10.73
3 16 -5 8.08 10.73 0 9.5 -36.77 -3.75 8.73 -36.77
3 16 0 9.5 -36.77 -5 8.08 10.73 0 9.5 11.98
3 16 -8.23 4.75 11.98 -4.75 8.23 11.98 -8.23 4.75 10.73
3 16 -8.23 4.75 10.73 -4.75 8.23 11.98 -5 8.08 10.73
4 16 -3.75 5.75 -36.77 -5 5.75 10.73 -5 8.08 10.73 -3.75 8.73 -36.77
4 16 3.75 5.75 -36.77 3.75 8.73 -36.77 5 8.08 10.73 5 5.75 10.73
4 16 5 5.75 10.73 -5 5.75 10.73 -3.75 5.75 -36.77 3.75 5.75 -36.77
4 16 -8.23 4.75 10.73 -9.5 0 10.73 -9.5 0 11.98 -8.23 4.75 11.98
4 16 -8.23 -4.75 11.98 -6.06 -3.5 14.48 -7 0 14.48 -9.5 0 11.98
4 16 -8.23 -4.75 11.98 -4.75 -8.23 11.98 -3.5 -6.06 14.48 -6.06 -3.5 14.48
4 16 -4.75 -8.23 11.98 0 -9.5 11.98 0 -7 14.48 -3.5 -6.06 14.48
4 16 0 -9.5 11.98 4.75 -8.23 11.98 3.5 -6.06 14.48 0 -7 14.48
4 16 4.75 -8.23 11.98 8.23 -4.75 11.98 6.06 -3.5 14.48 3.5 -6.06 14.48
4 16 8.23 -4.75 11.98 9.5 0 11.98 7 0 14.48 6.06 -3.5 14.48
4 16 8.23 -4.75 10.73 9.5 0 10.73 9.5 0 11.98 8.23 -4.75 11.98
3 16 8.23 -4.75 11.98 4.75 -8.23 11.98 8.23 -4.75 10.73
3 16 4.75 -8.23 11.98 5 -8.08 10.73 8.23 -4.75 10.73
3 16 0 -9.5 11.98 0 -9.5 -36.77 5 -8.08 10.73
3 16 4.75 -8.23 11.98 0 -9.5 11.98 5 -8.08 10.73
3 16 5 -8.08 10.73 0 -9.5 -36.77 3.75 -8.73 -36.77
3 16 -4.75 -8.23 11.98 -5 -8.08 10.73 0 -9.5 11.98
3 16 0 -9.5 11.98 -5 -8.08 10.73 0 -9.5 -36.77
3 16 -5 -8.08 10.73 -3.75 -8.73 -36.77 0 -9.5 -36.77
3 16 -8.23 -4.75 10.73 -5 -8.08 10.73 -8.23 -4.75 11.98
3 16 -5 -8.08 10.73 -4.75 -8.23 11.98 -8.23 -4.75 11.98
4 16 -5 -5.75 10.73 -3.75 -5.75 -36.77 -3.75 -8.73 -36.77 -5 -8.08 10.73
4 16 3.75 -8.73 -36.77 3.75 -5.75 -36.77 5 -5.75 10.73 5 -8.08 10.73
4 16 -5 -5.75 10.73 5 -5.75 10.73 3.75 -5.75 -36.77 -3.75 -5.75 -36.77
4 16 -9.5 0 10.73 -8.23 -4.75 10.73 -8.23 -4.75 11.98 -9.5 0 11.98
3 16 5 8.08 10.73 0 9.5 11.98 4.75 8.23 11.98
4 16 -5 5.75 10.73 5 5.75 10.73 5 -5.75 10.73 -5 -5.75 10.73
3 16 8.23 4.75 10.73 9.5 0 10.73 8.23 -4.75 10.73
4 16 5 5.75 10.73 8.23 4.75 10.73 8.23 -4.75 10.73 5 -5.75 10.73
4 16 -6.13 0 14.48 -5.59 2.5 14.48 -6.06 3.5 14.48 -7 0 14.48
4 16 -5.59 -2.5 14.48 -6.13 0 14.48 -7 0 14.48 -6.06 -3.5 14.48
4 16 -2.5 5.59 14.48 0 6.13 14.48 0 7 14.48 -3.5 6.06 14.48
4 16 0 6.13 14.48 2.5 5.59 14.48 3.5 6.06 14.48 0 7 14.48
4 16 6.12 0 14.48 7 0 14.48 6.06 3.5 14.48 5.59 2.5 14.48
4 16 5.59 -2.5 14.48 6.06 -3.5 14.48 7 0 14.48 6.12 0 14.48
4 16 0 -6.12 14.48 -2.5 -5.59 14.48 -3.5 -6.06 14.48 0 -7 14.48
4 16 2.5 -5.59 14.48 0 -6.12 14.48 0 -7 14.48 3.5 -6.06 14.48
3 16 5.59 -2.5 14.48 2.5 -2.5 14.48 2.5 -5.59 14.48
3 16 -2.5 -5.59 14.48 -2.5 -2.5 14.48 -5.59 -2.5 14.48
3 16 -5.59 2.5 14.48 -2.5 2.5 14.48 -2.5 5.59 14.48
3 16 2.5 2.5 14.48 5.59 2.5 14.48 2.5 5.59 14.48
4 16 3.5 6.06 14.48 2.5 5.59 14.48 5.59 2.5 14.48 6.06 3.5 14.48
4 16 -6.06 3.5 14.48 -5.59 2.5 14.48 -2.5 5.59 14.48 -3.5 6.06 14.48
4 16 -6.06 -3.5 14.48 -3.5 -6.06 14.48 -2.5 -5.59 14.48 -5.59 -2.5 14.48
4 16 5.59 -2.5 14.48 2.5 -5.59 14.48 3.5 -6.06 14.48 6.06 -3.5 14.48
5 24 0 -3.75 70.15 -1.88 -3.25 70.15 -1.95 -3.38 67.7 0 -3.75 77.54
5 24 0 -3.75 70.15 1.87 -3.25 70.15 0 -3.9 67.7 1.87 -3.25 77.54
5 24 0 3.75 70.15 -1.88 3.25 70.15 -1.95 3.38 67.7 -1.88 3.25 77.54
5 24 0 3.75 70.15 1.87 3.25 70.15 1.95 3.38 67.7 0 3.75 77.54
5 24 -1.88 -3.25 70.15 -3.25 -1.87 70.15 -3.38 -1.95 67.7 -3.25 -1.87 77.54
5 24 1.87 -3.25 70.15 3.25 -1.87 70.15 1.95 -3.38 67.7 3.25 -1.87 77.54
5 24 -1.88 3.25 70.15 -3.25 1.88 70.15 -1.95 3.38 67.7 -3.25 1.88 77.54
5 24 1.87 3.25 70.15 3.25 1.88 70.15 3.38 1.95 67.7 3.25 1.88 77.54
5 24 -3.25 -1.87 70.15 -3.38 -1.95 67.7 -1.95 -3.38 67.7 -3.9 0 67.7
5 24 3.25 -1.87 70.15 3.38 -1.95 67.7 1.87 -3.25 70.15 3.9 0 67.7
5 24 -3.25 1.88 70.15 -3.38 1.95 67.7 -1.88 3.25 70.15 -3.9 0 67.7
5 24 3.25 1.88 70.15 3.38 1.95 67.7 1.95 3.38 67.7 3.9 0 67.7
5 24 -1.88 -3.25 70.15 -1.95 -3.38 67.7 0 -3.75 70.15 -3.38 -1.95 67.7
5 24 1.87 -3.25 70.15 1.95 -3.38 67.7 0 -3.75 70.15 3.38 -1.95 67.7
5 24 -1.88 3.25 70.15 -1.95 3.38 67.7 0 3.75 70.15 -3.38 1.95 67.7
5 24 1.87 3.25 70.15 1.95 3.38 67.7 0 3.75 70.15 3.38 1.95 67.7
5 24 -3.38 -1.95 67.7 -1.95 -3.38 67.7 -1.88 -3.25 70.15 -3.77 -2.18 65.29
5 24 3.38 -1.95 67.7 1.95 -3.38 67.7 1.87 -3.25 70.15 2.18 -3.77 65.29
5 24 -3.38 1.95 67.7 -1.95 3.38 67.7 -1.88 3.25 70.15 -2.18 3.77 65.29
5 24 3.38 1.95 67.7 1.95 3.38 67.7 1.87 3.25 70.15 3.77 2.18 65.29
5 24 0 -3.75 70.15 0 -3.9 67.7 -1.88 -3.25 70.15 1.95 -3.38 67.7
5 24 0 3.75 70.15 0 3.9 67.7 -1.95 3.38 67.7 1.87 3.25 70.15
5 24 -1.95 -3.38 67.7 0 -3.9 67.7 0 -3.75 70.15 -2.18 -3.77 65.29
5 24 1.95 -3.38 67.7 0 -3.9 67.7 0 -3.75 70.15 0 -4.35 65.29
5 24 -1.95 3.38 67.7 0 3.9 67.7 -1.88 3.25 70.15 0 4.36 65.29
5 24 1.95 3.38 67.7 0 3.9 67.7 0 3.75 70.15 2.18 3.77 65.29
5 24 -3.38 -1.95 67.7 -3.77 -2.18 65.29 -4.36 0 65.29 -2.18 -3.77 65.29
5 24 3.38 -1.95 67.7 3.77 -2.18 65.29 4.36 0 65.29 1.95 -3.38 67.7
5 24 -3.38 1.95 67.7 -3.77 2.18 65.29 -4.36 0 65.29 -1.95 3.38 67.7
5 24 3.38 1.95 67.7 3.77 2.18 65.29 4.36 0 65.29 2.18 3.77 65.29
5 24 -1.95 -3.38 67.7 -2.18 -3.77 65.29 -3.77 -2.18 65.29 0 -4.35 65.29
5 24 1.95 -3.38 67.7 2.18 -3.77 65.29 3.77 -2.18 65.29 0 -3.9 67.7
5 24 -1.95 3.38 67.7 -2.18 3.77 65.29 -3.77 2.18 65.29 0 3.9 67.7
5 24 1.95 3.38 67.7 2.18 3.77 65.29 3.77 2.18 65.29 0 4.36 65.29
5 24 -3.77 -2.18 65.29 -2.18 -3.77 65.29 -1.95 -3.38 67.7 -4.42 -2.55 62.96
5 24 3.77 -2.18 65.29 2.18 -3.77 65.29 1.95 -3.38 67.7 2.55 -4.42 62.96
5 24 -3.77 2.18 65.29 -2.18 3.77 65.29 -1.95 3.38 67.7 -2.55 4.42 62.96
5 24 3.77 2.18 65.29 2.18 3.77 65.29 1.95 3.38 67.7 4.42 2.55 62.96
5 24 0 -3.9 67.7 0 -4.35 65.29 -2.18 -3.77 65.29 2.18 -3.77 65.29
5 24 0 3.9 67.7 0 4.36 65.29 -2.18 3.77 65.29 2.18 3.77 65.29
5 24 -2.18 -3.77 65.29 0 -4.35 65.29 0 -3.9 67.7 -2.55 -4.42 62.96
5 24 2.18 -3.77 65.29 0 -4.35 65.29 0 -3.9 67.7 0 -5.1 62.96
5 24 -2.18 3.77 65.29 0 4.36 65.29 0 3.9 67.7 0 5.1 62.96
5 24 2.18 3.77 65.29 0 4.36 65.29 0 3.9 67.7 2.55 4.42 62.96
5 24 -2.18 -3.77 65.29 -2.55 -4.42 62.96 -4.42 -2.55 62.96 0 -5.1 62.96
5 24 2.18 -3.77 65.29 2.55 -4.42 62.96 4.42 -2.55 62.96 0 -5.1 62.96
5 24 -2.18 3.77 65.29 -2.55 4.42 62.96 -4.42 2.55 62.96 0 5.1 62.96
5 24 2.18 3.77 65.29 2.55 4.42 62.96 4.42 2.55 62.96 0 5.1 62.96
5 24 -2.55 -4.42 62.96 -3.06 -5.3 60.73 -5.3 -3.06 60.73 0 -6.12 60.73
5 24 2.55 -4.42 62.96 3.06 -5.3 60.73 5.3 -3.06 60.73 0 -5.1 62.96
5 24 -2.55 4.42 62.96 -3.06 5.3 60.73 -5.3 3.06 60.73 0 5.1 62.96
5 24 2.55 4.42 62.96 3.06 5.3 60.73 5.3 3.06 60.73 0 6.13 60.73
5 24 0 -4.35 65.29 0 -5.1 62.96 -2.18 -3.77 65.29 2.55 -4.42 62.96
5 24 0 4.36 65.29 0 5.1 62.96 -2.55 4.42 62.96 2.18 3.77 65.29
5 24 -2.55 -4.42 62.96 0 -5.1 62.96 -2.18 -3.77 65.29 -3.06 -5.3 60.73
5 24 2.55 -4.42 62.96 0 -5.1 62.96 2.18 -3.77 65.29 0 -6.12 60.73
5 24 -2.55 4.42 62.96 0 5.1 62.96 -2.18 3.77 65.29 0 6.13 60.73
5 24 2.55 4.42 62.96 0 5.1 62.96 2.18 3.77 65.29 3.06 5.3 60.73
2 24 -3.06 -5.3 60.73 0 -6.12 60.73
2 24 3.06 -5.3 60.73 0 -6.12 60.73
2 24 -3.06 5.3 60.73 0 6.13 60.73
2 24 3.06 5.3 60.73 0 6.13 60.73
5 24 0 -5.1 62.96 0 -6.12 60.73 -3.06 -5.3 60.73 3.06 -5.3 60.73
5 24 0 5.1 62.96 0 6.13 60.73 -3.06 5.3 60.73 3.06 5.3 60.73
5 24 -3.77 -2.18 65.29 -4.42 -2.55 62.96 -5.1 0 62.96 -2.55 -4.42 62.96
5 24 3.77 -2.18 65.29 4.42 -2.55 62.96 5.1 0 62.96 2.18 -3.77 65.29
5 24 -3.77 2.18 65.29 -4.42 2.55 62.96 -5.1 0 62.96 -2.18 3.77 65.29
5 24 3.77 2.18 65.29 4.42 2.55 62.96 5.1 0 62.96 2.55 4.42 62.96
5 24 -2.55 -4.42 62.96 -4.42 -2.55 62.96 -2.18 -3.77 65.29 -5.3 -3.06 60.73
5 24 2.55 -4.42 62.96 4.42 -2.55 62.96 2.18 -3.77 65.29 3.06 -5.3 60.73
5 24 -2.55 4.42 62.96 -4.42 2.55 62.96 -2.18 3.77 65.29 -3.06 5.3 60.73
5 24 2.55 4.42 62.96 4.42 2.55 62.96 2.18 3.77 65.29 5.3 3.06 60.73
2 24 -3.06 -5.3 60.73 -5.3 -3.06 60.73
2 24 3.06 -5.3 60.73 5.3 -3.06 60.73
2 24 -3.06 5.3 60.73 -5.3 3.06 60.73
2 24 3.06 5.3 60.73 5.3 3.06 60.73
5 24 -4.42 -2.55 62.96 -5.3 -3.06 60.73 -3.06 -5.3 60.73 -5.1 0 62.96
5 24 4.42 -2.55 62.96 5.3 -3.06 60.73 2.55 -4.42 62.96 5.1 0 62.96
5 24 -4.42 2.55 62.96 -5.3 3.06 60.73 -2.55 4.42 62.96 -5.1 0 62.96
5 24 4.42 2.55 62.96 5.3 3.06 60.73 3.06 5.3 60.73 5.1 0 62.96
5 24 -3.25 -1.87 70.15 -3.75 0 70.15 -3.25 -1.87 77.54 -3.9 0 67.7
5 24 3.25 -1.87 70.15 3.75 0 70.15 3.75 0 77.54 3.38 -1.95 67.7
5 24 -3.25 1.88 70.15 -3.75 0 70.15 -3.75 0 77.54 -3.38 1.95 67.7
5 24 3.25 1.88 70.15 3.75 0 70.15 3.25 1.88 77.54 3.9 0 67.7
5 24 -3.38 -1.95 67.7 -3.9 0 67.7 -3.25 -1.87 70.15 -4.36 0 65.29
5 24 3.38 -1.95 67.7 3.9 0 67.7 3.25 -1.87 70.15 3.77 -2.18 65.29
5 24 -3.38 1.95 67.7 -3.9 0 67.7 -3.25 1.88 70.15 -3.77 2.18 65.29
5 24 3.38 1.95 67.7 3.9 0 67.7 3.25 1.88 70.15 4.36 0 65.29
5 24 -3.75 0 70.15 -3.9 0 67.7 -3.38 -1.95 67.7 -3.25 1.88 70.15
5 24 3.75 0 70.15 3.9 0 67.7 3.25 -1.87 70.15 3.38 1.95 67.7
5 24 -3.77 -2.18 65.29 -4.36 0 65.29 -3.38 -1.95 67.7 -5.1 0 62.96
5 24 3.77 -2.18 65.29 4.36 0 65.29 3.38 -1.95 67.7 4.42 -2.55 62.96
5 24 -3.77 2.18 65.29 -4.36 0 65.29 -3.38 1.95 67.7 -4.42 2.55 62.96
5 24 3.77 2.18 65.29 4.36 0 65.29 3.38 1.95 67.7 5.1 0 62.96
5 24 -3.9 0 67.7 -4.36 0 65.29 -3.77 -2.18 65.29 -3.38 1.95 67.7
5 24 3.9 0 67.7 4.36 0 65.29 3.38 -1.95 67.7 3.77 2.18 65.29
5 24 -4.42 -2.55 62.96 -5.1 0 62.96 -3.77 -2.18 65.29 -5.3 -3.06 60.73
5 24 4.42 -2.55 62.96 5.1 0 62.96 3.77 -2.18 65.29 5.3 -3.06 60.73
5 24 -4.42 2.55 62.96 -5.1 0 62.96 -3.77 2.18 65.29 -5.3 3.06 60.73
5 24 4.42 2.55 62.96 5.1 0 62.96 3.77 2.18 65.29 5.3 3.06 60.73
5 24 -4.36 0 65.29 -5.1 0 62.96 -4.42 -2.55 62.96 -3.77 2.18 65.29
5 24 4.36 0 65.29 5.1 0 62.96 3.77 -2.18 65.29 4.42 2.55 62.96
2 24 -5.3 -3.06 60.73 -6.13 0 60.73
2 24 5.3 -3.06 60.73 6.12 0 60.73
2 24 -5.3 3.06 60.73 -6.13 0 60.73
2 24 5.3 3.06 60.73 6.12 0 60.73
5 24 -5.1 0 62.96 -6.13 0 60.73 -5.3 -3.06 60.73 -4.42 2.55 62.96
5 24 5.1 0 62.96 6.12 0 60.73 4.42 -2.55 62.96 5.3 3.06 60.73
5 24 -5.14 -2.97 82.23 -4.62 -2.67 84.96 -2.97 -5.14 82.23 -5.93 0 82.23
5 24 5.14 -2.97 82.23 4.62 -2.67 84.96 2.67 -4.62 84.96 5.93 0 82.23
5 24 -5.14 2.97 82.23 -4.62 2.67 84.96 -2.67 4.62 84.96 -5.93 0 82.23
5 24 5.14 2.97 82.23 4.62 2.67 84.96 2.97 5.14 82.23 5.93 0 82.23
5 24 -4.62 -2.67 84.96 -3.26 -1.88 86.83 -2.67 -4.62 84.96 -5.34 0 84.96
5 24 4.62 -2.67 84.96 3.26 -1.88 86.83 1.88 -3.26 86.83 5.34 0 84.96
5 24 -4.62 2.67 84.96 -3.26 1.88 86.83 -1.88 3.26 86.83 -5.34 0 84.96
5 24 4.62 2.67 84.96 3.26 1.88 86.83 2.67 4.62 84.96 5.34 0 84.96
5 24 -3.25 -1.87 70.15 -3.25 -1.87 77.54 -1.88 -3.25 70.15 -3.75 0 77.54
5 24 3.25 -1.87 70.15 3.25 -1.87 77.54 1.87 -3.25 70.15 3.75 0 77.54
5 24 -3.25 1.88 70.15 -3.25 1.88 77.54 -1.88 3.25 70.15 -3.75 0 77.54
5 24 3.25 1.88 70.15 3.25 1.88 77.54 1.87 3.25 70.15 3.75 0 77.54
5 24 -5.14 -2.97 82.23 -4.55 -2.63 79.45 -2.97 -5.14 82.23 -5.93 0 82.23
5 24 5.14 -2.97 82.23 4.55 -2.63 79.45 2.97 -5.14 82.23 5.25 0 79.45
5 24 -5.14 2.97 82.23 -4.55 2.63 79.45 -2.97 5.14 82.23 -5.25 0 79.45
5 24 5.14 2.97 82.23 4.55 2.63 79.45 2.97 5.14 82.23 5.93 0 82.23
5 24 -3.25 -1.87 77.54 -4.55 -2.63 79.45 -5.25 0 79.45 -2.63 -4.55 79.45
5 24 3.25 -1.87 77.54 4.55 -2.63 79.45 3.75 0 77.54 2.63 -4.55 79.45
5 24 -3.25 1.88 77.54 -4.55 2.63 79.45 -3.75 0 77.54 -2.63 4.55 79.45
5 24 3.25 1.88 77.54 4.55 2.63 79.45 5.25 0 79.45 2.63 4.55 79.45
5 24 -1.88 -3.25 70.15 -1.88 -3.25 77.54 -3.25 -1.87 77.54 0 -3.75 70.15
5 24 1.87 -3.25 70.15 1.87 -3.25 77.54 3.25 -1.87 70.15 0 -3.75 70.15
5 24 -1.88 3.25 70.15 -1.88 3.25 77.54 -3.25 1.88 70.15 0 3.75 77.54
5 24 1.87 3.25 70.15 1.87 3.25 77.54 3.25 1.88 77.54 0 3.75 70.15
2 24 -3.25 -1.87 77.54 -1.88 -3.25 77.54
2 24 3.25 -1.87 77.54 1.87 -3.25 77.54
2 24 -3.25 1.88 77.54 -1.88 3.25 77.54
2 24 3.25 1.88 77.54 1.87 3.25 77.54
5 24 -4.55 -2.63 79.45 -2.63 -4.55 79.45 -2.97 -5.14 82.23 -3.25 -1.87 77.54
5 24 4.55 -2.63 79.45 2.63 -4.55 79.45 5.14 -2.97 82.23 3.25 -1.87 77.54
5 24 -4.55 2.63 79.45 -2.63 4.55 79.45 -5.14 2.97 82.23 -3.25 1.88 77.54
5 24 4.55 2.63 79.45 2.63 4.55 79.45 2.97 5.14 82.23 3.25 1.88 77.54
5 24 -1.88 -3.25 77.54 -2.63 -4.55 79.45 -4.55 -2.63 79.45 0 -5.25 79.45
5 24 1.87 -3.25 77.54 2.63 -4.55 79.45 3.25 -1.87 77.54 0 -5.25 79.45
5 24 -1.88 3.25 77.54 -2.63 4.55 79.45 -3.25 1.88 77.54 0 5.25 79.45
5 24 1.87 3.25 77.54 2.63 4.55 79.45 4.55 2.63 79.45 0 5.25 79.45
5 24 -5.14 -2.97 82.23 -2.97 -5.14 82.23 -4.55 -2.63 79.45 -2.67 -4.62 84.96
5 24 5.14 -2.97 82.23 2.97 -5.14 82.23 4.55 -2.63 79.45 2.67 -4.62 84.96
5 24 -5.14 2.97 82.23 -2.97 5.14 82.23 -4.55 2.63 79.45 -2.67 4.62 84.96
5 24 5.14 2.97 82.23 2.97 5.14 82.23 4.55 2.63 79.45 2.67 4.62 84.96
5 24 -2.63 -4.55 79.45 -2.97 -5.14 82.23 0 -5.93 82.23 -5.14 -2.97 82.23
5 24 2.63 -4.55 79.45 2.97 -5.14 82.23 0 -5.93 82.23 4.55 -2.63 79.45
5 24 -2.63 4.55 79.45 -2.97 5.14 82.23 0 5.93 82.23 -4.55 2.63 79.45
5 24 2.63 4.55 79.45 2.97 5.14 82.23 0 5.93 82.23 5.14 2.97 82.23
5 24 -3.26 -1.88 86.83 -1.88 -3.26 86.83 -4.62 -2.67 84.96 -0.81 -1.4 88
5 24 3.26 -1.88 86.83 1.88 -3.26 86.83 2.67 -4.62 84.96 0.81 -1.4 88
5 24 -3.26 1.88 86.83 -1.88 3.26 86.83 -2.67 4.62 84.96 -0.81 1.4 88
5 24 3.26 1.88 86.83 1.88 3.26 86.83 4.62 2.67 84.96 0.81 1.4 88
5 24 -4.62 -2.67 84.96 -2.67 -4.62 84.96 -5.14 -2.97 82.23 -1.88 -3.26 86.83
5 24 4.62 -2.67 84.96 2.67 -4.62 84.96 2.97 -5.14 82.23 1.88 -3.26 86.83
5 24 -4.62 2.67 84.96 -2.67 4.62 84.96 -2.97 5.14 82.23 -1.88 3.26 86.83
5 24 4.62 2.67 84.96 2.67 4.62 84.96 5.14 2.97 82.23 1.88 3.26 86.83
5 24 -2.97 -5.14 82.23 -2.67 -4.62 84.96 -5.14 -2.97 82.23 0 -5.93 82.23
5 24 2.97 -5.14 82.23 2.67 -4.62 84.96 5.14 -2.97 82.23 0 -5.34 84.96
5 24 -2.97 5.14 82.23 -2.67 4.62 84.96 -5.14 2.97 82.23 0 5.34 84.96
5 24 2.97 5.14 82.23 2.67 4.62 84.96 5.14 2.97 82.23 0 5.93 82.23
5 24 -1.88 -3.26 86.83 -2.67 -4.62 84.96 -4.62 -2.67 84.96 0 -5.34 84.96
5 24 1.88 -3.26 86.83 2.67 -4.62 84.96 4.62 -2.67 84.96 0 -3.76 86.83
5 24 -1.88 3.26 86.83 -2.67 4.62 84.96 -4.62 2.67 84.96 0 3.76 86.83
5 24 1.88 3.26 86.83 2.67 4.62 84.96 4.62 2.67 84.96 0 5.34 84.96
5 24 -3.26 -1.88 86.83 -1.4 -0.81 88 -1.88 -3.26 86.83 -3.76 0 86.83
5 24 3.26 -1.88 86.83 1.4 -0.81 88 0.81 -1.4 88 3.76 0 86.83
5 24 -3.26 1.88 86.83 -1.4 0.81 88 -0.81 1.4 88 -3.76 0 86.83
5 24 3.26 1.88 86.83 1.4 0.81 88 1.88 3.26 86.83 3.76 0 86.83
5 24 -5.14 -2.97 82.23 -5.93 0 82.23 -5.25 0 79.45 -4.62 -2.67 84.96
5 24 5.14 -2.97 82.23 5.93 0 82.23 5.25 0 79.45 4.62 -2.67 84.96
5 24 -5.14 2.97 82.23 -5.93 0 82.23 -5.25 0 79.45 -4.62 2.67 84.96
5 24 5.14 2.97 82.23 5.93 0 82.23 5.25 0 79.45 4.62 2.67 84.96
5 24 -4.62 -2.67 84.96 -5.34 0 84.96 -5.93 0 82.23 -3.26 -1.88 86.83
5 24 4.62 -2.67 84.96 5.34 0 84.96 5.14 -2.97 82.23 3.26 -1.88 86.83
5 24 -4.62 2.67 84.96 -5.34 0 84.96 -5.14 2.97 82.23 -3.26 1.88 86.83
5 24 4.62 2.67 84.96 5.34 0 84.96 5.93 0 82.23 3.26 1.88 86.83
5 24 -5.93 0 82.23 -5.34 0 84.96 -5.14 -2.97 82.23 -4.62 2.67 84.96
5 24 5.93 0 82.23 5.34 0 84.96 4.62 -2.67 84.96 5.14 2.97 82.23
5 24 -3.26 -1.88 86.83 -3.76 0 86.83 -5.34 0 84.96 -1.4 -0.81 88
5 24 3.26 -1.88 86.83 3.76 0 86.83 4.62 -2.67 84.96 1.4 -0.81 88
5 24 -3.26 1.88 86.83 -3.76 0 86.83 -4.62 2.67 84.96 -1.4 0.81 88
5 24 3.26 1.88 86.83 3.76 0 86.83 5.34 0 84.96 1.4 0.81 88
5 24 -5.34 0 84.96 -3.76 0 86.83 -4.62 -2.67 84.96 -3.26 1.88 86.83
5 24 5.34 0 84.96 3.76 0 86.83 3.26 -1.88 86.83 4.62 2.67 84.96
5 24 -3.75 0 70.15 -3.75 0 77.54 -3.25 -1.87 70.15 -3.25 1.88 77.54
5 24 3.75 0 70.15 3.75 0 77.54 3.25 -1.87 77.54 3.25 1.88 70.15
2 24 -3.25 -1.87 77.54 -3.75 0 77.54
2 24 3.25 -1.87 77.54 3.75 0 77.54
2 24 -3.25 1.88 77.54 -3.75 0 77.54
2 24 3.25 1.88 77.54 3.75 0 77.54
5 24 -4.55 -2.63 79.45 -5.25 0 79.45 -5.14 -2.97 82.23 -3.75 0 77.54
5 24 4.55 -2.63 79.45 5.25 0 79.45 5.93 0 82.23 3.75 0 77.54
5 24 -4.55 2.63 79.45 -5.25 0 79.45 -5.93 0 82.23 -3.75 0 77.54
5 24 4.55 2.63 79.45 5.25 0 79.45 5.14 2.97 82.23 3.75 0 77.54
5 24 -5.93 0 82.23 -5.25 0 79.45 -5.14 -2.97 82.23 -5.14 2.97 82.23
5 24 5.93 0 82.23 5.25 0 79.45 5.14 -2.97 82.23 5.14 2.97 82.23
5 24 -3.75 0 77.54 -5.25 0 79.45 -4.55 -2.63 79.45 -4.55 2.63 79.45
5 24 3.75 0 77.54 5.25 0 79.45 4.55 -2.63 79.45 4.55 2.63 79.45
5 24 -1.4 -0.81 88 -1.62 0 88 -3.76 0 86.83 0 0 88.23
5 24 1.4 -0.81 88 1.62 0 88 3.26 -1.88 86.83 0 0 88.23
5 24 -1.4 0.81 88 -1.62 0 88 -3.26 1.88 86.83 0 0 88.23
5 24 1.4 0.81 88 1.62 0 88 3.76 0 86.83 0 0 88.23
5 24 -3.76 0 86.83 -1.62 0 88 -3.26 -1.88 86.83 -1.4 0.81 88
5 24 3.76 0 86.83 1.62 0 88 1.4 -0.81 88 3.26 1.88 86.83
5 24 0 -3.75 70.15 0 -3.75 77.54 -1.88 -3.25 77.54 1.87 -3.25 70.15
5 24 0 3.75 70.15 0 3.75 77.54 -1.88 3.25 77.54 1.87 3.25 77.54
2 24 -1.88 -3.25 77.54 0 -3.75 77.54
2 24 1.87 -3.25 77.54 0 -3.75 77.54
2 24 -1.88 3.25 77.54 0 3.75 77.54
2 24 1.87 3.25 77.54 0 3.75 77.54
5 24 -2.63 -4.55 79.45 0 -5.25 79.45 0 -5.93 82.23 -1.88 -3.25 77.54
5 24 2.63 -4.55 79.45 0 -5.25 79.45 2.97 -5.14 82.23 1.87 -3.25 77.54
5 24 -2.63 4.55 79.45 0 5.25 79.45 -2.97 5.14 82.23 -1.88 3.25 77.54
5 24 2.63 4.55 79.45 0 5.25 79.45 0 5.93 82.23 1.87 3.25 77.54
5 24 0 -3.75 77.54 0 -5.25 79.45 -2.63 -4.55 79.45 1.87 -3.25 77.54
5 24 0 3.75 77.54 0 5.25 79.45 -1.88 3.25 77.54 2.63 4.55 79.45
5 24 -2.97 -5.14 82.23 0 -5.93 82.23 -2.63 -4.55 79.45 0 -5.34 84.96
5 24 2.97 -5.14 82.23 0 -5.93 82.23 2.63 -4.55 79.45 0 -5.34 84.96
5 24 -2.97 5.14 82.23 0 5.93 82.23 -2.63 4.55 79.45 0 5.34 84.96
5 24 2.97 5.14 82.23 0 5.93 82.23 2.63 4.55 79.45 0 5.34 84.96
5 24 0 -5.25 79.45 0 -5.93 82.23 -2.97 -5.14 82.23 2.63 -4.55 79.45
5 24 0 5.25 79.45 0 5.93 82.23 -2.63 4.55 79.45 2.97 5.14 82.23
5 24 -1.88 -3.26 86.83 0 -3.76 86.83 0 -1.62 88 -2.67 -4.62 84.96
5 24 1.88 -3.26 86.83 0 -3.76 86.83 0 -1.62 88 0 -5.34 84.96
5 24 -1.88 3.26 86.83 0 3.76 86.83 0 1.62 88 0 5.34 84.96
5 24 1.88 3.26 86.83 0 3.76 86.83 0 1.62 88 2.67 4.62 84.96
5 24 -2.67 -4.62 84.96 0 -5.34 84.96 -2.97 -5.14 82.23 0 -3.76 86.83
5 24 2.67 -4.62 84.96 0 -5.34 84.96 0 -5.93 82.23 0 -3.76 86.83
5 24 -2.67 4.62 84.96 0 5.34 84.96 0 5.93 82.23 0 3.76 86.83
5 24 2.67 4.62 84.96 0 5.34 84.96 2.97 5.14 82.23 0 3.76 86.83
5 24 0 -5.93 82.23 0 -5.34 84.96 -2.97 -5.14 82.23 2.97 -5.14 82.23
5 24 0 5.93 82.23 0 5.34 84.96 -2.97 5.14 82.23 2.97 5.14 82.23
5 24 0 -3.76 86.83 0 -5.34 84.96 -2.67 -4.62 84.96 2.67 -4.62 84.96
5 24 0 3.76 86.83 0 5.34 84.96 -2.67 4.62 84.96 2.67 4.62 84.96
5 24 -1.88 -3.26 86.83 -0.81 -1.4 88 0 -3.76 86.83 -3.26 -1.88 86.83
5 24 1.88 -3.26 86.83 0.81 -1.4 88 0 -1.62 88 3.26 -1.88 86.83
5 24 -1.88 3.26 86.83 -0.81 1.4 88 0 1.62 88 -3.26 1.88 86.83
5 24 1.88 3.26 86.83 0.81 1.4 88 0 3.76 86.83 3.26 1.88 86.83
5 24 -1.4 -0.81 88 -0.81 -1.4 88 -3.26 -1.88 86.83 0 0 88.23
5 24 1.4 -0.81 88 0.81 -1.4 88 1.88 -3.26 86.83 0 0 88.23
5 24 -1.4 0.81 88 -0.81 1.4 88 -1.88 3.26 86.83 0 0 88.23
5 24 1.4 0.81 88 0.81 1.4 88 3.26 1.88 86.83 0 0 88.23
5 24 0 -3.76 86.83 0 -1.62 88 -1.88 -3.26 86.83 1.88 -3.26 86.83
5 24 0 3.76 86.83 0 1.62 88 -1.88 3.26 86.83 1.88 3.26 86.83
5 24 -0.81 -1.4 88 0 -1.62 88 -1.88 -3.26 86.83 0 0 88.23
5 24 0.81 -1.4 88 0 -1.62 88 0 -3.76 86.83 0 0 88.23
5 24 -0.81 1.4 88 0 1.62 88 0 3.76 86.83 0 0 88.23
5 24 0.81 1.4 88 0 1.62 88 1.88 3.26 86.83 0 0 88.23
5 24 -1.4 -0.81 88 0 0 88.23 -0.81 -1.4 88 -1.62 0 88
5 24 1.4 -0.81 88 0 0 88.23 0.81 -1.4 88 1.62 0 88
5 24 -1.4 0.81 88 0 0 88.23 -0.81 1.4 88 -1.62 0 88
5 24 1.4 0.81 88 0 0 88.23 0.81 1.4 88 1.62 0 88
5 24 -1.62 0 88 0 0 88.23 -1.4 -0.81 88 -1.4 0.81 88
5 24 1.62 0 88 0 0 88.23 1.4 -0.81 88 1.4 0.81 88
5 24 -0.81 -1.4 88 0 0 88.23 -1.4 -0.81 88 0 -1.62 88
5 24 0.81 -1.4 88 0 0 88.23 1.4 -0.81 88 0 -1.62 88
5 24 -0.81 1.4 88 0 0 88.23 -1.4 0.81 88 0 1.62 88
5 24 0.81 1.4 88 0 0 88.23 1.4 0.81 88 0 1.62 88
5 24 0 -1.62 88 0 0 88.23 -0.81 -1.4 88 0.81 -1.4 88
5 24 0 1.62 88 0 0 88.23 -0.81 1.4 88 0.81 1.4 88
5 24 -3.06 -5.3 60.73 -3.06 -5.3 55.73 -5.3 -3.06 55.73 -2.5 -5.59 55.73
5 24 3.06 -5.3 60.73 3.06 -5.3 55.73 5.3 -3.06 55.73 2.5 -5.59 55.73
5 24 -3.06 5.3 60.73 -3.06 5.3 55.73 -5.3 3.06 55.73 -2.5 5.59 55.73
5 24 3.06 5.3 60.73 3.06 5.3 55.73 5.3 3.06 55.73 2.5 5.59 55.73
5 24 -3.06 -5.3 60.73 -2.5 -5.59 55.73 -3.06 -5.3 55.73 0 -6.12 60.73
5 24 3.06 -5.3 60.73 2.5 -5.59 55.73 3.06 -5.3 55.73 0 -6.12 60.73
5 24 -3.06 5.3 60.73 -2.5 5.59 55.73 -3.06 5.3 55.73 0 6.13 60.73
5 24 3.06 5.3 60.73 2.5 5.59 55.73 3.06 5.3 55.73 0 6.13 60.73
5 24 0 -6.12 60.73 -2.5 -5.59 55.73 -3.06 -5.3 60.73 -2.5 -5.59 14.48
5 24 0 -6.12 60.73 2.5 -5.59 55.73 3.06 -5.3 60.73 2.5 -5.59 14.48
5 24 0 6.13 60.73 -2.5 5.59 55.73 -3.06 5.3 60.73 -2.5 5.59 14.48
5 24 0 6.13 60.73 2.5 5.59 55.73 3.06 5.3 60.73 2.5 5.59 14.48
2 24 -3.06 -5.3 55.73 -2.5 -5.59 55.73
2 24 3.06 -5.3 55.73 2.5 -5.59 55.73
2 24 -3.06 5.3 55.73 -2.5 5.59 55.73
2 24 3.06 5.3 55.73 2.5 5.59 55.73
5 24 -5.3 -3.06 60.73 -5.3 -3.06 55.73 -5.59 -2.5 55.73 -3.06 -5.3 55.73
5 24 5.3 -3.06 60.73 5.3 -3.06 55.73 5.59 -2.5 55.73 3.06 -5.3 60.73
5 24 -5.3 3.06 60.73 -5.3 3.06 55.73 -5.59 2.5 55.73 -3.06 5.3 60.73
5 24 5.3 3.06 60.73 5.3 3.06 55.73 5.59 2.5 55.73 3.06 5.3 55.73
2 24 -3.06 -5.3 55.73 -5.3 -3.06 55.73
2 24 3.06 -5.3 55.73 5.3 -3.06 55.73
2 24 -3.06 5.3 55.73 -5.3 3.06 55.73
2 24 3.06 5.3 55.73 5.3 3.06 55.73
2 24 -2.5 -5.59 55.73 -2.5 -2.5 55.73
2 24 2.5 -5.59 55.73 2.5 -2.5 55.73
2 24 -2.5 5.59 55.73 -2.5 2.5 55.73
2 24 2.5 5.59 55.73 2.5 2.5 55.73
5 24 -5.3 -3.06 60.73 -5.59 -2.5 55.73 -6.13 0 60.73 -5.3 -3.06 55.73
5 24 5.3 -3.06 60.73 5.59 -2.5 55.73 6.12 0 60.73 5.3 -3.06 55.73
5 24 -5.3 3.06 60.73 -5.59 2.5 55.73 -6.13 0 60.73 -5.3 3.06 55.73
5 24 5.3 3.06 60.73 5.59 2.5 55.73 6.12 0 60.73 5.3 3.06 55.73
5 24 -6.13 0 60.73 -5.59 -2.5 55.73 -5.3 -3.06 60.73 -5.59 -2.5 14.48
5 24 6.12 0 60.73 5.59 -2.5 55.73 5.3 -3.06 60.73 5.59 -2.5 14.48
5 24 -6.13 0 60.73 -5.59 2.5 55.73 -5.3 3.06 60.73 -5.59 2.5 14.48
5 24 6.12 0 60.73 5.59 2.5 55.73 5.3 3.06 60.73 5.59 2.5 14.48
2 24 -5.3 -3.06 55.73 -5.59 -2.5 55.73
2 24 5.3 -3.06 55.73 5.59 -2.5 55.73
2 24 -5.3 3.06 55.73 -5.59 2.5 55.73
2 24 5.3 3.06 55.73 5.59 2.5 55.73
2 24 -2.5 -2.5 55.73 -5.59 -2.5 55.73
2 24 2.5 -2.5 55.73 5.59 -2.5 55.73
2 24 -2.5 2.5 55.73 -5.59 2.5 55.73
2 24 2.5 2.5 55.73 5.59 2.5 55.73
5 24 6.12 0 60.73 6.12 0 14.48 5.59 -2.5 55.73 5.59 2.5 14.48
2 24 -5.59 -2.5 55.73 -5.59 -2.5 14.48
2 24 -5.59 2.5 55.73 -5.59 2.5 14.48
2 24 5.59 2.5 55.73 5.59 2.5 14.48
2 24 6.12 0 14.48 5.59 2.5 14.48
2 24 -2.5 -2.5 55.73 -2.5 -2.5 14.48
2 24 2.5 -2.5 55.73 2.5 -2.5 14.48
2 24 -2.5 2.5 55.73 -2.5 2.5 14.48
2 24 2.5 2.5 55.73 2.5 2.5 14.48
2 24 -5.59 -2.5 14.48 -2.5 -2.5 14.48
2 24 -5.59 2.5 14.48 -2.5 2.5 14.48
2 24 5.59 2.5 14.48 2.5 2.5 14.48
2 24 -2.5 5.59 55.73 -2.5 5.59 14.48
2 24 2.5 5.59 55.73 2.5 5.59 14.48
2 24 -2.5 2.5 14.48 -2.5 5.59 14.48
2 24 2.5 2.5 14.48 2.5 5.59 14.48
5 24 0 -6.12 60.73 0 -6.12 14.48 -2.5 -5.59 55.73 2.5 -5.59 14.48
5 24 0 6.13 60.73 0 6.13 14.48 -2.5 5.59 14.48 2.5 5.59 55.73
2 24 -2.5 5.59 14.48 0 6.13 14.48
2 24 2.5 5.59 14.48 0 6.13 14.48
2 24 -6.06 -3.5 14.48 -3.5 -6.06 14.48
2 24 -6.06 -3.5 14.48 -7 0 14.48
5 24 -6.06 -3.5 14.48 -8.23 -4.75 11.98 -7 0 14.48 -4.75 -8.23 11.98
2 24 -3.5 -6.06 14.48 0 -7 14.48
5 24 -3.5 -6.06 14.48 -4.75 -8.23 11.98 -8.23 -4.75 11.98 0 -9.5 11.98
2 24 -6.06 3.5 14.48 -7 0 14.48
2 24 -6.06 3.5 14.48 -3.5 6.06 14.48
5 24 -6.06 3.5 14.48 -8.23 4.75 11.98 -9.5 0 11.98 -4.75 8.23 11.98
5 24 -7 0 14.48 -9.5 0 11.98 -6.06 3.5 14.48 -8.23 -4.75 11.98
2 24 -3.5 6.06 14.48 0 7 14.48
5 24 -3.5 6.06 14.48 -4.75 8.23 11.98 -8.23 4.75 11.98 0 9.5 11.98
2 24 0 -7 14.48 3.5 -6.06 14.48
5 24 0 -7 14.48 0 -9.5 11.98 -4.75 -8.23 11.98 4.75 -8.23 11.98
2 24 3.5 -6.06 14.48 6.06 -3.5 14.48
5 24 3.5 -6.06 14.48 4.75 -8.23 11.98 0 -9.5 11.98 8.23 -4.75 11.98
2 24 0 7 14.48 3.5 6.06 14.48
5 24 0 7 14.48 0 9.5 11.98 -4.75 8.23 11.98 4.75 8.23 11.98
2 24 6.06 -3.5 14.48 7 0 14.48
5 24 6.06 -3.5 14.48 8.23 -4.75 11.98 4.75 -8.23 11.98 9.5 0 11.98
2 24 3.5 6.06 14.48 6.06 3.5 14.48
5 24 3.5 6.06 14.48 4.75 8.23 11.98 0 9.5 11.98 8.23 4.75 11.98
2 24 7 0 14.48 6.06 3.5 14.48
5 24 7 0 14.48 9.5 0 11.98 8.23 4.75 11.98 8.23 -4.75 11.98
5 24 6.06 3.5 14.48 8.23 4.75 11.98 4.75 8.23 11.98 9.5 0 11.98
2 24 -3.75 -5.75 -36.77 -3.75 -8.73 -36.77
2 24 -3.75 -5.75 -36.77 3.75 -5.75 -36.77
2 24 -3.75 -5.75 -36.77 -5 -5.75 10.73
2 24 0 -9.5 -36.77 -3.75 -8.73 -36.77
2 24 0 -9.5 -36.77 3.75 -8.73 -36.77
5 24 0 -9.5 -36.77 -5 -8.08 10.73 0 -9.5 11.98 -3.75 -8.73 -36.77
5 24 0 -9.5 -36.77 5 -8.08 10.73 0 -9.5 11.98 3.75 -8.73 -36.77
5 24 0 -9.5 -36.77 0 -9.5 11.98 5 -8.08 10.73 -5 -8.08 10.73
2 24 -3.75 -8.73 -36.77 -5 -8.08 10.73
2 24 3.75 -5.75 -36.77 3.75 -8.73 -36.77
2 24 3.75 -5.75 -36.77 5 -5.75 10.73
2 24 3.75 -8.73 -36.77 5 -8.08 10.73
2 24 5 5.75 10.73 5 8.08 10.73
5 24 5 5.75 10.73 8.23 4.75 10.73 5 8.08 10.73 8.23 -4.75 10.73
2 24 5 5.75 10.73 -5 5.75 10.73
2 24 5 5.75 10.73 3.75 5.75 -36.77
2 24 5 8.08 10.73 8.23 4.75 10.73
5 24 5 8.08 10.73 0 9.5 -36.77 3.75 8.73 -36.77 0 9.5 11.98
2 24 5 8.08 10.73 3.75 8.73 -36.77
5 24 5 8.08 10.73 0 9.5 11.98 0 9.5 -36.77 4.75 8.23 11.98
5 24 5 8.08 10.73 4.75 8.23 11.98 8.23 4.75 11.98 0 9.5 11.98
5 24 5 8.08 10.73 8.23 4.75 11.98 4.75 8.23 11.98 8.23 4.75 10.73
2 24 8.23 4.75 10.73 9.5 0 10.73
5 24 8.23 4.75 10.73 8.23 4.75 11.98 9.5 0 10.73 5 8.08 10.73
5 24 -5 -5.75 10.73 -8.23 -4.75 10.73 -5 -8.08 10.73 -8.23 4.75 10.73
2 24 -5 -5.75 10.73 5 -5.75 10.73
2 24 -5 -5.75 10.73 -5 -8.08 10.73
5 24 -5 5.75 10.73 -8.23 4.75 10.73 -5 8.08 10.73 -5 -5.75 10.73
2 24 -5 5.75 10.73 -5 8.08 10.73
2 24 -5 5.75 10.73 -3.75 5.75 -36.77
2 24 -8.23 4.75 10.73 -5 8.08 10.73
2 24 -8.23 4.75 10.73 -9.5 0 10.73
5 24 -8.23 4.75 10.73 -8.23 4.75 11.98 -4.75 8.23 11.98 -9.5 0 10.73
5 24 -8.23 4.75 10.73 -4.75 8.23 11.98 -8.23 4.75 11.98 -5 8.08 10.73
2 24 -5 8.08 10.73 -3.75 8.73 -36.77
5 24 -5 8.08 10.73 0 9.5 -36.77 -3.75 8.73 -36.77 0 9.5 11.98
5 24 -5 8.08 10.73 -4.75 8.23 11.98 0 9.5 11.98 -8.23 4.75 10.73
5 24 -5 8.08 10.73 0 9.5 11.98 -4.75 8.23 11.98 0 9.5 -36.77
2 24 -8.23 -4.75 10.73 -9.5 0 10.73
2 24 -8.23 -4.75 10.73 -5 -8.08 10.73
5 24 -8.23 -4.75 10.73 -8.23 -4.75 11.98 -5 -8.08 10.73 -9.5 0 10.73
5 24 -9.5 0 10.73 -9.5 0 11.98 -8.23 4.75 10.73 -8.23 -4.75 10.73
5 24 5 -5.75 10.73 8.23 -4.75 10.73 5 -8.08 10.73 5 5.75 10.73
2 24 5 -5.75 10.73 5 -8.08 10.73
5 24 -5 -8.08 10.73 -8.23 -4.75 11.98 -8.23 -4.75 10.73 -4.75 -8.23 11.98
5 24 -5 -8.08 10.73 -4.75 -8.23 11.98 0 -9.5 11.98 -8.23 -4.75 11.98
5 24 -5 -8.08 10.73 0 -9.5 11.98 -4.75 -8.23 11.98 0 -9.5 -36.77
2 24 9.5 0 10.73 8.23 -4.75 10.73
5 24 9.5 0 10.73 9.5 0 11.98 8.23 4.75 10.73 8.23 -4.75 10.73
2 24 8.23 -4.75 10.73 5 -8.08 10.73
5 24 8.23 -4.75 10.73 4.75 -8.23 11.98 8.23 -4.75 11.98 5 -8.08 10.73
5 24 8.23 -4.75 10.73 8.23 -4.75 11.98 9.5 0 10.73 4.75 -8.23 11.98
5 24 5 -8.08 10.73 0 -9.5 11.98 0 -9.5 -36.77 4.75 -8.23 11.98
5 24 5 -8.08 10.73 4.75 -8.23 11.98 8.23 -4.75 10.73 0 -9.5 11.98
2 24 -3.75 5.75 -36.77 -3.75 8.73 -36.77
2 24 -3.75 5.75 -36.77 3.75 5.75 -36.77
2 24 -3.75 8.73 -36.77 0 9.5 -36.77
2 24 0 9.5 -36.77 3.75 8.73 -36.77
5 24 0 9.5 -36.77 0 9.5 11.98 5 8.08 10.73 -5 8.08 10.73
2 24 3.75 8.73 -36.77 3.75 5.75 -36.77
2 24 -8.23 4.75 11.98 -9.5 0 11.98
2 24 -8.23 4.75 11.98 -4.75 8.23 11.98
2 24 -9.5 0 11.98 -8.23 -4.75 11.98
2 24 -4.75 8.23 11.98 0 9.5 11.98
2 24 0 9.5 11.98 4.75 8.23 11.98
2 24 4.75 8.23 11.98 8.23 4.75 11.98
2 24 8.23 4.75 11.98 9.5 0 11.98
2 24 9.5 0 11.98 8.23 -4.75 11.98
2 24 -8.23 -4.75 11.98 -4.75 -8.23 11.98
2 24 -4.75 -8.23 11.98 0 -9.5 11.98
2 24 0 -9.5 11.98 4.75 -8.23 11.98
2 24 4.75 -8.23 11.98 8.23 -4.75 11.98
2 24 -5.59 2.5 14.48 -6.13 0 14.48
2 24 -5.59 -2.5 14.48 -6.13 0 14.48
2 24 -2.5 -2.5 14.48 -2.5 -5.59 14.48
2 24 0 -6.12 14.48 -2.5 -5.59 14.48
2 24 0 -6.12 14.48 2.5 -5.59 14.48
2 24 2.5 -2.5 14.48 2.5 -5.59 14.48
2 24 6.12 0 14.48 5.59 -2.5 14.48
2 24 2.5 -2.5 14.48 5.59 -2.5 14.48
2 24 2.5 -5.59 55.73 2.5 -5.59 14.48
2 24 -2.5 -5.59 55.73 -2.5 -5.59 14.48
2 24 5.59 -2.5 55.73 5.59 -2.5 14.48
5 24 -6.13 0 60.73 -6.13 0 14.48 -5.59 -2.5 14.48 -5.59 2.5 55.73
0
