0 Boat Mast  2 x  2 x 13 & 3/4 Middle
0 Name: 2537.dat
0 Author: Andy Westrate [westrate]
0 !LDRAW_ORG Part UPDATE 2009-03
0 !LICENSE Redistributable under CCAL version 2.0 : see CAreadme.txt

0 BFC CERTIFY CCW
0 !KEYWORDS Pirates, Soldiers, Imperial Guard, Imperial Armada
0 !KEYWORDS ship, man-o-war, clipper

0 !HISTORY 2007-11-02 [mikeheide] added missing lines
0 !HISTORY 2009-12-29 [PTadmin] Official Update 2009-03

0 // Lower Tee


0 BFC INVERTNEXT
1 16 0 320 -40 4 0 0 0 8 0 0 0 4 4-4cyli.dat
1 16 0 320 -40 0 0 -4 0 1 0 4 0 0 4-4edge.dat
1 16 0 328 -40 0 0 -4 0 1 0 4 0 0 4-4edge.dat
1 16 0 328 -40 -4 0 0 0 -1 0 0 0 -4 2-4ring1.dat
1 16 0 328 -40 -5 0 0 0 -1 0 0 0 -5 2-4ring1.dat
1 16 0 320 -40 -4 0 0 0 1 0 0 0 -4 2-4ring1.dat
1 16 0 320 -40 -5 0 0 0 1 0 0 0 -5 2-4ring1.dat
1 16 0 320 -40 4 0 0 0 1 0 0 0 4 2-4ndis.dat
1 16 0 328 -40 4 0 0 0 -1 0 0 0 4 2-4ndis.dat
4 16 -10 320 -36 -10 328 -36 -10 328 -40 -10 320 -40
4 16 -10 328 -40 -10 328 -36 -4 328 -36 -4 328 -40
4 16 4 328 -36 10 328 -36 10 328 -40 4 328 -40
4 16 -4 320 -36 -10 320 -36 -10 320 -40 -4 320 -40
4 16 10 320 -40 10 320 -36 4 320 -36 4 320 -40
4 16 10 328 -40 10 328 -36 10 320 -36 10 320 -40
4 16 10 320 -36 10 328 -36 18.478 328 -7.654 18.478 320 -7.654
2 24 10 320 -36 18.478 320 -7.654
2 24 10 328 -36 18.478 328 -7.654
2 24 -10 320 -36 -18.478 320 -7.654
2 24 -10 328 -36 -18.478 328 -7.654
2 24 10 320 -36 10 320 -40
2 24 10 328 -36 10 328 -40
2 24 -10 320 -36 -10 320 -40
2 24 -10 328 -36 -10 328 -40
4 16 -18.478 328 -7.654 -10 328 -36 -10 320 -36 -18.478 320 -7.654
4 16 -18.478 320 -7.654 -10 320 -36 10 320 -36 18.478 320 -7.654
0 BFC INVERTNEXT
1 16 0 328 -27 -4 0 0 0 -4 0 0 0 -7 box5.dat
1 16 0 320 -40 -10 0 0 0 8 0 0 0 -10 2-4cyli.dat
1 16 0 328 -40 -10 0 0 0 1 0 0 0 -10 2-4edge.dat
1 16 0 320 -40 -10 0 0 0 1 0 0 0 -10 2-4edge.dat
4 16 -4 328 -34 4 328 -34 10 328 -36 -10 328 -36
3 16 -7.654 328 -18.478 -7.654 330 -18.478 -7.654 328 -32
3 16 -4 328 -32 -4 330 -18.478 -4 328 -18.478
4 16 -7.654 328 -32 -7.654 330 -18.478 -4 330 -18.478 -4 328 -32
2 24 -4 328 -32 -7.654 328 -32
2 24 -7.654 330 -18.478 -7.654 328 -18.478
2 24 -7.654 328 -18.478 -7.654 328 -32
2 24 -7.654 330 -18.478 -7.654 328 -32
2 24 -4 330 -18.478 -4 328 -32
3 16 7.654 328 -32 7.654 330 -18.478 7.654 328 -18.478
3 16 4 328 -18.478 4 330 -18.478 4 328 -32
4 16 4 330 -18.478 7.654 330 -18.478 7.654 328 -32 4 328 -32
2 24 4 328 -32 7.654 328 -32
2 24 7.654 330 -18.478 7.654 328 -18.478
2 24 7.654 328 -18.478 7.654 328 -32
2 24 7.654 330 -18.478 7.654 328 -32
2 24 4 330 -18.478 4 328 -32
4 16 -4 328 -32 -4 328 -34 -10 328 -36 -7.654 328 -32
4 16 -10 328 -36 -14.14 328 -14.14 -7.654 328 -18.478 -7.654 328 -32
3 16 -10 328 -36 -18.478 328 -7.654 -14.14 328 -14.14
3 16 -7.654 328 -18.478 0 328 -20 -4 328 -20
4 16 10 328 -36 4 328 -34 4 328 -32 7.654 328 -32
4 16 7.654 328 -18.478 14.14 328 -14.14 10 328 -36 7.654 328 -32
3 16 14.14 328 -14.14 18.478 328 -7.654 10 328 -36
3 16 4 328 -20 0 328 -20 7.654 328 -18.478
0 BFC INVERTNEXT
1 16 0 320 40 -4 0 0 0 8 0 0 0 -4 4-4cyli.dat
1 16 0 320 40 0 0 4 0 1 0 -4 0 0 4-4edge.dat
1 16 0 328 40 0 0 4 0 1 0 -4 0 0 4-4edge.dat
1 16 0 328 40 4 0 0 0 -1 0 0 0 4 2-4ring1.dat
1 16 0 328 40 5 0 0 0 -1 0 0 0 5 2-4ring1.dat
1 16 0 320 40 4 0 0 0 1 0 0 0 4 2-4ring1.dat
1 16 0 320 40 5 0 0 0 1 0 0 0 5 2-4ring1.dat
1 16 0 320 40 -4 0 0 0 1 0 0 0 -4 2-4ndis.dat
1 16 0 328 40 -4 0 0 0 -1 0 0 0 -4 2-4ndis.dat
4 16 10 320 36 10 328 36 10 328 40 10 320 40
4 16 10 328 40 10 328 36 4 328 36 4 328 40
4 16 -4 328 36 -10 328 36 -10 328 40 -4 328 40
4 16 4 320 36 10 320 36 10 320 40 4 320 40
4 16 -10 320 40 -10 320 36 -4 320 36 -4 320 40
4 16 -10 328 40 -10 328 36 -10 320 36 -10 320 40
4 16 -10 320 36 -10 328 36 -18.478 328 7.654 -18.478 320 7.654
2 24 -10 320 36 -18.478 320 7.654
2 24 -10 328 36 -18.478 328 7.654
2 24 10 320 36 18.478 320 7.654
2 24 10 328 36 18.478 328 7.654
2 24 -10 320 36 -10 320 40
2 24 -10 328 36 -10 328 40
2 24 10 320 36 10 320 40
2 24 10 328 36 10 328 40
4 16 18.478 328 7.654 10 328 36 10 320 36 18.478 320 7.654
4 16 18.478 320 7.654 10 320 36 -10 320 36 -18.478 320 7.654
0 BFC INVERTNEXT
1 16 0 328 27 4 0 0 0 -4 0 0 0 7 box5.dat
1 16 0 320 40 10 0 0 0 8 0 0 0 10 2-4cyli.dat
1 16 0 328 40 10 0 0 0 1 0 0 0 10 2-4edge.dat
1 16 0 320 40 10 0 0 0 1 0 0 0 10 2-4edge.dat
4 16 4 328 34 -4 328 34 -10 328 36 10 328 36
3 16 7.654 328 18.478 7.654 330 18.478 7.654 328 32
3 16 4 328 32 4 330 18.478 4 328 18.478
4 16 7.654 328 32 7.654 330 18.478 4 330 18.478 4 328 32
2 24 4 328 32 7.654 328 32
2 24 7.654 330 18.478 7.654 328 18.478
2 24 7.654 328 18.478 7.654 328 32
2 24 7.654 330 18.478 7.654 328 32
2 24 4 330 18.478 4 328 32
3 16 -7.654 328 32 -7.654 330 18.478 -7.654 328 18.478
3 16 -4 328 18.478 -4 330 18.478 -4 328 32
4 16 -4 330 18.478 -7.654 330 18.478 -7.654 328 32 -4 328 32
2 24 -4 328 32 -7.654 328 32
2 24 -7.654 330 18.478 -7.654 328 18.478
2 24 -7.654 328 18.478 -7.654 328 32
2 24 -7.654 330 18.478 -7.654 328 32
2 24 -4 330 18.478 -4 328 32
4 16 4 328 32 4 328 34 10 328 36 7.654 328 32
4 16 10 328 36 14.14 328 14.14 7.654 328 18.478 7.654 328 32
3 16 10 328 36 18.478 328 7.654 14.14 328 14.14
3 16 7.654 328 18.478 0 328 20 4 328 20
4 16 -10 328 36 -4 328 34 -4 328 32 -7.654 328 32
4 16 -7.654 328 18.478 -14.14 328 14.14 -10 328 36 -7.654 328 32
3 16 -14.14 328 14.14 -18.478 328 7.654 -10 328 36
3 16 -4 328 20 0 328 20 -7.654 328 18.478
0 //
0 // Upper Tee
0 BFC INVERTNEXT
1 16 0 80 -40 4 0 0 0 8 0 0 0 4 4-4cyli.dat
1 16 0 88 -40 4 0 0 0 1 0 0 0 4 4-4edge.dat
1 16 0 88 -40 -4 0 0 0 -1 0 0 0 -4 2-4ring1.dat
1 16 0 88 -40 -5 0 0 0 -1 0 0 0 -5 2-4ring1.dat
1 16 0 80 -40 -5 0 0 0 1 0 0 0 -5 2-4ring1.dat
4 16 -10 80 -36 -10 88 -36 -10 88 -40 -10 80 -40
4 16 -10 88 -40 -10 88 -36 -4 88 -36 -4 88 -40
4 16 4 88 -36 10 88 -36 10 88 -40 4 88 -40
4 16 -4 80 -36 -10 80 -36 -10 80 -40 -6 80 -40
4 16 10 80 -40 10 80 -36 4 80 -36 6 80 -40
4 16 10 88 -40 10 88 -36 10 80 -36 10 80 -40
2 24 -10 80 -36 -10 80 -40
2 24 -10 88 -36 -10 88 -40
2 24 10 80 -36 10 80 -40
2 24 10 88 -36 10 88 -40
4 16 10 80 -36 10 88 -36 16 88 0 16 80 0
2 24 10 80 -36 16 80 0
2 24 10 88 -36 16 88 0
2 24 -10 80 -36 -16 80 0
2 24 -10 88 -36 -16 88 0
4 16 -16 88 0 -10 88 -36 -10 80 -36 -16 80 0
4 16 10 88 -36 -10 88 -36 -14.782 88 -6.123 14.782 88 -6.123
4 16 -4 80 -32 -10 80 -36 10 80 -36 4 80 -32
1 16 0 88 -40 4 0 0 0 -1 0 0 0 4 2-4ndis.dat
1 16 0 80 -40 -10 0 0 0 8 0 0 0 -10 2-4cyli.dat
1 16 0 88 -40 -10 0 0 0 1 0 0 0 -10 2-4edge.dat
1 16 0 80 -40 -10 0 0 0 1 0 0 0 -10 2-4edge.dat
1 16 0 80 -40 1 0 0 0 1 0 0 0 1 stud2a.dat
1 16 0 80 -40 6 0 0 0 1 0 0 0 6 4-4edge.dat
0 BFC INVERTNEXT
1 16 0 80 -24 0 0 -4 0 4 0 8 0 0 box5.dat
3 16 0 80 -16 4 80 -16 6.12 80 -14.78
4 16 4 80 -30 8 80 -30 8 76 -13.5 4 76 -13.5
3 16 4 76 -13.5 4 80 -13.5 4 80 -30
3 16 8 80 -30 8 80 -13.5 8 76 -13.5
2 24 8 80 -30 8 76 -13.5
2 24 8 80 -30 8 80 -13.5
2 24 4 80 -30 4 76 -13.5
2 24 8 80 -30 4 80 -30
4 16 -8 76 -13.5 -8 80 -30 -4 80 -30 -4 76 -13.5
3 16 -4 80 -30 -4 80 -13.5 -4 76 -13.5
3 16 -8 76 -13.5 -8 80 -13.5 -8 80 -30
2 24 -8 80 -30 -8 76 -13.5
2 24 -8 80 -30 -8 80 -13.5
2 24 -4 80 -30 -4 76 -13.5
2 24 -8 80 -30 -4 80 -30
4 16 10 80 -36 8 80 -30 4 80 -30 4 80 -32
4 16 6.12 80 -14.78 8 80 -30 10 80 -36 11.31 80 -11.31
3 16 11.31 80 -11.31 10 80 -36 16 80 0
3 16 -6.12 80 -14.78 -4 80 -16 0 80 -16
4 16 -4 80 -30 -8 80 -30 -10 80 -36 -4 80 -32
4 16 -10 80 -36 -8 80 -30 -6.12 80 -14.78 -11.31 80 -11.31
3 16 -16 80 0 -10 80 -36 -11.31 80 -11.31
0 //
0 BFC INVERTNEXT
1 16 0 80 40 -4 0 0 0 8 0 0 0 -4 4-4cyli.dat
1 16 0 88 40 -4 0 0 0 1 0 0 0 -4 4-4edge.dat
1 16 0 88 40 4 0 0 0 -1 0 0 0 4 2-4ring1.dat
1 16 0 88 40 5 0 0 0 -1 0 0 0 5 2-4ring1.dat
1 16 0 80 40 5 0 0 0 1 0 0 0 5 2-4ring1.dat
4 16 10 80 36 10 88 36 10 88 40 10 80 40
4 16 10 88 40 10 88 36 4 88 36 4 88 40
4 16 -4 88 36 -10 88 36 -10 88 40 -4 88 40
4 16 4 80 36 10 80 36 10 80 40 6 80 40
4 16 -10 80 40 -10 80 36 -4 80 36 -6 80 40
4 16 -10 88 40 -10 88 36 -10 80 36 -10 80 40
2 24 10 80 36 10 80 40
2 24 10 88 36 10 88 40
2 24 -10 80 36 -10 80 40
2 24 -10 88 36 -10 88 40
4 16 -10 80 36 -10 88 36 -16 88 0 -16 80 0
2 24 -10 80 36 -16 80 0
2 24 -10 88 36 -16 88 0
2 24 10 80 36 16 80 0
2 24 10 88 36 16 88 0
4 16 16 88 0 10 88 36 10 80 36 16 80 0
4 16 -10 88 36 10 88 36 14.782 88 6.123 -14.782 88 6.123
4 16 4 80 32 10 80 36 -10 80 36 -4 80 32
1 16 0 88 40 -4 0 0 0 -1 0 0 0 -4 2-4ndis.dat
1 16 0 80 40 10 0 0 0 8 0 0 0 10 2-4cyli.dat
1 16 0 88 40 10 0 0 0 1 0 0 0 10 2-4edge.dat
1 16 0 80 40 10 0 0 0 1 0 0 0 10 2-4edge.dat
1 16 0 80 40 -1 0 0 0 1 0 0 0 -1 stud2a.dat
1 16 0 80 40 -6 0 0 0 1 0 0 0 -6 4-4edge.dat
0 BFC INVERTNEXT
1 16 0 80 24 0 0 4 0 4 0 -8 0 0 box5.dat
3 16 0 80 16 -4 80 16 -6.12 80 14.78
4 16 -4 80 30 -8 80 30 -8 76 13.5 -4 76 13.5
3 16 -4 76 13.5 -4 80 13.5 -4 80 30
3 16 -8 80 30 -8 80 13.5 -8 76 13.5
2 24 -8 80 30 -8 76 13.5
2 24 -8 80 30 -8 80 13.5
2 24 -4 80 30 -4 76 13.5
2 24 -8 80 30 -4 80 30
4 16 8 76 13.5 8 80 30 4 80 30 4 76 13.5
3 16 4 80 30 4 80 13.5 4 76 13.5
3 16 8 76 13.5 8 80 13.5 8 80 30
2 24 8 80 30 8 76 13.5
2 24 8 80 30 8 80 13.5
2 24 4 80 30 4 76 13.5
2 24 8 80 30 4 80 30
4 16 -10 80 36 -8 80 30 -4 80 30 -4 80 32
4 16 -6.12 80 14.78 -8 80 30 -10 80 36 -11.31 80 11.31
3 16 -11.31 80 11.31 -10 80 36 -16 80 0
3 16 6.12 80 14.78 4 80 16 0 80 16
4 16 4 80 30 8 80 30 10 80 36 4 80 32
4 16 10 80 36 8 80 30 6.12 80 14.78 11.31 80 11.31
3 16 16 80 0 10 80 36 11.31 80 11.31
0 //
0 // Base
1 16 0 328 0 0 0 -20 0 2 0 20 0 0 4-4cyli.dat
1 16 0 330 0 0 0 -16 0 12 0 16 0 0 4-4cyli.dat
0 BFC INVERTNEXT
1 16 0 324 0 0 0 -14 0 18 0 14 0 0 4-4cyli.dat
1 16 0 324 0 0 0 -14 0 -1 0 14 0 0 4-4disc.dat
1 16 0 324 0 0 0 -14 0 1 0 14 0 0 4-4edge.dat
1 16 0 342 0 0 0 -14 0 1 0 14 0 0 4-4edge.dat
1 16 0 342 0 0 0 -16 0 1 0 16 0 0 4-4edge.dat
1 16 0 342 0 0 0 -2 0 -1 0 2 0 0 4-4ring7.dat
1 16 0 330 0 0 0 -16 0 1 0 16 0 0 4-4edge.dat
1 16 0 330 0 0 0 -20 0 1 0 20 0 0 4-4edge.dat
1 16 0 330 0 0 0 -4 0 -1 0 4 0 0 4-4ring4.dat
1 16 0 320 0 -18.4775 0 -7.6536 0 8 0 7.6536 0 -18.4775 1-8cyli.dat
1 16 0 320 0 18.4775 0 7.6536 0 8 0 -7.6536 0 18.4775 1-8cyli.dat
1 16 19.55 330 0 0 -4 0 0 0 2 -2 0 0 2-4cyli.dat
1 16 19.55 330 0 0 -4 0 0 0 2 -2 0 0 2-4disc.dat
1 16 19.55 330 0 0 -4 0 0 0 2 -2 0 0 2-4edge.dat
1 16 -19.55 330 0 0 4 0 0 0 2 2 0 0 2-4cyli.dat
1 16 -19.55 330 0 0 4 0 0 0 2 2 0 0 2-4disc.dat
1 16 -19.55 330 0 0 4 0 0 0 2 2 0 0 2-4edge.dat
0 // Top
1 16 0 2 0 0 0 -2 0 1 0 2 0 0 4-4ring6.dat
3 16 -10 2 10 10 2 10 0 2 14
3 16 -10 2 -10 -10 2 10 -14 2 0
3 16 10 2 -10 -10 2 -10 0 2 -14
3 16 10 2 10 10 2 -10 14 2 0
1 16 0 2 0 0 0 -14 0 1 0 14 0 0 4-4edge.dat
0 BFC INVERTNEXT
1 16 -5 0 5 0 0 -3 0 84 0 3 0 0 1-4cyli.dat
1 16 -5 0 5 0 0 -3 0 1 0 3 0 0 1-4ndis.dat
4 16 5 0 8 -5 0 8 -5 84 8 5 84 8
4 16 10 0 10 -10 0 10 -8 0 8 8 0 8
0 BFC INVERTNEXT
1 16 -5 0 -5 -3 0 0 0 84 0 0 0 -3 1-4cyli.dat
1 16 -5 0 -5 -3 0 0 0 1 0 0 0 -3 1-4ndis.dat
4 16 -8 0 5 -8 0 -5 -8 84 -5 -8 84 5
4 16 -10 0 10 -10 0 -10 -8 0 -8 -8 0 8
0 BFC INVERTNEXT
1 16 5 0 -5 0 0 3 0 84 0 -3 0 0 1-4cyli.dat
1 16 5 0 -5 0 0 3 0 1 0 -3 0 0 1-4ndis.dat
4 16 -5 0 -8 5 0 -8 5 84 -8 -5 84 -8
4 16 -10 0 -10 10 0 -10 8 0 -8 -8 0 -8
0 BFC INVERTNEXT
1 16 5 0 5 3 0 0 0 84 0 0 0 3 1-4cyli.dat
1 16 5 0 5 3 0 0 0 1 0 0 0 3 1-4ndis.dat
4 16 8 0 -5 8 0 5 8 84 5 8 84 -5
4 16 10 0 -10 10 0 10 8 0 8 8 0 -8
1 16 0 0 0 0 0 -10 0 2 0 10 0 0 box4.dat
2 24 5 0 8 -5 0 8
2 24 10 0 10 -10 0 10
2 24 -8 0 5 -8 0 -5
2 24 -10 0 10 -10 0 -10
2 24 -5 0 -8 5 0 -8
2 24 -10 0 -10 10 0 -10
2 24 8 0 -5 8 0 5
2 24 10 0 -10 10 0 10
2 24 -8 84 5 -8 84 -5
2 24 -5 84 -8 5 84 -8
2 24 5 84 8 -5 84 8
2 24 8 84 -5 8 84 5
1 16 -5 0 5 0 0 -3 0 1 0 3 0 0 1-4EDGE.DAT
1 16 -5 0 -5 -3 0 0 0 1 0 0 0 -3 1-4EDGE.DAT
1 16 5 0 -5 0 0 3 0 1 0 -3 0 0 1-4EDGE.DAT
1 16 5 0 5 3 0 0 0 1 0 0 0 3 1-4EDGE.DAT
1 16 -5 84 5 0 0 -3 0 1 0 3 0 0 1-4EDGE.DAT
1 16 -5 84 -5 -3 0 0 0 1 0 0 0 -3 1-4EDGE.DAT
1 16 5 84 -5 0 0 3 0 1 0 -3 0 0 1-4EDGE.DAT
1 16 5 84 5 3 0 0 0 1 0 0 0 3 1-4EDGE.DAT
0 // Upper Shaft
1 16 0 80 0 -2 0 0 0 -78 0 0 0 -2 1-4con7.dat
1 16 0 80 0 0 0 -2 0 -78 0 2 0 0 1-4con7.dat
1 16 0 80 0 2 0 0 0 -78 0 0 0 2 1-4con7.dat
1 16 0 80 0 0 0 2 0 -78 0 -2 0 0 1-4con7.dat
0 // Lower Shaft
1 16 0 320 0 -2.8284 0 -2.8284 0 -232 0 2.8284 0 -2.8284 1-4con4.dat
1 16 0 320 0 2.8284 0 2.8284 0 -232 0 -2.8284 0 2.8284 1-4con4.dat
1 16 0 320 0 -2.8284 0 2.8284 0 -232 0 -2.8284 0 -2.8284 1-4con4.dat
0 BFC INVERTNEXT
1 16 0 320 0 -12 0 0 0 -232 0 0 0 -12 2-4cyli.dat
1 16 0 88 0 -12 0 0 0 1 0 0 0 -12 2-4edge.dat
1 16 0 320 0 -12 0 0 0 1 0 0 0 -12 2-4edge.dat
1 16 0 320 0 14.1421 0 -14.1421 0 1 0 14.1421 0 14.1421 1-4disc.dat
1 16 0 320 0.001 -12 0 0 0 1 0 0 0 -12 2-4disc.dat
3 16 -12 320 0 0 320 0 -14.1421 320 14.1421
3 16 14.1421 320 14.1421 0 320 0 12 320 0
3 16 12 320 0 12 88 0 14.1421 320 14.1421
3 16 -14.1421 320 14.1421 -12 88 0 -12 320 0
3 16 14.1421 320 14.1421 12 88 0 11.3137 88 11.3137
3 16 -11.3137 88 11.3137 -12 88 0 -14.1421 320 14.1421
2 24 12 320 0 14.1421 320 14.1421
2 24 -12 320 0 -14.1421 320 14.1421
2 24 11.3137 88 11.3137 12 88 0
2 24 -11.3137 88 11.3137 -12 88 0
2 24 11.3137 88 11.3137 14.1421 320 14.1421
2 24 -11.3137 88 11.3137 -14.1421 320 14.1421
0 // Center hole
1 16 0 84 0 0 0 -4 0 1 0 4 0 0 4-4ring1.dat
1 16 0 84 0 0 0 -6 0 1 0 6 0 0 4-4ring1.dat
1 16 0 84 0 0 0 -4 0 1 0 4 0 0 4-4edge.dat
0 BFC INVERTNEXT
1 16 0 88 0 0 0 -4 0 -4 0 4 0 0 4-4cyli.dat
1 16 0 88 0 0 0 -4 0 -1 0 4 0 0 4-4ring1.dat
1 16 0 88 0 0 0 -6 0 -1 0 6 0 0 4-4ring1.dat
1 16 0 88 0 0 0 -4 0 1 0 4 0 0 4-4edge.dat
1 16 0 88 0 12 0 0 0 -232 0 0 0 12 2-4ndis.dat
2 24 16 80 0 14.7824 80 6.1232
2 24 14.7824 80 6.1232 11.3136 80 11.3136
2 24 11.3136 80 11.3136 6.1232 80 14.7824
2 24 -6.1232 80 14.7824 -11.3136 80 11.3136
2 24 -11.3136 80 11.3136 -14.7824 80 6.1232
2 24 -14.7824 80 6.1232 -16 80 0
2 24 -16 80 0 -14.7824 80 -6.1232
2 24 -14.7824 80 -6.1232 -11.3136 80 -11.3136
2 24 -11.3136 80 -11.3136 -6.1232 80 -14.7824
2 24 6.1232 80 -14.7824 11.3136 80 -11.3136
2 24 11.3136 80 -11.3136 14.7824 80 -6.1232
2 24 14.7824 80 -6.1232 16 80 0
2 24 16 88 0 14.7824 88 6.1232
2 24 14.7824 88 6.1232 11.3136 88 11.3136
2 24 -11.3136 88 11.3136 -14.7824 88 6.1232
2 24 -14.7824 88 6.1232 -16 88 0
1 16 0 88 0 16 0 0 0 1 0 0 0 -16 2-4edge.dat
2 24 18.478 320 7.654 14.142 320 14.142
2 24 -14.142 320 14.142 -18.478 320 7.654
2 24 -18.478 320 -7.654 -14.142 320 -14.142
2 24 -14.142 320 -14.142 -7.654 320 -18.478
2 24 -7.654 320 -18.478 0 320 -20
2 24 0 320 -20 7.654 320 -18.478
2 24 7.654 320 -18.478 14.142 320 -14.142
2 24 14.142 320 -14.142 18.478 320 -7.654
2 24 18.478 328 7.654 14.142 328 14.142
2 24 14.142 328 14.142 7.654 328 18.478
2 24 -7.654 328 18.478 -14.142 328 14.142
2 24 -14.142 328 14.142 -18.478 328 7.654
2 24 -18.478 328 -7.654 -14.142 328 -14.142
2 24 -14.142 328 -14.142 -7.654 328 -18.478
2 24 7.654 328 -18.478 14.142 328 -14.142
2 24 14.142 328 -14.142 18.478 328 -7.654
0 //
2 24 -6.30435 76.2539 -14.5475 -6.08661 76.2895 -14.6941
2 24 -7.86075 76 -13.5 -6.30435 76.2539 -14.5475
2 24 -8 76 -13.5 -8 80 -13.528
2 24 -6.08661 76.2895 -14.6941 -4 76.3907 -15.1118
2 24 -4 76.3907 -15.1118 -4 80 -15.2043
2 24 -6.08661 76.2895 14.6941 -4 76.3907 15.1118
2 24 -4 76.3907 15.1118 -4 80 15.2043
2 24 -7.86085 76 13.5 -6.08661 76.2895 14.6941
2 24 -8 76 13.5 -8 80 13.528
2 24 6.08661 76.2895 14.6941 6.30435 76.2539 14.5475
2 24 6.30435 76.2539 14.5475 7.86075 76 13.5
2 24 8 76 13.5 8 80 13.528
2 24 4 76.3907 15.1118 6.08661 76.2895 14.6941
2 24 4 76.3907 15.1118 4 80 15.2043
2 24 4 76.3907 -15.1118 6.08661 76.2895 -14.6941
2 24 4 76.3907 -15.1118 4 80 -15.2043
2 24 6.08661 76.2895 -14.6941 7.86085 76 -13.5
2 24 8 76 -13.5 8 80 -13.528
0 //