0 ~Monorail Motor Bottom - 1/4
0 Name: s\2684s02.dat
0 Author: Bernd Broich [bbroich]
0 !LDRAW_ORG Subpart UPDATE 2013-02
0 !LICENSE Redistributable under CCAL version 2.0 : see CAreadme.txt

0 BFC CERTIFY CCW

0 !HISTORY 2002-11-30 [PTadmin] Official Update 2002-05
0 !HISTORY 2007-08-29 [PTadmin] Header formatted for Contributor Agreement
0 !HISTORY 2008-07-01 [PTadmin] Official Update 2008-01
0 !HISTORY 2013-05-01 [MagFors] Modified with WINDZ for BFC compliance
0 !HISTORY 2013-05-05 [MagFors] Redesigned axle clip and cavity to better fit the axle
0 !HISTORY 2013-05-05 [MagFors] Removed t-junctions
0 !HISTORY 2013-12-23 [PTadmin] Official Update 2013-02

0 // Top Plane

2 24 34.5 119.35 16.5 43.5 120.25 16.5
4 16 27.5 118.65 22 26.905 118.591 21.405 28.185 118.719 19.736 34.5 119.35 22
4 16 34.5 119.35 22 28.185 118.719 19.736 29.798 118.88 17.204 34.5 119.35 16.5
3 16 34.5 119.35 16.5 29.798 118.88 17.204 31.184 119.018 14.541
3 16 34.5 119.35 16.5 31.184 119.018 14.541 32.333 119.133 11.768
3 16 34.5 119.35 16.5 32.333 119.133 11.768 33.235 119.224 8.905
4 16 61 122 0 43.5 120.25 16.5 34.5 119.35 16.5 33.235 119.224 8.905
4 16 61 122 22 43.5 120.25 22 43.5 120.25 16.5 61 122 0
3 16 61 122 0 33.235 119.224 8.905 33.885 119.289 5.975
3 16 61 122 0 33.885 119.289 5.975 34.277 119.328 3
3 16 34.277 119.328 3 34.408 119.341 0 61 122 0

0 // Top Cylinder
2 24 26.905 116.25 21.405 28.185 116.25 19.736
2 24 26.905 118.591 21.405 28.185 118.719 19.736
2 24 28.185 116.25 19.736 29.798 116.25 17.204
2 24 28.185 118.719 19.736 29.798 118.88 17.204
2 24 29.798 116.25 17.204 31.184 116.25 14.541
2 24 29.798 118.88 17.204 31.184 119.018 14.541
2 24 31.184 116.25 14.541 32.333 116.25 11.768
2 24 31.184 119.018 14.541 32.333 119.133 11.768
2 24 32.333 116.25 11.768 33.235 116.25 8.905
2 24 32.333 119.133 11.768 33.235 119.224 8.905
2 24 33.235 116.25 8.905 33.885 116.25 5.975
2 24 33.235 119.224 8.905 33.885 119.289 5.975
2 24 33.885 116.25 5.975 34.277 116.25 3
2 24 33.885 119.289 5.975 34.277 119.328 3

4 16 26.905 116.25 21.405 28.185 116.25 19.736 28.185 118.719 19.736 26.905 118.591 21.405
4 16 28.185 116.25 19.736 29.798 116.25 17.204 29.798 118.88 17.204 28.185 118.719 19.736
4 16 29.798 116.25 17.204 31.184 116.25 14.541 31.184 119.018 14.541 29.798 118.88 17.204
4 16 31.184 116.25 14.541 32.333 116.25 11.768 32.333 119.133 11.768 31.184 119.018 14.541
4 16 32.333 116.25 11.768 33.235 116.25 8.905 33.235 119.224 8.905 32.333 119.133 11.768
4 16 33.235 116.25 8.905 33.885 116.25 5.975 33.885 119.289 5.975 33.235 119.224 8.905
4 16 33.885 116.25 5.975 34.277 116.25 3 34.277 119.328 3 33.885 119.289 5.975
1 16 34.3425 117.7923 1.5 0.0655 -1 0 0 0 1.539 -1.5 0 0 rect2p.dat

5 24 28.185 118.719 19.736 28.185 116.25 19.736 26.905 118 21.405 29.798 118 17.204
5 24 29.798 118.88 17.204 29.798 116.25 17.204 31.184 118 14.541 28.185 118 19.736
5 24 31.184 119.018 14.541 31.184 116.25 14.541 32.333 118 11.768 29.798 118 17.204
5 24 32.333 119.133 11.768 32.333 116.25 11.768 33.235 118 8.905 31.184 118 14.541
5 24 33.235 119.224 8.905 33.235 116.25 8.905 33.885 118 5.975 32.333 118 11.768
5 24 33.885 119.289 5.975 33.885 116.25 5.975 34.277 118 3 33.235 118 8.905
5 24 34.277 119.328 3 34.277 116.25 3 34.408 118 0 33.885 118 5.975
5 24 34.408 119.341 0 34.408 116.25 0 34.277 118 3 34.277 118 -3

0 // Mantle
1 16 18 128.75 40 -2.75 0 0 0 0 2.75 0 -5 0 4-4cylc.dat

2 24 28.5 135 35 33.717 125 40
2 24 28.5 135 35 40.5 112 35
2 24 35.283 122 40 33.717 125 40
2 24 35.283 122 40 40.5 112 35
2 24 56 135 35 61 125 40
2 24 61 122 40 35.283 122 40
2 24 61 122 40 56 112 35
2 24 61 122 40 61 122 0
2 24 61 122 40 61 125 40
2 24 61 125 40 33.717 125 40
2 24 28.5 135 35 56 135 35
2 24 9.5 135 35 28.5 135 35

4 16 33.717 125 40 61 125 40 56 135 35 28.5 135 35
4 16 33.717 125 40 28.5 135 35 40.5 112 35 35.283 122 40
4 16 35.283 122 40 40.5 112 35 56 112 35 61 122 40
4 16 56 112 22 61 122 22 61 122 40 56 112 35
4 16 61 122 40 61 125 40 33.717 125 40 35.283 122 40
4 16 9.5 112 35 40.5 112 35 28.5 135 35 9.5 135 35

0 // Switch Gap
2 24 7 106.5 40 9.5 106.5 40
2 24 7 128 33.048 6.5 128 33.048
2 24 9.5 106.5 40 9.5 106.5 31
2 24 9.5 135 35 9.5 112 35
2 24 9.5 135 35 9.5 135 40
2 24 9.5 135 40 0 135 40
2 24 9.5 135 40 9.5 106.5 40

2 24 7 128 40 0 128 40
4 16 6.5 128 33.048 7 128 33.048 7 128 40 0 128 40
4 16 0 128 40 7 128 40 9.5 135 40 0 135 40
1 16 7 117.25 36.524 0 1 0 0 0 10.75 3.476 0 0 rect.dat
4 16 6.5 128 33.048 6.5 106.5 33.048 7 106.5 33.048 7 128 33.048
4 16 9.5 106.5 31 9.5 106.5 40 7 106.5 40 7 106.5 33.048
4 16 9.5 106.5 40 9.5 135 40 7 128 40 7 106.5 40
4 16 9.5 112 33.048 9.5 112 35 9.5 106.5 40 9.5 106.5 31
4 16 9.5 112 35 9.5 135 35 9.5 135 40 9.5 106.5 40

0 // Top Wheel Gap
2 24 26 112 25.5 53 112 25.5
2 24 26 112 31 26 112 25.5
2 24 26 112 31 53 112 31
2 24 26.905 112 21.405 26.905 118.591 21.405
2 24 27.5 112 22 26.905 112 21.405
2 24 27.5 112 22 27.5 118.65 22
2 24 27.5 118.65 22 26.905 118.591 21.405
2 24 34.5 119.35 22 27.5 118.65 22
2 24 53 112 31 53 112 25.5
2 24 56 112 22 27.5 112 22
2 24 56 112 35 56 112 22
2 24 61 122 22 43.5 120.25 22
2 24 61 122 22 56 112 22
2 24 9.5 112 35 56 112 35
2 24 9.5 112 35 9.5 112 33.048

3 16 24.5 112 24.144 26.358 112 22.117 26 112 25.5
4 16 26.358 112 22.117 26.905 112 21.405 27.5 112 22 26 112 25.5
4 16 26 112 25.5 27.5 112 22 56 112 22 53 112 25.5
4 16 26 112 25.5 26 112 31 24.5 112 33.048 24.5 112 24.144
4 16 26 112 31 53 112 31 56 112 35 24.5 112 33.048
4 16 53 112 25.5 56 112 22 56 112 35 53 112 31
4 16 9.5 112 33.048 24.5 112 33.048 56 112 35 9.5 112 35
4 16 26.905 112 21.405 26.905 118.591 21.405 27.5 118.65 22 27.5 112 22
3 16 34.5 119.35 22 27.5 112 22 27.5 118.65 22
3 16 43.5 120.25 22 61 122 22 56 112 22
4 16 56 112 22 27.5 112 22 34.5 119.35 22 43.5 120.25 22

0 // Axle Clip
2 24 32 121.787 22 34.5 122.115 22
2 24 32 121.787 16.5 34.5 122.115 16.5
2 24 43.5 123.295 22 46 123.623 22
2 24 43.5 123.295 16.5 46 123.623 16.5

3 16 35.5 132 16.5 34.5 126 16.5 32 132 16.5
3 16 35.5 132 22 32 132 22 34.5 126 22
3 16 42.5 132 16.5 46 132 16.5 43.5 126 16.5
3 16 42.5 132 22 43.5 126 22 46 132 22

1 16 33.75 126.8935 19.25 0 -1.75 0 0 0 5.1065 -2.75 0 0 box2-5.dat
0 BFC INVERTNEXT
1 16 35.75 123.925 19.25 0 -1.25 0 0 -1.25 3.325 -2.75 0 0 box2-5.dat
4 16 34.5 126 16.5 34.5 122.115 16.5 32 121.787 16.5 32 132 16.5
4 16 34.5 126 22 32 132 22 32 121.787 22 34.5 122.115 22
1 16 36.25 130.25 19.25 0 0 0.75 0 1 -0.75 -2.75 0 0 box2-7.dat
4 16 37 128.5 16.5 34.5 126 16.5 35.5 132 16.5 37 130.5 16.5
4 16 37 128.5 22 37 130.5 22 35.5 132 22 34.5 126 22

1 16 44.25 127.8115 19.25 0 1.75 0 0 0 4.1885 2.75 0 0 box2-5.dat
0 BFC INVERTNEXT
1 16 42.25 124.375 19.25 0 1.25 0 0 -1.25 2.875 2.75 0 0 box2-5.dat
4 16 43.5 126 16.5 46 132 16.5 46 123.623 16.5 43.5 123.295 16.5
4 16 43.5 126 22 43.5 123.295 22 46 123.623 22 46 132 22
1 16 41.75 130.25 19.25 0 0 -0.75 0 1 -0.75 2.75 0 0 box2-7.dat
4 16 41 128.5 16.5 41 130.5 16.5 42.5 132 16.5 43.5 126 16.5
4 16 41 128.5 22 43.5 126 22 42.5 132 22 41 130.5 22

0 // Bottom
0 BFC INVERTNEXT
1 16 13 118.5 29 2.5 0 0 0 16.5 0 0 0 2.5 4-4cylc.dat
1 16 13 135 29 -2.5 0 0 0 -1 0 0 0 2.5 4-4ndis.dat
0 BFC INVERTNEXT
1 16 20.5 135 29 3.5 0 0 0 -18.75 0 0 0 3.5 4-4cylo.dat
1 16 20.5 135 29 -3.5 0 0 0 -1 0 0 0 3.5 4-4ndis.dat
1 16 20.5 116.25 29 3.5 0 0 0 1 0 0 0 3.5 4-4ndis.dat


1 16 39 124 31 -3 0 0 0 0 -3 0 1 0 2-4edge.dat
1 16 39 124 31 -3 0 0 0 0 -3 0 1 0 2-4ndis.dat
0 BFC INVERTNEXT
1 16 39 124 31 -3 0 0 0 0 -3 0 3 0 2-4con0.dat
2 24 36 135 31 36 124 31
2 24 42 124 31 42 135 31
0 BFC INVERTNEXT
1 16 39 129.5 31 0 -1.5 1.5 5.5 0 0 0 1.5 1.5 box2-9.dat

0 BFC INVERTNEXT
1 16 37.808 126.899 22 4.2066 0 -1.8229 -3.7986 0 -4.5894 0 3.5 0 1-4cylo.dat
1 16 37.808 126.899 22 1.6856 0 -4.2635 -5.9312 0 -0.5591 0 3.5 0 1-8ndis.dat
1 16 37.808 126.899 22 1.6856 0 4.2635 -5.9312 0 0.5591 0 3.5 0 1-8ndis.dat
1 16 37.808 126.899 25.5 1.6856 0 4.2635 -5.9312 0 0.5591 0 -3.5 0 1-8ndis.dat
1 16 37.808 126.899 25.5 1.6856 0 -4.2635 -5.9312 0 -0.5591 0 -3.5 0 1-8ndis.dat
2 24 35.985 122.31 22 35.985 122.31 25.5
2 24 42.015 123.1 22 42.015 123.1 25.5

2 24 34.5 122.115 22 35.985 122.31 22
2 24 43.5 123.295 22 42.015 123.1 22
2 24 34.5 122.115 16.5 35.985 122.31 16.5
2 24 43.5 123.295 16.5 42.015 123.1 16.5
4 16 39.494 120.968 22 43.5 120.25 22 34.5 119.35 22 35.23 120.409 22
3 16 39.494 120.968 22 43.757 121.527 22 43.5 120.25 22
4 16 34.5 122.115 22 35.985 122.31 22 35.23 120.409 22 34.5 119.35 22
3 16 43.757 121.527 22 42.015 123.1 22 43.5 123.295 22

4 16 34.5 119.35 16.5 43.5 120.25 16.5 39.494 120.968 16.5 35.23 120.409 16.5
3 16 43.5 120.25 16.5 43.757 121.527 16.5 39.494 120.968 16.5
4 16 34.5 119.35 16.5 35.23 120.409 16.5 35.985 122.31 16.5 34.5 122.115 16.5
3 16 43.5 123.295 16.5 42.015 123.1 16.5 43.757 121.527 16.5
1 16 37.808 126.899 16.5 1.6856 0 4.2635 -5.9312 0 0.5591 0 -1 0 1-8ndis.dat
1 16 37.808 126.899 16.5 1.6856 0 -4.2635 -5.9312 0 -0.5591 0 -1 0 1-8ndis.dat
1 16 37.808 126.899 16.5 4.2066 0 -1.8229 -3.7986 0 -4.5894 0 1 0 1-4edge.dat
0 BFC INVERTNEXT
1 16 37.808 126.899 0 4.2066 0 -1.8229 -3.7986 0 -4.5894 0 16.5 0 1-4cyli.dat

1 16 52.5 124.475 15.466 0.496 0.13 0 0.065 -0.992 0 0 0 -0.5 1-4disc.dat
1 16 52.5 124.475 15.466 0.496 -0.13 0 0.065 0.992 0 0 0 -0.5 1-4edge.dat
0 BFC INVERTNEXT
1 16 52.5 135 15.466 0.5 0 0 0 -10.5 0 0 0 -0.5 1-4cyli.dat
1 16 52.5 135 15.466 0.5 0 0 0 1 0 0 0 -0.5 1-4edge.dat
1 16 52.5 135 15.466 0 0 0.5 0 -1 0 -0.5 0 0 1-4ndis.dat

1 16 53 135 15.5 3 0 0 0 -1 0 0 0 -3.5 1-4disc.dat
1 16 57 127 15.772 3 -4 0 0 8 0 0 -0.272 -3.5 1-4cylo.dat
1 16 57 127 15.772 3 0 0 0 -1 0 0 0 -3.5 1-4ndis.dat
1 16 57 124.934 12.272 0 -0.677 -0.998 2.066 0 0 0 9.977 -0.068 1-4edge.dat
1 16 57 124.934 12.272 0 -0.677 -0.998 2.066 0 0 0 9.977 -0.068 1-4ndis.dat
1 16 57 124.934 0 0 0 -1 2.066 0 0 0 12.3 0 1-4cyli.dat

1 16 15 135 13 0 0 -4 0 -1 0 -3.5 0 0 1-4disc.dat
1 16 15 135 13 -4 0 0 0 1 0 0 0 -3.5 1-4edge.dat
1 16 15 128 13 -4 0 0 0 7 0 0 0 -3.5 1-4cyli.dat

2 24 15 127 12.5 27.934 127 13.34
2 24 15 127 9.5 29.154 127 10.419

2 24 26 112 31 26 135 31
2 24 26 121 16.768 26 127 16.768
2 24 26 121 16.768 26.818 121.107 15.484
2 24 26 121 25.5 26 112 25.5
2 24 26 121 25.5 26 121 16.768
2 24 26 121 25.5 35.985 122.31 25.5
2 24 26 127 16.768 26.818 127 15.484
2 24 26 127 25 26 127 16.768
2 24 26 135 25 26 135 31

2 24 26.818 121.107 15.484 27.934 121.254 13.34
2 24 26.818 127 15.484 27.934 127 13.34
2 24 27.934 121.254 13.34 27.934 127 13.34
2 24 27.934 121.254 13.34 35.985 122.31 13.882
2 24 29.154 121.414 10.419 29.154 127 10.419
2 24 29.154 121.414 10.419 29.912 121.513 8.015
2 24 29.154 121.414 10.419 35.985 122.31 10.882
2 24 29.154 127 10.419 29.912 127 8.015
2 24 29.912 121.513 8.015 30.497 121.59 5.377
2 24 29.912 127 8.015 30.497 127 5.377
2 24 30.497 121.59 5.377 30.849 121.636 2.7
2 24 30.497 127 5.377 30.849 127 2.7
2 24 36 135 31 26 135 31
2 24 35.985 122.31 16.5 35.985 122.31 0

2 24 42.015 123.1 11.269 56 124.934 12.204
2 24 42.015 123.1 14.269 52.5 124.475 14.966
2 24 42.015 123.1 16.5 42.015 123.1 0
2 24 42.015 123.1 25.5 53 124.541 25.5
2 24 42 135 11.276 53 135 12
2 24 42 135 14.276 52.5 135 14.966
2 24 53 124.541 25.5 53 124.541 15.466
2 24 53 124.607 25.5 53 112 25.5
2 24 53 135 31 42 135 31
2 24 53 135 31 53 112 31
2 24 53 135 31 53 135 15.466
2 24 56 124.934 12.204 56 124.934 0
2 24 56 135 35 56 135 15.5
2 24 57 127 12.272 57 127 0
2 24 60 127 18 60 127 15.772
2 24 60 127 18 61 125 18
2 24 60 127 18 61 127 18
2 24 61 125 40 61 125 18
2 24 61 127 18 61 125 18
2 24 61 127 18 61 127 0

0 BFC INVERTNEXT
1 16 3.5 133 32.875 0 0 3.5 2 0 0 0 3.125 0 box2-7.dat

3 16 11 127 0 11 127 9.5 15 127 9.5
4 16 11 127 0 29.912 127 8.015 30.497 127 5.377 30.849 127 2.7
3 16 30.967 127 0 11 127 0 30.849 127 2.7
4 16 29.154 127 10.419 29.912 127 8.015 11 127 0 15 127 9.5

3 16 15 127 12.5 15 127 25 18.013 127 22.995
3 16 15 127 12.5 18.013 127 22.995 20.5 127 22.5
4 16 20.5 127 22.5 22.988 127 22.995 26 127 16.768 15 127 12.5
4 16 15 127 12.5 26 127 16.768 26.818 127 15.484 27.934 127 13.34
3 16 26 127 25 26 127 16.768 22.988 127 22.995

3 16 29.912 121.513 8.015 29.154 121.414 10.419 35.985 122.31 10.882
3 16 30.497 121.59 5.377 29.912 121.513 8.015 35.985 122.31 10.882
3 16 30.849 121.636 2.7 30.497 121.59 5.377 35.985 122.31 10.882
4 16 30.849 121.636 2.7 35.985 122.31 10.882 35.985 122.31 0 30.967 121.651 0

3 16 35.985 122.31 13.882 34.5 122.115 16.5 35.985 122.31 16.5
4 16 32 121.787 16.5 34.5 122.115 16.5 35.985 122.31 13.882 27.934 121.254 13.34
3 16 27.934 121.254 13.34 26.818 121.107 15.484 32 121.787 16.5
3 16 26 121 16.768 32 121.787 16.5 26.818 121.107 15.484
4 16 26 121 16.768 26 121 25.5 32 121.787 22 32 121.787 16.5
4 16 26 121 25.5 35.985 122.31 25.5 34.5 122.115 22 32 121.787 22
3 16 34.5 122.115 22 35.985 122.31 25.5 35.985 122.31 22

4 16 26 135 31 36 135 31 36 124 31 26 112 31
3 16 36 124 31 36 121 31 26 112 31
3 16 36 121 31 39 121 31 26 112 31
4 16 26 112 31 39 121 31 42 121 31 53 112 31
3 16 42 121 31 42 124 31 53 112 31
4 16 53 112 31 42 124 31 42 135 31 53 135 31

4 16 26 112 25.5 35.23 120.409 25.5 35.985 122.31 25.5 26 121 25.5
3 16 35.23 120.409 25.5 26 112 25.5 39.494 120.968 25.5
4 16 53 112 25.5 43.757 121.527 25.5 39.494 120.968 25.5 26 112 25.5
3 16 43.757 121.527 25.5 53 112 25.5 53 124.5 25.5
3 16 53 124.5 25.5 42.015 123.1 25.5 43.757 121.527 25.5

4 16 26 112 25.5 26 121 25.5 26 135 31 26 112 31
4 16 26 135 25 26 135 31 26 121 25.5 26 127 25
4 16 26 127 16.768 26 127 25 26 121 25.5 26 121 16.768
4 16 26.818 121.107 15.484 26.818 127 15.484 26 127 16.768 26 121 16.768
4 16 27.934 121.254 13.34 27.934 127 13.34 26.818 127 15.484 26.818 121.107 15.484

1 16 24.494 131 23.9975 0 0 1.506 4 0 0 0 1 1.0025 rect3.dat
1 16 21.744 131 22.7475 -1.244 0 0 0 0 4 -0.2475 1 0 rect2p.dat
1 16 19.2565 131 22.7475 -1.2435 0 0 0 0 4 0.2475 1 0 rect2p.dat
1 16 16.5065 131 23.9975 0 0 -1.5065 -4 0 0 0 1 1.0025 rect3.dat
1 16 15 131 18.75 0 -1 0 -4 0 0 0 0 -6.25 rect3.dat
4 16 27.934 127 13.34 36 135 13.863 15 135 12.5 15 127 12.5

4 16 35.985 122.31 13.882 36 135 13.863 27.934 127 13.34 27.934 121.254 13.34
4 16 29.154 121.414 10.419 29.154 127 10.419 36 135 10.863 35.985 122.31 10.882
3 16 29.154 127 10.419 15 127 9.5 15 128 9.5
4 16 15 128 9.5 15 135 9.5 36 135 10.863 29.154 127 10.419
4 16 29.154 127 10.419 29.154 121.414 10.419 29.912 121.513 8.015 29.912 127 8.015
4 16 29.912 127 8.015 29.912 121.513 8.015 30.497 121.59 5.377 30.497 127 5.377
4 16 30.497 127 5.377 30.497 121.59 5.377 30.849 121.636 2.7 30.849 127 2.7
1 16 30.908 124.3218 1.35 0.059 -1 0 0.0075 0 2.682 -1.35 0 0 rect2p.dat

3 16 53 135 12 56 127 12.204 56 124.934 12.204
3 16 56 127 12.204 53 135 12 57 127 12.272
3 16 61 125 18 61 127 18 60 127 18

3 16 56 135 35 39 135 34 28.5 135 35
4 16 39 135 34 36 135 31 26 135 31 28.5 135 35
4 16 53 135 31 42 135 31 39 135 34 56 135 35
4 16 0 135 36 0 135 40 9.5 135 40 7 135 36
4 16 7 135 36 9.5 135 40 9.5 135 35 7 135 29.75
3 16 9.5 135 35 13 135 31.5 10.5 135 31.5
4 16 7 135 29.75 9.5 135 35 10.5 135 31.5 10.5 135 29
4 16 53 135 15.466 53 135 31 56 135 35 56 135 15.5
4 16 24 135 25.5 24 135 29 26 135 31 26 135 25
4 16 26 135 31 24 135 29 24 135 32.5 28.5 135 35
4 16 28.5 135 35 24 135 32.5 20.5 135 32.5 9.5 135 35
3 16 9.5 135 35 20.5 135 32.5 17 135 32.5
4 16 9.5 135 35 17 135 32.5 15.5 135 31.5 13 135 31.5
4 16 15.5 135 29 15.5 135 31.5 17 135 32.5 17 135 29
4 16 15 135 25 17 135 25.5 20.5 135 25.5 18.013 135 22.995
4 16 20.5 135 22.5 18.013 135 22.995 20.5 135 25.5 22.988 135 22.995
4 16 20.5 135 25.5 24 135 25.5 26 135 25 22.988 135 22.995
4 16 15.5 135 26.5 15.5 135 29 17 135 29 17 135 25.5
4 16 15 135 25 13 135 26.5 15.5 135 26.5 17 135 25.5
3 16 13 135 26.5 15 135 25 10.5 135 26.5
3 16 10.5 135 29 10.5 135 26.5 7 135 29.75
4 16 15 135 13 11 135 13 11 135 17 15 135 25
3 16 15 135 25 11 135 17 11 135 21

1 16 25.4925 128.655 11.6815 0 10.5 0.0075 0 0 6.345 1.5 0.6815 0 box2-7.dat

4 16 42.015 123.1 11.269 56 124.934 12.204 56 124.934 0 42.015 123.1 0
4 16 42.015 123.1 11.269 42 135 11.276 53 135 12 56 124.934 12.204
1 16 42.0075 129.05 12.7725 0 1 -0.0075 0 0 5.95 1.5 0 0.0035 rect3.dat
4 16 52.5 135 14.966 42 135 14.276 42.015 123.1 14.269 52.5 124.475 14.966
3 16 52.5 135 14.966 53 135 14.966 53 135 12
4 16 42 135 11.276 42 135 14.276 52.5 135 14.966 53 135 12

3 16 42.015 123.1 14.269 52.5 124.475 15.466 52.5 124.475 14.966
3 16 52.5 124.475 15.466 53 124.541 25.5 53 124.541 15.466
3 16 42.015 123.1 14.269 42.015 123.1 16.5 43.5 123.295 16.5
4 16 42.015 123.1 14.269 43.5 123.295 16.5 46 123.623 16.5 52.5 124.475 15.466
4 16 53 124.541 25.5 52.5 124.475 15.466 46 123.623 16.5 46 123.623 22
4 16 53 124.541 25.5 46 123.623 22 43.5 123.295 22 42.015 123.1 25.5
3 16 42.015 123.1 22 42.015 123.1 25.5 43.5 123.295 22

4 16 53 135 31 53 135 15.466 53 124.541 15.466 53 124.541 25.5
4 16 53 124.541 25.5 53 112 25.5 53 112 31 53 135 31

4 16 60 127 12.272 61 127 0 57 127 0 57 127 12.272
4 16 60 127 15.772 61 127 18 61 127 0 60 127 12.272
3 16 60 127 15.772 60 127 18 61 127 18
4 16 60 127 15.772 56 135 15.5 56 135 35 60 127 18
4 16 61 125 40 61 125 18 60 127 18 56 135 35
4 16 61 122 40 61 122 0 61 125 18 61 125 40
4 16 61 125 18 61 122 0 61 127 0 61 127 18

5 24 18.013 135 22.995 18.013 127 22.995 15 135 25 20.5 135 22.5
5 24 20.5 135 22.5 20.5 127 22.5 18.013 135 22.995 22.988 135 22.995
5 24 22.988 135 22.995 22.988 127 22.995 20.5 135 22.5 26 135 25
5 24 26.818 127 15.484 26.818 121.107 15.484 26 124 16.768 27.934 124 13.34
5 24 29.912 121.513 8.015 29.912 127 8.015 30.497 124 5.377 29.154 124 10.419
5 24 30.497 121.59 5.377 30.497 127 5.377 30.849 124 2.7 29.912 124 8.015
5 24 30.849 121.636 2.7 30.849 127 2.7 30.967 124 0 30.497 124 5.377
5 24 30.967 121.651 0 30.967 127 0 30.849 124 -2.7 30.849 124 2.7

0 // Non seen objects
1 16 26.6315 114.125 21.761 0.2735 1 0 0 0 -2.125 -0.356 0 0 rect2p.dat
1 16 25.429 114.125 23.1305 0.929 1 0 0 0 -2.125 -1.0135 0 0 rect2p.dat
5 24 26.358 116.25 22.117 26.358 112 22.117 26.905 112 21.405 24.5 112 24.144
0 BFC INVERTNEXT
1 16 17 114.125 28.596  0 7.5 0 -2.125 0 0 0 0 4.452  box2-5.dat
2 24 9.5 116.25 31 9.5 116.25 33.048
4 16 9.5 106.5 31 9.5 116.25 31 9.5 116.25 33.048 9.5 112 33.048
2 24 7 106.5 33.048 6.5 106.5 33.048
2 24 6.5 106.5 33.048 6.5 106.5 31
4 16 7 106.5 33.048 6.5 106.5 33.048 6.5 106.5 31 9.5 106.5 31
2 24 9.5 116.25 31 9.5 106.5 31
2 24 9.5 106.5 31 6.5 106.5 31
2 24 9.5 116.25 31 6.5 116.25 31
2 24 6.5 116.25 31 6.5 106.5 31
4 16 9.5 106.5 31 6.5 106.5 31 6.5 116.25 31 9.5 116.25 31
2 24 6.5 128 33.048 6.5 106.5 33.048
4 16 6.5 116.25 31 6.5 106.5 31 6.5 106.5 33.048 6.5 128 33.048
2 24 6.5 128 33.048 6.5 128 27.5
2 24 6.5 125.5 25 6.5 116.25 25
2 24 6.5 128 27.5 6.5 125.5 25
2 24 6.5 116.25 31 6.5 116.25 25
4 16 6.5 128 27.5 6.5 116.25 25 6.5 116.25 31 6.5 128 33.048
3 16 6.5 125.5 25 6.5 116.25 25 6.5 128 27.5
2 24 6.5 128 27.5 0 128 27.5
2 24 6.5 125.5 25 0 125.5 25
2 24 6.5 116.25 25 0 116.25 25
4 16 6.5 128 33.048 0 128 40 0 128 27.5 6.5 128 27.5
4 16 0 125.5 25 6.5 125.5 25 6.5 128 27.5 0 128 27.5
4 16 0 116.25 25 6.5 116.25 25 6.5 125.5 25 0 125.5 25

4 16 9.5 116.25 31 6.5 116.25 31 6.5 116.25 25 9.5 116.25 0
4 16 24 116.25 32.5 24 116.25 25.5 24.5 116.25 24.144 24.5 116.25 33.048
4 16 9.5 116.25 33.048 17 116.25 32.5 24 116.25 32.5 24.5 116.25 33.048
4 16 17 116.25 32.5 9.5 116.25 33.048 9.5 116.25 31 17 116.25 25.5
3 16 9.5 116.25 31 9.5 116.25 0 17 116.25 25.5
4 16 24.5 116.25 24.144 24 116.25 25.5 17 116.25 25.5 9.5 116.25 0
4 16 26.358 116.25 22.117 24.5 116.25 24.144 9.5 116.25 0 26.905 116.25 21.405
4 16 28.185 116.25 19.736 26.905 116.25 21.405 9.5 116.25 0 29.798 116.25 17.204
4 16 31.184 116.25 14.541 29.798 116.25 17.204 9.5 116.25 0 32.333 116.25 11.768
4 16 32.333 116.25 11.768 9.5 116.25 0 33.885 116.25 5.975 33.235 116.25 8.905
4 16 34.277 116.25 3 33.885 116.25 5.975 9.5 116.25 0 34.408 116.25 0
