0 Technic Action Figure Body Connector
0 Name: 2699.dat
0 Author: Donald Sutter [technog]
0 !LDRAW_ORG Part UPDATE 2012-01
0 !LICENSE Redistributable under CCAL version 2.0 : see CAreadme.txt

0 BFC CERTIFY CW

0 !CATEGORY Figure

0 !HISTORY 2009-05-02 [PTadmin] Official Update 2009-01
0 !HISTORY 2012-03-30 [PTadmin] Official Update 2012-01

1 16 0 14.5 -7 0 0 -2 -2.5 0 0 0 1 0 rect2p.dat
1 16 0 16.95 8.48 0 0 2 -5 0 0 3.53 -1 0 rect2p.dat
1 16 0 4 2.5 2 0 0 0 8 0 0 0 9.5 box4o8a.dat
1 16 0 4 10.5 2 0 0 0 1 0 0 0 1.5 rect.dat
1 16 0 4 -8 2 0 0 0 -1 0 0 0 1 rect.dat
1 16 0 4 0 2 0 0 0 -13 0 0 0 -9 box4o8a.dat
1 16 0 -18.5 7.5 2 0 0 0 0 -9.5 0 -1 -1.5 rect3.dat
1 16 0 -28 7 2 0 0 0 -1 0 0 0 1 rect3.dat
1 16 0 -34 6 2 0 0 0 0 -6 0 -1 -2 rect3.dat
1 16 0 -40 3.75 2 0 0 0 1 0 0 0 -0.25 rect3.dat
1 16 0 -31 2.75 0 0 2 9 0 0 -0.75 1 0 rect2p.dat
1 16 0 -18.5 -7.5 2 0 0 0 0 -9.5 0 1 1.5 rect3.dat
1 16 0 -28 -7 2 0 0 0 -1 0 0 0 -1 rect3.dat
1 16 0 -34 -6.001 -2 0 0 0 0 -6 0 1 2 rect3.dat
1 16 0 -40 -3.75 2 0 0 0 1 0 0 0 0.25 rect3.dat
1 16 0 -31 -2.751 0 0 -2 9 0 0 0.75 -1 0 rect2p.dat
0 BFC INVERTNEXT
1 16 2 -22 0 0 -4 0 0 0 2 -2 0 0 2-4CYLI.dat
1 16 2 -22 0 0 -4 0 0 0 2 -2 0 0 2-4edge.dat
1 16 2 -22 0 0 -4 0 0 0 2 -2 0 0 2-4ndis.dat
1 16 -2 -22 0 0 -4 0 0 0 2 -2 0 0 2-4edge.dat
1 16 -2 -22 0 0 4 0 0 0 2 2 0 0 2-4ndis.dat
1 16 -7 17 0 0 14 0 0 0 5 5 0 0 4-4cyli.dat
1 16 -7 17 0 0 -1 0 0 0 1 1 0 0 4-4con4.dat
1 16 -7.5 17 0 0 -1.5 0 0 0 1.5 1.5 0 0 4-4con2.dat
1 16 7 17 0 0 1 0 0 0 1 1 0 0 4-4con4.dat
1 16 7.5 17 0 0 1.5 0 0 0 1.5 1.5 0 0 4-4con2.dat
1 16 -2 17 0 0 4 0 0 0 7 -7 0 0 3-8cyli.dat
1 16 -2 17 0 0 4 0 0 0 7 -7 0 0 3-8EDGE.DAT
1 16 2 17 0 0 4 0 0 0 7 -7 0 0 3-8EDGE.DAT
1 16 -7 17 0 0 14 0 0 0 -5 5 0 0 4-4edge.dat
1 16 -2 17 0 0 14 0 0 0 -5 5 0 0 4-4edge.dat
1 16 7 17 0 0 14 0 0 0 -5 5 0 0 4-4edge.dat
1 16 2 17 0 0 14 0 0 0 -5 5 0 0 4-4edge.dat
1 16 9 17 0 0 3.5 0 0 0 3 3 0 0 4-4cyli.dat
1 16 9 17 0 0 3.5 0 0 0 -3 3 0 0 4-4edge.dat
1 16 -9 17 0 0 3.5 0 0 0 -3 3 0 0 4-4edge.dat
1 16 15 17 0 0 4 0 0 0 -4 4 0 0 8-8sphe.dat
1 16 -9 17 0 0 -3.5 0 0 0 3 3 0 0 4-4cyli.dat
1 16 -15 17 -0.002 0 -4 0 0 0 -4 -4 0 0 8-8sphe.dat
2 24 -2 12 12 2 12 12
5 24 -2 -9 -9 2 -9 -9 0 -28 -6 0 0 -9
5 24 2 -9 9 -2 -9 9 0 -28 6 0 0 9
5 24 -2 21.95 4.95 2 21.95 4.95 0 23.47 2.68 0 19.68 6.47
5 24 -2 -22 2 2 -22 2 0 -21.24 1.85 0 -22.76 1.85
4 16 2 12 -7 2 12 12 2 21.95 4.95 2 17 -7
4 16 -2 12 12 -2 12 -7 -2 17 -7 -2 21.95 4.95
4 16 2 23.47 2.68 2 19.68 -6.47 2 17 -7 2 21.95 4.95
4 16 -2 19.68 -6.47 -2 23.47 2.68 -2 21.95 4.95 -2 17 -7
4 16 2 19.68 -6.47 2 23.47 2.68 2 24 0 2 21.95 -4.95
4 16 -2 23.47 2.68 -2 19.68 -6.47 -2 21.95 -4.95 -2 24 0
3 16 2 21.95 -4.95 2 24 0 2 23.47 -2.68
3 16 -2 21.95 -4.95 -2 23.47 -2.68 -2 24 0
4 16 2 -9 -9 2 -20 -2 2 -20 2 2 -9 9
4 16 2 -9 -9 2 -28 -6 2 -22 -2 2 -20 -2
4 16 2 -9 9 2 -20 2 2 -22 2 2 -28 6
4 16 2 -22 -2 2 -28 -6 2 -40 -4 2 -40 -3.5
4 16 2 -22 2 2 -40 3.5 2 -40 4 2 -28 6
3 16 2 -28 -6 2 -28 -8 2 -40 -4
3 16 2 -28 6 2 -40 4 2 -28 8
4 16 -2 -9 9 -2 -20 2 -2 -20 -2 -2 -9 -9
4 16 -2 -9 9 -2 -28 6 -2 -22 2 -2 -20 2
4 16 -2 -9 -9 -2 -20 -2 -2 -22 -2 -2 -28 -6
4 16 -2 -22 2 -2 -28 6 -2 -40 4 -2 -40 3.5
4 16 -2 -22 -2 -2 -40 -3.5 -2 -40 -4 -2 -28 -6
3 16 -2 -28 6 -2 -28 8 -2 -40 4
3 16 -2 -28 -6 -2 -40 -4 -2 -28 -8
