0 Technic Action Figure Foot
0 Name: 2706.dat
0 Author: Orion Pobursky [OrionP]
0 !LDRAW_ORG Part UPDATE 2012-01
0 !LICENSE Redistributable under CCAL version 2.0 : see CAreadme.txt

0 BFC CERTIFY CCW

0 !CATEGORY Figure

0 !HISTORY 2009-05-02 [PTadmin] Official Update 2009-01
0 !HISTORY 2012-03-30 [PTadmin] Official Update 2012-01

0 BFC INVERTNEXT
1 16 0 19 -9 -6 0 0 0 -4 0 0 0 15 box4-7a.dat
1 16 6 19 6 0 0 4 0 -1 0 4 0 0 1-4disc.dat
1 16 -6 19 6 -4 0 0 0 -1 0 0 0 4 1-4disc.dat
1 16 6 11 6 0 0 4 0 1 0 4 0 0 1-4disc.dat
1 16 -6 11 6 -4 0 0 0 1 0 0 0 4 1-4disc.dat
1 16 -4 15 -24 0 0 -2 0 -1 0 -2 0 0 1-4disc.dat
1 16 4 15 -24 2 0 0 0 -1 0 0 0 -2 1-4disc.dat
1 16 -4 11 -24 0 0 -6 0 1 0 -6 0 0 1-4disc.dat
1 16 4 11 -24 6 0 0 0 1 0 0 0 -6 1-4disc.dat
0 BFC INVERTNEXT
1 16 4 19 -24 2 0 0 0 -4 0 0 0 -2 1-4cyli.dat
0 BFC INVERTNEXT
1 16 -4 19 -24 0 0 -2 0 -4 0 -2 0 0 1-4cyli.dat
1 16 0 15 -25 0 0 -4 0 -1 0 -1 0 0 rect1.dat
1 16 0 19 8 -6 0 0 0 -1 0 0 0 -2 rect2p.dat
2 24 -10 11 5 10 11 5
2 24 -10 11 -5 10 11 -5
4 16 -6 11 10 -6 11 6 6 11 6 6 11 10
4 16 -4 11 -30 4 11 -30 4 11 -24 -4 11 -24
1 16 0 19 -14.5 0 0 10 0 -8 0 9.5 0 0 box3u8p.dat
1 16 0 19 5.5 0 0 10 0 -8 0 0.5 0 0 box3u8p.dat
1 16 0 17 -26 0 0 -4 2 0 0 0 -1 0 rect1.dat
1 16 0 19 -28 0 0 -4 0 -1 0 -2 0 0 rect1.dat
1 16 0 15 -30 0 0 -4 -4 0 0 0 1 0 rect1.dat
1 16 0 15 10 0 0 6 -4 0 0 0 -1 0 rect1.dat
1 16 8 19 -9 0 0 -2 0 -1 0 15 0 0 rect2p.dat
1 16 -8 19 -9 0 0 -2 0 -1 0 15 0 0 rect2p.dat
1 16 -4 19 -24 -2 0 0 0 -1 0 0 0 -2 1-4ring1.dat
1 16 -4 19 -24 -2 0 0 0 -1 0 0 0 -2 1-4ring2.dat
1 16 4 19 -24 0 0 2 0 -1 0 -2 0 0 1-4ring1.dat
1 16 4 19 -24 0 0 2 0 -1 0 -2 0 0 1-4ring2.dat
1 16 4 19 -24 0 0 2 0 -1 0 -2 0 0 1-4edge.dat
1 16 4 15 -24 0 0 2 0 -1 0 -2 0 0 1-4edge.dat
1 16 -4 15 -24 -2 0 0 0 -1 0 0 0 -2 1-4edge.dat
1 16 -4 19 -24 -2 0 0 0 -1 0 0 0 -2 1-4edge.dat
1 16 -4 19 -24 -6 0 0 0 -1 0 0 0 -6 1-4edge.dat
1 16 4 19 -24 0 0 6 0 -1 0 -6 0 0 1-4edge.dat
1 16 -4 11 -24 -6 0 0 0 -1 0 0 0 -6 1-4edge.dat
1 16 4 11 -24 0 0 6 0 -1 0 -6 0 0 1-4edge.dat
1 16 6 19 6 4 0 0 0 -1 0 0 0 4 1-4edge.dat
1 16 -4 19 -24 0 0 -6 0 -8 0 -6 0 0 1-4cyli.dat
1 16 -6 19 6 -4 0 0 0 -8 0 0 0 4 1-4cyli.dat
1 16 6 19 6 0 0 4 0 -8 0 4 0 0 1-4cyli.dat
1 16 4 19 -24 6 0 0 0 -8 0 0 0 -6 1-4cyli.dat
1 16 -6 19 6 0 0 -4 0 -1 0 4 0 0 1-4edge.dat
1 16 6 11 6 4 0 0 0 -1 0 0 0 4 1-4edge.dat
1 16 -6 11 6 0 0 -4 0 -1 0 4 0 0 1-4edge.dat
4 16 -10 11.7841 3.8269 10 11.7841 3.8269 10 11 5 -10 11 5
4 16 -10 12.5449 0 10 12.5449 0 10 11.7841 3.8269 -10 11.7841 3.8269
5 24 10 11.7841 3.8269 -10 11.7841 3.8269 10 12.5449 0 10 9.6161 7.0711
4 16 -10 11.7841 -3.8269 10 11.7841 -3.8269 10 12.5449 0 -10 12.5449 0
5 24 10 12.5449 0 -10 12.5449 0 10 11.7841 -3.8269 10 11.7841 3.8269
4 16 -10 11 -5 10 11 -5 10 11.7841 -3.8269 -10 11.7841 -3.8269
5 24 10 11.7841 -3.8269 -10 11.7841 -3.8269 10 9.6161 -7.0711 10 12.5449 0
2 24 10 11 5 10 11.7841 3.8269
2 24 10 11.7841 3.8269 10 12.5449 0
2 24 10 12.5449 0 10 11.7841 -3.8269
2 24 10 11.7841 -3.8269 10 11 -5
2 24 -10 11 5 -10 11.7841 3.8269
2 24 -10 11.7841 3.8269 -10 12.5449 0
2 24 -10 12.5449 0 -10 11.7841 -3.8269
2 24 -10 11.7841 -3.8269 -10 11 -5
4 16 10 11 5 10 11.7841 3.8269 10 19 3.8269 10 19 5
4 16 10 11.7841 3.8269 10 12.5449 0 10 19 0 10 19 3.8269
4 16 10 12.5449 0 10 11.7841 -3.8269 10 19 -3.8269 10 19 0
4 16 10 11.7841 -3.8269 10 11 -5 10 19 -5 10 19 -3.8269
4 16 -10 19 3.8269 -10 11.7841 3.8269 -10 11 5 -10 19 5
4 16 -10 19 0 -10 12.5449 0 -10 11.7841 3.8269 -10 19 3.8269
4 16 -10 19 -3.8269 -10 11.7841 -3.8269 -10 12.5449 0 -10 19 0
4 16 -10 19 -5 -10 11 -5 -10 11.7841 -3.8269 -10 19 -3.8269
1 16 -4 0 0 0 8 0 -5.5 0 0 0 0 -5.5 4-4cyli.dat
0 BFC INVERTNEXT
1 16 -6 0 0 0 12 0 -2.5 0 0 0 0 -2.5 4-4cyli.dat
1 16 -5.6667 0 0 0 -0.3333 0 0.5 0 0 0 0 0.5 1-4con5.dat
1 16 -5.667 0 0 0 -0.3333 0 0 0 0.5 -0.5 0 0 1-4con5.dat
1 16 -5.667 0 0 0 -0.3333 0 -0.5 0 0 0 0 -0.5 1-4con5.dat
1 16 -5.667 0 0 0 -0.3333 0 0 0 -0.5 0.5 0 0 1-4con5.dat
1 16 5.6667 0 0 0 0.3333 0 0.5 0 0 0 0 -0.5 1-4con5.dat
1 16 5.6667 0 0 0 0.3333 0 0 0 0.5 0.5 0 0 1-4con5.dat
1 16 5.6667 0 0 0 0.3333 0 -0.5 0 0 0 0 0.5 1-4con5.dat
1 16 5.6667 0 0 0 0.3333 0 0 0 -0.5 -0.5 0 0 1-4con5.dat
1 16 4 0 0 0 1.8333 0 0 0 -2.75 -2.75 0 0 4-4con1.dat
1 16 -4 0 0 0 -1.8333 0 0 0 -2.75 2.75 0 0 4-4con1.dat
1 16 -6 0 0 0 1 0 0 0 -2.5 2.5 0 0 4-4edge.dat
1 16 6 0 0 0 1 0 0 0 -2.5 2.5 0 0 4-4edge.dat
1 16 4 0 0 0 1 0 0 0 -5.5 5.5 0 0 4-4edge.dat
1 16 -4 0 0 0 1 0 0 0 -5.5 5.5 0 0 4-4edge.dat
1 16 -3 0 0 0 1 0 3.88909 0 3.88909 -3.88909 0 3.88909 1-4edge.dat
1 16 3 0 0 0 1 0 3.88909 0 3.88909 -3.88909 0 3.88909 1-4edge.dat
1 16 0 5 0 3 0 0 0 6 0 0 0 5 box4o8a.dat
3 16 3 11 3.8269 3 11.7841 3.8269 3 11 5
4 16 3 11 0 3 12.5449 0 3 11.7841 3.8269 3 11 3.8269
4 16 3 11 -3.8269 3 11.7841 -3.8269 3 12.5449 0 3 11 0
3 16 3 11 -3.8269 3 11 -5 3 11.7841 -3.8269
3 16 -3 11 5 -3 11.7841 3.8269 -3 11 3.8269
4 16 -3 11.7841 3.8269 -3 12.5449 0 -3 11 0 -3 11 3.8269
4 16 -3 12.5449 0 -3 11.7841 -3.8269 -3 11 -3.8269 -3 11 0
3 16 -3 11.7841 -3.8269 -3 11 -5 -3 11 -3.8269
2 24 -3 11 5 -3 11.7841 3.8269
2 24 -3 11.7841 3.8269 -3 12.5449 0
2 24 -3 12.5449 0 -3 11.7841 -3.8269
2 24 -3 11.7841 -3.8269 -3 11 -5
2 24 3 11 5 3 11.7841 3.8269
2 24 3 11.7841 3.8269 3 12.5449 0
2 24 3 12.5449 0 3 11.7841 -3.8269
2 24 3 11.7841 -3.8269 3 11 -5
2 24 -3 5 -4 3 5 -4
4 16 -3 3.889 -3.8891 -3 5 -5 3 5 -5 3 3.889 -3.8891
2 24 -3 3.889 -2.8891 3 3.889 -2.8891
2 24 -3 5 5 3 5 5
4 16 3 5 5 -3 5 5 -3 3.889 3.889 3 3.889 3.889
2 24 -3 3.889 3.889 3 3.889 3.889
3 16 -3 5 5 -3 5 2.227 -3 3.889 3.889
3 16 3 3.889 3.889 3 5 2.227 3 5 5
3 16 -3 3.889 -3.8891 -3 5 -2.227 -3 5 -5
3 16 3 5 -5 3 5 -2.227 3 3.889 -3.8891
2 24 3 5 -5 3 3.889 -3.8891
2 24 -3 5 -5 -3 3.889 -3.8891
2 24 -3 5 5 -3 3.889 3.889
2 24 3 5 5 3 3.889 3.889
