0 Tile  4 x  4 Corner Round
0 Name: 27507.dat
0 Author: Philippe Hurbain [Philo]
0 !LDRAW_ORG Part UPDATE 2017-01
0 !LICENSE Redistributable under CCAL version 2.0 : see CAreadme.txt

0 BFC CERTIFY CCW

0 !HISTORY 2017-12-30 [PTadmin] Official Update 2017-01

1 16 0 0 0 0 0 20 0 1 0 -20 0 0 48\1-4ring3.dat
0 BFC INVERTNEXT
1 16 0 0 0 47.6012 0 -36.52569 0 7 0 -36.52569 0 -47.6012 48\1-24cyli.dat
1 16 0 7 0 47.6012 0 -36.52569 0 1 0 -36.52569 0 -47.6012 48\1-24edge.dat
1 16 0 0 0 69.28203 0 -40 0 7 0 -40 0 -69.28203 48\1-12cylo.dat
1 16 0 7 0 69.28203 0 -40 0 1 0 -40 0 -69.28203 48\1-12edge.dat
1 16 0 7 0 68.41601 0 -39.5 0 1 0 -39.5 0 -68.41601 48\1-12cylo.dat
0 BFC INVERTNEXT
1 16 0 7 0 48.39455 0 -37.13445 0 1 0 -37.13445 0 -48.39455 48\1-24cylo.dat
1 16 0 7 0 0.79335 0 -0.60876 0 -1 0 -0.60876 0 -0.79335 48\1-24ring60.dat
1 16 0 0 0 0 0 60 0 1 0 -60 0 0 48\1-4edge.dat
1 16 0 0 0 0 0 80 0 1 0 -80 0 0 48\1-4edge.dat
0 BFC INVERTNEXT
1 16 0 0 0 60 0 0 0 7 0 0 0 -60 48\1-16cyli.dat
1 16 0 7 0 60 0 0 0 -1 0 0 0 -60 48\1-16edge.dat
0 BFC INVERTNEXT
1 16 -0.2 7 -1 61 0 0 0 1 0 0 0 -59 48\1-16cylo.dat
1 16 0 7 0 1 0 0 0 -1 0 0 0 -1 48\1-16ring60.dat
1 16 0 0 0 80 0 0 0 7 0 0 0 -80 48\1-24cyli.dat
1 16 0 7 0 80 0 0 0 -1 0 0 0 -80 48\1-24chrd.dat
1 16 0 7 -1 79 0 -1 0 1 0 0 0 -79 48\1-24cylo.dat
1 16 0 8 -1 79 0 -1 0 -1 0 0 0 -79 48\1-24chrd.dat
1 16 0 7 0 80 0 0 0 1 0 0 0 -80 48\1-24edge.dat
4 16 60.8 8 -1 79 8 -1 76 8 -4 64 8 -4
4 16 63.5 8 -8.5 64 8 -8.5 64 8 -11.5 63 8 -11.5
4 16 60.2754 8 -8.6995 60.8 8 -1 64 8 -4 63.5 8 -8.5
4 16 60.2754 8 -8.6995 63.5 8 -8.5 63 8 -11.5 62 8 -16
4 16 58.7199 8 -16.2692 60.2754 8 -8.6995 62 8 -16 61.4 8 -18
4 16 61.4 8 -18 62 8 -16 76 8 -16 74.5 8 -18
4 16 74.5 8 -18 76 8 -16 76.0473 8 -21.4452 71.9427 8 -23.9658
3 16 71.9427 8 -23.9658 76.0473 8 -21.4452 74.7167 8 -25.1441
4 16 58.7199 8 -16.2692 61.4 8 -18 60 8 -22 56.1579 8 -23.5793
4 16 67.02 8 -35.5416 69.7109 8 -36.8678 68.4135 8 -39.4996 58.5 8 -48.5
4 16 60 8 -22 60 8 -44 56 8 -42 55.9858 8 -25.9108
4 16 56.1579 8 -23.5793 60 8 -22 55.9858 8 -25.9108 55.2684 8 -25.5567
4 16 48.3946 8 -37.1344 51.1077 8 -38.4616 48 8 -42 46.3029 8 -42.3029
3 16 57.5 8 -44 56 8 -42 60 8 -44
4 16 56 8 -42 57.5 8 -44 56 8 -44 48 8 -42
4 16 48 8 -42 56 8 -44 48 8 -44 46.3029 8 -42.3029
4 16 56 8 -51 56 8 -44 57.5 8 -44 57.5 8 -48.5
4 16 58 8 -51 56 8 -51 57.5 8 -48.5 58.5 8 -48.5
3 16 58.5 8 -48.5 68.4135 8 -39.4996 58 8 -51
2 24 74.7167 8 -25.1441 76.0473 8 -21.4452
4 16 75.6347 0 -25.534 73.912 0 -30.616 73.912 4 -30.616 75.6347 4 -25.534
4 16 75.6347 0 -25.534 75.6347 4 -25.534 77.272 7 -20.704 77.272 0 -20.704
3 16 75.6347 7 -25.534 77.272 7 -20.704 75.6347 4 -25.534
2 24 75.6347 4 -25.534 73.912 4 -30.616
4 16 70.6079 0 -37.3099 70.6079 4 -37.3099 73.912 4 -30.616 73.912 0 -30.616
2 24 70.6079 4 -37.3099 70.6079 7 -37.3099
2 24 70.6079 7 -37.3099 69.2795 7 -39.9996
2 24 73.912 4 -30.616 70.6079 4 -37.3099
4 16 79 8 -1 76.0473 8 -21.4452 76 8 -16 76 8 -4
3 16 79 7 -1 80 7 0 78.1901 7 -11.3095
3 16 78.1901 7 -11.3095 80 7 0 77.272 7 -20.704
3 16 78.1901 7 -11.3095 77.272 7 -20.704 76.0473 7 -21.4452
2 24 74.7167 7 -25.1441 76.0473 7 -21.4452
2 24 77.272 7 -20.704 75.6347 7 -25.534
4 16 75.6347 7 -25.534 74.7167 7 -25.1441 76.0473 7 -21.4452 77.272 7 -20.704
4 16 76.0473 8 -21.4452 76.0473 7 -21.4452 74.7167 7 -25.1441 74.7167 8 -25.1441

1 16 76 6 -10 0 1 0 0 0 -2 -6 0 0 rect.dat
1 16 69 6 -16 0 0 -7 2 0 0 0 -1 0 rect3.dat
1 16 62.5 6 -13.75 0 -1 0.5 2 0 0 0 0 2.25 rect3.dat
1 16 63.5 6 -11.5 0 0 0.5 2 0 0 0 1 0 rect3.dat
1 16 64 6 -10 0 -1 0 2 0 0 0 0 1.5 rect3.dat
1 16 63.75 6 -8.5 0 0 -0.25 2 0 0 0 -1 0 rect3.dat
1 16 63.75 6 -6.25 0 -1 0.25 2 0 0 0 0 2.25 rect3.dat
1 16 70 6 -4 6 0 0 0 0 -2 0 1 0 rect2p.dat
4 16 62 4 -16 63 4 -11.5 64 4 -11.5 76 4 -16
4 16 76 4 -4 76 4 -16 64 4 -11.5 64 4 -8.5
4 16 76 4 -4 64 4 -8.5 63.5 4 -8.5 64 4 -4
1 16 69.9 7.5 -1 0 0 9.1 -0.5 0 0 0 -1 0 rect.dat
4 16 79 7 -1 60.9341 7 -1 61 7 0 80 7 0
1 16 70 3.5 0 -10 0 0 0 0 -3.5 0 -1 0 rect.dat
2 24 69.7109 7 -36.8678 68.416 7 -39.5
2 24 69.7109 8 -36.8678 68.4135 8 -39.4996

2 24 67.02 8 -35.5416 69.7109 8 -36.8678
2 24 69.7109 7 -36.8678 69.7109 8 -36.8678
2 24 69.7109 7 -36.8678 70.6079 7 -37.3099
4 16 69.7109 8 -36.8678 69.7109 7 -36.8678 68.416 7 -39.5 68.416 8 -39.5
4 16 68.416 7 -39.5 69.7109 7 -36.8678 70.6079 7 -37.3099 69.2795 7 -39.9996
3 16 68.416 7 -39.5 69.2795 7 -39.9996 62.6729 7 -48.0886
3 16 62.6729 7 -48.0886 69.2795 7 -39.9996 56.5685 7 -56.5685
3 16 62.6729 7 -48.0886 56.5685 7 -56.5685 55.8598 7 -55.8598
2 24 60 8 -44 60 8 -22
2 24 60 8 -22 61.4 8 -18
1 16 73.2214 6 -20.9829 0 1 -1.2786 2 0 0 0 0 -2.9829 rect.dat
1 16 67.95 6 -18 0 0 -6.55 -2 0 0 0 1 0 rect3.dat
4 16 60 4 -22 60 8 -22 61.4 8 -18 61.4 4 -18
4 16 60 4 -44 60 8 -44 60 8 -22 60 4 -22
1 16 58.75 6 -44 0 0 1.25 2 0 0 0 1 0 rect.dat
1 16 57.5 6 -46.25 0 -1 0 -2 0 0 0 0 -2.25 rect3.dat
1 16 58 6 -48.5 0 0 0.5 -2 0 0 0 -1 0 rect3.dat
1 16 62.76 6 -42.0208 0 1 4.26 -2 0 0 0 0 6.4792 rect3.dat
5 24 60 8 -22 60 4 -22 60 8 -44 61.4 8 -18
2 24 60 4 -44 60 4 -22
2 24 60 4 -22 61.4 4 -18
4 16 69.7109 8 -36.8678 67.02 8 -35.5416 67.02 4 -35.5416 69.7109 7 -36.8678
4 16 70.6079 7 -37.3099 69.7109 7 -36.8678 67.02 4 -35.5416 70.6079 4 -37.3099
4 16 71.9427 8 -23.9658 74.7167 8 -25.1441 74.7167 7 -25.1441 71.9428 4 -23.9658
4 16 75.6347 4 -25.534 71.9428 4 -23.9658 74.7167 7 -25.1441 75.6347 7 -25.534
4 16 71.9428 4 -23.9658 75.6347 4 -25.534 70.6079 4 -37.3099 67.02 4 -35.5416
2 24 70.6079 4 -37.3099 67.02 4 -35.5416
2 24 75.6347 4 -25.534 71.9428 4 -23.9658
3 16 75.6347 4 -25.534 73.912 4 -30.616 70.6079 4 -37.3099
2 24 75.6347 4 -25.534 75.6347 7 -25.534
2 24 75.6347 7 -25.534 74.7167 7 -25.1441
2 24 74.7167 7 -25.1441 74.7167 8 -25.1441
2 24 74.7167 8 -25.1441 71.9427 8 -23.9658
4 16 61.4 4 -18 74.5 4 -18 71.9428 4 -23.9658 60 4 -22
4 16 60 4 -22 71.9428 4 -23.9658 67.02 4 -35.5416 60 4 -44
4 16 58.5 4 -48.5 57.5 4 -48.5 57.5 4 -44 60 4 -44
3 16 67.02 4 -35.5416 58.5 4 -48.5 60 4 -44
1 16 57 6 -51 -1 0 0 0 0 2 0 1 0 rect.dat
1 16 56 6 -47.5 0 1 0 -2 0 0 0 0 3.5 rect3.dat
1 16 52 6 -44 0 0 -4 -2 0 0 0 1 0 rect3.dat
1 16 47.15145 6 -43.15145 0 1 -0.84855 -2 0 0 0 0 0.84855 rect3.dat
2 24 54.3717 7 -25.1141 55.434 7 -22.962

4 16 54.3717 0 -25.1141 54.3717 4 -25.1141 51.96 4 -30 51.96 0 -30
2 24 51.96 4 -30 54.3717 4 -25.1141
2 24 54.3717 4 -25.1141 54.3717 7 -25.1141
3 16 55.434 7 -22.962 54.3717 7 -25.1141 54.3717 4 -25.1141
4 16 55.434 7 -22.962 54.3717 4 -25.1141 54.3717 0 -25.1141 55.434 0 -22.962
4 16 55.434 7 -22.962 56.3579 7 -23.3447 55.2684 7 -25.5567 54.3717 7 -25.1141
1 16 55.71315 7.5 -24.568 0 1 -0.44475 0.5 0 0 0 0 -0.9887 rect3.dat
3 16 55.8614 8 -55.8614 58 8 -51 68.4135 8 -39.4996
4 16 43.1323 8 -43.1306 48.3946 8 -37.1344 46.3029 8 -42.3029 42.3029 8 -46.3029



2 24 47.9342 4 -36.0266 51.96 4 -30
4 16 51.96 0 -30 51.96 4 -30 47.9342 4 -36.0266 47.9342 0 -36.0266
4 16 47.9342 0 -36.0266 47.9342 4 -36.0266 47.6012 7 -36.5257 47.6012 0 -36.5257
3 16 47.9342 7 -36.0266 47.6012 7 -36.5257 47.9342 4 -36.0266
2 24 47.9342 7 -36.0266 47.9342 4 -36.0266
2 24 48.7276 8 -36.6354 48.3946 8 -37.1344
4 16 48.3946 8 -37.1344 48.3946 7 -37.1344 48.7276 7 -36.6354 48.7276 8 -36.6354
1 16 48.1644 7 -36.58053 -0.3967 0 0.1665 0 -1 0 0.30435 0 0.2495 rect3.dat
3 16 48.3946 8 -37.1344 48.7276 8 -36.6354 51.1077 8 -38.4616
2 24 48.7276 8 -36.6354 51.1077 8 -38.4616
2 24 48.7276 8 -36.6354 48.7276 7 -36.6354
2 24 54.3717 7 -25.1141 55.2684 7 -25.5567
2 24 55.2684 8 -25.5567 55.9858 8 -25.9108
2 24 54.3717 4 -25.1141 55.9858 4 -25.9108
2 24 51.1077 4 -38.4616 47.9342 4 -36.0266
4 16 55.9858 4 -25.9108 55.2684 7 -25.5567 55.2684 8 -25.5567 55.9858 8 -25.9108
4 16 54.3717 7 -25.1141 55.2684 7 -25.5567 55.9858 4 -25.9108 54.3717 4 -25.1141
1 16 55.9929 6 -33.9554 0 1 0.0071 2 0 0 0 0 -8.0446 rect.dat
1 16 52 6 -42 0 0 -4 2 0 0 0 -1 0 rect3.dat
1 16 49.55385 6 -40.2308 0 -1 1.55385 2 0 0 0 0 1.7692 rect3.dat
4 16 48.7276 7 -36.6354 51.1077 4 -38.4616 51.1077 8 -38.4616 48.7276 8 -36.6354
4 16 47.9342 7 -36.0266 47.9342 4 -36.0266 51.1077 4 -38.4616 48.7276 7 -36.6354
4 16 51.96 4 -30 54.3717 4 -25.1141 55.9858 4 -25.9108 56 4 -42
4 16 56 4 -42 51.1077 4 -38.4616 47.9342 4 -36.0266 51.96 4 -30
3 16 51.1077 4 -38.4616 56 4 -42 48 4 -42

1 16 0 0 0 60 0 0 0 1 0 0 0 -60 48\1-4edge.dat
1 16 0 0 0 80 0 0 0 1 0 0 0 -80 48\1-4edge.dat
0 BFC INVERTNEXT
1 16 0 0 0 0 0 60 0 7 0 -60 0 0 48\1-16cyli.dat
1 16 0 7 0 0 0 60 0 -1 0 -60 0 0 48\1-16edge.dat
0 BFC INVERTNEXT
1 16 1 7 0.2 0 0 59 0 1 0 -61 0 0 48\1-16cylo.dat
1 16 0 7 0 0 0 1 0 -1 0 -1 0 0 48\1-16ring60.dat
1 16 0 0 0 0 0 80 0 7 0 -80 0 0 48\1-24cyli.dat
1 16 0 7 0 0 0 80 0 -1 0 -80 0 0 48\1-24chrd.dat
1 16 1 7 0 0 0 79 0 1 0 -79 0 1 48\1-24cylo.dat
1 16 1 8 0 0 0 79 0 -1 0 -79 0 1 48\1-24chrd.dat
1 16 0 7 0 0 0 80 0 1 0 -80 0 0 48\1-24edge.dat
4 16 4 8 -76 1 8 -79 1 8 -60.8 4 8 -64
4 16 11.5 8 -64 8.5 8 -64 8.5 8 -63.5 11.5 8 -63
4 16 4 8 -64 1 8 -60.8 8.6995 8 -60.2754 8.5 8 -63.5
4 16 11.5 8 -63 8.5 8 -63.5 8.6995 8 -60.2754 16 8 -62
4 16 16 8 -62 8.6995 8 -60.2754 16.2692 8 -58.7199 18 8 -61.4
4 16 16 8 -76 16 8 -62 18 8 -61.4 18 8 -74.5
4 16 21.4452 8 -76.0473 16 8 -76 18 8 -74.5 23.9658 8 -71.9427
3 16 21.4452 8 -76.0473 23.9658 8 -71.9427 25.1441 8 -74.7167
4 16 22 8 -60 18 8 -61.4 16.2692 8 -58.7199 23.5793 8 -56.1579
4 16 39.4996 8 -68.4135 36.8678 8 -69.7109 35.5416 8 -67.02 48.5 8 -58.5
4 16 42 8 -56 44 8 -60 22 8 -60 25.9108 8 -55.9858
4 16 25.9108 8 -55.9858 22 8 -60 23.5793 8 -56.1579 25.5567 8 -55.2684
4 16 42 8 -48 38.4616 8 -51.1077 37.1339 8 -48.3927 42.3029 8 -46.3029
3 16 42 8 -56 44 8 -57.5 44 8 -60
4 16 44 8 -56 44 8 -57.5 42 8 -56 42 8 -48
4 16 44 8 -48 44 8 -56 42 8 -48 42.3029 8 -46.3029
4 16 44 8 -57.5 44 8 -56 51 8 -56 48.5 8 -57.5
4 16 48.5 8 -57.5 51 8 -56 51 8 -58 48.5 8 -58.5
3 16 39.4996 8 -68.4135 48.5 8 -58.5 51 8 -58
2 24 25.1441 8 -74.7167 21.4452 8 -76.0473
4 16 30.616 4 -73.912 30.616 0 -73.912 25.534 0 -75.6347 25.534 4 -75.6347
4 16 20.704 7 -77.272 25.534 4 -75.6347 25.534 0 -75.6347 20.704 0 -77.272
3 16 20.704 7 -77.272 25.534 7 -75.6347 25.534 4 -75.6347
2 24 25.534 4 -75.6347 30.616 4 -73.912
4 16 39.9982 0 -69.281 37.3099 0 -70.6079 37.3099 4 -70.6079 39.9982 7 -69.281
4 16 30.616 4 -73.912 37.3099 4 -70.6079 37.3099 0 -70.6079 30.616 0 -73.912
3 16 37.3099 4 -70.6079 37.3099 7 -70.6079 39.9982 7 -69.281
2 24 37.3099 4 -70.6079 37.3099 7 -70.6079
2 24 37.3099 7 -70.6079 39.9982 7 -69.281
2 24 30.616 4 -73.912 37.3099 4 -70.6079
4 16 16 8 -76 21.4452 8 -76.0473 1 8 -79 4 8 -76
3 16 0 7 -80 1 7 -79 11.3095 7 -78.1901
3 16 0 7 -80 11.3095 7 -78.1901 20.704 7 -77.272
3 16 20.704 7 -77.272 11.3095 7 -78.1901 21.4452 7 -76.0473
2 24 25.1441 7 -74.7167 21.4452 7 -76.0473
2 24 20.704 7 -77.272 25.534 7 -75.6347
4 16 21.4452 7 -76.0473 25.1441 7 -74.7167 25.534 7 -75.6347 20.704 7 -77.272
4 16 25.1441 7 -74.7167 21.4452 7 -76.0473 21.4452 8 -76.0473 25.1441 8 -74.7167
1 16 10 6 -76 0 0 -6 2 0 0 0 -1 0 rect.dat
1 16 16 6 -69 0 1 0 -2 0 0 0 0 7 rect3.dat
1 16 13.75 6 -62.5 0 0 -2.25 -2 0 0 0 1 -0.5 rect3.dat
1 16 11.5 6 -63.5 0 -1 0 -2 0 0 0 0 -0.5 rect3.dat
1 16 10 6 -64 0 0 -1.5 -2 0 0 0 1 0 rect3.dat
1 16 8.5 6 -63.75 0 1 0 -2 0 0 0 0 0.25 rect3.dat
1 16 6.25 6 -63.75 0 0 -2.25 -2 0 0 0 1 -0.25 rect3.dat
1 16 4 6 -70 0 -1 0 0 0 -2 6 0 0 rect2p.dat
4 16 11.5 4 -64 11.5 4 -63 16 4 -62 16 4 -76
4 16 11.5 4 -64 16 4 -76 4 4 -76 8.5 4 -64
4 16 8.5 4 -63.5 8.5 4 -64 4 4 -76 4 4 -64
1 16 1 7.5 -69.9 0 1 0 0 0 0.5 9.1 0 0 rect.dat
4 16 0 7 -61 1 7 -60.9341 1 7 -79 0 7 -80
1 16 0 3.5 -70 0 1 0 3.5 0 0 0 0 -10 rect.dat
2 24 36.8678 7 -69.7109 39.4983 7 -68.415
2 24 36.8678 8 -69.7109 39.4996 8 -68.4135
2 24 35.5416 8 -67.02 36.8678 8 -69.7109
2 24 36.8678 7 -69.7109 36.8678 8 -69.7109
2 24 36.8678 7 -69.7109 37.3099 7 -70.6079
4 16 39.4983 7 -68.415 36.8678 7 -69.7109 36.8678 8 -69.7109 39.4983 8 -68.415
4 16 37.3099 7 -70.6079 36.8678 7 -69.7109 39.4983 7 -68.415 39.9996 7 -69.2795
3 16 39.9996 7 -69.2795 39.4983 7 -68.415 48.0886 7 -62.6729
3 16 39.9996 7 -69.2795 48.0886 7 -62.6729 56.5685 7 -56.5685
3 16 56.5685 7 -56.5685 48.0886 7 -62.6729 55.8598 7 -55.8598
2 24 44 8 -60 22 8 -60
2 24 22 8 -60 18 8 -61.4
1 16 20.9829 6 -73.22137 -2.9829 0 0 0 0 -2 -1.27865 -1 -5e-005 rect.dat
1 16 18 6 -67.95 0 -1 0 2 0 0 0 0 6.55 rect3.dat
4 16 18 8 -61.4 22 8 -60 22 4 -60 18 4 -61.4
4 16 22 8 -60 44 8 -60 44 4 -60 22 4 -60
1 16 44 6 -58.75 0 -1 0 0 0 -2 1.25 0 0 rect.dat
1 16 46.25 6 -57.5 0 0 2.25 2 0 0 0 1 0 rect3.dat
1 16 48.5 6 -58 0 1 0 2 0 0 0 0 -0.5 rect3.dat
1 16 42.0208 6 -62.76 0 0 -6.4792 2 0 0 0 -1 -4.26 rect3.dat
5 24 22 8 -60 22 4 -60 44 8 -60 18 8 -61.4
2 24 44 4 -60 22 4 -60
2 24 22 4 -60 18 4 -61.4
4 16 35.5416 4 -67.02 35.5416 8 -67.02 36.8678 8 -69.7109 36.8678 7 -69.7109
4 16 35.5416 4 -67.02 36.8678 7 -69.7109 37.3099 7 -70.6079 37.3099 4 -70.6079
4 16 25.1441 7 -74.7167 25.1441 8 -74.7167 23.9658 8 -71.9427 23.9658 4 -71.9428
4 16 25.1441 7 -74.7167 23.9658 4 -71.9428 25.534 4 -75.6347 25.534 7 -75.6347
4 16 37.3099 4 -70.6079 25.534 4 -75.6347 23.9658 4 -71.9428 35.5416 4 -67.02
2 24 37.3099 4 -70.6079 35.5416 4 -67.02
2 24 25.534 4 -75.6347 23.9658 4 -71.9428
3 16 30.616 4 -73.912 25.534 4 -75.6347 37.3099 4 -70.6079
2 24 25.534 4 -75.6347 25.534 7 -75.6347
2 24 25.534 7 -75.6347 25.1441 7 -74.7167
2 24 25.1441 7 -74.7167 25.1441 8 -74.7167
2 24 25.1441 8 -74.7167 23.9658 8 -71.9427
4 16 23.9658 4 -71.9428 18 4 -74.5 18 4 -61.4 22 4 -60
4 16 35.5416 4 -67.02 23.9658 4 -71.9428 22 4 -60 44 4 -60
4 16 44 4 -57.5 48.5 4 -57.5 48.5 4 -58.5 44 4 -60
3 16 48.5 4 -58.5 35.5416 4 -67.02 44 4 -60
1 16 51 6 -57 0 -1 0 -2 0 0 0 0 -1 rect.dat
1 16 47.5 6 -56 0 0 -3.5 2 0 0 0 -1 0 rect3.dat
1 16 44 6 -52 0 -1 0 2 0 0 0 0 4 rect3.dat
1 16 43.15145 6 -47.15145 0 -1 -0.84855 2 0 0 0 0 0.84855 rect3.dat
2 24 25.1141 7 -54.3717 22.962 7 -55.434
4 16 30 4 -51.96 25.1141 4 -54.3717 25.1141 0 -54.3717 30 0 -51.96
2 24 30 4 -51.96 25.1141 4 -54.3717
2 24 25.1141 4 -54.3717 25.1141 7 -54.3717
3 16 25.1141 7 -54.3717 22.962 7 -55.434 25.1141 4 -54.3717
4 16 25.1141 0 -54.3717 25.1141 4 -54.3717 22.962 7 -55.434 22.962 0 -55.434
4 16 25.5567 7 -55.2684 23.3447 7 -56.3579 22.962 7 -55.434 25.1141 7 -54.3717
1 16 24.568 7.5 -55.71315 0 0 0.9887 -0.5 0 0 0 -1 0.44475 rect3.dat
3 16 51 8 -58 55.8614 8 -55.8614 39.4996 8 -68.4135
3 16 43.1323 8 -43.1306 42.3029 8 -46.3029 37.1339 8 -48.3927
2 24 36.0266 4 -47.9342 30 4 -51.96
4 16 36.0266 4 -47.9342 30 4 -51.96 30 0 -51.96 36.0266 0 -47.9342
4 16 36.5252 7 -47.5994 36.0266 4 -47.9342 36.0266 0 -47.9342 36.5252 0 -47.5994
3 16 36.5252 7 -47.5994 36.0266 7 -47.9342 36.0266 4 -47.9342
2 24 36.0266 7 -47.9342 36.0266 4 -47.9342
2 24 36.6354 8 -48.7276 37.1339 8 -48.3927
4 16 36.6354 7 -48.7276 37.1339 7 -48.3927 37.1339 8 -48.3927 36.6354 8 -48.7276
1 16 36.58028 7 -48.16347 0.30435 0 -0.2493 0 -1 0 -0.39665 0 -0.1674 rect3.dat
3 16 36.6354 8 -48.7276 37.1339 8 -48.3927 38.4616 8 -51.1077
2 24 36.6354 8 -48.7276 38.4616 8 -51.1077
2 24 36.6354 8 -48.7276 36.6354 7 -48.7276
2 24 25.1141 7 -54.3717 25.5567 7 -55.2684
2 24 25.5567 8 -55.2684 25.9108 8 -55.9858
2 24 25.1141 4 -54.3717 25.9108 4 -55.9858
2 24 38.4616 4 -51.1077 36.0266 4 -47.9342
4 16 25.5567 8 -55.2684 25.5567 7 -55.2684 25.9108 4 -55.9858 25.9108 8 -55.9858
4 16 25.9108 4 -55.9858 25.5567 7 -55.2684 25.1141 7 -54.3717 25.1141 4 -54.3717
1 16 33.9554 6 -55.9929 -8.0446 0 0 0 0 -2 0.0071 -1 0 rect.dat
1 16 42 6 -52 0 1 0 -2 0 0 0 0 4 rect3.dat
1 16 40.2308 6 -49.55385 0 0 -1.7692 -2 0 0 0 1 -1.55385 rect3.dat
4 16 38.4616 8 -51.1077 38.4616 4 -51.1077 36.6354 7 -48.7276 36.6354 8 -48.7276
4 16 38.4616 4 -51.1077 36.0266 4 -47.9342 36.0266 7 -47.9342 36.6354 7 -48.7276
4 16 25.9108 4 -55.9858 25.1141 4 -54.3717 30 4 -51.96 42 4 -56
4 16 36.0266 4 -47.9342 38.4616 4 -51.1077 42 4 -56 30 4 -51.96
3 16 42 4 -56 38.4616 4 -51.1077 42 4 -48
3 16 55.8614 8 -55.8614 51 8 -58 58 8 -51
1 16 54.5 6 -54.5 -3.5 1 0 0 0 -2 -3.5 0 0 rect2p.dat
4 16 56 4 -51 58 4 -51 51 4 -58 51 4 -56
4 16 56 4 -44 56 4 -51 51 4 -56 44 4 -56
4 16 56 4 -44 44 4 -56 44 4 -48 48 4 -44
1 16 45.15145 4 -45.15145 -0.84855 0 2 0 -1 0 0.84855 0 2 rect1.dat
1 16 44.3029 6 -44.3029 0 -1 2 2 0 0 0 0 2 rect1.dat
1 16 0 7 0 56.56854 0 56.56854 0 -1 0 -56.56854 0 56.56854 48\1-24chrd.dat
1 16 0 7 0 56.56854 0 -56.56854 0 -1 0 -56.56854 0 -56.56854 48\1-24chrd.dat
1 16 0 8 0 55.86144 0 55.86144 0 -1 0 -55.86144 0 55.86144 48\1-24chrd.dat
1 16 0 8 0 55.86144 0 -55.86144 0 -1 0 -55.86144 0 -55.86144 48\1-24chrd.dat
4 16 70.6079 0 -37.3099 69.282 0 -40 69.282 7 -40 70.6079 4 -37.3099
3 16 70.6079 4 -37.3099 69.282 7 -40 70.6079 7 -37.3099
5 24 73.912 0 -30.616 73.912 4 -30.616 75.6347 0 -25.534 70.6079 0 -37.3099
5 24 77.272 7 -20.704 77.272 0 -20.704 75.6347 0 -25.534 79.312 7 -10.44
5 24 76.0473 8 -21.4452 76.0473 7 -21.4452 74.7167 7 -25.1441 78.1901 8 -11.3095
5 24 68.416 7 -39.5 68.416 8 -39.5 69.7109 8 -36.8678 62.6729 7 -48.0886
5 24 51.96 4 -30 51.96 0 -30 54.3717 0 -25.1141 47.9342 4 -36.0266
5 24 47.6012 7 -36.5257 47.6012 0 -36.5257 47.9342 0 -36.0266 42.4252 7 -42.4235
5 24 48.3946 8 -37.1344 48.3946 7 -37.1344 48.7276 7 -36.6354 43.1323 8 -43.1306
5 24 30.616 4 -73.912 30.616 0 -73.912 25.534 0 -75.6347 37.3099 4 -70.6079
5 24 20.704 0 -77.272 20.704 7 -77.272 25.534 4 -75.6347 10.44 7 -79.312
5 24 39.9982 7 -69.281 39.9982 0 -69.281 37.3099 0 -70.6079 48.7017 7 -63.4702
5 24 21.4452 7 -76.0473 21.4452 8 -76.0473 25.1441 7 -74.7167 11.3095 8 -78.1901
5 24 39.4983 8 -68.415 39.4983 7 -68.415 36.8678 7 -69.7109 48.0929 8 -62.6769
5 24 30 0 -51.96 30 4 -51.96 25.1141 4 -54.3717 36.0266 4 -47.9342
5 24 36.0266 0 -47.9342 36.0266 4 -47.9342 30 4 -51.96 36.5252 7 -47.5994
5 24 36.5252 0 -47.5994 36.5252 7 -47.5994 36.0266 4 -47.9342 42.4252 7 -42.4235
5 24 37.1339 7 -48.3927 37.1339 8 -48.3927 36.6354 7 -48.7276 43.1323 8 -43.1306
5 24 69.282 0 -40 69.282 7 -40 70.6079 0 -37.3099 63.4662 0 -48.6973
