0 Train Track  9V Straight
0 Name: 2865.dat
0 Author: Manfred Moolhuysen
0 !LDRAW_ORG Part UPDATE 2004-04
0 !LICENSE Redistributable under CCAL version 2.0 : see CAreadme.txt

0 BFC NOCERTIFY

0 !HISTORY 2002-11-29 [ludo] Co-authore
0 !HISTORY 2002-11-30 [PTadmin] Official Update 2002-05
0 !HISTORY 2002-12-23 [ludo] Moved studs from subparts to have stud-logos aligned correctly 
0 !HISTORY 2004-11-06 [PTadmin] Official Update 2004-04
0 !HISTORY 2007-05-20 [PTadmin] Replaced box3#8p references with box3u8p
0 !HISTORY 2007-05-20 [PTadmin] Header formatted for Contributor Agreement
0 !HISTORY 2008-07-01 [PTadmin] Official Update 2008-01

 4 16 -160 8 -60 -160 8 -57 -124 8 -57 -124 8 -60 
 4 16 -160 8 -43.50 -156 8 -40.50 -124 8 -40.50 -124 8 -43.50 
 4 16 -144 8 -57 -144 8 -43.50 -140 8 -43.50 -140 8 -57 
 4 16 -81 8 -57 -81 8 -43.50 -79 8 -43.50 -79 8 -57 
 4 16 -1 8 -57 -1 8 -43.50 1 8 -43.50 1 8 -57 
 4 16 79 8 -57 79 8 -43.50 81 8 -43.50 81 8 -57 
 4 16 140 8 -57 140 8 -43.50 144 8 -43.50 144 8 -57 
 4 16 -116 8 -60 -116 8 -57 160 8 -57 160 8 -60 
 4 16 -116 8 -43.50 -116 8 -40.50 156 8 -40.50 160 8 -43.50 
0 Comment: front-1
 1 16 -132 5.50 -57 8 0 0 0 0 -2.50 0 1 0 rect.dat
 1 16 -132 5.50 -43.50 8 0 0 0 0 -2.50 0 1 0 rect.dat
 1 16 -120 8 -58.50 0 0 4 0 -5 0 1.50 0 0 box3u8p.dat
 1 16 -120 8 -42 0 0 4 0 -5 0 1.50 0 0 box3u8p.dat
 1 16 -98.50 5.50 -57 17.50 0 0 0 0 -2.50 0 1 0 rect.dat
 1 16 -98.50 5.50 -43.50 17.50 0 0 0 0 -2.50 0 1 0 rect.dat
 1 16 -110.50 1.50 -55.25 29.50 0 0 0 0 -1.50 0 1 0 rect.dat
 1 16 -110.50 1.50 -45.25 29.50 0 0 0 0 -1.50 0 1 0 rect.dat
 1 16 -126.50 -2.90 -53.75 7.50 0 0 0 0 -2.60 0 1 0 rect.dat
 1 16 -126.50 -2.90 -46.75 7.50 0 0 0 0 -2.60 0 1 0 rect.dat
 4 16 -140 8 -60 -124 8 -60 -124 3 -60 -140 0 -60 
 4 16 -124 3 -60 -116 3 -60 -100 0 -60 -140 0 -60 
 4 16 -116 8 -60 -100 8 -60 -100 0 -60 -116 3 -60 
 4 16 -140 8 -40.50 -124 8 -40.50 -124 3 -40.50 -140 0 -40.50 
 4 16 -124 3 -40.50 -116 3 -40.50 -100 0 -40.50 -140 0 -40.50 
 4 16 -116 8 -40.50 -100 8 -40.50 -100 0 -40.50 -116 3 -40.50 
 4 16 -140 8 -57 -140 8 -43.50 -140 3 -43.50 -140 3 -57 
 4 16 -81 8 -57 -81 8 -43.50 -81 3 -43.50 -81 3 -57 
 4 16 -140 3 -57 -140 3 -55.25 -81 3 -55.25 -81 3 -57 
 4 16 -140 3 -45.25 -140 3 -43.50 -81 3 -43.50 -81 3 -45.25 
 4 16 -140 3 -55.25 -140 3 -45.25 -140 0 -45.25 -140 0 -55.25 
 4 16 -81 3 -55.25 -81 3 -45.25 -81 0 -45.25 -81 0 -55.25 
 3 16 -140 0 -55.25 -140 0 -45.25 -140 -1 -50.25 
 3 16 -81 0 -55.25 -81 0 -45.25 -81 -1 -50.25 
 4 16 -140 0 -55.25 -140 -1 -50.25 -134 -1 -50.25 -134 0 -55.25 
 4 16 -140 -1 -50.25 -140 0 -45.25 -134 0 -45.25 -134 -1 -50.25 
 4 16 -134 0 -55.25 -134 -0.30 -53.75 -119 -0.30 -53.75 -119 0 -55.25 
 4 16 -134 -0.30 -46.75 -134 0 -45.25 -119 0 -45.25 -119 -0.30 -46.75 
 4 16 -119 0 -55.25 -119 -1 -50.25 -81 -1 -50.25 -81 0 -55.25 
 4 16 -119 -1 -50.25 -119 0 -45.25 -81 0 -45.25 -81 -1 -50.25 
 3 16 -134 -0.30 -53.75 -134 -1 -50.25 -134 -11 -53.75 
 4 16 -134 -1 -50.25 -134 -0.30 -46.75 -134 -11 -46.75 -134 -11 -53.75 
 3 16 -119 -0.30 -53.75 -119 -1 -50.25 -119 -11 -53.75 
 4 16 -119 -1 -50.25 -119 -0.30 -46.75 -119 -11 -46.75 -119 -11 -53.75 
 3 16 -134 -3.13 -55.25 -134 -3.50 -53.75 -134 -5.50 -53.75 
 3 16 -134 -3.50 -46.75 -134 -3.13 -45.25 -134 -5.50 -46.75 
 4 16 -134 -3.13 -55.25 -119 -3.13 -55.25 -119 -5.50 -53.75 -134 -5.50 -53.75 
 4 16 -134 -5.50 -46.75 -119 -5.50 -46.75 -119 -3.13 -45.25 -134 -3.13 -45.25 
 3 16 -119 -3.13 -55.25 -119 -3.50 -53.75 -119 -5.50 -53.75 
 3 16 -119 -3.50 -46.75 -119 -3.13 -45.25 -119 -5.50 -46.75 
 4 16 -134 -11 -53.75 -134 -11 -46.75 -131.50 -11 -46.75 -131.50 -11 -53.75 
 4 16 -131.50 -11 -51.25 -131.50 -11 -49.25 -121.50 -11 -49.25 -121.50 -11 -51.25 
 4 16 -121.50 -11 -53.75 -121.50 -11 -46.75 -119 -11 -46.75 -119 -11 -53.75 
 2 24 -140 8 -60 -124 8 -60 
 2 24 -124 8 -60 -124 3 -60 
 2 24 -124 3 -60 -116 3 -60 
 2 24 -116 8 -60 -116 3 -60 
 2 24 -116 8 -60 -100 8 -60 
 2 24 -140 8 -60 -140 0 -60 
 2 24 -140 0 -60 -100 0 -60 
 2 24 -100 8 -60 -100 0 -60 
 2 24 -140 8 -40.50 -124 8 -40.50 
 2 24 -124 8 -40.50 -124 3 -40.50 
 2 24 -124 3 -40.50 -116 3 -40.50 
 2 24 -116 8 -40.50 -116 3 -40.50 
 2 24 -116 8 -40.50 -100 8 -40.50 
 2 24 -140 8 -40.50 -140 0 -40.50 
 2 24 -140 0 -40.50 -100 0 -40.50 
 2 24 -100 8 -40.50 -100 0 -40.50 
 2 24 -140 8 -57 -140 8 -43.50 
 2 24 -81 8 -57 -81 8 -43.50 
 2 24 -140 3 -57 -140 3 -55.25 
 2 24 -140 3 -45.25 -140 3 -43.50 
 2 24 -81 3 -57 -81 3 -55.25 
 2 24 -81 3 -45.25 -81 3 -43.50 
 2 24 -140 0 -55.25 -140 -1 -50.25 
 2 24 -140 -1 -50.25 -140 0 -45.25 
 2 24 -140 -1 -50.25 -134 -1 -50.25 
 2 24 -134 -0.30 -53.75 -134 -1 -50.25 
 2 24 -134 -1 -50.25 -134 -0.30 -46.75 
 2 24 -119 -0.30 -53.75 -119 -1 -50.25 
 2 24 -119 -1 -50.25 -119 -0.30 -46.75 
 2 24 -119 -1 -50.25 -81 -1 -50.25 
 2 24 -81 0 -55.25 -81 -1 -50.25 
 2 24 -81 -1 -50.25 -81 0 -45.25 
 2 24 -134 -3.13 -55.25 -134 -3.50 -53.75 
 2 24 -134 -3.13 -55.25 -119 -3.13 -55.25 
 2 24 -119 -3.13 -55.25 -119 -3.50 -53.75 
 2 24 -134 -3.13 -55.25 -134 -5.50 -53.75 
 2 24 -119 -3.13 -55.25 -119 -5.50 -53.75 
 2 24 -134 -3.50 -46.75 -134 -3.13 -45.25 
 2 24 -134 -3.13 -45.25 -119 -3.13 -45.25 
 2 24 -119 -3.50 -46.75 -119 -3.13 -45.25 
 2 24 -134 -3.13 -45.25 -134 -5.50 -46.75 
 2 24 -119 -3.13 -45.25 -119 -5.50 -46.75 
 2 24 -134 -11 -46.75 -134 -11 -53.75 
 2 24 -119 -11 -46.75 -119 -11 -53.75 
0 Comment: front-2
 1 16 -40 4 -60 20 0 0 0 0 -4 0 1 0 rect.dat
 1 16 -40 5.50 -57 39 0 0 0 0 -2.50 0 1 0 rect.dat
 1 16 -40 5.50 -43.50 39 0 0 0 0 -2.50 0 1 0 rect.dat
 1 16 -40 4 -40.50 20 0 0 0 0 -4 0 1 0 rect.dat
 1 16 -40 1.50 -55.25 39 0 0 0 0 -1.50 0 1 0 rect.dat
 1 16 -40 1.50 -45.25 39 0 0 0 0 -1.50 0 1 0 rect.dat
 1 16 -40 -2.90 -53.75 7.50 0 0 0 0 -2.60 0 1 0 rect.dat
 1 16 -40 -2.90 -46.75 7.50 0 0 0 0 -2.60 0 1 0 rect.dat
 4 16 -79 8 -57 -79 8 -43.50 -79 3 -43.50 -79 3 -57 
 4 16 -1 8 -57 -1 8 -43.50 -1 3 -43.50 -1 3 -57 
 4 16 -79 3 -57 -79 3 -55.25 -1 3 -55.25 -1 3 -57 
 4 16 -79 3 -45.25 -79 3 -43.50 -1 3 -43.50 -1 3 -45.25 
 4 16 -79 3 -55.25 -79 3 -45.25 -79 0 -45.25 -79 0 -55.25 
 4 16 -1 3 -55.25 -1 3 -45.25 -1 0 -45.25 -1 0 -55.25 
 3 16 -79 0 -55.25 -79 0 -45.25 -79 -1 -50.25 
 3 16 -1 0 -55.25 -1 0 -45.25 -1 -1 -50.25 
 4 16 -79 0 -55.25 -79 -1 -50.25 -47.50 -1 -50.25 -47.50 0 -55.25 
 4 16 -79 -1 -50.25 -79 0 -45.25 -47.50 0 -45.25 -47.50 -1 -50.25 
 4 16 -47.50 0 -55.25 -47.50 -0.30 -53.75 -32.50 -0.30 -53.75 -32.50 0 -55.25 
 4 16 -47.50 -0.30 -46.75 -47.50 0 -45.25 -32.50 0 -45.25 -32.50 -0.30 -46.75 
 4 16 -32.50 0 -55.25 -32.50 -1 -50.25 -1 -1 -50.25 -1 0 -55.25 
 4 16 -32.50 -1 -50.25 -32.50 0 -45.25 -1 0 -45.25 -1 -1 -50.25 
 3 16 -47.50 -0.30 -53.75 -47.50 -1 -50.25 -47.50 -11 -53.75 
 4 16 -47.50 -1 -50.25 -47.50 -0.30 -46.75 -47.50 -11 -46.75 -47.50 -11 -53.75 
 3 16 -32.50 -0.30 -53.75 -32.50 -1 -50.25 -32.50 -11 -53.75 
 4 16 -32.50 -1 -50.25 -32.50 -0.30 -46.75 -32.50 -11 -46.75 -32.50 -11 -53.75 
 3 16 -47.50 -3.13 -55.25 -47.50 -3.50 -53.75 -47.50 -5.50 -53.75 
 3 16 -47.50 -3.50 -46.75 -47.50 -3.13 -45.25 -47.50 -5.50 -46.75 
 4 16 -47.50 -3.13 -55.25 -32.50 -3.13 -55.25 -32.50 -5.50 -53.75 -47.50 -5.50 -53.75 
 4 16 -47.50 -5.50 -46.75 -32.50 -5.50 -46.75 -32.50 -3.13 -45.25 -47.50 -3.13 -45.25 
 3 16 -32.50 -3.13 -55.25 -32.50 -3.50 -53.75 -32.50 -5.50 -53.75 
 3 16 -32.50 -3.50 -46.75 -32.50 -3.13 -45.25 -32.50 -5.50 -46.75 
 4 16 -47.50 -11 -53.75 -47.50 -11 -46.75 -45 -11 -46.75 -45 -11 -53.75 
 4 16 -45 -11 -51.25 -45 -11 -49.25 -35 -11 -49.25 -35 -11 -51.25 
 4 16 -35 -11 -53.75 -35 -11 -46.75 -32.50 -11 -46.75 -32.50 -11 -53.75 
 2 24 -79 8 -57 -79 8 -43.50 
 2 24 -1 8 -57 -1 8 -43.50 
 2 24 -79 3 -57 -79 3 -55.25 
 2 24 -79 3 -45.25 -79 3 -43.50 
 2 24 -1 3 -57 -1 3 -55.25 
 2 24 -1 3 -45.25 -1 3 -43.50 
 2 24 -79 0 -55.25 -79 -1 -50.25 
 2 24 -79 -1 -50.25 -79 0 -45.25 
 2 24 -79 -1 -50.25 -47.50 -1 -50.25 
 2 24 -47.50 -0.30 -53.75 -47.50 -1 -50.25 
 2 24 -47.50 -1 -50.25 -47.50 -0.30 -46.75 
 2 24 -32.50 -0.30 -53.75 -32.50 -1 -50.25 
 2 24 -32.50 -1 -50.25 -32.50 -0.30 -46.75 
 2 24 -32.50 -1 -50.25 -1 -1 -50.25 
 2 24 -1 0 -55.25 -1 -1 -50.25 
 2 24 -1 -1 -50.25 -1 0 -45.25 
 2 24 -47.50 -3.13 -55.25 -47.50 -3.50 -53.75 
 2 24 -47.50 -3.13 -55.25 -32.50 -3.13 -55.25 
 2 24 -32.50 -3.13 -55.25 -32.50 -3.50 -53.75 
 2 24 -47.50 -3.13 -55.25 -47.50 -5.50 -53.75 
 2 24 -32.50 -3.13 -55.25 -32.50 -5.50 -53.75 
 2 24 -47.50 -3.50 -46.75 -47.50 -3.13 -45.25 
 2 24 -47.50 -3.13 -45.25 -32.50 -3.13 -45.25 
 2 24 -32.50 -3.50 -46.75 -32.50 -3.13 -45.25 
 2 24 -47.50 -3.13 -45.25 -47.50 -5.50 -46.75 
 2 24 -32.50 -3.13 -45.25 -32.50 -5.50 -46.75 
 2 24 -47.50 -11 -46.75 -47.50 -11 -53.75 
 2 24 -32.50 -11 -46.75 -32.50 -11 -53.75 
0 Comment: front-3
 1 16 40 4 -60 20 0 0 0 0 -4 0 1 0 rect.dat
 1 16 40 5.50 -57 39 0 0 0 0 -2.50 0 1 0 rect.dat
 1 16 40 5.50 -43.50 39 0 0 0 0 -2.50 0 1 0 rect.dat
 1 16 40 4 -40.50 20 0 0 0 0 -4 0 1 0 rect.dat
 1 16 40 1.50 -55.25 39 0 0 0 0 -1.50 0 1 0 rect.dat
 1 16 40 1.50 -45.25 39 0 0 0 0 -1.50 0 1 0 rect.dat
 1 16 40 -2.90 -53.75 7.50 0 0 0 0 -2.60 0 1 0 rect.dat
 1 16 40 -2.90 -46.75 7.50 0 0 0 0 -2.60 0 1 0 rect.dat
 4 16 1 8 -57 1 8 -43.50 1 3 -43.50 1 3 -57 
 4 16 79 8 -57 79 8 -43.50 79 3 -43.50 79 3 -57 
 4 16 1 3 -57 1 3 -55.25 79 3 -55.25 79 3 -57 
 4 16 1 3 -45.25 1 3 -43.50 79 3 -43.50 79 3 -45.25 
 4 16 1 3 -55.25 1 3 -45.25 1 0 -45.25 1 0 -55.25 
 4 16 79 3 -55.25 79 3 -45.25 79 0 -45.25 79 0 -55.25 
 3 16 1 0 -55.25 1 0 -45.25 1 -1 -50.25 
 3 16 79 0 -55.25 79 0 -45.25 79 -1 -50.25 
 4 16 1 0 -55.25 1 -1 -50.25 32.50 -1 -50.25 32.50 0 -55.25 
 4 16 1 -1 -50.25 1 0 -45.25 32.50 0 -45.25 32.50 -1 -50.25 
 4 16 32.50 0 -55.25 32.50 -0.30 -53.75 47.50 -0.30 -53.75 47.50 0 -55.25 
 4 16 32.50 -0.30 -46.75 32.50 0 -45.25 47.50 0 -45.25 47.50 -0.30 -46.75 
 4 16 47.50 0 -55.25 47.50 -1 -50.25 79 -1 -50.25 79 0 -55.25 
 4 16 47.50 -1 -50.25 47.50 0 -45.25 79 0 -45.25 79 -1 -50.25 
 3 16 32.50 -0.30 -53.75 32.50 -1 -50.25 32.50 -11 -53.75 
 4 16 32.50 -1 -50.25 32.50 -0.30 -46.75 32.50 -11 -46.75 32.50 -11 -53.75 
 3 16 47.50 -0.30 -53.75 47.50 -1 -50.25 47.50 -11 -53.75 
 4 16 47.50 -1 -50.25 47.50 -0.30 -46.75 47.50 -11 -46.75 47.50 -11 -53.75 
 3 16 32.50 -3.13 -55.25 32.50 -3.50 -53.75 32.50 -5.50 -53.75 
 3 16 32.50 -3.50 -46.75 32.50 -3.13 -45.25 32.50 -5.50 -46.75 
 4 16 32.50 -3.13 -55.25 47.50 -3.13 -55.25 47.50 -5.50 -53.75 32.50 -5.50 -53.75 
 4 16 32.50 -5.50 -46.75 47.50 -5.50 -46.75 47.50 -3.13 -45.25 32.50 -3.13 -45.25 
 3 16 47.50 -3.13 -55.25 47.50 -3.50 -53.75 47.50 -5.50 -53.75 
 3 16 47.50 -3.50 -46.75 47.50 -3.13 -45.25 47.50 -5.50 -46.75 
 4 16 32.50 -11 -53.75 32.50 -11 -46.75 35 -11 -46.75 35 -11 -53.75 
 4 16 35 -11 -51.25 35 -11 -49.25 45 -11 -49.25 45 -11 -51.25 
 4 16 45 -11 -53.75 45 -11 -46.75 47.50 -11 -46.75 47.50 -11 -53.75 
 2 24 1 8 -57 1 8 -43.50 
 2 24 79 8 -57 79 8 -43.50 
 2 24 1 3 -57 1 3 -55.25 
 2 24 1 3 -45.25 1 3 -43.50 
 2 24 79 3 -57 79 3 -55.25 
 2 24 79 3 -45.25 79 3 -43.50 
 2 24 1 0 -55.25 1 -1 -50.25 
 2 24 1 -1 -50.25 1 0 -45.25 
 2 24 1 -1 -50.25 32.50 -1 -50.25 
 2 24 32.50 -0.30 -53.75 32.50 -1 -50.25 
 2 24 32.50 -1 -50.25 32.50 -0.30 -46.75 
 2 24 47.50 -0.30 -53.75 47.50 -1 -50.25 
 2 24 47.50 -1 -50.25 47.50 -0.30 -46.75 
 2 24 47.50 -1 -50.25 79 -1 -50.25 
 2 24 79 0 -55.25 79 -1 -50.25 
 2 24 79 -1 -50.25 79 0 -45.25 
 2 24 32.50 -3.13 -55.25 32.50 -3.50 -53.75 
 2 24 32.50 -3.13 -55.25 47.50 -3.13 -55.25 
 2 24 47.50 -3.13 -55.25 47.50 -3.50 -53.75 
 2 24 32.50 -3.13 -55.25 32.50 -5.50 -53.75 
 2 24 47.50 -3.13 -55.25 47.50 -5.50 -53.75 
 2 24 32.50 -3.50 -46.75 32.50 -3.13 -45.25 
 2 24 32.50 -3.13 -45.25 47.50 -3.13 -45.25 
 2 24 47.50 -3.50 -46.75 47.50 -3.13 -45.25 
 2 24 32.50 -3.13 -45.25 32.50 -5.50 -46.75 
 2 24 47.50 -3.13 -45.25 47.50 -5.50 -46.75 
 2 24 32.50 -11 -46.75 32.50 -11 -53.75 
 2 24 47.50 -11 -46.75 47.50 -11 -53.75 
0 Comment: front-4
 1 16 120 4 -60 20 0 0 0 0 -4 0 1 0 rect.dat
 1 16 110.50 5.50 -57 29.50 0 0 0 0 -2.50 0 1 0 rect.dat
 1 16 110.50 5.50 -43.50 29.50 0 0 0 0 -2.50 0 1 0 rect.dat
 1 16 120 4 -40.50 20 0 0 0 0 -4 0 1 0 rect.dat
 1 16 110.50 1.50 -55.25 29.50 0 0 0 0 -1.50 0 1 0 rect.dat
 1 16 110.50 1.50 -45.25 29.50 0 0 0 0 -1.50 0 1 0 rect.dat
 1 16 126.50 -2.90 -53.75 7.50 0 0 0 0 -2.60 0 1 0 rect.dat
 1 16 126.50 -2.90 -46.75 7.50 0 0 0 0 -2.60 0 1 0 rect.dat
 4 16 81 8 -57 81 8 -43.50 81 3 -43.50 81 3 -57 
 4 16 140 8 -57 140 8 -43.50 140 3 -43.50 140 3 -57 
 4 16 81 3 -57 81 3 -55.25 140 3 -55.25 140 3 -57 
 4 16 81 3 -45.25 81 3 -43.50 140 3 -43.50 140 3 -45.25 
 4 16 81 3 -55.25 81 3 -45.25 81 0 -45.25 81 0 -55.25 
 4 16 140 3 -55.25 140 3 -45.25 140 0 -45.25 140 0 -55.25 
 3 16 81 0 -55.25 81 0 -45.25 81 -1 -50.25 
 3 16 140 0 -55.25 140 0 -45.25 140 -1 -50.25 
 4 16 81 0 -55.25 81 -1 -50.25 119 -1 -50.25 119 0 -55.25 
 4 16 81 -1 -50.25 81 0 -45.25 119 0 -45.25 119 -1 -50.25 
 4 16 119 0 -55.25 119 -0.30 -53.75 134 -0.30 -53.75 134 0 -55.25 
 4 16 119 -0.30 -46.75 119 0 -45.25 134 0 -45.25 134 -0.30 -46.75 
 4 16 134 0 -55.25 134 -1 -50.25 140 -1 -50.25 140 0 -55.25 
 4 16 134 -1 -50.25 134 0 -45.25 140 0 -45.25 140 -1 -50.25 
 3 16 119 -0.30 -53.75 119 -1 -50.25 119 -11 -53.75 
 4 16 119 -1 -50.25 119 -0.30 -46.75 119 -11 -46.75 119 -11 -53.75 
 3 16 134 -0.30 -53.75 134 -1 -50.25 134 -11 -53.75 
 4 16 134 -1 -50.25 134 -0.30 -46.75 134 -11 -46.75 134 -11 -53.75 
 3 16 119 -3.13 -55.25 119 -3.50 -53.75 119 -5.50 -53.75 
 3 16 119 -3.50 -46.75 119 -3.13 -45.25 119 -5.50 -46.75 
 4 16 119 -3.13 -55.25 134 -3.13 -55.25 134 -5.50 -53.75 119 -5.50 -53.75 
 4 16 119 -5.50 -46.75 134 -5.50 -46.75 134 -3.13 -45.25 119 -3.13 -45.25 
 3 16 134 -3.13 -55.25 134 -3.50 -53.75 134 -5.50 -53.75 
 3 16 134 -3.50 -46.75 134 -3.13 -45.25 134 -5.50 -46.75 
 4 16 119 -11 -53.75 119 -11 -46.75 121.50 -11 -46.75 121.50 -11 -53.75 
 4 16 121.50 -11 -51.25 121.50 -11 -49.25 131.50 -11 -49.25 131.50 -11 -51.25 
 4 16 131.50 -11 -53.75 131.50 -11 -46.75 134 -11 -46.75 134 -11 -53.75 
 2 24 81 8 -57 81 8 -43.50 
 2 24 140 8 -57 140 8 -43.50 
 2 24 81 3 -57 81 3 -55.25 
 2 24 81 3 -45.25 81 3 -43.50 
 2 24 140 3 -57 140 3 -55.25 
 2 24 140 3 -45.25 140 3 -43.50 
 2 24 81 0 -55.25 81 -1 -50.25 
 2 24 81 -1 -50.25 81 0 -45.25 
 2 24 81 -1 -50.25 119 -1 -50.25 
 2 24 119 -0.30 -53.75 119 -1 -50.25 
 2 24 119 -1 -50.25 119 -0.30 -46.75 
 2 24 134 -0.30 -53.75 134 -1 -50.25 
 2 24 134 -1 -50.25 134 -0.30 -46.75 
 2 24 134 -1 -50.25 140 -1 -50.25 
 2 24 140 0 -55.25 140 -1 -50.25 
 2 24 140 -1 -50.25 140 0 -45.25 
 2 24 119 -3.13 -55.25 119 -3.50 -53.75 
 2 24 119 -3.13 -55.25 134 -3.13 -55.25 
 2 24 134 -3.13 -55.25 134 -3.50 -53.75 
 2 24 119 -3.13 -55.25 119 -5.50 -53.75 
 2 24 134 -3.13 -55.25 134 -5.50 -53.75 
 2 24 119 -3.50 -46.75 119 -3.13 -45.25 
 2 24 119 -3.13 -45.25 134 -3.13 -45.25 
 2 24 134 -3.50 -46.75 134 -3.13 -45.25 
 2 24 119 -3.13 -45.25 119 -5.50 -46.75 
 2 24 134 -3.13 -45.25 134 -5.50 -46.75 
 2 24 119 -11 -46.75 119 -11 -53.75 
 2 24 134 -11 -46.75 134 -11 -53.75 
0
 4 16 -156 8 40.50 -160 8 43.50 -124 8 43.50 -124 8 40.50 
 4 16 -160 8 57 -160 8 60 -124 8 60 -124 8 57 
 4 16 -144 8 43.50 -144 8 57 -140 8 57 -140 8 43.50 
 4 16 -81 8 43.50 -81 8 57 -79 8 57 -79 8 43.50 
 4 16 -1 8 43.50 -1 8 57 1 8 57 1 8 43.50 
 4 16 79 8 43.50 79 8 57 81 8 57 81 8 43.50 
 4 16 140 8 43.50 140 8 57 144 8 57 144 8 43.50 
 4 16 -116 8 40.50 -116 8 43.50 160 8 43.50 156 8 40.50 
 4 16 -116 8 57 -116 8 60 160 8 60 160 8 57 
0 Comment: back-1
 1 16 -132 5.50 43.50 8 0 0 0 0 -2.50 0 1 0 rect.dat
 1 16 -132 5.50 57 8 0 0 0 0 -2.50 0 1 0 rect.dat
 1 16 -120 8 42 0 0 4 0 -5 0 1.50 0 0 box3u8p.dat
 1 16 -120 8 58.50 0 0 4 0 -5 0 1.50 0 0 box3u8p.dat
 1 16 -98.50 5.50 43.50 17.50 0 0 0 0 -2.50 0 1 0 rect.dat
 1 16 -98.50 5.50 57 17.50 0 0 0 0 -2.50 0 1 0 rect.dat
 1 16 -110.50 1.50 45.25 29.50 0 0 0 0 -1.50 0 1 0 rect.dat
 1 16 -110.50 1.50 55.25 29.50 0 0 0 0 -1.50 0 1 0 rect.dat
 1 16 -126.50 -2.90 46.75 7.50 0 0 0 0 -2.60 0 1 0 rect.dat
 1 16 -126.50 -2.90 53.75 7.50 0 0 0 0 -2.60 0 1 0 rect.dat
 4 16 -140 8 40.50 -124 8 40.50 -124 3 40.50 -140 0 40.50 
 4 16 -124 3 40.50 -116 3 40.50 -100 0 40.50 -140 0 40.50 
 4 16 -116 8 40.50 -100 8 40.50 -100 0 40.50 -116 3 40.50 
 4 16 -140 8 60 -124 8 60 -124 3 60 -140 0 60 
 4 16 -124 3 60 -116 3 60 -100 0 60 -140 0 60 
 4 16 -116 8 60 -100 8 60 -100 0 60 -116 3 60 
 4 16 -140 8 43.50 -140 8 57 -140 3 57 -140 3 43.50 
 4 16 -81 8 43.50 -81 8 57 -81 3 57 -81 3 43.50 
 4 16 -140 3 43.50 -140 3 45.25 -81 3 45.25 -81 3 43.50 
 4 16 -140 3 55.25 -140 3 57 -81 3 57 -81 3 55.25 
 4 16 -140 3 45.25 -140 3 55.25 -140 0 55.25 -140 0 45.25 
 4 16 -81 3 45.25 -81 3 55.25 -81 0 55.25 -81 0 45.25 
 3 16 -140 0 45.25 -140 0 55.25 -140 -1 50.25 
 3 16 -81 0 45.25 -81 0 55.25 -81 -1 50.25 
 4 16 -140 0 45.25 -140 -1 50.25 -134 -1 50.25 -134 0 45.25 
 4 16 -140 -1 50.25 -140 0 55.25 -134 0 55.25 -134 -1 50.25 
 4 16 -134 0 45.25 -134 -0.30 46.75 -119 -0.30 46.75 -119 0 45.25 
 4 16 -134 -0.30 53.75 -134 0 55.25 -119 0 55.25 -119 -0.30 53.75 
 4 16 -119 0 45.25 -119 -1 50.25 -81 -1 50.25 -81 0 45.25 
 4 16 -119 -1 50.25 -119 0 55.25 -81 0 55.25 -81 -1 50.25 
 3 16 -134 -0.30 46.75 -134 -1 50.25 -134 -11 46.75 
 4 16 -134 -1 50.25 -134 -0.30 53.75 -134 -11 53.75 -134 -11 46.75 
 3 16 -119 -0.30 46.75 -119 -1 50.25 -119 -11 46.75 
 4 16 -119 -1 50.25 -119 -0.30 53.75 -119 -11 53.75 -119 -11 46.75 
 3 16 -134 -3.13 45.25 -134 -3.50 46.75 -134 -5.50 46.75 
 3 16 -134 -3.50 53.75 -134 -3.13 55.25 -134 -5.50 53.75 
 4 16 -134 -3.13 45.25 -119 -3.13 45.25 -119 -5.50 46.75 -134 -5.50 46.75 
 4 16 -134 -5.50 53.75 -119 -5.50 53.75 -119 -3.13 55.25 -134 -3.13 55.25 
 3 16 -119 -3.13 45.25 -119 -3.50 46.75 -119 -5.50 46.75 
 3 16 -119 -3.50 53.75 -119 -3.13 55.25 -119 -5.50 53.75 
 4 16 -134 -11 46.75 -134 -11 53.75 -131.50 -11 53.75 -131.50 -11 46.75 
 4 16 -131.50 -11 49.25 -131.50 -11 51.25 -121.50 -11 51.25 -121.50 -11 49.25 
 4 16 -121.50 -11 46.75 -121.50 -11 53.75 -119 -11 53.75 -119 -11 46.75 
 2 24 -140 8 40.50 -124 8 40.50 
 2 24 -124 8 40.50 -124 3 40.50 
 2 24 -124 3 40.50 -116 3 40.50 
 2 24 -116 8 40.50 -116 3 40.50 
 2 24 -116 8 40.50 -100 8 40.50 
 2 24 -140 8 40.50 -140 0 40.50 
 2 24 -140 0 40.50 -100 0 40.50 
 2 24 -100 8 40.50 -100 0 40.50 
 2 24 -140 8 60 -124 8 60 
 2 24 -124 8 60 -124 3 60 
 2 24 -124 3 60 -116 3 60 
 2 24 -116 8 60 -116 3 60 
 2 24 -116 8 60 -100 8 60 
 2 24 -140 8 60 -140 0 60 
 2 24 -140 0 60 -100 0 60 
 2 24 -100 8 60 -100 0 60 
 2 24 -140 8 43.50 -140 8 57 
 2 24 -81 8 43.50 -81 8 57 
 2 24 -140 3 43.50 -140 3 45.25 
 2 24 -140 3 55.25 -140 3 57 
 2 24 -81 3 43.50 -81 3 45.25 
 2 24 -81 3 55.25 -81 3 57 
 2 24 -140 0 45.25 -140 -1 50.25 
 2 24 -140 -1 50.25 -140 0 55.25 
 2 24 -140 -1 50.25 -134 -1 50.25 
 2 24 -134 -0.30 46.75 -134 -1 50.25 
 2 24 -134 -1 50.25 -134 -0.30 53.75 
 2 24 -119 -0.30 46.75 -119 -1 50.25 
 2 24 -119 -1 50.25 -119 -0.30 53.75 
 2 24 -119 -1 50.25 -81 -1 50.25 
 2 24 -81 0 45.25 -81 -1 50.25 
 2 24 -81 -1 50.25 -81 0 55.25 
 2 24 -134 -3.13 45.25 -134 -3.50 46.75 
 2 24 -134 -3.13 45.25 -119 -3.13 45.25 
 2 24 -119 -3.13 45.25 -119 -3.50 46.75 
 2 24 -134 -3.13 45.25 -134 -5.50 46.75 
 2 24 -119 -3.13 45.25 -119 -5.50 46.75 
 2 24 -134 -3.50 53.75 -134 -3.13 55.25 
 2 24 -134 -3.13 55.25 -119 -3.13 55.25 
 2 24 -119 -3.50 53.75 -119 -3.13 55.25 
 2 24 -134 -3.13 55.25 -134 -5.50 53.75 
 2 24 -119 -3.13 55.25 -119 -5.50 53.75 
 2 24 -134 -11 53.75 -134 -11 46.75 
 2 24 -119 -11 53.75 -119 -11 46.75 
0 Comment: back-2
 1 16 -40 4 40.50 20 0 0 0 0 -4 0 1 0 rect.dat
 1 16 -40 5.50 43.50 39 0 0 0 0 -2.50 0 1 0 rect.dat
 1 16 -40 5.50 57 39 0 0 0 0 -2.50 0 1 0 rect.dat
 1 16 -40 4 60 20 0 0 0 0 -4 0 1 0 rect.dat
 1 16 -40 1.50 45.25 39 0 0 0 0 -1.50 0 1 0 rect.dat
 1 16 -40 1.50 55.25 39 0 0 0 0 -1.50 0 1 0 rect.dat
 1 16 -40 -2.90 46.75 7.50 0 0 0 0 -2.60 0 1 0 rect.dat
 1 16 -40 -2.90 53.75 7.50 0 0 0 0 -2.60 0 1 0 rect.dat
 4 16 -79 8 43.50 -79 8 57 -79 3 57 -79 3 43.50 
 4 16 -1 8 43.50 -1 8 57 -1 3 57 -1 3 43.50 
 4 16 -79 3 43.50 -79 3 45.25 -1 3 45.25 -1 3 43.50 
 4 16 -79 3 55.25 -79 3 57 -1 3 57 -1 3 55.25 
 4 16 -79 3 45.25 -79 3 55.25 -79 0 55.25 -79 0 45.25 
 4 16 -1 3 45.25 -1 3 55.25 -1 0 55.25 -1 0 45.25 
 3 16 -79 0 45.25 -79 0 55.25 -79 -1 50.25 
 3 16 -1 0 45.25 -1 0 55.25 -1 -1 50.25 
 4 16 -79 0 45.25 -79 -1 50.25 -47.50 -1 50.25 -47.50 0 45.25 
 4 16 -79 -1 50.25 -79 0 55.25 -47.50 0 55.25 -47.50 -1 50.25 
 4 16 -47.50 0 45.25 -47.50 -0.30 46.75 -32.50 -0.30 46.75 -32.50 0 45.25 
 4 16 -47.50 -0.30 53.75 -47.50 0 55.25 -32.50 0 55.25 -32.50 -0.30 53.75 
 4 16 -32.50 0 45.25 -32.50 -1 50.25 -1 -1 50.25 -1 0 45.25 
 4 16 -32.50 -1 50.25 -32.50 0 55.25 -1 0 55.25 -1 -1 50.25 
 3 16 -47.50 -0.30 46.75 -47.50 -1 50.25 -47.50 -11 46.75 
 4 16 -47.50 -1 50.25 -47.50 -0.30 53.75 -47.50 -11 53.75 -47.50 -11 46.75 
 3 16 -32.50 -0.30 46.75 -32.50 -1 50.25 -32.50 -11 46.75 
 4 16 -32.50 -1 50.25 -32.50 -0.30 53.75 -32.50 -11 53.75 -32.50 -11 46.75 
 3 16 -47.50 -3.13 45.25 -47.50 -3.50 46.75 -47.50 -5.50 46.75 
 3 16 -47.50 -3.50 53.75 -47.50 -3.13 55.25 -47.50 -5.50 53.75 
 4 16 -47.50 -3.13 45.25 -32.50 -3.13 45.25 -32.50 -5.50 46.75 -47.50 -5.50 46.75 
 4 16 -47.50 -5.50 53.75 -32.50 -5.50 53.75 -32.50 -3.13 55.25 -47.50 -3.13 55.25 
 3 16 -32.50 -3.13 45.25 -32.50 -3.50 46.75 -32.50 -5.50 46.75 
 3 16 -32.50 -3.50 53.75 -32.50 -3.13 55.25 -32.50 -5.50 53.75 
 4 16 -47.50 -11 46.75 -47.50 -11 53.75 -45 -11 53.75 -45 -11 46.75 
 4 16 -45 -11 49.25 -45 -11 51.25 -35 -11 51.25 -35 -11 49.25 
 4 16 -35 -11 46.75 -35 -11 53.75 -32.50 -11 53.75 -32.50 -11 46.75 
 2 24 -79 8 43.50 -79 8 57 
 2 24 -1 8 43.50 -1 8 57 
 2 24 -79 3 43.50 -79 3 45.25 
 2 24 -79 3 55.25 -79 3 57 
 2 24 -1 3 43.50 -1 3 45.25 
 2 24 -1 3 55.25 -1 3 57 
 2 24 -79 0 45.25 -79 -1 50.25 
 2 24 -79 -1 50.25 -79 0 55.25 
 2 24 -79 -1 50.25 -47.50 -1 50.25 
 2 24 -47.50 -0.30 46.75 -47.50 -1 50.25 
 2 24 -47.50 -1 50.25 -47.50 -0.30 53.75 
 2 24 -32.50 -0.30 46.75 -32.50 -1 50.25 
 2 24 -32.50 -1 50.25 -32.50 -0.30 53.75 
 2 24 -32.50 -1 50.25 -1 -1 50.25 
 2 24 -1 0 45.25 -1 -1 50.25 
 2 24 -1 -1 50.25 -1 0 55.25 
 2 24 -47.50 -3.13 45.25 -47.50 -3.50 46.75 
 2 24 -47.50 -3.13 45.25 -32.50 -3.13 45.25 
 2 24 -32.50 -3.13 45.25 -32.50 -3.50 46.75 
 2 24 -47.50 -3.13 45.25 -47.50 -5.50 46.75 
 2 24 -32.50 -3.13 45.25 -32.50 -5.50 46.75 
 2 24 -47.50 -3.50 53.75 -47.50 -3.13 55.25 
 2 24 -47.50 -3.13 55.25 -32.50 -3.13 55.25 
 2 24 -32.50 -3.50 53.75 -32.50 -3.13 55.25 
 2 24 -47.50 -3.13 55.25 -47.50 -5.50 53.75 
 2 24 -32.50 -3.13 55.25 -32.50 -5.50 53.75 
 2 24 -47.50 -11 53.75 -47.50 -11 46.75 
 2 24 -32.50 -11 53.75 -32.50 -11 46.75 
0 Comment: back-3
 1 16 40 4 40.50 20 0 0 0 0 -4 0 1 0 rect.dat
 1 16 40 5.50 43.50 39 0 0 0 0 -2.50 0 1 0 rect.dat
 1 16 40 5.50 57 39 0 0 0 0 -2.50 0 1 0 rect.dat
 1 16 40 4 60 20 0 0 0 0 -4 0 1 0 rect.dat
 1 16 40 1.50 45.25 39 0 0 0 0 -1.50 0 1 0 rect.dat
 1 16 40 1.50 55.25 39 0 0 0 0 -1.50 0 1 0 rect.dat
 1 16 40 -2.90 46.75 7.50 0 0 0 0 -2.60 0 1 0 rect.dat
 1 16 40 -2.90 53.75 7.50 0 0 0 0 -2.60 0 1 0 rect.dat
 4 16 1 8 43.50 1 8 57 1 3 57 1 3 43.50 
 4 16 79 8 43.50 79 8 57 79 3 57 79 3 43.50 
 4 16 1 3 43.50 1 3 45.25 79 3 45.25 79 3 43.50 
 4 16 1 3 55.25 1 3 57 79 3 57 79 3 55.25 
 4 16 1 3 45.25 1 3 55.25 1 0 55.25 1 0 45.25 
 4 16 79 3 45.25 79 3 55.25 79 0 55.25 79 0 45.25 
 3 16 1 0 45.25 1 0 55.25 1 -1 50.25 
 3 16 79 0 45.25 79 0 55.25 79 -1 50.25 
 4 16 1 0 45.25 1 -1 50.25 32.50 -1 50.25 32.50 0 45.25 
 4 16 1 -1 50.25 1 0 55.25 32.50 0 55.25 32.50 -1 50.25 
 4 16 32.50 0 45.25 32.50 -0.30 46.75 47.50 -0.30 46.75 47.50 0 45.25 
 4 16 32.50 -0.30 53.75 32.50 0 55.25 47.50 0 55.25 47.50 -0.30 53.75 
 4 16 47.50 0 45.25 47.50 -1 50.25 79 -1 50.25 79 0 45.25 
 4 16 47.50 -1 50.25 47.50 0 55.25 79 0 55.25 79 -1 50.25 
 3 16 32.50 -0.30 46.75 32.50 -1 50.25 32.50 -11 46.75 
 4 16 32.50 -1 50.25 32.50 -0.30 53.75 32.50 -11 53.75 32.50 -11 46.75 
 3 16 47.50 -0.30 46.75 47.50 -1 50.25 47.50 -11 46.75 
 4 16 47.50 -1 50.25 47.50 -0.30 53.75 47.50 -11 53.75 47.50 -11 46.75 
 3 16 32.50 -3.13 45.25 32.50 -3.50 46.75 32.50 -5.50 46.75 
 3 16 32.50 -3.50 53.75 32.50 -3.13 55.25 32.50 -5.50 53.75 
 4 16 32.50 -3.13 45.25 47.50 -3.13 45.25 47.50 -5.50 46.75 32.50 -5.50 46.75 
 4 16 32.50 -5.50 53.75 47.50 -5.50 53.75 47.50 -3.13 55.25 32.50 -3.13 55.25 
 3 16 47.50 -3.13 45.25 47.50 -3.50 46.75 47.50 -5.50 46.75 
 3 16 47.50 -3.50 53.75 47.50 -3.13 55.25 47.50 -5.50 53.75 
 4 16 32.50 -11 46.75 32.50 -11 53.75 35 -11 53.75 35 -11 46.75 
 4 16 35 -11 49.25 35 -11 51.25 45 -11 51.25 45 -11 49.25 
 4 16 45 -11 46.75 45 -11 53.75 47.50 -11 53.75 47.50 -11 46.75 
 2 24 1 8 43.50 1 8 57 
 2 24 79 8 43.50 79 8 57 
 2 24 1 3 43.50 1 3 45.25 
 2 24 1 3 55.25 1 3 57 
 2 24 79 3 43.50 79 3 45.25 
 2 24 79 3 55.25 79 3 57 
 2 24 1 0 45.25 1 -1 50.25 
 2 24 1 -1 50.25 1 0 55.25 
 2 24 1 -1 50.25 32.50 -1 50.25 
 2 24 32.50 -0.30 46.75 32.50 -1 50.25 
 2 24 32.50 -1 50.25 32.50 -0.30 53.75 
 2 24 47.50 -0.30 46.75 47.50 -1 50.25 
 2 24 47.50 -1 50.25 47.50 -0.30 53.75 
 2 24 47.50 -1 50.25 79 -1 50.25 
 2 24 79 0 45.25 79 -1 50.25 
 2 24 79 -1 50.25 79 0 55.25 
 2 24 32.50 -3.13 45.25 32.50 -3.50 46.75 
 2 24 32.50 -3.13 45.25 47.50 -3.13 45.25 
 2 24 47.50 -3.13 45.25 47.50 -3.50 46.75 
 2 24 32.50 -3.13 45.25 32.50 -5.50 46.75 
 2 24 47.50 -3.13 45.25 47.50 -5.50 46.75 
 2 24 32.50 -3.50 53.75 32.50 -3.13 55.25 
 2 24 32.50 -3.13 55.25 47.50 -3.13 55.25 
 2 24 47.50 -3.50 53.75 47.50 -3.13 55.25 
 2 24 32.50 -3.13 55.25 32.50 -5.50 53.75 
 2 24 47.50 -3.13 55.25 47.50 -5.50 53.75 
 2 24 32.50 -11 53.75 32.50 -11 46.75 
 2 24 47.50 -11 53.75 47.50 -11 46.75 
0 Comment: back-4
 1 16 120 4 40.50 20 0 0 0 0 -4 0 1 0 rect.dat
 1 16 110.50 5.50 43.50 29.50 0 0 0 0 -2.50 0 1 0 rect.dat
 1 16 110.50 5.50 57 29.50 0 0 0 0 -2.50 0 1 0 rect.dat
 1 16 120 4 60 20 0 0 0 0 -4 0 1 0 rect.dat
 1 16 110.50 1.50 45.25 29.50 0 0 0 0 -1.50 0 1 0 rect.dat
 1 16 110.50 1.50 55.25 29.50 0 0 0 0 -1.50 0 1 0 rect.dat
 1 16 126.50 -2.90 46.75 7.50 0 0 0 0 -2.60 0 1 0 rect.dat
 1 16 126.50 -2.90 53.75 7.50 0 0 0 0 -2.60 0 1 0 rect.dat
 4 16 81 8 43.50 81 8 57 81 3 57 81 3 43.50 
 4 16 140 8 43.50 140 8 57 140 3 57 140 3 43.50 
 4 16 81 3 43.50 81 3 45.25 140 3 45.25 140 3 43.50 
 4 16 81 3 55.25 81 3 57 140 3 57 140 3 55.25 
 4 16 81 3 45.25 81 3 55.25 81 0 55.25 81 0 45.25 
 4 16 140 3 45.25 140 3 55.25 140 0 55.25 140 0 45.25 
 3 16 81 0 45.25 81 0 55.25 81 -1 50.25 
 3 16 140 0 45.25 140 0 55.25 140 -1 50.25 
 4 16 81 0 45.25 81 -1 50.25 119 -1 50.25 119 0 45.25 
 4 16 81 -1 50.25 81 0 55.25 119 0 55.25 119 -1 50.25 
 4 16 119 0 45.25 119 -0.30 46.75 134 -0.30 46.75 134 0 45.25 
 4 16 119 -0.30 53.75 119 0 55.25 134 0 55.25 134 -0.30 53.75 
 4 16 134 0 45.25 134 -1 50.25 140 -1 50.25 140 0 45.25 
 4 16 134 -1 50.25 134 0 55.25 140 0 55.25 140 -1 50.25 
 3 16 119 -0.30 46.75 119 -1 50.25 119 -11 46.75 
 4 16 119 -1 50.25 119 -0.30 53.75 119 -11 53.75 119 -11 46.75 
 3 16 134 -0.30 46.75 134 -1 50.25 134 -11 46.75 
 4 16 134 -1 50.25 134 -0.30 53.75 134 -11 53.75 134 -11 46.75 
 3 16 119 -3.13 45.25 119 -3.50 46.75 119 -5.50 46.75 
 3 16 119 -3.50 53.75 119 -3.13 55.25 119 -5.50 53.75 
 4 16 119 -3.13 45.25 134 -3.13 45.25 134 -5.50 46.75 119 -5.50 46.75 
 4 16 119 -5.50 53.75 134 -5.50 53.75 134 -3.13 55.25 119 -3.13 55.25 
 3 16 134 -3.13 45.25 134 -3.50 46.75 134 -5.50 46.75 
 3 16 134 -3.50 53.75 134 -3.13 55.25 134 -5.50 53.75 
 4 16 119 -11 46.75 119 -11 53.75 121.50 -11 53.75 121.50 -11 46.75 
 4 16 121.50 -11 49.25 121.50 -11 51.25 131.50 -11 51.25 131.50 -11 49.25 
 4 16 131.50 -11 46.75 131.50 -11 53.75 134 -11 53.75 134 -11 46.75 
 2 24 81 8 43.50 81 8 57 
 2 24 140 8 43.50 140 8 57 
 2 24 81 3 43.50 81 3 45.25 
 2 24 81 3 55.25 81 3 57 
 2 24 140 3 43.50 140 3 45.25 
 2 24 140 3 55.25 140 3 57 
 2 24 81 0 45.25 81 -1 50.25 
 2 24 81 -1 50.25 81 0 55.25 
 2 24 81 -1 50.25 119 -1 50.25 
 2 24 119 -0.30 46.75 119 -1 50.25 
 2 24 119 -1 50.25 119 -0.30 53.75 
 2 24 134 -0.30 46.75 134 -1 50.25 
 2 24 134 -1 50.25 134 -0.30 53.75 
 2 24 134 -1 50.25 140 -1 50.25 
 2 24 140 0 45.25 140 -1 50.25 
 2 24 140 -1 50.25 140 0 55.25 
 2 24 119 -3.13 45.25 119 -3.50 46.75 
 2 24 119 -3.13 45.25 134 -3.13 45.25 
 2 24 134 -3.13 45.25 134 -3.50 46.75 
 2 24 119 -3.13 45.25 119 -5.50 46.75 
 2 24 134 -3.13 45.25 134 -5.50 46.75 
 2 24 119 -3.50 53.75 119 -3.13 55.25 
 2 24 119 -3.13 55.25 134 -3.13 55.25 
 2 24 134 -3.50 53.75 134 -3.13 55.25 
 2 24 119 -3.13 55.25 119 -5.50 53.75 
 2 24 134 -3.13 55.25 134 -5.50 53.75 
 2 24 119 -11 53.75 119 -11 46.75 
 2 24 134 -11 53.75 134 -11 46.75 
0
1 16 -80 0 0 1 0 0 0 1 0 0 0 1 s\2865s02.dat
1 16 0 0 0 1 0 0 0 1 0 0 0 1 s\2865s01.dat
1 16 80 0 0 1 0 0 0 1 0 0 0 1 s\2865s02.dat
1 16 -80 0 -70 -1 0 0 0 1 0 0 0 -1 s\2865s03.dat
1 16 0 0 -70 -1 0 0 0 1 0 0 0 -1 s\2865s03.dat
1 16 80 0 -70 -1 0 0 0 1 0 0 0 -1 s\2865s03.dat
1 16 -80 0 70 1 0 0 0 1 0 0 0 1 s\2865s03.dat
1 16 0 0 70 1 0 0 0 1 0 0 0 1 s\2865s03.dat
1 16 80 0 70 1 0 0 0 1 0 0 0 1 s\2865s03.dat
0 Comment: straight rail (Top part right)
 4 16 150 0 40.50 -150 0 40.50 -150 0 42.75 150 0 42.75 
 4 16 150 0 42.75 -150 0 42.75 -150 -2.50 42.75 150 -2.50 42.75 
 4 16 150 -2.50 42.75 -150 -2.50 42.75 -150 -3.50 46.75 150 -3.50 46.75 
 2 24 150 0 42.75 -150 0 42.75 
 2 24 150 -2.50 42.75 -150 -2.50 42.75 
 2 24 150 -2.50 46.75 -150 -2.50 46.75 
 4 16 -150 0 42.75 -150 0 46.75 -150 -3.50 46.75 -150 -2.50 42.75 
 4 16 -150 0 46.75 -150 0 50.25 -150 -16 50.25 -150 -16 46.75 
 2 24 -150 0 42.75 -150 -2.50 42.75 
 2 24 -150 -2.50 42.75 -150 -3.50 46.75 
 2 24 -150 0 50.25 -150 -16 50.25 
 2 24 -150 -3.50 46.75 -150 -16 46.75 
 2 24 -150 0 42.75 -150 0 50.25 
0 
 4 16 150 0 57.75 -150 0 57.75 -150 0 60 150 0 60 
 4 16 150 0 57.75 -150 0 57.75 -150 -2.50 57.75 150 -2.50 57.75 
 4 16 150 -2.50 57.75 -150 -2.50 57.75 -150 -3.50 53.75 150 -3.50 53.75 
 2 24 150 0 57.75 -150 0 57.75 
 2 24 150 -2.50 57.75 -150 -2.50 57.75 
 2 24 150 -2.50 53.75 -150 -2.50 53.75 
 4 16 150 0 57.75 150 0 53.75 150 -3.50 53.75 150 -2.50 57.75 
 4 16 150 0 53.75 150 0 50.25 150 -16 50.25 150 -16 53.75 
 2 24 150 0 57.75 150 -2.50 57.75 
 2 24 150 -2.50 57.75 150 -3.50 53.75 
 2 24 150 0 50.25 150 -16 50.25 
 2 24 150 -3.50 53.75 150 -16 53.75 
 2 24 150 0 57.75 150 0 50.25 
 1 16 83.25 -7.25 46.75 35.75 0 0 0 0 -3.75 0 1 0 rect.dat
 1 16 83.25 -7.25 53.75 35.75 0 0 0 0 -3.75 0 1 0 rect.dat
 1 16 0 -7.25 46.75 32.50 0 0 0 0 -3.75 0 1 0 rect.dat
 1 16 0 -7.25 53.75 32.50 0 0 0 0 -3.75 0 1 0 rect.dat
 1 16 -83.25 -7.25 46.75 35.75 0 0 0 0 -3.75 0 1 0 rect.dat
 1 16 -60 -7.25 53.75 12.50 0 0 0 0 -3.75 0 1 0 rect.dat
 1 16 -103.25 -7.25 53.75 15.75 0 0 0 0 -3.75 0 1 0 rect.dat
0 Comment:power connector hole
 1 16 -80 -7.69 50.35 7.55 0 0 0 0 -3.31 0 1 0 rect.dat
 4 16 -72.50 -4.38 50 -72.50 -3.50 53.75 -72.50 -11 53.75 -72.50 -11 50 
 4 16 -87.50 -4.38 50 -87.50 -3.50 53.75 -87.50 -11 53.75 -87.50 -11 50 
 4 16 -72.50 -4.38 50.35 -87.50 -4.38 50.35 -87.50 -3.50 53.75 -72.50 -3.50 53.75 
 2 24 -87.50 -3.50 53.75 -87.50 -4.38 50.35 
 2 24 -72.50 -3.50 53.75 -72.50 -4.38 50.35 
0
 1 16 142 -7.25 46.75 8 0 0 0 0 -3.75 0 1 0 rect.dat
 4 16 134 -3.50 53.75 150 -3.50 53.75 150 -11 53.75 134 -11 53.75 
 2 24 134 -3.50 53.75 134 -11 53.75 
 2 24 150 -3.50 53.75 134 -3.50 53.75 
 4 16 150 -11 53.75 146.50 -11 53.75 146.50 -16 53.75 150 -16 53.75 
 2 24 146.50 -16 53.75 146.50 -11 53.75 
 2 24 -146.50 -16 46.75 -146.50 -11 46.75 
0
 1 16 -142 -7.25 53.75 8 0 0 0 0 -3.75 0 1 0 rect.dat
 4 16 -150 -3.50 46.75 -134 -3.50 46.75 -134 -11 46.75 -150 -11 46.75 
 2 24 -150 -3.50 46.75 -134 -3.50 46.75 
 2 24 -134 -3.50 46.75 -134 -11 46.75 
 4 16 -150 -11 46.75 -146.50 -11 46.75 -146.50 -16 46.75 -150 -16 46.75 
 1 16 -148 -16 48.50 1.75 0 0 0 1 0 0 0 1.75 rect.dat
 1 16 148 -16 52 1.75 0 0 0 1 0 0 0 1.75 rect.dat
0 Comment: straight rail (Top part left)
 4 16 150 0 -40.50 -150 0 -40.50 -150 0 -42.75 150 0 -42.75 
 4 16 150 0 -42.75 -150 0 -42.75 -150 -2.50 -42.75 150 -2.50 -42.75 
 4 16 150 -2.50 -42.75 -150 -2.50 -42.75 -150 -3.50 -46.75 150 -3.50 -46.75 
 2 24 150 0 -42.75 -150 0 -42.75 
 2 24 150 -2.50 -42.75 -150 -2.50 -42.75 
 2 24 150 -2.50 -46.75 -150 -2.50 -46.75 
 4 16 150 0 -42.75 150 0 -46.75 150 -3.50 -46.75 150 -2.50 -42.75 
 4 16 150 0 -46.75 150 0 -50.25 150 -16 -50.25 150 -16 -46.75 
 2 24 150 0 -42.75 150 -2.50 -42.75 
 2 24 150 -2.50 -42.75 150 -3.50 -46.75 
 2 24 150 0 -50.25 150 -16 -50.25 
 2 24 150 -3.50 -46.75 150 -16 -46.75 
 2 24 150 0 -42.75 150 0 -50.25 
0
 4 16 150 0 -57.75 -150 0 -57.75 -150 0 -60 150 0 -60 
 4 16 150 0 -57.75 -150 0 -57.75 -150 -2.50 -57.75 150 -2.50 -57.75 
 4 16 150 -2.50 -57.75 -150 -2.50 -57.75 -150 -3.50 -53.75 150 -3.50 -53.75 
 2 24 150 0 -57.75 -150 0 -57.75 
 2 24 150 -2.50 -57.75 -150 -2.50 -57.75 
 2 24 150 -2.50 -53.75 -150 -2.50 -53.75 
 4 16 -150 0 -57.75 -150 0 -53.75 -150 -3.50 -53.75 -150 -2.50 -57.75 
 4 16 -150 0 -53.75 -150 0 -50.25 -150 -16 -50.25 -150 -16 -53.75 
 2 24 -150 0 -57.75 -150 -2.50 -57.75 
 2 24 -150 -2.50 -57.75 -150 -3.50 -53.75 
 2 24 -150 0 -50.25 -150 -16 -50.25 
 2 24 -150 -3.50 -53.75 -150 -16 -53.75 
 2 24 -150 0 -57.75 -150 0 -50.25 
 1 16 83.25 -7.25 -46.75 35.75 0 0 0 0 -3.75 0 1 0 rect.dat
 1 16 83.25 -7.25 -53.75 35.75 0 0 0 0 -3.75 0 1 0 rect.dat
 1 16 0 -7.25 -46.75 32.50 0 0 0 0 -3.75 0 1 0 rect.dat
 1 16 0 -7.25 -53.75 32.50 0 0 0 0 -3.75 0 1 0 rect.dat
 1 16 -83.25 -7.25 -46.75 35.75 0 0 0 0 -3.75 0 1 0 rect.dat
 1 16 -60 -7.25 -53.75 12.50 0 0 0 0 -3.75 0 1 0 rect.dat
 1 16 -103.25 -7.25 -53.75 15.75 0 0 0 0 -3.75 0 1 0 rect.dat
0 Comment: power connector hole
 1 16 -80 -7.69 -50.35 7.55 0 0 0 0 -3.31 0 1 0 rect.dat
 4 16 -72.50 -4.38 -50 -72.50 -3.50 -53.75 -72.50 -11 -53.75 -72.50 -11 -50 
 4 16 -87.50 -4.38 -50 -87.50 -3.50 -53.75 -87.50 -11 -53.75 -87.50 -11 -50 
 4 16 -72.50 -4.38 -50.35 -87.50 -4.38 -50.35 -87.50 -3.50 -53.75 -72.50 -3.50 -53.75 
 2 24 -87.50 -3.50 -53.75 -87.50 -4.38 -50.35 
 2 24 -72.50 -3.50 -53.75 -72.50 -4.38 -50.35 
0
 1 16 142 -7.25 -53.75 8 0 0 0 0 -3.75 0 1 0 rect.dat
 4 16 134 -3.50 -46.75 150 -3.50 -46.75 150 -11 -46.75 134 -11 -46.75 
 2 24 134 -3.50 -46.75 134 -11 -46.75 
 2 24 150 -3.50 -46.75 134 -3.50 -46.75 
 4 16 150 -11 -46.75 146.50 -11 -46.75 146.50 -16 -46.75 150 -16 -46.75 
 2 24 -146.50 -16 -53.75 -146.50 -11 -53.75 
 2 24 146.50 -16 -46.75 146.50 -11 -46.75 
0
 1 16 -142 -7.25 -46.75 8 0 0 0 0 -3.75 0 1 0 rect.dat
 4 16 -150 -3.50 -53.75 -134 -3.50 -53.75 -134 -11 -53.75 -150 -11 -53.75 
 2 24 -150 -3.50 -53.75 -134 -3.50 -53.75 
 2 24 -134 -3.50 -53.75 -134 -11 -53.75 
 4 16 -150 -11 -53.75 -146.50 -11 -53.75 -146.50 -16 -53.75 -150 -16 -53.75 
 1 16 -148 -16 -52 1.75 0 0 0 1 0 0 0 1.75 rect.dat
 1 16 148 -16 -48.50 1.75 0 0 0 1 0 0 0 1.75 rect.dat
0 Comment : metal rail
1 383 0 0 0 1 0 0 0 1 0 0 0 1 s\2865s05.dat
1 383 -160 0 0 1 0 0 0 1 0 0 0 1 s\2865s06.dat
1 383 -160 0 -100.5 1 0 0 0 1 0 0 0 1 s\2865s06.dat
1 383 160 0 0 -1 0 0 0 1 0 0 0 -1 s\2865s06.dat
1 383 160 0 100.5 -1 0 0 0 1 0 0 0 -1 s\2865s06.dat
0 Comment : rail click system on both ends
1 16 -160 0 0 1 0 0 0 1 0 0 0 1 s\2865s04.dat
1 16 160 0 0 -1 0 0 0 1 0 -0 0 -1 s\2865s04.dat
0 COMMENT :Place studs on subparts
1 16 150 0 -70 0 0 1 0 1 0 -1 0 0 stud.dat
1 16 90 0 -70 0 0 1 0 1 0 -1 0 0 stud.dat
1 16 70 0 -70 0 0 1 0 1 0 -1 0 0 stud.dat
1 16 10 0 -70 0 0 1 0 1 0 -1 0 0 stud.dat
1 16 -10 0 -70 0 0 1 0 1 0 -1 0 0 stud.dat
1 16 -70 0 -70 0 0 1 0 1 0 -1 0 0 stud.dat
1 16 -90 0 -70 0 0 1 0 1 0 -1 0 0 stud.dat
1 16 -150 0 -70 0 0 1 0 1 0 -1 0 0 stud.dat
1 16 -150 0 -10 0 0 1 0 1 0 -1 0 0 stud.dat
1 16 -150 0 30 0 0 1 0 1 0 -1 0 0 stud.dat
1 16 -150 0 10 0 0 1 0 1 0 -1 0 0 stud.dat
1 16 -150 0 -30 0 0 1 0 1 0 -1 0 0 stud.dat
0
1 16 150 0 70 0 0 1 0 1 0 -1 0 0 stud.dat
1 16 90 0 70 0 0 1 0 1 0 -1 0 0 stud.dat
1 16 70 0 70 0 0 1 0 1 0 -1 0 0 stud.dat
1 16 10 0 70 0 0 1 0 1 0 -1 0 0 stud.dat
1 16 -10 0 70 0 0 1 0 1 0 -1 0 0 stud.dat
1 16 -70 0 70 0 0 1 0 1 0 -1 0 0 stud.dat
1 16 -90 0 70 0 0 1 0 1 0 -1 0 0 stud.dat
1 16 -150 0 70 0 0 1 0 1 0 -1 0 0 stud.dat
1 16 150 0 10 0 0 1 0 1 0 -1 0 0 stud.dat
1 16 150 0 30 0 0 1 0 1 0 -1 0 0 stud.dat
1 16 150 0 -10 0 0 1 0 1 0 -1 0 0 stud.dat
1 16 150 0 -30 0 0 1 0 1 0 -1 0 0 stud.dat
0
