0 ~Train Track  9V Curved Metal Track
0 Name: s\2867s05.dat
0 Author: Ludo Soete [ludo]
0 !LDRAW_ORG Subpart UPDATE 2004-04
0 !LICENSE Redistributable under CCAL version 2.0 : see CAreadme.txt

0 !HISTORY 2004-11-06 [PTadmin] Official Update 2004-04
0 !HISTORY 2007-08-29 [PTadmin] Header formatted for Contributor Agreement
0 !HISTORY 2008-07-01 [PTadmin] Official Update 2008-01

0 // Inner metal rail
 2 24 -137.1433 -11 -59.2733 -134.854 -11 -58.9197
 2 24 -137.1433 -16 -59.2733 -134.854 -16 -58.9197
 4 16 -136.4604 -16 -62.706 -133.0276 -16 -62.0232 -133.7105 -16 -58.5904 -137.1433 -16 -59.2733
 4 16 -137.1433 -11 -59.2733 -134.854 -11 -58.9197 -134.854 -16 -58.9197 -137.1433 -16 -59.2733
 2 24 -132.3448 -16 -65.456 -118.8912 -16 -63.2816
 2 24 -132.3448 -11 -65.456 -118.8912 -11 -63.2816
 2 24 -134.854 -11 -58.9197 -120.0064 -11 -56.371
 2 24 -134.854 -16 -58.9197 -120.0064 -16 -56.371
 2 24 -132.3448 -16 -65.456 -132.3448 -11 -65.456
 4 16 -132.3448 -16 -65.456 -118.8912 -16 -63.2816 -118.8912 -11 -63.2816 -132.3448 -11 -65.456
 4 16 -132.3448 -16 -65.456 -118.8912 -16 -63.2816 -120.0064 -16 -56.371 -133.7105 -16 -58.5904
 4 16 -134.854 -11 -58.9197 -120.0064 -11 -56.371 -120.0064 -16 -56.371 -134.854 -16 -58.9197
 2 24 -118.8912 -16 -63.2816 -104.134 -16 -61.0513
 2 24 -118.8912 -11 -63.2816 -104.134 -11 -61.0513
 2 24 -120.0064 -11 -56.371 -105.1109 -11 -54.1198
 2 24 -120.0064 -16 -56.371 -105.1109 -16 -54.1198
 4 16 -118.8912 -16 -63.2816 -104.134 -16 -61.0513 -104.134 -11 -61.0513 -118.8912 -11 -63.2816
 4 16 -118.8912 -16 -63.2816 -104.134 -16 -61.0513 -105.1109 -16 -54.1198 -120.0064 -16 -56.371
 4 16 -120.0064 -11 -56.371 -105.1109 -11 -54.1198 -105.1109 -16 -54.1198 -120.0064 -16 -56.371
 5 24 -120.0064 -11 -56.371 -120.0064 -16 -56.371 -134.854 -11 -58.9197 -105.1109 -11 -54.1198
 5 24 -118.8912 -16 -63.2816 -118.8912 -11 -63.2816 -132.3448 -11 -65.456 -104.134 -11 -61.0513
 2 24 -104.134 -16 -61.0513 -89.3352 -16 -59.1166
 2 24 -104.134 -11 -61.0513 -89.3352 -11 -59.1166
 2 24 -105.1109 -11 -54.1198 -90.1732 -11 -52.1669
 2 24 -105.1109 -16 -54.1198 -90.1732 -16 -52.1669
 4 16 -104.134 -16 -61.0513 -89.3352 -16 -59.1166 -89.3352 -11 -59.1166 -104.134 -11 -61.0513
 4 16 -104.134 -16 -61.0513 -89.3352 -16 -59.1166 -90.1732 -16 -52.1669 -105.1109 -16 -54.1198
 4 16 -105.1109 -11 -54.1198 -90.1732 -11 -52.1669 -90.1732 -16 -52.1669 -105.1109 -16 -54.1198
 5 24 -105.1109 -11 -54.1198 -105.1109 -16 -54.1198 -120.0064 -11 -56.371 -90.1732 -11 -52.1669
 5 24 -104.134 -16 -61.0513 -104.134 -11 -61.0513 -118.8912 -11 -63.2816 -89.3352 -11 -59.1166
 2 24 -89.3352 -16 -59.1166 -74.5007 -16 -57.4781
 2 24 -89.3352 -11 -59.1166 -74.5007 -11 -57.4781
 2 24 -90.1732 -11 -52.1669 -75.1995 -11 -50.5131
 2 24 -90.1732 -16 -52.1669 -75.1995 -16 -50.5131
 4 16 -89.3352 -16 -59.1166 -74.5007 -16 -57.4781 -74.5007 -11 -57.4781 -89.3352 -11 -59.1166
 4 16 -89.3352 -16 -59.1166 -74.5007 -16 -57.4781 -75.1995 -16 -50.5131 -90.1732 -16 -52.1669
 4 16 -90.1732 -11 -52.1669 -75.1995 -11 -50.5131 -75.1995 -16 -50.5131 -90.1732 -16 -52.1669
 5 24 -90.1732 -11 -52.1669 -90.1732 -16 -52.1669 -105.1109 -16 -54.1198 -75.1995 -11 -50.5131
 5 24 -89.3352 -16 -59.1166 -89.3352 -11 -59.1166 -104.134 -11 -61.0513 -74.5007 -11 -57.4781
 2 24 -74.5007 -16 -57.4781 -59.6363 -16 -56.1367
 2 24 -74.5007 -11 -57.4781 -59.6363 -11 -56.1367
 2 24 -75.1995 -11 -50.5131 -60.1957 -11 -49.1591
 2 24 -75.1995 -16 -50.5131 -60.1957 -16 -49.1591
 4 16 -74.5007 -16 -57.4781 -59.6363 -16 -56.1367 -59.6363 -11 -56.1367 -74.5007 -11 -57.4781
 4 16 -74.5007 -16 -57.4781 -59.6363 -16 -56.1367 -60.1957 -16 -49.1591 -75.1995 -16 -50.5131
 4 16 -75.1995 -11 -50.5131 -60.1957 -11 -49.1591 -60.1957 -16 -49.1591 -75.1995 -16 -50.5131
 5 24 -75.1995 -11 -50.5131 -75.1995 -16 -50.5131 -90.1732 -16 -52.1669 -60.1957 -11 -49.1591
 5 24 -74.5007 -16 -57.4781 -74.5007 -11 -57.4781 -89.3352 -11 -59.1166 -59.6363 -11 -56.1367
 2 24 -59.6363 -16 -56.1367 -44.7481 -16 -55.0928
 2 24 -59.6363 -11 -56.1367 -44.7481 -11 -55.0928
 2 24 -60.1957 -11 -49.1591 -45.1679 -11 -48.1054
 2 24 -60.1957 -16 -49.1591 -45.1679 -16 -48.1054
 4 16 -59.6363 -16 -56.1367 -44.7481 -16 -55.0928 -44.7481 -11 -55.0928 -59.6363 -11 -56.1367
 4 16 -59.6363 -16 -56.1367 -44.7481 -16 -55.0928 -45.1679 -16 -48.1054 -60.1957 -16 -49.1591
 4 16 -60.1957 -11 -49.1591 -45.1679 -11 -48.1054 -45.1679 -16 -48.1054 -60.1957 -16 -49.1591
 5 24 -60.1957 -11 -49.1591 -60.1957 -16 -49.1591 -75.1995 -16 -50.5131 -45.1679 -11 -48.1054
 5 24 -59.6363 -16 -56.1367 -59.6363 -11 -56.1367 -74.5007 -11 -57.4781 -44.7481 -11 -55.0928
 2 24 -44.7481 -16 -55.0928 -29.842 -16 -54.3469
 2 24 -44.7481 -11 -55.0928 -29.842 -11 -54.3469
 2 24 -45.1679 -11 -48.1054 -30.122 -11 -47.3525
 2 24 -45.1679 -16 -48.1054 -30.122 -16 -47.3525
 4 16 -44.7481 -16 -55.0928 -29.842 -16 -54.3469 -29.842 -11 -54.3469 -44.7481 -11 -55.0928
 4 16 -44.7481 -16 -55.0928 -29.842 -16 -54.3469 -30.122 -16 -47.3525 -45.1679 -16 -48.1054
 4 16 -45.1679 -11 -48.1054 -30.122 -11 -47.3525 -30.122 -16 -47.3525 -45.1679 -16 -48.1054
 5 24 -45.1679 -11 -48.1054 -45.1679 -16 -48.1054 -60.1957 -16 -49.1591 -30.122 -11 -47.3525
 5 24 -44.7481 -16 -55.0928 -44.7481 -11 -55.0928 -59.6363 -11 -56.1367 -29.842 -11 -54.3469
 2 24 -29.842 -16 -54.3469 -14.924 -16 -53.8992
 2 24 -29.842 -11 -54.3469 -14.924 -11 -53.8992
 2 24 -30.122 -11 -47.3525 -15.064 -11 -46.9006
 2 24 -30.122 -16 -47.3525 -15.064 -16 -46.9006
 4 16 -29.842 -16 -54.3469 -14.924 -16 -53.8992 -14.924 -11 -53.8992 -29.842 -11 -54.3469
 4 16 -29.842 -16 -54.3469 -14.924 -16 -53.8992 -15.064 -16 -46.9006 -30.122 -16 -47.3525
 4 16 -30.122 -11 -47.3525 -15.064 -11 -46.9006 -15.064 -16 -46.9006 -30.122 -16 -47.3525
 5 24 -30.122 -11 -47.3525 -30.122 -16 -47.3525 -45.1679 -16 -48.1054 -15.064 -11 -46.9006
 5 24 -29.842 -16 -54.3469 -29.842 -11 -54.3469 -44.7481 -11 -55.0928 -14.924 -11 -53.8992
 2 24 -14.924 -16 -53.8992 0 -16 -53.75
 2 24 -14.924 -11 -53.8992 0 -11 -53.75
 2 24 -15.064 -11 -46.9006 0 -11 -46.75
 2 24 -15.064 -16 -46.9006 0 -16 -46.75
 4 16 -14.924 -16 -53.8992 0 -16 -53.75 0 -11 -53.75 -14.924 -11 -53.8992
 4 16 -14.924 -16 -53.8992 0 -16 -53.75 0 -16 -46.75 -15.064 -16 -46.9006
 4 16 -15.064 -11 -46.9006 0 -11 -46.75 0 -16 -46.75 -15.064 -16 -46.9006
 5 24 -15.064 -11 -46.9006 -15.064 -16 -46.9006 -30.122 -16 -47.3525 0 -11 -46.75
 5 24 -14.924 -16 -53.8992 -14.924 -11 -53.8992 -29.842 -11 -54.3469 0 -11 -53.75
 2 24 0 -16 -53.75 14.924 -16 -53.8992
 2 24 0 -11 -53.75 14.924 -11 -53.8992
 2 24 0 -11 -46.75 15.064 -11 -46.9006
 2 24 0 -16 -46.75 15.064 -16 -46.9006
 4 16 0 -16 -53.75 14.924 -16 -53.8992 14.924 -11 -53.8992 0 -11 -53.75
 4 16 0 -16 -53.75 14.924 -16 -53.8992 15.064 -16 -46.9006 0 -16 -46.75
 4 16 0 -11 -46.75 15.064 -11 -46.9006 15.064 -16 -46.9006 0 -16 -46.75
 5 24 0 -11 -46.75 0 -16 -46.75 -15.064 -16 -46.9006 15.064 -11 -46.9006
 5 24 0 -16 -53.75 0 -11 -53.75 -14.924 -11 -53.8992 14.924 -11 -53.8992
 2 24 14.924 -16 -53.8992 29.842 -16 -54.3469
 2 24 14.924 -11 -53.8992 29.842 -11 -54.3469
 2 24 15.064 -11 -46.9006 30.122 -11 -47.3525
 2 24 15.064 -16 -46.9006 30.122 -16 -47.3525
 4 16 14.924 -16 -53.8992 29.842 -16 -54.3469 29.842 -11 -54.3469 14.924 -11 -53.8992
 4 16 14.924 -16 -53.8992 29.842 -16 -54.3469 30.122 -16 -47.3525 15.064 -16 -46.9006
 4 16 15.064 -11 -46.9006 30.122 -11 -47.3525 30.122 -16 -47.3525 15.064 -16 -46.9006
 5 24 15.064 -11 -46.9006 15.064 -16 -46.9006 0 -16 -46.75 30.122 -11 -47.3525
 5 24 14.924 -16 -53.8992 14.924 -11 -53.8992 0 -11 -53.75 29.842 -11 -54.3469
 2 24 29.842 -16 -54.3469 44.7481 -16 -55.0928
 2 24 29.842 -11 -54.3469 44.7481 -11 -55.0928
 2 24 30.122 -11 -47.3525 45.1679 -11 -48.1054
 2 24 30.122 -16 -47.3525 45.1679 -16 -48.1054
 4 16 29.842 -16 -54.3469 44.7481 -16 -55.0928 44.7481 -11 -55.0928 29.842 -11 -54.3469
 4 16 29.842 -16 -54.3469 44.7481 -16 -55.0928 45.1679 -16 -48.1054 30.122 -16 -47.3525
 4 16 30.122 -11 -47.3525 45.1679 -11 -48.1054 45.1679 -16 -48.1054 30.122 -16 -47.3525
 5 24 30.122 -11 -47.3525 30.122 -16 -47.3525 14.924 -11 -53.8992 45.1679 -11 -48.1054
 5 24 29.842 -16 -54.3469 29.842 -11 -54.3469 14.924 -11 -53.8992 44.7481 -11 -55.0928
 2 24 44.7481 -16 -55.0928 59.6363 -16 -56.1367
 2 24 44.7481 -11 -55.0928 59.6363 -11 -56.1367
 2 24 45.1679 -11 -48.1054 60.1957 -11 -49.1591
 2 24 45.1679 -16 -48.1054 60.1957 -16 -49.1591
 4 16 44.7481 -16 -55.0928 59.6363 -16 -56.1367 59.6363 -11 -56.1367 44.7481 -11 -55.0928
 4 16 44.7481 -16 -55.0928 59.6363 -16 -56.1367 60.1957 -16 -49.1591 45.1679 -16 -48.1054
 4 16 45.1679 -11 -48.1054 60.1957 -11 -49.1591 60.1957 -16 -49.1591 45.1679 -16 -48.1054
 5 24 45.1679 -11 -48.1054 45.1679 -16 -48.1054 30.122 -16 -47.3525 60.1957 -11 -49.1591
 5 24 44.7481 -16 -55.0928 44.7481 -11 -55.0928 29.842 -11 -54.3469 59.6363 -11 -56.1367
 2 24 59.6363 -16 -56.1367 74.5007 -16 -57.4781
 2 24 59.6363 -11 -56.1367 74.5007 -11 -57.4781
 2 24 60.1957 -11 -49.1591 75.1995 -11 -50.5131
 2 24 60.1957 -16 -49.1591 75.1995 -16 -50.5131
 4 16 59.6363 -16 -56.1367 74.5007 -16 -57.4781 74.5007 -11 -57.4781 59.6363 -11 -56.1367
 4 16 59.6363 -16 -56.1367 74.5007 -16 -57.4781 75.1995 -16 -50.5131 60.1957 -16 -49.1591
 4 16 60.1957 -11 -49.1591 75.1995 -11 -50.5131 75.1995 -16 -50.5131 60.1957 -16 -49.1591
 5 24 60.1957 -11 -49.1591 60.1957 -16 -49.1591 45.1679 -16 -48.1054 75.1995 -11 -50.5131
 5 24 59.6363 -16 -56.1367 59.6363 -11 -56.1367 44.7481 -11 -55.0928 74.5007 -11 -57.4781
 2 24 74.5007 -16 -57.4781 89.3352 -16 -59.1166
 2 24 74.5007 -11 -57.4781 89.3352 -11 -59.1166
 2 24 75.1995 -11 -50.5131 90.1732 -11 -52.1669
 2 24 75.1995 -16 -50.5131 90.1732 -16 -52.1669
 4 16 74.5007 -16 -57.4781 89.3352 -16 -59.1166 89.3352 -11 -59.1166 74.5007 -11 -57.4781
 4 16 74.5007 -16 -57.4781 89.3352 -16 -59.1166 90.1732 -16 -52.1669 75.1995 -16 -50.5131
 4 16 75.1995 -11 -50.5131 90.1732 -11 -52.1669 90.1732 -16 -52.1669 75.1995 -16 -50.5131
 5 24 75.1995 -11 -50.5131 75.1995 -16 -50.5131 60.1957 -16 -49.1591 90.1732 -11 -52.1669
 5 24 74.5007 -16 -57.4781 74.5007 -11 -57.4781 59.6363 -11 -56.1367 89.3352 -11 -59.1166
 2 24 89.3352 -16 -59.1166 104.134 -16 -61.0513
 2 24 89.3352 -11 -59.1166 104.134 -11 -61.0513
 2 24 90.1732 -11 -52.1669 105.1109 -11 -54.1198
 2 24 90.1732 -16 -52.1669 105.1109 -16 -54.1198
 4 16 89.3352 -16 -59.1166 104.134 -16 -61.0513 104.134 -11 -61.0513 89.3352 -11 -59.1166
 4 16 89.3352 -16 -59.1166 104.134 -16 -61.0513 105.1109 -16 -54.1198 90.1732 -16 -52.1669
 4 16 90.1732 -11 -52.1669 105.1109 -11 -54.1198 105.1109 -16 -54.1198 90.1732 -16 -52.1669
 5 24 90.1732 -11 -52.1669 90.1732 -16 -52.1669 75.1995 -16 -50.5131 105.1109 -11 -54.1198
 5 24 89.3352 -16 -59.1166 89.3352 -11 -59.1166 74.5007 -11 -57.4781 104.134 -11 -61.0513
 2 24 104.134 -16 -61.0513 118.8912 -16 -63.2816
 2 24 104.134 -11 -61.0513 118.8912 -11 -63.2816
 2 24 105.1109 -11 -54.1198 120.0064 -11 -56.371
 2 24 105.1109 -16 -54.1198 120.0064 -16 -56.371
 4 16 104.134 -16 -61.0513 118.8912 -16 -63.2816 118.8912 -11 -63.2816 104.134 -11 -61.0513
 4 16 104.134 -16 -61.0513 118.8912 -16 -63.2816 120.0064 -16 -56.371 105.1109 -16 -54.1198
 4 16 105.1109 -11 -54.1198 120.0064 -11 -56.371 120.0064 -16 -56.371 105.1109 -16 -54.1198
 5 24 105.1109 -11 -54.1198 105.1109 -16 -54.1198 90.1732 -16 -52.1669 120.0064 -11 -56.371
 5 24 104.134 -16 -61.0513 104.134 -11 -61.0513 89.3352 -11 -59.1166 118.8912 -11 -63.2816
 2 24 118.8912 -16 -63.2816 133.6008 -16 -65.8066
 2 24 118.8912 -11 -63.2816 133.6008 -11 -65.8066
 2 24 120.0064 -11 -56.371 134.854 -11 -58.9197
 2 24 120.0064 -16 -56.371 134.854 -16 -58.9197
 2 24 133.7105 -11 -58.5904 133.7105 -16 -58.5904
 4 16 118.8912 -16 -63.2816 133.6008 -16 -65.8066 133.6008 -11 -65.8066 118.8912 -11 -63.2816
 4 16 118.8912 -16 -63.2816 132.3448 -16 -65.456 133.7105 -16 -58.5904 120.0064 -16 -56.371
 4 16 133.6008 -16 -65.8066 132.3448 -16 -65.456 133.0276 -16 -62.0232 134.2274 -16 -62.3632
 4 16 120.0064 -11 -56.371 133.7105 -11 -58.5904 133.7105 -16 -58.5904 120.0064 -16 -56.371
 5 24 120.0064 -11 -56.371 120.0064 -16 -56.371 105.1109 -16 -54.1198 134.854 -11 -58.9197
 5 24 118.8912 -16 -63.2816 118.8912 -11 -63.2816 104.134 -11 -61.0513 133.6008 -11 -65.8066
 2 24 133.6008 -16 -65.8066 135.7776 -16 -66.1389
 2 24 133.6008 -11 -65.8066 135.7776 -11 -66.1389
 4 16 133.6008 -16 -65.8066 135.7776 -16 -66.1389 135.7776 -11 -66.1389 133.6008 -11 -65.8066
 4 16 133.6008 -16 -65.8066 135.7776 -16 -66.1389 136.4604 -16 -62.7061 134.2274 -16 -62.3632
0
0 COMMENT : Buitenste MetaalRail / Outher metal rail
0
 2 24 -156.7508 -11 39.2972 -152.8465 -11 39.9566
 2 24 -156.7508 -16 39.2972 -152.8465 -16 39.9566
 2 24 -151.9523 -16 33.1144 -151.5933 -16 33.0696
 2 24 -153.318 -16 39.98 -152.8465 -16 39.9566
 2 24 -151.5933 -11 33.0696 -151.9523 -11 33.1144
 2 24 -151.9523 -11 33.1144 -151.9523 -16 33.1144
 4 16 -151.9523 -16 33.1144 -151.5933 -16 33.0696 -151.5933 -11 33.0696 -151.9523 -11 33.1144
 4 16 -156.0679 -16 35.8644 -152.6351 -16 36.5472 -153.318 -16 39.98 -156.7508 -16 39.2972
 4 16 -151.9523 -16 33.1144 -153.318 -16 39.98 -152.8465 -16 39.9566 -151.5933 -16 33.0696
 4 16 -156.7508 -11 39.2972 -152.8465 -11 39.9566 -152.8465 -16 39.9566 -156.7508 -16 39.2972
 2 24 -151.5933 -16 33.0696 -134.9027 -16 35.9347
 2 24 -151.5933 -11 33.0696 -134.9027 -11 35.9347
 2 24 -152.8465 -11 39.9566 -136.0179 -11 42.8453
 2 24 -152.8465 -16 39.9566 -136.0179 -16 42.8453
 4 16 -151.5933 -16 33.0696 -134.9027 -16 35.9347 -134.9027 -11 35.9347 -151.5933 -11 33.0696
 4 16 -151.5933 -16 33.0696 -134.9027 -16 35.9347 -136.0179 -16 42.8453 -152.8465 -16 39.9566
 4 16 -152.8465 -11 39.9566 -136.0179 -11 42.8453 -136.0179 -16 42.8453 -152.8465 -16 39.9566
 2 24 -134.9027 -16 35.9347 -118.1581 -16 38.4654
 2 24 -134.9027 -11 35.9347 -118.1581 -11 38.4654
 2 24 -136.0179 -11 42.8453 -119.1349 -11 45.3969
 2 24 -136.0179 -16 42.8453 -119.1349 -16 45.3969
 4 16 -134.9027 -16 35.9347 -118.1581 -16 38.4654 -118.1581 -11 38.4654 -134.9027 -11 35.9347
 4 16 -134.9027 -16 35.9347 -118.1581 -16 38.4654 -119.1349 -16 45.3969 -136.0179 -16 42.8453
 4 16 -136.0179 -11 42.8453 -119.1349 -11 45.3969 -119.1349 -16 45.3969 -136.0179 -16 42.8453
 5 24 -136.0179 -11 42.8453 -136.0179 -16 42.8453 -152.8465 -16 39.9566 -119.1349 -11 45.3969
 5 24 -134.9027 -16 35.9347 -134.9027 -11 35.9347 -151.5933 -11 33.0696 -118.1581 -11 38.4654
 2 24 -118.1581 -16 38.4654 -101.3663 -16 40.6607
 2 24 -118.1581 -11 38.4654 -101.3663 -11 40.6607
 2 24 -119.1349 -11 45.3969 -102.2043 -11 47.6104
 2 24 -119.1349 -16 45.3969 -102.2043 -16 47.6104
 4 16 -118.1581 -16 38.4654 -101.3663 -16 40.6607 -101.3663 -11 40.6607 -118.1581 -11 38.4654
 4 16 -118.1581 -16 38.4654 -101.3663 -16 40.6607 -102.2043 -16 47.6104 -119.1349 -16 45.3969
 4 16 -119.1349 -11 45.3969 -102.2043 -11 47.6104 -102.2043 -16 47.6104 -119.1349 -16 45.3969
 5 24 -119.1349 -11 45.3969 -119.1349 -16 45.3969 -136.0179 -16 42.8453 -102.2043 -11 47.6104
 5 24 -118.1581 -16 38.4654 -118.1581 -11 38.4654 -134.9027 -11 35.9347 -101.3663 -11 40.6607
 2 24 -101.3663 -16 40.6607 -84.5339 -16 42.5198
 2 24 -101.3663 -11 40.6607 -84.5339 -11 42.5198
 2 24 -102.2043 -11 47.6104 -85.2328 -11 49.4848
 2 24 -102.2043 -16 47.6104 -85.2328 -16 49.4848
 4 16 -101.3663 -16 40.6607 -84.5339 -16 42.5198 -84.5339 -11 42.5198 -101.3663 -11 40.6607
 4 16 -101.3663 -16 40.6607 -84.5339 -16 42.5198 -85.2328 -16 49.4848 -102.2043 -16 47.6104
 4 16 -102.2043 -11 47.6104 -85.2328 -11 49.4848 -85.2328 -16 49.4848 -102.2043 -16 47.6104
 5 24 -102.2043 -11 47.6104 -102.2043 -16 47.6104 -119.1349 -16 45.3969 -85.2328 -11 49.4848
 5 24 -101.3663 -16 40.6607 -101.3663 -11 40.6607 -118.1581 -11 38.4654 -84.5339 -11 42.5198
 2 24 -84.5339 -16 42.5198 -67.6678 -16 44.0418
 2 24 -84.5339 -11 42.5198 -67.6678 -11 44.0418
 2 24 -85.2328 -11 49.4848 -68.2272 -11 51.0195
 2 24 -85.2328 -16 49.4848 -68.2272 -16 51.0195
 4 16 -84.5339 -16 42.5198 -67.6678 -16 44.0418 -67.6678 -11 44.0418 -84.5339 -11 42.5198
 4 16 -84.5339 -16 42.5198 -67.6678 -16 44.0418 -68.2272 -16 51.0195 -85.2328 -16 49.4848
 4 16 -85.2328 -11 49.4848 -68.2272 -11 51.0195 -68.2272 -16 51.0195 -85.2328 -16 49.4848
 5 24 -85.2328 -11 49.4848 -85.2328 -16 49.4848 -102.2043 -16 47.6104 -68.2272 -11 51.0195
 5 24 -84.5339 -16 42.5198 -84.5339 -11 42.5198 -101.3663 -11 40.6607 -67.6678 -11 44.0418
 2 24 -67.6678 -16 44.0418 -50.7745 -16 45.2263
 2 24 -67.6678 -11 44.0418 -50.7745 -11 45.2263
 2 24 -68.2272 -11 51.0195 -51.1943 -11 52.2137
 2 24 -68.2272 -16 51.0195 -51.1943 -16 52.2137
 4 16 -67.6678 -16 44.0418 -50.7745 -16 45.2263 -50.7745 -11 45.2263 -67.6678 -11 44.0418
 4 16 -67.6678 -16 44.0418 -50.7745 -16 45.2263 -51.1943 -16 52.2137 -68.2272 -16 51.0195
 4 16 -68.2272 -11 51.0195 -51.1943 -11 52.2137 -51.1943 -16 52.2137 -68.2272 -16 51.0195
 5 24 -68.2272 -11 51.0195 -68.2272 -16 51.0195 -85.2328 -16 49.4848 -51.1943 -11 52.2137
 5 24 -67.6678 -16 44.0418 -67.6678 -11 44.0418 -84.5339 -11 42.5198 -50.7745 -11 45.2263
 2 24 -50.7745 -16 45.2263 -33.861 -16 46.0727
 2 24 -50.7745 -11 45.2263 -33.861 -11 46.0727
 2 24 -51.1943 -11 52.2137 -34.1409 -11 53.0671
 2 24 -51.1943 -16 52.2137 -34.1409 -16 53.0671
 4 16 -50.7745 -16 45.2263 -33.861 -16 46.0727 -33.861 -11 46.0727 -50.7745 -11 45.2263
 4 16 -50.7745 -16 45.2263 -33.861 -16 46.0727 -34.1409 -16 53.0671 -51.1943 -16 52.2137
 4 16 -51.1943 -11 52.2137 -34.1409 -11 53.0671 -34.1409 -16 53.0671 -51.1943 -16 52.2137
 5 24 -51.1943 -11 52.2137 -51.1943 -16 52.2137 -68.2272 -16 51.0195 -34.1409 -11 53.0671
 5 24 -50.7745 -16 45.2263 -50.7745 -11 45.2263 -67.6678 -11 44.0418 -33.861 -11 46.0727
 2 24 -33.861 -16 46.0727 -16.9339 -16 46.5807
 2 24 -33.861 -11 46.0727 -16.9339 -11 46.5807
 2 24 -34.1409 -11 53.0671 -17.0739 -11 53.5793
 2 24 -34.1409 -16 53.0671 -17.0739 -16 53.5793
 4 16 -33.861 -16 46.0727 -16.9339 -16 46.5807 -16.9339 -11 46.5807 -33.861 -11 46.0727
 4 16 -33.861 -16 46.0727 -16.9339 -16 46.5807 -17.0739 -16 53.5793 -34.1409 -16 53.0671
 4 16 -34.1409 -11 53.0671 -17.0739 -11 53.5793 -17.0739 -16 53.5793 -34.1409 -16 53.0671
 5 24 -34.1409 -11 53.0671 -34.1409 -16 53.0671 -51.1943 -16 52.2137 -17.0739 -11 53.5793
 5 24 -33.861 -16 46.0727 -33.861 -11 46.0727 -50.7745 -11 45.2263 -16.9339 -11 46.5807
 2 24 -16.9339 -16 46.5807 0 -16 46.75
 2 24 -16.9339 -11 46.5807 0 -11 46.75
 2 24 -17.0739 -11 53.5793 0 -11 53.75
 2 24 -17.0739 -16 53.5793 0 -16 53.75
 4 16 -16.9339 -16 46.5807 0 -16 46.75 0 -11 46.75 -16.9339 -11 46.5807
 4 16 -16.9339 -16 46.5807 0 -16 46.75 0 -16 53.75 -17.0739 -16 53.5793
 4 16 -17.0739 -11 53.5793 0 -11 53.75 0 -16 53.75 -17.0739 -16 53.5793
 5 24 -17.0739 -11 53.5793 -17.0739 -16 53.5793 -34.1409 -16 53.0671 0 -11 53.75
 5 24 -16.9339 -16 46.5807 -16.9339 -11 46.5807 -33.861 -11 46.0727 0 -11 46.75
 2 24 0 -16 46.75 16.9339 -16 46.5807
 2 24 0 -11 46.75 16.9339 -11 46.5807
 2 24 0 -11 53.75 17.0739 -11 53.5793
 2 24 0 -16 53.75 17.0739 -16 53.5793
 4 16 0 -16 46.75 16.9339 -16 46.5807 16.9339 -11 46.5807 0 -11 46.75
 4 16 0 -16 46.75 16.9339 -16 46.5807 17.0739 -16 53.5793 0 -16 53.75
 4 16 0 -11 53.75 17.0739 -11 53.5793 17.0739 -16 53.5793 0 -16 53.75
 5 24 0 -11 53.75 0 -16 53.75 -17.0739 -16 53.5793 17.0739 -11 53.5793
 5 24 0 -16 46.75 0 -11 46.75 -16.9339 -11 46.5807 16.9339 -11 46.5807
 2 24 16.9339 -16 46.5807 33.861 -16 46.0727
 2 24 16.9339 -11 46.5807 33.861 -11 46.0727
 2 24 17.0739 -11 53.5793 34.1409 -11 53.0671
 2 24 17.0739 -16 53.5793 34.1409 -16 53.0671
 4 16 16.9339 -16 46.5807 33.861 -16 46.0727 33.861 -11 46.0727 16.9339 -11 46.5807
 4 16 16.9339 -16 46.5807 33.861 -16 46.0727 34.1409 -16 53.0671 17.0739 -16 53.5793
 4 16 17.0739 -11 53.5793 34.1409 -11 53.0671 34.1409 -16 53.0671 17.0739 -16 53.5793
 5 24 17.0739 -11 53.5793 17.0739 -16 53.5793 0 -16 53.75 34.1409 -11 53.0671
 5 24 16.9339 -16 46.5807 16.9339 -11 46.5807 0 -11 46.75 33.861 -11 46.0727
 2 24 33.861 -16 46.0727 50.7745 -16 45.2263
 2 24 33.861 -11 46.0727 50.7745 -11 45.2263
 2 24 34.1409 -11 53.0671 51.1943 -11 52.2137
 2 24 34.1409 -16 53.0671 51.1943 -16 52.2137
 4 16 33.861 -16 46.0727 50.7745 -16 45.2263 50.7745 -11 45.2263 33.861 -11 46.0727
 4 16 33.861 -16 46.0727 50.7745 -16 45.2263 51.1943 -16 52.2137 34.1409 -16 53.0671
 4 16 34.1409 -11 53.0671 51.1943 -11 52.2137 51.1943 -16 52.2137 34.1409 -16 53.0671
 5 24 34.1409 -11 53.0671 34.1409 -16 53.0671 17.0739 -16 53.5793 51.1943 -11 52.2137
 5 24 33.861 -16 46.0727 33.861 -11 46.0727 16.9339 -11 46.5807 50.7745 -11 45.2263
 2 24 50.7745 -16 45.2263 67.6678 -16 44.0418
 2 24 50.7745 -11 45.2263 67.6678 -11 44.0418
 2 24 51.1943 -11 52.2137 68.2272 -11 51.0195
 2 24 51.1943 -16 52.2137 68.2272 -16 51.0195
 4 16 50.7745 -16 45.2263 67.6678 -16 44.0418 67.6678 -11 44.0418 50.7745 -11 45.2263
 4 16 50.7745 -16 45.2263 67.6678 -16 44.0418 68.2272 -16 51.0195 51.1943 -16 52.2137
 4 16 51.1943 -11 52.2137 68.2272 -11 51.0195 68.2272 -16 51.0195 51.1943 -16 52.2137
 5 24 51.1943 -11 52.2137 51.1943 -16 52.2137 34.1409 -16 53.0671 68.2272 -11 51.0195
 5 24 50.7745 -16 45.2263 50.7745 -11 45.2263 33.861 -11 46.0727 67.6678 -11 44.0418
 2 24 67.6678 -16 44.0418 84.5339 -16 42.5198
 2 24 67.6678 -11 44.0418 84.5339 -11 42.5198
 2 24 68.2272 -11 51.0195 85.2328 -11 49.4848
 2 24 68.2272 -16 51.0195 85.2328 -16 49.4848
 4 16 67.6678 -16 44.0418 84.5339 -16 42.5198 84.5339 -11 42.5198 67.6678 -11 44.0418
 4 16 67.6678 -16 44.0418 84.5339 -16 42.5198 85.2328 -16 49.4848 68.2272 -16 51.0195
 4 16 68.2272 -11 51.0195 85.2328 -11 49.4848 85.2328 -16 49.4848 68.2272 -16 51.0195
 5 24 68.2272 -11 51.0195 68.2272 -16 51.0195 51.1943 -16 52.2137 85.2328 -11 49.4848
 5 24 67.6678 -16 44.0418 67.6678 -11 44.0418 50.7745 -11 45.2263 84.5339 -11 42.5198
 2 24 84.5339 -16 42.5198 101.3663 -16 40.6607
 2 24 84.5339 -11 42.5198 101.3663 -11 40.6607
 2 24 85.2328 -11 49.4848 102.2043 -11 47.6104
 2 24 85.2328 -16 49.4848 102.2043 -16 47.6104
 4 16 84.5339 -16 42.5198 101.3663 -16 40.6607 101.3663 -11 40.6607 84.5339 -11 42.5198
 4 16 84.5339 -16 42.5198 101.3663 -16 40.6607 102.2043 -16 47.6104 85.2328 -16 49.4848
 4 16 85.2328 -11 49.4848 102.2043 -11 47.6104 102.2043 -16 47.6104 85.2328 -16 49.4848
 5 24 85.2328 -11 49.4848 85.2328 -16 49.4848 68.2272 -16 51.0195 102.2043 -11 47.6104
 5 24 84.5339 -16 42.5198 84.5339 -11 42.5198 67.6678 -11 44.0418 101.3663 -11 40.6607
 2 24 101.3663 -16 40.6607 118.1581 -16 38.4654
 2 24 101.3663 -11 40.6607 118.1581 -11 38.4654
 2 24 102.2043 -11 47.6104 119.1349 -11 45.3969
 2 24 102.2043 -16 47.6104 119.1349 -16 45.3969
 4 16 101.3663 -16 40.6607 118.1581 -16 38.4654 118.1581 -11 38.4654 101.3663 -11 40.6607
 4 16 101.3663 -16 40.6607 118.1581 -16 38.4654 119.1349 -16 45.3969 102.2043 -16 47.6104
 4 16 102.2043 -11 47.6104 119.1349 -11 45.3969 119.1349 -16 45.3969 102.2043 -16 47.6104
 5 24 102.2043 -11 47.6104 102.2043 -16 47.6104 85.2328 -16 49.4848 119.1349 -11 45.3969
 5 24 101.3663 -16 40.6607 101.3663 -11 40.6607 84.5339 -11 42.5198 118.1581 -11 38.4654
 2 24 118.1581 -16 38.4654 134.9027 -16 35.9347
 2 24 118.1581 -11 38.4654 134.9027 -11 35.9347
 2 24 119.1349 -11 45.3969 136.0179 -11 42.8453
 2 24 119.1349 -16 45.3969 136.0179 -16 42.8453
 4 16 118.1581 -16 38.4654 134.9027 -16 35.9347 134.9027 -11 35.9347 118.1581 -11 38.4654
 4 16 118.1581 -16 38.4654 134.9027 -16 35.9347 136.0179 -16 42.8453 119.1349 -16 45.3969
 4 16 119.1349 -11 45.3969 136.0179 -11 42.8453 136.0179 -16 42.8453 119.1349 -16 45.3969
 5 24 119.1349 -11 45.3969 119.1349 -16 45.3969 102.2043 -16 47.6104 136.0179 -11 42.8453
 5 24 118.1581 -16 38.4654 118.1581 -11 38.4654 101.3663 -11 40.6607 134.9027 -11 35.9347
 2 24 134.9027 -16 35.9347 151.5933 -16 33.0696
 2 24 134.9027 -11 35.9347 151.5933 -11 33.0696
 2 24 136.0179 -11 42.8453 152.8465 -11 39.9566
 2 24 136.0179 -16 42.8453 152.8465 -16 39.9566
 4 16 134.9027 -16 35.9347 151.5933 -16 33.0696 151.5933 -11 33.0696 134.9027 -11 35.9347
 4 16 134.9027 -16 35.9347 151.5933 -16 33.0696 152.8465 -16 39.9566 136.0179 -16 42.8453
 4 16 136.0179 -11 42.8453 152.8465 -11 39.9566 152.8465 -16 39.9566 136.0179 -16 42.8453
 5 24 136.0179 -11 42.8453 136.0179 -16 42.8453 119.1349 -16 45.3969 151.5933 -11 33.0696
 5 24 134.9027 -16 35.9347 134.9027 -11 35.9347 118.1581 -11 38.4654 151.5933 -16 33.0696
 2 24 151.5933 -16 33.0696 155.3851 -16 32.4316
 2 24 151.5933 -11 33.0696 155.3851 -11 32.4316
 2 24 152.8465 -11 39.9566 153.318 -11 39.98
 2 24 152.8465 -16 39.9566 153.318 -16 39.98
 2 24 153.318 -16 39.98 153.318 -11 39.98
 4 16 151.5933 -16 33.0696 155.3851 -16 32.4316 155.3851 -11 32.4316 151.5933 -11 33.0696
 4 16 151.5933 -16 33.0696 151.9523 -16 33.1144 153.318 -16 39.98 152.8465 -16 39.9566
 4 16 152.8465 -11 39.9566 153.318 -11 39.98 153.318 -16 39.98 152.8465 -16 39.9566
 4 16 155.3851 -16 32.4316 151.9523 -16 33.1144 152.6352 -16 36.5472 156.068 -16 35.8644
 5 24 151.5933 -16 33.0696 151.5933 -11 33.0696 134.9027 -11 35.9347 155.3851 -11 32.4316
0
0 COMMENT : lipjes
0 Inlined:1 16 0 0 0 1 0 0 0 1 0 0 0 1 2867s15.dat
0
0 COMMENT :rotatie / rotation = -2.8125 graden
0 Inlined:1 14 -39.25413 0 799.03636 .9988 0 -.0491 0 1 0 .0491 0 .9988 2867s13.dat
0
 1 16 -36.6764 -11 -53.4006 4.994 0 -.0614 0 1 0 .2455 0 1.2485 rect.dat
 1 16 -36.8973 -11 -48.906 4.994 0 -.0614 0 1 0 .2455 0 1.2485 rect.dat
0
 1 16 -41.6109 -11 46.9788 4.994 0 -.0614 0 1 0 .2455 0 1.2485 rect.dat
 1 16 -41.8319 -11 51.4734 4.994 0 -.0614 0 1 0 .2455 0 1.2485 rect.dat
0
0 COMMENT :rotatie / rotation = -8.4375 graden
0 Inlined:1 14 -117.38437 0 791.34120 .9892 0 -.1467 0 1 0 .1467 0 .9892 2867s13_up.dat
0
 1 16 -117.1016 -11 -61.6921 4.946 0 -.1834 0 1 0 .7335 0 1.2365 rect.dat
 1 16 -117.7618 -11 -57.2407 4.946 0 -.1834 0 1 0 .7335 0 1.2365 rect.dat
0
 1 16 -131.845 -11 37.7225 4.946 0 -.1834 0 1 0 .7335 0 1.2365 rect.dat
 1 16 -132.5051 -11 42.174 4.946 0 -.1834 0 1 0 .7335 0 1.2365 rect.dat
0
0 COMMENT :rotatie / rotation = 2.8125 graden
0 Inlined:1 14 39.25413 0 799.03636 .9988 0 .0491 0 1 0 -.0491 0 .9988 2867s13.dat
0
 1 16 36.6764 -11 -53.4006 4.994 0 .0614 0 1 0 -.2455 0 1.2485 rect.dat
 1 16 36.8973 -11 -48.906 4.994 0 .0614 0 1 0 -.2455 0 1.2485 rect.dat
0
 1 16 41.6109 -11 46.9788 4.994 0 .0614 0 1 0 -.2455 0 1.2485 rect.dat
 1 16 41.8319 -11 51.4734 4.994 0 .0614 0 1 0 -.2455 0 1.2485 rect.dat
0
0 COMMENT :rotatie / rotation = 8.4375 graden
0 Inlined:1 4 117.38437 0 791.34120 .9892 0 .1467 0 1 0 -.1467 0 .9892 2867s13_down.dat
 1 16 117.1016 -11 -61.6921 4.946 0 .1834 0 1 0 -.7335 0 1.2365 rect.dat
 1 16 117.7618 -11 -57.2407 4.946 0 .1834 0 1 0 -.7335 0 1.2365 rect.dat
0
 1 16 131.845 -11 37.7225 4.946 0 .1834 0 1 0 -.7335 0 1.2365 rect.dat
 1 16 132.5051 -11 42.174 4.946 0 .1834 0 1 0 -.7335 0 1.2365 rect.dat
0
