0 Slope Brick Curved  2 x  1 with Cutout Left
0 Name: 29120.dat
0 Author: Magnus Forsberg [MagFors]
0 !LDRAW_ORG Part UPDATE 2017-01
0 !LICENSE Redistributable under CCAL version 2.0 : see CAreadme.txt

0 BFC CERTIFY CCW

0 !HISTORY 2017-12-30 [PTadmin] Official Update 2017-01

1 16 0 -12 20 -10 0 0 0 0 -4 0 -1 0 rect.dat
4 16 6 -8 16 -6 -8 16 -10 -8 20 10 -8 20
4 16 -6 -8 16 -6 -8 0 -10 -8 0 -10 -8 20
4 16 10 -8 20 10 -8 0 6 -8 0 6 -8 16
2 24 -10 -8 20 -10 -8 0
2 24 10 -8 20 10 -8 0
2 24 -10 -8 0 -6 -8 0
0 BFC INVERTNEXT
1 16 0 -8 13 -6 0 0 0 -4 0 0 0 3 box4-4a.dat
2 24 -6 -8 10 -6 -8 0
2 24 6 -8 10 6 -8 0
3 16 -6 -12 10 -6 -10 4 -6 -8 10
4 16 -6 -10 0 -6 -8 0 -6 -8 10 -6 -10 4
3 16 6 -8 10 6 -10 4 6 -12 10
4 16 6 -10 4 6 -8 10 6 -8 0 6 -10 0
0 BFC INVERTNEXT
1 16 0 -12 10 0 0 -6 0 2 0 6 0 0 1-4cyls2.dat
0 BFC INVERTNEXT
1 16 0 -12 10 0 0 6 0 2 0 6 0 0 1-4cyls2.dat
1 16 0 -12 10 -6 0 0 0 -1 0 0 0 -6 2-4edge.dat
1 16 0 -12 10 -6 0 0 0 -1 0 0 0 -6 2-4chrd.dat
1 16 0 -12 10 -6 0 0 0 -1 2 0 0 -6 2-4edge.dat
1 16 0 -12 10 -6 0 0 0 -1 2 0 0 -6 2-4ndis.dat
2 24 -6 -12 10 -6 -10 4
2 24 6 -12 10 6 -10 4
2 24 -1.5 -10 4 -6 -10 4
2 24 1.5 -10 4 6 -10 4
0 BFC INVERTNEXT
1 16 -3.75 -9 2 -2.25 0 0 0 -1 0 0 0 -2 box2-9.dat
1 16 0 -10 2 1.5 0 0 0 2 0 0 0 2 box4-1.dat
0 BFC INVERTNEXT
1 16 3.75 -9 2 2.25 0 0 0 -1 0 0 0 -2 box2-9.dat
2 24 6 0 0 -10 0 0
2 24 -10 0 0 -10 -8 0

3 16 -10 -8 0 -6 -8 0 -10 0 0
4 16 -10 0 0 -6 -8 0 -1.5 -8 0 6 0 0
3 16 6 0 0 -1.5 -8 0 1.5 -8 0
3 16 6 0 0 1.5 -8 0 6 -8 0
4 16 -6 0 -4 -10 0 0 6 0 0 2.5 0 -4
4 16 -6 0 -12.5 -10 0 -17 -10 0 0 -6 0 -4
3 16 -6 0 -4 -6 -7 -4 -6 -4 -10
4 16 -6 0 -4 -6 -4 -10 -6 -4 -12.5 -6 0 -12.5
2 24 -6 -4 -12.5 -6 -4 -10
2 24 -10 0 0 -10 0 -17

0 // Sides
4 16 -10 -8 0 -10 -12.8827 -1.648 -10 -14.6036 5.36 -10 -8 20
4 16 -10 -5.9041 -17 -10 -7.5316 -14.436 -10 0 0 -10 0 -17
4 16 -10 -16 20 -10 -8 20 -10 -14.6036 5.36 -10 -15.6524 12.616
4 16 -10 0 0 -10 -7.5316 -14.436 -10 -10.5099 -8.284 -10 -8 0
3 16 -10 -10.5099 -8.284 -10 -12.8827 -1.648 -10 -8 0
4 16 10 -14.6036 5.36 10 -8 20 10 -16 20 10 -15.6524 12.616
4 16 10 -14.6036 5.36 10 -13.2852 0 10 -8 0 10 -8 20
2 24 -10 -5.9041 -17 -10 -7.5316 -14.436
2 24 -10 -7.5316 -14.436 -10 -10.5099 -8.284
2 24 -10 -10.5099 -8.284 -10 -12.8827 -1.648
2 24 -10 -12.8827 -1.648 -10 -14.6036 5.36
2 24 -10 -14.6036 5.36 -10 -15.6524 12.616
2 24 -10 -15.6524 12.616 -10 -16 20
2 24 10 -13.2852 0 10 -14.6036 5.36
2 24 10 -14.6036 5.36 10 -15.6524 12.616
2 24 10 -15.6524 12.616 10 -16 20

0 // Cutout
2 24 8 0 -2 4.25 0 -5.75
2 24 2.5 -4 -4 0 -4 -4
2 24 0 -4 -4 -6 -4 -10
2 24 -6 -4 -10 0 -7 -4
2 24 0 -7 -4 0 -4 -4
2 24 -6 0 -4 -6 -7 -4
2 24 -6 0 -4 2.5 0 -4
2 24 0 -7 -4 -6 -7 -4
2 24 -6 -7 -4 -6 -4 -10
2 24 -6 0 -4 -6 0 -12.5
2 24 -4.25 0 -14.25 -7 0 -17
2 24 10 -13.2852 0 10 -8 0
2 24 6 -10 4 -6 -10 4
2 24 1.716 -10.5099 -8.284 8.352 -12.8827 -1.648
2 24 10 -13.2852 0 8.352 -12.8827 -1.648
2 24 -7 -5.9041 -17 -4.436 -7.5316 -14.436
2 24 -4.436 -7.5316 -14.436 1.716 -10.5099 -8.284
2 24 -10 -16 20 10 -16 20
2 24 -6 -8 0 -6 -8 16
2 24 10 -8 0 8 -8 -2

1 16 -8.5 -2.9521 -17 1.5 0 0 0 0 -2.95206 0 1 0 rect.dat
1 16 7 -4 -1 0 -1 1 -4 0 0 0 0 -1 rect.dat
1 16 -0.875 -4 -9.125 0.875 0 -4.25 0 -1 0 -0.875 0 -4.25 rect1.dat
1 16 3.375 -2 -4.875 0.875 1 0 0 0 -2 -0.875 0 0 rect.dat
1 16 -5.125 -2 -13.375 -0.875 -1 0 0 0 -2 0.875 0 0 rect.dat

4 16 -7 0 -17 -10 0 -17 -6 0 -12.5 -4.25 0 -14.25
4 16 -4.25 0 -14.25 -4.25 -4 -14.25 -7 -5.9041 -17 -7 0 -17
3 16 -6 -4 -10 -6 -7 -4 0 -7 -4
4 16 -6 0 -4 0 -4 -4 0 -7 -4 -6 -7 -4
4 16 2.5 -4 -4 0 -4 -4 -6 0 -4 2.5 0 -4
4 16 -6 -4 -12.5 -6 -4 -10 0 -4 -4 2.5 -4 -4
4 16 4.25 0 -5.75 2.5 0 -4 6 0 0 8 0 -2
4 16 8 -8 -2 10 -8 0 10 -13.2852 0 8.352 -12.8827 -1.648
4 16 4.25 0 -5.75 8 0 -2 8 -8 -2 4.25 -4 -5.75
4 16 1.716 -10.5099 -8.284 4.25 -4 -5.75 8 -8 -2 8.352 -12.8827 -1.648
4 16 4.25 -4 -5.75 1.716 -10.5099 -8.284 -4.436 -7.5316 -14.436 -4.25 -4 -14.25
3 16 -4.25 -4 -14.25 -4.436 -7.5316 -14.436 -7 -5.9041 -17
3 16 8 -8 -2 6 -8 0 10 -8 0
3 16 0 -7 -4 0 -4 -4 -6 -4 -10

0 // top surface
5 24 -10 -7.5316 -14.436 -4.436 -7.5316 -14.436 -10 -10.5099 -8.284 -10 -5.9041 -17
5 24 -10 -10.5099 -8.284 1.716 -10.5099 -8.284 -10 -12.8827 -1.648 -10 -7.5316 -14.436
5 24 -10 -12.8827 -1.648 8.352 -12.8827 -1.648 -10 -14.6036 5.36 -10 -10.5099 -8.284
5 24 -10 -14.6036 5.36 10 -14.6036 5.36 -10 -15.6524 12.616 -10 -12.8827 -1.648
5 24 -10 -15.6524 12.616 10 -15.6524 12.616 -10 -16 20 -10 -14.6036 5.36
4 16 -4.436 -7.5316 -14.436 -10 -7.5316 -14.436 -10 -5.9041 -17 -7 -5.9041 -17
4 16 1.716 -10.5099 -8.284 -10 -10.5099 -8.284 -10 -7.5316 -14.436 -4.436 -7.5316 -14.436
4 16 8.352 -12.8827 -1.648 -10 -12.8827 -1.648 -10 -10.5099 -8.284 1.716 -10.5099 -8.284
4 16 10 -14.6036 5.36 -10 -14.6036 5.36 -10 -12.8827 -1.648 8.352 -12.8827 -1.648
3 16 10 -13.2852 0 10 -14.6036 5.36 8.352 -12.8827 -1.648
4 16 10 -15.6524 12.616 -10 -15.6524 12.616 -10 -14.6036 5.36 10 -14.6036 5.36
4 16 10 -16 20 -10 -16 20 -10 -15.6524 12.616 10 -15.6524 12.616
