0 Brick  1 x  6 with "PEACE" and Flower Pattern
0 Name: 3009pk0.dat
0 Author: Magnus Forsberg [MagFors]
0 !LDRAW_ORG Part UPDATE 2013-02
0 !LICENSE Redistributable under CCAL version 2.0 : see CAreadme.txt

0 BFC CERTIFY CCW
0 !KEYWORDS Cars, Fillmore
0 !CMDLINE -c323

0 !HISTORY 2013-12-23 [PTadmin] Official Update 2013-02

1 16 0 0 0 1 0 0 0 1 0 0 0 1 s\3009s01.dat

4 4 -50 6.9 -10 -51 3.9 -10 -51.9 4.2 -10 -53.1 4.7 -10
4 4 -50 6.9 -10 -53.1 4.7 -10 -54.3 5.3 -10 -55.2 5.9 -10
4 4 -55.5 6.4 -10 -50.2 7.4 -10 -50 6.9 -10 -55.2 5.9 -10
4 4 -50.2 7.4 -10 -55.5 6.4 -10 -55.5 6.8 -10 -55 7.9 -10
3 4 -50.2 7.4 -10 -55 7.9 -10 -54.5 8.7 -10
4 4 -50.2 7.4 -10 -54.5 8.7 -10 -54 9.7 -10 -50.1 7.9 -10
4 4 -50.1 7.9 -10 -54 9.7 -10 -53.9 10.6 -10 -49.9 8.6 -10
4 4 -49.9 8.6 -10 -53.9 10.6 -10 -53.8 11.7 -10 -49.5 9.6 -10
4 4 -49.5 9.6 -10 -53.8 11.7 -10 -53.8 13 -10 -49.3 10.2 -10
3 4 -48.7 15.3 -10 -51 17 -10 -48.6 16.2 -10
3 4 -48.6 16.2 -10 -51 17 -10 -48.3 17.1 -10
4 4 -48 18 -10 -48.3 17.1 -10 -51 17 -10 -47.8 18.7 -10
4 4 -47.8 19.4 -10 -47.8 18.7 -10 -51 17 -10 -47.9 20.1 -10
4 4 -48.1 20.4 -10 -47.9 20.1 -10 -51 17 -10 -48.7 20.7 -10
4 4 -49.5 20.8 -10 -48.7 20.7 -10 -51 17 -10 -50.3 20.7 -10
4 4 -51.1 20.5 -10 -50.3 20.7 -10 -51 17 -10 -51.8 20.1 -10
4 4 -52.4 19.5 -10 -51.8 20.1 -10 -51 17 -10 -52.8 18.6 -10
4 4 -53.1 17.5 -10 -52.8 18.6 -10 -51 17 -10 -53.3 16.5 -10
4 4 -53.5 15.4 -10 -53.3 16.5 -10 -51 17 -10 -48.6 14.5 -10
3 4 -48.6 14.5 -10 -51 17 -10 -48.7 15.3 -10
4 4 -48.4 14 -10 -53.6 14.3 -10 -53.5 15.4 -10 -48.6 14.5 -10
4 4 -53.8 13 -10 -53.6 14.3 -10 -48.4 14 -10 -49.3 10.2 -10
4 4 -49.1 10.3 -10 -49.3 10.2 -10 -48.4 14 -10 -47.9 13.6 -10
4 4 -48.8 10.3 -10 -49.1 10.3 -10 -47.9 13.6 -10 -47.3 13.4 -10
4 4 -48.4 10.1 -10 -48.8 10.3 -10 -47.3 13.4 -10 -46.4 13.3 -10
3 4 -48 9.6 -10 -48.4 10.1 -10 -46.4 13.3 -10
4 4 -46.4 13.3 -10 -45.7 13.4 -10 -42.3 6.5 -10 -47.7 9.2 -10
4 4 -42.3 6.5 -10 -45.7 13.4 -10 -45 13.9 -10 -41.4 11.2 -10
3 4 -47.7 9.2 -10 -48 9.6 -10 -46.4 13.3 -10
3 4 -42.3 6.5 -10 -47.4 8.6 -10 -47.7 9.2 -10
3 4 -42.3 6.5 -10 -47.3 8 -10 -47.4 8.6 -10
4 4 -47.4 7.4 -10 -47.3 8 -10 -42.3 6.5 -10 -42.5 6 -10
4 4 -47.4 7.4 -10 -42.5 6 -10 -43 5 -10 -43.4 4.3 -10
4 4 -47.4 7.4 -10 -43.4 4.3 -10 -43.9 3.7 -10 -44.9 3.2 -10
4 4 -45.9 3.1 -10 -47.8 6.9 -10 -47.4 7.4 -10 -44.9 3.2 -10
4 4 -47.8 6.9 -10 -45.9 3.1 -10 -47 3.1 -10 -48 3.2 -10
4 4 -48.5 6.6 -10 -47.8 6.9 -10 -48 3.2 -10 -49 3.4 -10
4 4 -49.3 6.6 -10 -48.5 6.6 -10 -49 3.4 -10 -50 3.6 -10
4 4 -51 3.9 -10 -50 6.9 -10 -49.3 6.6 -10 -50 3.6 -10
4 4 -40 8 -10 -40.7 6.7 -10 -41.2 6.9 -10 -40.8 10.5 -10
4 4 -40.2 6.5 -10 -40.7 6.7 -10 -40 8 -10 -39.5 6.3 -10
4 4 -38.9 6.4 -10 -39.5 6.3 -10 -40 8 -10 -38.4 6.7 -10
4 4 -38 7.1 -10 -38.4 6.7 -10 -40 8 -10 -37.7 7.6 -10
4 4 -37.6 8.2 -10 -37.7 7.6 -10 -40 8 -10 -37.7 8.6 -10
4 4 -38 8.9 -10 -37.7 8.6 -10 -40 8 -10 -38.4 9.2 -10
3 4 -40 8 -10 -39 9.5 -10 -38.4 9.2 -10
3 4 -40 8 -10 -40 10 -10 -39 9.5 -10
3 4 -40 8 -10 -40.8 10.5 -10 -40 10 -10
3 4 -41.2 6.9 -10 -41.8 6.9 -10 -40.8 10.5 -10
4 4 -42.3 6.5 -10 -41.2 10.9 -10 -40.8 10.5 -10 -41.8 6.9 -10
3 4 -42.3 6.5 -10 -41.4 11.2 -10 -41.2 10.9 -10
4 4 -45 13.9 -10 -44.5 14.5 -10 -41.3 12.1 -10 -41.4 11.7 -10
4 4 -37 11.7 -10 -36.8 13.2 -10 -36.5 12.7 -10 -36.6 12.2 -10
4 4 -37.5 11.6 -10 -37.2 13.4 -10 -36.8 13.2 -10 -37 11.7 -10
4 4 -38 11.7 -10 -37.8 13.6 -10 -37.2 13.4 -10 -37.5 11.6 -10
4 4 -38.6 11.9 -10 -38.4 13.9 -10 -37.8 13.6 -10 -38 11.7 -10
4 4 -39.4 12.2 -10 -39.1 14.2 -10 -38.4 13.9 -10 -38.6 11.9 -10
4 4 -40 12.4 -10 -39.8 14.7 -10 -39.1 14.2 -10 -39.4 12.2 -10
4 4 -40.5 12.5 -10 -40.1 15.1 -10 -39.8 14.7 -10 -40 12.4 -10
4 4 -41 12.4 -10 -40.2 15.4 -10 -40.1 15.1 -10 -40.5 12.5 -10
4 4 -40.2 15.4 -10 -41 12.4 -10 -41.3 12.1 -10 -40.3 15.7 -10
3 4 -41.3 12.1 -10 -44.5 14.5 -10 -44.2 15.3 -10
4 4 -41.3 12.1 -10 -44.2 15.3 -10 -43.8 16.4 -10 -40.3 15.7 -10
4 4 -40.3 15.7 -10 -43.8 16.4 -10 -43.4 17.5 -10 -42.7 18.7 -10
4 4 -40.3 15.7 -10 -42.7 18.7 -10 -40 18 -10 -40.1 15.9 -10
4 4 -40 18 -10 -42.7 18.7 -10 -42 19.6 -10 -41.2 20.3 -10
4 4 -40 18 -10 -41.2 20.3 -10 -40.3 20.8 -10 -39.3 20.8 -10
4 4 -40 18 -10 -39.3 20.8 -10 -38.5 20.4 -10 -37.9 20 -10
4 4 -40 18 -10 -37.9 20 -10 -37.3 19.6 -10 -39.2 16 -10
3 4 -40.1 15.9 -10 -40 18 -10 -39.8 16 -10
3 4 -39.2 16 -10 -39.8 16 -10 -40 18 -10
4 4 -38.6 15.8 -10 -39.2 16 -10 -37.3 19.6 -10 -36.7 19.3 -10
4 4 -38 15.5 -10 -38.6 15.8 -10 -36.7 19.3 -10 -36.2 19.3 -10
4 4 -34 17 -10 -37 15 -10 -38 15.5 -10 -36.2 19.3 -10
3 4 -34 17 -10 -36.2 19.3 -10 -35.7 19.7 -10
4 4 -34 17 -10 -35.7 19.7 -10 -35.3 20.1 -10 -34.7 20.6 -10
4 4 -34 17 -10 -34.7 20.6 -10 -34 21 -10 -33.3 21.1 -10
4 4 -34 17 -10 -33.3 21.1 -10 -32.7 21 -10 -32.2 20.6 -10
4 4 -34 17 -10 -32.2 20.6 -10 -31.9 19.9 -10 -31.7 19 -10
3 4 -34 17 -10 -31.7 19 -10 -31.5 18 -10
4 4 -34 17 -10 -31.5 18 -10 -31.1 17.1 -10 -37 15 -10
4 4 -36 14.6 -10 -37 15 -10 -31.1 17.1 -10 -30.6 16.6 -10
4 4 -35.3 14.4 -10 -36 14.6 -10 -30.6 16.6 -10 -30 16.2 -10
4 4 -30.9 13.8 -10 -31.1 13.5 -10 -35.2 13.4 -10 -35.3 14.4 -10
4 4 -30.9 13.8 -10 -35.3 14.4 -10 -30 16.2 -10 -30.5 13.8 -10
4 4 -35.1 12.5 -10 -35.2 13.4 -10 -31.1 13.5 -10 -31.2 13 -10
4 4 -35.1 12.5 -10 -31.2 13 -10 -31.2 12.1 -10 -35 11.3 -10
4 4 -35 11.3 -10 -31.2 12.1 -10 -31.2 11.4 -10 -34.9 10.5 -10
4 4 -34.9 10.5 -10 -31.2 11.4 -10 -31.1 11 -10 -34.6 9.8 -10
4 4 -34.6 9.8 -10 -31.1 11 -10 -30.9 10.7 -10 -33.8 8.2 -10
4 4 -33.194 7.086 -10 -33.8 8.2 -10 -30.9 10.7 -10 -33.05 7.149 -10
4 4 -33.05 7.149 -10 -30.9 10.7 -10 -30.5 10.5 -10 -33.064 6.799 -10
4 4 -32.7 6.2 -10 -33.064 6.799 -10 -30.5 10.5 -10 -31.5 5.7 -10
4 4 -30.1 5.3 -10 -31.5 5.7 -10 -30.5 10.5 -10 -30 10.7 -10
4 4 -29.2 5.2 -10 -30.1 5.3 -10 -30 10.7 -10 -28.5 5.4 -10
4 4 -27.9 5.7 -10 -28.5 5.4 -10 -30 10.7 -10 -27.3 6.2 -10
4 4 -26.6 7 -10 -27.3 6.2 -10 -30 10.7 -10 -26.1 7.8 -10
4 4 -26.1 7.8 -10 -30 10.7 -10 -29.5 11.1 -10 -25.5 8.6 -10
4 4 -25.5 8.6 -10 -29.5 11.1 -10 -29.1 11.8 -10 -25.1 9.2 -10
4 4 -25.1 9.2 -10 -29.1 11.8 -10 -28.9 12.4 -10 -24.9 9.8 -10
3 4 -24.9 9.8 -10 -28.9 12.4 -10 -24.8 10.2 -10
4 4 -24.6 10.5 -10 -24.8 10.2 -10 -28.9 12.4 -10 -28.8 12.9 -10
4 4 -24.6 10.5 -10 -28.8 12.9 -10 -28.9 13.2 -10 -28.6 16.1 -10
4 4 -28.6 16.1 -10 -28.9 13.2 -10 -29.3 13.4 -10 -29.3 16 -10
4 4 -30 13.6 -10 -30 16.2 -10 -29.3 16 -10 -29.3 13.4 -10
3 4 -30 13.6 -10 -30.5 13.8 -10 -30 16.2 -10
3 4 -24.6 10.5 -10 -28.6 16.1 -10 -28.1 16.4 -10
3 4 -24.6 10.5 -10 -28.1 16.4 -10 -27.6 17 -10
4 4 -24.6 10.5 -10 -27.6 17 -10 -27.2 17.9 -10 -26.8 18.6 -10
4 4 -24.6 10.5 -10 -26.8 18.6 -10 -26.3 19 -10 -25.8 19.1 -10
4 4 -24.6 10.5 -10 -25.8 19.1 -10 -25.2 19 -10 -24.5 18.7 -10
4 4 -24.6 10.5 -10 -24.5 18.7 -10 -23.7 18.3 -10 -23.2 18 -10
4 4 -23.2 18 -10 -23 17.8 -10 -23 17.2 -10 -24.6 10.5 -10
4 4 -24.6 10.5 -10 -23 17.2 -10 -22.8 17.1 -10 -20.4 13.7 -10
4 4 -19.8 14.4 -10 -20.4 13.7 -10 -22.8 17.1 -10 -22.4 17.3 -10
4 4 -15.7 15.4 -10 -16.5 15.4 -10 -15.1 16.1 -10 -15.3 15.6 -10
4 4 -15.1 16.7 -10 -15.1 16.1 -10 -16.5 15.4 -10 -15.2 17.3 -10
4 4 -15.4 17.6 -10 -15.2 17.3 -10 -16.5 15.4 -10 -15.7 17.8 -10
4 4 -16.7 17.9 -10 -15.7 17.8 -10 -16.5 15.4 -10 -17.6 15.5 -10
4 4 -17.6 15.5 -10 -18.5 15.3 -10 -17.8 18.1 -10 -16.7 17.9 -10
4 4 -19.2 14.9 -10 -18.9 18.3 -10 -17.8 18.1 -10 -18.5 15.3 -10
4 4 -20 18.4 -10 -18.9 18.3 -10 -19.2 14.9 -10 -20.9 18.3 -10
4 4 -21.6 18.1 -10 -20.9 18.3 -10 -19.2 14.9 -10 -19.8 14.4 -10
4 4 -22.1 17.7 -10 -21.6 18.1 -10 -19.8 14.4 -10 -22.4 17.3 -10
4 4 -24.6 10.5 -10 -20.4 13.7 -10 -20.6 13.1 -10 -24.4 10.4 -10
4 4 -24.4 10.4 -10 -20.6 13.1 -10 -20.6 12.4 -10 -24.1 10 -10
3 4 -24.1 10 -10 -20.6 12.4 -10 -20.3 11.7 -10
4 4 -24.1 10 -10 -20.3 11.7 -10 -19.9 11.1 -10 -23.8 9.1 -10
4 4 -23.3 8.2 -10 -23.8 9.1 -10 -19.9 11.1 -10 -22.8 7.4 -10
4 4 -22.1 6.7 -10 -22.8 7.4 -10 -20 8 -10 -21.3 6.1 -10
4 4 -20.3 5.6 -10 -21.3 6.1 -10 -20 8 -10 -19.1 5.3 -10
4 4 -18.2 5.2 -10 -19.1 5.3 -10 -20 8 -10 -17.4 5.3 -10
4 4 -16.9 5.6 -10 -17.4 5.3 -10 -20 8 -10 -16.5 6.3 -10
4 4 -16.4 6.9 -10 -16.5 6.3 -10 -20 8 -10 -16.5 7.7 -10
4 4 -16.8 8.6 -10 -16.5 7.7 -10 -20 8 -10 -17.2 9.3 -10
4 4 -17.8 9.8 -10 -17.2 9.3 -10 -20 8 -10 -18.5 10.2 -10
3 4 -20 8 -10 -19.1 10.5 -10 -18.5 10.2 -10
4 4 -19.9 11.1 -10 -19.1 10.5 -10 -20 8 -10 -22.8 7.4 -10
4 14 -34.9 4.35 -10 -35.4 5.65 -10 -33.1 5.85 -10 -33.5 4.35 -10
4 14 -34.3 6.599 -10 -33.1 5.85 -10 -35.4 5.65 -10 -35.549 7.049 -10
4 14 -29.232 21.034 -10 -29.548 22.65 -10 -26.828 22.411 -10 -27.602 20.746 -10
3 14 -25.602 20.682 -10 -27.602 20.746 -10 -26.828 22.411 -10
4 14 -57.953 17.749 -10 -58.98 17.986 -10 -58.348 18.777 -10 -56.531 18.935 -10
4 14 -56.847 17.749 -10 -57.36 16.88 -10 -57.953 17.749 -10 -56.531 18.935 -10
3 14 -56.847 17.749 -10 -56.531 18.935 -10 -55.899 18.144 -10
4 14 -57.479 19.527 -10 -56.491 19.962 -10 -56.531 18.935 -10 -58.348 18.777 -10
3 14 -58.348 18.777 -10 -58.467 19.883 -10 -57.479 19.527 -10
4 14 -33.064 6.799 -10 -33.1 5.85 -10 -34.3 6.599 -10 -33.194 7.086 -10
3 14 -33.064 6.799 -10 -33.194 7.086 -10 -33.05 7.149 -10
4 4 -8.4 7.8 -10 -7.3 7.6 -10 -7.5 6 -10 -9 4.5 -10
4 4 -7.5 6 -10 -7.3 7.6 -10 -6.5 7.5 -10 -5.6 7.2 -10
4 4 -7.5 6 -10 -5.6 7.2 -10 -5.2 6.9 -10 -4.9 6.5 -10
4 4 -7.5 6 -10 -4.9 6.5 -10 -4.8 6.1 -10 -4.8 5.6 -10
4 4 -7.5 6 -10 -4.8 5.6 -10 -5 5.1 -10 -5.3 4.8 -10
4 4 -7.5 6 -10 -5.3 4.8 -10 -5.8 4.5 -10 -6.3 4.4 -10
4 4 -7.5 6 -10 -6.3 4.4 -10 -6.9 4.3 -10 -7.4 4.3 -10
3 4 -7.4 4.3 -10 -9 4.5 -10 -7.5 6 -10
4 4 -10 4.7 -10 -9.2 8.1 -10 -8.4 7.8 -10 -9 4.5 -10
4 4 -11.1 5 -10 -9.6 8.3 -10 -9.2 8.1 -10 -10 4.7 -10
4 4 -12.1 5.3 -10 -10 8.7 -10 -9.6 8.3 -10 -11.1 5 -10
4 4 -10 8.7 -10 -12.1 5.3 -10 -13.2 5.8 -10 -13.6 6.1 -10
4 4 -10 8.7 -10 -13.6 6.1 -10 -14.1 6.5 -10 -10.2 9.2 -10
4 4 -10.2 9.2 -10 -14.1 6.5 -10 -14.4 7 -10 -14.6 7.5 -10
4 4 -10.2 9.2 -10 -14.6 7.5 -10 -14.9 8.7 -10 -10.1 9.7 -10
4 4 -10.1 9.7 -10 -14.9 8.7 -10 -15 9.7 -10 -15 10.8 -10
3 4 -10.1 9.7 -10 -15 10.8 -10 -9.9 10.1 -10
3 4 -9.9 10.1 -10 -15 10.8 -10 -9.5 10.5 -10
3 4 -9.5 10.5 -10 -15 10.8 -10 -8.8 10.9 -10
4 4 -8.2 11.2 -10 -8.8 10.9 -10 -15 10.8 -10 -7.7 11.5 -10
4 4 -7.5 11.8 -10 -7.7 11.5 -10 -15 10.8 -10 -7.5 12.1 -10
4 4 -7.6 12.4 -10 -7.5 12.1 -10 -15 10.8 -10 -7.9 12.6 -10
4 4 -8.3 12.7 -10 -7.9 12.6 -10 -15 10.8 -10 -8.9 12.8 -10
3 4 -15 10.8 -10 -9.6 12.9 -10 -8.9 12.8 -10
3 4 -15 10.8 -10 -10.1 13 -10 -9.6 12.9 -10
3 4 -15 10.8 -10 -10.4 13.3 -10 -10.1 13 -10
4 4 -10.4 13.6 -10 -10.4 13.3 -10 -15 10.8 -10 -15 12 -10
3 4 -15 12 -10 -14.9 13.3 -10 -10.4 13.6 -10
4 4 -10.4 13.6 -10 -14.9 13.3 -10 -14.8 14.6 -10 -14.7 15.6 -10
4 4 -8.5 16.5 -10 -8.7 14.4 -10 -9.3 14.3 -10 -9.7 19 -10
3 4 -7.9 14.4 -10 -8.7 14.4 -10 -8.5 16.5 -10
4 4 -7.1 14.3 -10 -7.9 14.4 -10 -8.5 16.5 -10 -6.7 14.3 -10
4 4 -6.2 14.4 -10 -6.7 14.3 -10 -8.5 16.5 -10 -5.9 14.6 -10
4 4 -5.7 15.1 -10 -5.9 14.6 -10 -8.5 16.5 -10 -5.6 15.7 -10
4 4 -5.6 16.3 -10 -5.6 15.7 -10 -8.5 16.5 -10 -5.7 16.8 -10
4 4 -5.9 17.5 -10 -5.7 16.8 -10 -8.5 16.5 -10 -6.2 18.1 -10
4 4 -6.7 18.5 -10 -6.2 18.1 -10 -8.5 16.5 -10 -7.4 18.7 -10
3 4 -8.5 16.5 -10 -8.2 18.8 -10 -7.4 18.7 -10
3 4 -8.5 16.5 -10 -9.7 19 -10 -8.2 18.8 -10
3 4 -9.3 14.3 -10 -10.8 19.1 -10 -9.7 19 -10
4 4 -11.6 19.2 -10 -10.8 19.1 -10 -9.3 14.3 -10 -12.6 19.2 -10
4 4 -13.3 19 -10 -12.6 19.2 -10 -9.3 14.3 -10 -13.7 18.8 -10
4 4 -13.7 18.8 -10 -9.3 14.3 -10 -9.9 14.1 -10 -14.1 18.4 -10
4 4 -10.4 13.6 -10 -14.7 15.6 -10 -14.6 16.4 -10 -10.3 13.8 -10
4 4 -9.9 14.1 -10 -10.3 13.8 -10 -14.6 16.4 -10 -14.4 17.4 -10
4 4 -9.9 14.1 -10 -14.4 17.4 -10 -14.3 17.9 -10 -14.1 18.4 -10
3 4 -41.4 11.2 -10 -45 13.9 -10 -41.4 11.7 -10
3 14 -33.5 4.35 -10 -32.686 5.331 -10 -32.301 4.85 -10
3 14 -33.5 4.35 -10 -33.1 5.85 -10 -32.686 5.331 -10
3 14 -28.585 19.599 -10 -29.232 21.034 -10 -28.132 20.127 -10
3 14 -28.132 20.127 -10 -29.232 21.034 -10 -27.602 20.746 -10
4 232 -54 3.6 -10 -54.9 4 -10 -54.3 5.3 -10 -53.1 4.7 -10
4 232 -53 3.2 -10 -54 3.6 -10 -53.1 4.7 -10 -51.9 4.2 -10
4 232 -46 1.7 -10 -46.8 1.8 -10 -47 3.1 -10 -45.9 3.1 -10
4 232 -48 2 -10 -48 3.2 -10 -47 3.1 -10 -46.8 1.8 -10
4 232 -49 2.2 -10 -49 3.4 -10 -48 3.2 -10 -48 2 -10
4 232 -50 2.4 -10 -50 3.6 -10 -49 3.4 -10 -49 2.2 -10
4 232 -50.9 2.6 -10 -51 3.9 -10 -50 3.6 -10 -50 2.4 -10
4 232 -51.7 2.8 -10 -51.9 4.2 -10 -51 3.9 -10 -50.9 2.6 -10
3 232 -51.7 2.8 -10 -53 3.2 -10 -51.9 4.2 -10
4 232 -46 1.7 -10 -45.9 3.1 -10 -44.9 3.2 -10 -44.9 1.6 -10
4 232 -44 1.6 -10 -44.9 1.6 -10 -44.9 3.2 -10 -43.9 3.7 -10
4 232 -43 1.7 -10 -44 1.6 -10 -43.9 3.7 -10 -42.3 1.8 -10
4 232 -41.7 2 -10 -42.3 1.8 -10 -43.9 3.7 -10 -41.1 2.5 -10
4 232 -40.7 3.2 -10 -41.1 2.5 -10 -43.9 3.7 -10 -43.4 4.3 -10
4 232 -40.4 3.7 -10 -40.7 3.2 -10 -43.4 4.3 -10 -43 5 -10
3 232 -40.4 3.7 -10 -43 5 -10 -42.5 6 -10
4 232 -40.4 3.7 -10 -42.5 6 -10 -42.3 6.5 -10 -39.9 4.3 -10
4 232 -39.9 4.3 -10 -42.3 6.5 -10 -41.8 6.9 -10 -41.2 6.9 -10
3 232 -39.9 4.3 -10 -41.2 6.9 -10 -40.7 6.7 -10
3 232 -39.9 4.3 -10 -40.7 6.7 -10 -40.2 6.5 -10
4 232 -39.9 4.3 -10 -40.2 6.5 -10 -39.5 6.3 -10 -39.5 4.6 -10
4 232 -39 4.7 -10 -39.5 4.6 -10 -39.5 6.3 -10 -38.9 6.4 -10
4 232 -39 4.7 -10 -38.9 6.4 -10 -38.4 6.7 -10 -38.5 4.6 -10
4 232 -37.9 4.5 -10 -38.5 4.6 -10 -38.4 6.7 -10 -37.3 4.7 -10
4 232 -36.9 5.2 -10 -37.3 4.7 -10 -38.4 6.7 -10 -36.6 5.8 -10
4 232 -36.3 6.4 -10 -36.6 5.8 -10 -38.4 6.7 -10 -38 7.1 -10
3 232 -36.3 6.4 -10 -38 7.1 -10 -36.1 7 -10
4 232 -38 7.1 -10 -37.7 7.6 -10 -35.9 7.6 -10 -36.1 7 -10
4 232 -37.7 7.6 -10 -37.6 8.2 -10 -35.8 8.1 -10 -35.9 7.6 -10
4 232 -35.8 8.1 -10 -37.6 8.2 -10 -37.7 8.6 -10 -34.9 10.5 -10
4 232 -38 8.9 -10 -37 11.7 -10 -34.9 10.5 -10 -37.7 8.6 -10
4 232 -41 12.4 -10 -40.5 12.5 -10 -40 12.4 -10 -41.3 12.1 -10
4 232 -41.2 10.9 -10 -41.4 11.2 -10 -41.4 11.7 -10 -40.8 10.5 -10
4 232 -41.4 11.7 -10 -41.3 12.1 -10 -40 12.4 -10 -40.8 10.5 -10
4 232 -40.8 10.5 -10 -40 12.4 -10 -39.4 12.2 -10 -40 10 -10
4 232 -40 10 -10 -39.4 12.2 -10 -38.6 11.9 -10 -39 9.5 -10
4 232 -39 9.5 -10 -38.6 11.9 -10 -38 11.7 -10 -38.4 9.2 -10
4 232 -38.4 9.2 -10 -38 11.7 -10 -37.5 11.6 -10 -38 8.9 -10
3 232 -38 8.9 -10 -37.5 11.6 -10 -37 11.7 -10
4 232 -40.2 15.4 -10 -40.3 15.7 -10 -40.1 15.9 -10 -39.8 16 -10
4 232 -40.1 15.1 -10 -40.2 15.4 -10 -39.8 16 -10 -39.8 14.7 -10
4 232 -39.8 14.7 -10 -39.8 16 -10 -39.2 16 -10 -39.1 14.2 -10
4 232 -39.1 14.2 -10 -39.2 16 -10 -38.6 15.8 -10 -38.4 13.9 -10
4 232 -38.4 13.9 -10 -38.6 15.8 -10 -38 15.5 -10 -37.8 13.6 -10
4 232 -37.8 13.6 -10 -38 15.5 -10 -37 15 -10 -37.2 13.4 -10
4 232 -36.8 13.2 -10 -37.2 13.4 -10 -37 15 -10 -36 14.6 -10
4 232 -36.8 13.2 -10 -36 14.6 -10 -35.3 14.4 -10 -35.2 13.4 -10
4 232 -36.5 12.7 -10 -36.8 13.2 -10 -35.2 13.4 -10 -35.1 12.5 -10
4 232 -36.6 12.2 -10 -36.5 12.7 -10 -35.1 12.5 -10 -35 11.3 -10
4 232 -34.9 10.5 -10 -37 11.7 -10 -36.6 12.2 -10 -35 11.3 -10
4 232 -35.8 8.1 -10 -34.9 10.5 -10 -34.6 9.8 -10 -35.5 8.2 -10
4 232 -35.1 8.1 -10 -34.6 9.8 -10 -33.8 8.2 -10 -34.9 7.6 -10
4 232 -34.5 7 -10 -34.9 7.6 -10 -33.8 8.2 -10 -33.194 7.086 -10
3 232 -34.3 6.599 -10 -34.5 7 -10 -33.194 7.086 -10
4 232 -33.1 5.85 -10 -33.064 6.799 -10 -32.7 6.2 -10 -32.686 5.331 -10
4 232 -32.686 5.331 -10 -32.7 6.2 -10 -31.5 5.7 -10 -31.8 5 -10
4 232 -30.9 4.7 -10 -31.8 5 -10 -31.5 5.7 -10 -30.1 5.3 -10
4 232 -30 4.4 -10 -30.9 4.7 -10 -30.1 5.3 -10 -29.2 5.2 -10
4 232 -28.9 4.2 -10 -30 4.4 -10 -29.2 5.2 -10 -28.5 5.4 -10
4 232 -28 4.1 -10 -28.9 4.2 -10 -28.5 5.4 -10 -27.9 5.7 -10
4 232 -27.4 4.2 -10 -28 4.1 -10 -27.9 5.7 -10 -26.5 4.6 -10
3 232 -35.1 8.1 -10 -35.5 8.2 -10 -34.6 9.8 -10
4 232 -24.8 10.2 -10 -24.6 10.5 -10 -24.4 10.4 -10 -24.1 10 -10
3 232 -24.9 9.8 -10 -24.8 10.2 -10 -24.1 10 -10
4 232 -25.1 9.2 -10 -24.9 9.8 -10 -24.1 10 -10 -23.8 9.1 -10
4 232 -25.5 8.6 -10 -25.1 9.2 -10 -23.8 9.1 -10 -23.3 8.2 -10
4 232 -26.1 7.8 -10 -25.5 8.6 -10 -23.3 8.2 -10 -26.6 7 -10
4 232 -26.6 7 -10 -23.3 8.2 -10 -22.8 7.4 -10 -27.3 6.2 -10
4 232 -27.3 6.2 -10 -22.8 7.4 -10 -22.1 6.7 -10 -25.4 5 -10
3 232 -25.4 5 -10 -22.1 6.7 -10 -24.5 5.2 -10
4 232 -26.5 4.6 -10 -27.9 5.7 -10 -27.3 6.2 -10 -25.4 5 -10
3 232 -23.5 5.2 -10 -24.5 5.2 -10 -22.1 6.7 -10
4 232 -22.7 4.9 -10 -23.5 5.2 -10 -22.1 6.7 -10 -21.3 6.1 -10
4 232 -21.8 4.5 -10 -22.7 4.9 -10 -21.3 6.1 -10 -20.3 5.6 -10
4 232 -20.7 4.1 -10 -21.8 4.5 -10 -20.3 5.6 -10 -19.1 5.3 -10
4 232 -19.7 3.8 -10 -20.7 4.1 -10 -19.1 5.3 -10 -18.8 3.6 -10
4 232 -18.8 3.6 -10 -19.1 5.3 -10 -18.2 5.2 -10 -17.8 3.6 -10
4 232 -17.8 3.6 -10 -18.2 5.2 -10 -17.4 5.3 -10 -16.7 3.8 -10
4 232 -16.7 3.8 -10 -17.4 5.3 -10 -16.9 5.6 -10 -15.7 4.1 -10
4 232 -16.9 5.6 -10 -14.1 6.5 -10 -13.6 6.1 -10 -14.8 4.5 -10
3 232 -15.7 4.1 -10 -16.9 5.6 -10 -14.8 4.5 -10
4 232 -14.8 4.5 -10 -13.6 6.1 -10 -13.2 5.8 -10 -13.8 4.7 -10
4 232 -12.9 4.7 -10 -13.8 4.7 -10 -13.2 5.8 -10 -12.1 5.3 -10
4 232 -11.9 4.6 -10 -12.9 4.7 -10 -12.1 5.3 -10 -11.1 5 -10
4 232 -11.1 4.3 -10 -11.9 4.6 -10 -11.1 5 -10 -10 4.7 -10
4 232 -10.3 4 -10 -11.1 4.3 -10 -10 4.7 -10 -9.4 3.8 -10
4 232 -9.4 3.8 -10 -10 4.7 -10 -9 4.5 -10 -8.4 3.6 -10
4 232 -8.4 3.6 -10 -9 4.5 -10 -7.4 4.3 -10 -7.5 3.5 -10
4 232 -7.5 3.5 -10 -7.4 4.3 -10 -6.9 4.3 -10 -6.4 3.6 -10
3 232 -6.4 3.6 -10 -6.9 4.3 -10 -6.3 4.4 -10
4 232 -6.4 3.6 -10 -6.3 4.4 -10 -5.8 4.5 -10 -5.3 3.9 -10
4 232 -5.3 3.9 -10 -5.8 4.5 -10 -5.3 4.8 -10 -4.6 4.3 -10
4 232 -4.6 4.3 -10 -5.3 4.8 -10 -5 5.1 -10 -4.2 4.8 -10
4 232 -4.1 5.4 -10 -4.2 4.8 -10 -5 5.1 -10 -4.8 5.6 -10
4 232 -4.8 5.6 -10 -4.8 6.1 -10 -4.1 6 -10 -4.1 5.4 -10
4 232 -4.8 6.1 -10 -4.9 6.5 -10 -4.3 6.6 -10 -4.1 6 -10
4 232 -4.9 6.5 -10 -5.2 6.9 -10 -4.6 7.2 -10 -4.3 6.6 -10
4 232 -5.2 6.9 -10 -5.6 7.2 -10 -5.2 7.8 -10 -4.6 7.2 -10
4 232 -6.5 7.5 -10 -5.9 8.2 -10 -5.2 7.8 -10 -5.6 7.2 -10
4 232 -6.5 7.5 -10 -7.3 7.6 -10 -6.6 8.5 -10 -5.9 8.2 -10
4 232 -7.2 8.7 -10 -6.6 8.5 -10 -7.3 7.6 -10 -8.4 7.8 -10
4 232 -7.9 8.8 -10 -7.2 8.7 -10 -8.4 7.8 -10 -9.2 8.1 -10
4 232 -8.6 9 -10 -7.9 8.8 -10 -9.2 8.1 -10 -9.6 8.3 -10
4 232 -8.6 9 -10 -9.6 8.3 -10 -10 8.7 -10 -10.2 9.2 -10
4 232 -8.6 9 -10 -10.2 9.2 -10 -10.1 9.7 -10 -9.9 10.1 -10
4 232 -8.6 9 -10 -9.9 10.1 -10 -9.5 10.5 -10 -8.642 9.288 -10
4 232 -8.4 9.5 -10 -9.5 10.5 -10 -8.8 10.9 -10 -7.9 9.4 -10
4 232 -7.4 9.5 -10 -7.9 9.4 -10 -8.8 10.9 -10 -8.2 11.2 -10
4 232 -6.8 9.7 -10 -7.4 9.5 -10 -8.2 11.2 -10 -7.7 11.5 -10
4 232 -6.8 9.7 -10 -7.7 11.5 -10 -7.5 11.8 -10 -5.95 10.5 -10
4 232 -5.95 10.5 -10 -7.5 11.8 -10 -7.5 12.1 -10 -5.2 11.5 -10
4 232 -5 12.2 -10 -5.2 11.5 -10 -7.5 12.1 -10 -5.1 12.8 -10
4 232 -7.6 12.4 -10 -5.5 13.3 -10 -5.1 12.8 -10 -7.5 12.1 -10
4 232 -6.1 13.5 -10 -5.5 13.3 -10 -7.6 12.4 -10 -6.8 13.7 -10
4 232 -7.7 13.8 -10 -6.8 13.7 -10 -7.6 12.4 -10 -7.9 12.6 -10
4 232 -7.7 13.8 -10 -7.9 12.6 -10 -8.3 12.7 -10 -8.3 13.9 -10
3 232 -8.3 12.7 -10 -8.9 12.8 -10 -8.3 13.9 -10
4 232 -8.3 13.9 -10 -8.9 12.8 -10 -9.6 12.9 -10 -10.1 13 -10
4 232 -8.3 13.9 -10 -10.1 13 -10 -10.4 13.3 -10 -10.4 13.6 -10
4 232 -8.3 13.9 -10 -10.4 13.6 -10 -10.3 13.8 -10 -9.9 14.1 -10
4 232 -8.3 13.9 -10 -9.9 14.1 -10 -9.3 14.3 -10 -8.7 14.4 -10
3 232 -8.3 13.9 -10 -8.7 14.4 -10 -8.2 14.1 -10
4 232 -8.2 14.1 -10 -8.7 14.4 -10 -7.9 14.4 -10 -7.1 14.3 -10
4 232 -7.5 14.1 -10 -8.2 14.1 -10 -7.1 14.3 -10 -6.7 14.3 -10
4 232 -6.7 14.1 -10 -7.5 14.1 -10 -6.7 14.3 -10 -6.2 14.4 -10
3 232 -5.8 14 -10 -6.7 14.1 -10 -6.2 14.4 -10
4 232 -5.8 14 -10 -6.2 14.4 -10 -5.9 14.6 -10 -5.1 13.9 -10
4 232 -5.1 13.9 -10 -5.9 14.6 -10 -5.7 15.1 -10 -4.5 14 -10
4 232 -4 14.4 -10 -4.5 14 -10 -5.7 15.1 -10 -3.7 15.2 -10
4 232 -3.7 15.2 -10 -5.7 15.1 -10 -5.6 15.7 -10 -3.6 15.9 -10
4 232 -3.6 15.9 -10 -5.6 15.7 -10 -5.6 16.3 -10 -3.6 16.6 -10
4 232 -3.6 16.6 -10 -5.6 16.3 -10 -5.7 16.8 -10 -3.8 17.3 -10
4 232 -3.8 17.3 -10 -5.7 16.8 -10 -5.9 17.5 -10 -4 17.9 -10
4 232 -5.9 17.5 -10 -6.2 18.1 -10 -4.4 18.5 -10 -4 17.9 -10
4 232 -5.1 19.1 -10 -4.4 18.5 -10 -6.2 18.1 -10 -5.8 19.5 -10
4 232 -5.8 19.5 -10 -6.2 18.1 -10 -6.7 18.5 -10 -6.6 19.8 -10
4 232 -6.6 19.8 -10 -6.7 18.5 -10 -7.4 18.7 -10 -7.6 20.1 -10
4 232 -8.2 18.8 -10 -8.5 20.3 -10 -7.6 20.1 -10 -7.4 18.7 -10
4 232 -9.7 19 -10 -9.5 20.5 -10 -8.5 20.3 -10 -8.2 18.8 -10
4 232 -9.7 19 -10 -10.8 19.1 -10 -10.5 20.6 -10 -9.5 20.5 -10
4 232 -11.6 19.2 -10 -11.5 20.5 -10 -10.5 20.6 -10 -10.8 19.1 -10
4 232 -11.6 19.2 -10 -12.6 19.2 -10 -12.6 20.2 -10 -11.5 20.5 -10
4 232 -12.6 19.2 -10 -13.3 19 -10 -13.4 19.9 -10 -12.6 20.2 -10
4 232 -13.3 19 -10 -13.7 18.8 -10 -14 19.6 -10 -13.4 19.9 -10
4 232 -14.1 18.4 -10 -14.6 19.6 -10 -14 19.6 -10 -13.7 18.8 -10
4 232 -14.1 6.5 -10 -16.9 5.6 -10 -16.5 6.3 -10 -14.4 7 -10
4 232 -14.4 7 -10 -16.5 6.3 -10 -16.4 6.9 -10 -14.6 7.5 -10
4 232 -14.6 7.5 -10 -16.4 6.9 -10 -16.5 7.7 -10 -14.9 8.7 -10
4 232 -14.9 8.7 -10 -16.5 7.7 -10 -16.8 8.6 -10 -15 9.7 -10
4 232 -15 9.7 -10 -16.8 8.6 -10 -17.2 9.3 -10 -15 10.8 -10
4 232 -15 10.8 -10 -17.2 9.3 -10 -17.8 9.8 -10 -16.9 12 -10
4 232 -17.1 11.9 -10 -16.9 12 -10 -17.8 9.8 -10 -18.5 10.2 -10
4 232 -17.5 11.9 -10 -17.1 11.9 -10 -18.5 10.2 -10 -19.1 10.5 -10
3 232 -19.1 10.5 -10 -18 12 -10 -17.5 11.9 -10
4 232 -18.2 12.1 -10 -18 12 -10 -19.1 10.5 -10 -19.9 11.1 -10
4 232 -18.4 12.4 -10 -18.2 12.1 -10 -19.9 11.1 -10 -20.3 11.7 -10
4 232 -18.4 12.4 -10 -20.3 11.7 -10 -20.6 12.4 -10 -20.6 13.1 -10
4 232 -18.3 12.8 -10 -18.4 12.4 -10 -20.6 13.1 -10 -20.4 13.7 -10
4 232 -18 13 -10 -18.3 12.8 -10 -20.4 13.7 -10 -19.8 14.4 -10
4 232 -18 13 -10 -19.8 14.4 -10 -19.2 14.9 -10 -18.5 15.3 -10
4 232 -17.6 13.1 -10 -18 13 -10 -18.5 15.3 -10 -17.6 15.5 -10
4 232 -17.6 13.1 -10 -17.6 15.5 -10 -16.5 15.4 -10 -17 13 -10
4 232 -17 13 -10 -16.5 15.4 -10 -15.7 15.4 -10 -16.8 12.9 -10
4 232 -15 12 -10 -16.7 12.4 -10 -16.7 12.6 -10 -14.9 13.3 -10
4 232 -14.9 13.3 -10 -16.7 12.6 -10 -16.8 12.9 -10 -14.8 14.6 -10
4 232 -16.9 12 -10 -16.7 12.4 -10 -15 12 -10 -15 10.8 -10
4 232 -14.8 14.6 -10 -16.8 12.9 -10 -15.7 15.4 -10 -15.3 15.6 -10
4 232 -14.7 15.6 -10 -14.8 14.6 -10 -15.3 15.6 -10 -15.1 16.1 -10
4 232 -14.6 16.4 -10 -14.7 15.6 -10 -15.1 16.1 -10 -15.1 16.7 -10
4 232 -15.1 16.7 -10 -15.2 17.3 -10 -14.4 17.4 -10 -14.6 16.4 -10
4 232 -15.2 17.3 -10 -15.4 17.6 -10 -14.3 17.9 -10 -14.4 17.4 -10
4 232 -15.4 17.6 -10 -15.7 17.8 -10 -14.1 18.4 -10 -14.3 17.9 -10
4 232 -15.7 17.8 -10 -15.1 19.8 -10 -14.6 19.6 -10 -14.1 18.4 -10
4 232 -16.7 17.9 -10 -15.9 20.2 -10 -15.1 19.8 -10 -15.7 17.8 -10
4 232 -16.7 17.9 -10 -17.8 18.1 -10 -17 20.5 -10 -15.9 20.2 -10
4 232 -18 20.7 -10 -17 20.5 -10 -17.8 18.1 -10 -18.9 18.3 -10
4 232 -18.9 20.7 -10 -18 20.7 -10 -18.9 18.3 -10 -20 18.4 -10
4 232 -20 20.4 -10 -18.9 20.7 -10 -20 18.4 -10 -20.9 18.3 -10
4 232 -21 19.9 -10 -20 20.4 -10 -20.9 18.3 -10 -21.9 19.4 -10
4 232 -22.4 17.3 -10 -22.8 17.1 -10 -23 17.2 -10 -23 17.8 -10
3 232 -22.4 17.3 -10 -23 17.8 -10 -22.1 17.7 -10
4 232 -23 17.8 -10 -23.2 18 -10 -21.6 18.1 -10 -22.1 17.7 -10
4 232 -21.9 19.4 -10 -20.9 18.3 -10 -21.6 18.1 -10 -22.5 19.2 -10
4 232 -23.2 18 -10 -23 19.2 -10 -22.5 19.2 -10 -21.6 18.1 -10
4 232 -23.7 18.3 -10 -23.5 19.4 -10 -23 19.2 -10 -23.2 18 -10
4 232 -24.5 18.7 -10 -24.1 19.8 -10 -23.5 19.4 -10 -23.7 18.3 -10
4 232 -25.2 19 -10 -25 20.4 -10 -24.1 19.8 -10 -24.5 18.7 -10
4 232 -25.8 19.1 -10 -25.602 20.682 -10 -25 20.4 -10 -25.2 19 -10
4 232 -27.602 20.746 -10 -25.602 20.682 -10 -25.8 19.1 -10 -26.3 19 -10
4 232 -27.602 20.746 -10 -26.3 19 -10 -26.8 18.6 -10 -28.3 19.3 -10
3 232 -28.3 19.3 -10 -28.132 20.127 -10 -27.602 20.746 -10
4 232 -29.3 16 -10 -29.2 18.3 -10 -28.9 18.4 -10 -28.6 16.1 -10
4 232 -28.1 16.4 -10 -28.6 16.1 -10 -28.9 18.4 -10 -27.6 17 -10
4 232 -27.6 17 -10 -28.9 18.4 -10 -28.6 18.8 -10 -27.2 17.9 -10
4 232 -27.2 17.9 -10 -28.6 18.8 -10 -28.3 19.3 -10 -26.8 18.6 -10
4 232 -29.2 18.3 -10 -29.3 16 -10 -30 16.2 -10 -30.6 16.6 -10
4 232 -29.5 18.5 -10 -29.2 18.3 -10 -30.6 16.6 -10 -31.1 17.1 -10
4 232 -29.9 19 -10 -29.5 18.5 -10 -31.1 17.1 -10 -31.5 18 -10
4 232 -29.9 19 -10 -31.5 18 -10 -31.7 19 -10 -30.3 19.9 -10
4 232 -30.3 19.9 -10 -31.7 19 -10 -31.9 19.9 -10 -30.6 20.7 -10
4 232 -30.6 20.7 -10 -31.9 19.9 -10 -32.2 20.6 -10 -30.985 21.55 -10
4 232 -32.7 21 -10 -31.3 22.3 -10 -30.985 21.55 -10 -32.2 20.6 -10
4 232 -33.3 21.1 -10 -31.9 22.9 -10 -31.3 22.3 -10 -32.7 21 -10
4 232 -33.9 23.4 -10 -32.8 23.3 -10 -31.9 22.9 -10 -33.3 21.1 -10
4 232 -34 21 -10 -35.1 23 -10 -33.9 23.4 -10 -33.3 21.1 -10
4 232 -34.7 20.6 -10 -35.8 22.5 -10 -35.1 23 -10 -34 21 -10
3 232 -38.5 20.4 -10 -39.3 20.8 -10 -38.1 20.9 -10
4 232 -37.9 20 -10 -38.5 20.4 -10 -38.1 20.9 -10 -37.4 21.1 -10
4 232 -37.3 19.6 -10 -37.9 20 -10 -37.4 21.1 -10 -36.7 19.3 -10
4 232 -36.2 19.3 -10 -36.7 19.3 -10 -37.4 21.1 -10 -36.6 21.6 -10
4 232 -35.3 20.1 -10 -36.6 21.6 -10 -35.8 22.5 -10 -34.7 20.6 -10
4 232 -36.6 21.6 -10 -35.3 20.1 -10 -35.7 19.7 -10 -36.2 19.3 -10
3 232 -39.3 20.8 -10 -40.3 20.8 -10 -40.1 21.2 -10
4 232 -41.2 20.3 -10 -41.4 21.8 -10 -40.7 21.7 -10 -40.3 20.8 -10
3 232 -40.3 20.8 -10 -40.7 21.7 -10 -40.1 21.2 -10
4 232 -42 19.6 -10 -42.1 21.6 -10 -41.4 21.8 -10 -41.2 20.3 -10
4 232 -42.9 21 -10 -42.1 21.6 -10 -42 19.6 -10 -43.5 20.1 -10
4 232 -43.5 20.1 -10 -42 19.6 -10 -42.7 18.7 -10 -44 19 -10
4 232 -44.4 18 -10 -44 19 -10 -42.7 18.7 -10 -43.4 17.5 -10
4 232 -44.8 17.1 -10 -44.4 18 -10 -43.4 17.5 -10 -43.8 16.4 -10
4 232 -45.3 16.2 -10 -44.8 17.1 -10 -43.8 16.4 -10 -44.2 15.3 -10
4 232 -45.9 15.6 -10 -45.3 16.2 -10 -44.2 15.3 -10 -44.5 14.5 -10
4 232 -45.9 15.6 -10 -44.5 14.5 -10 -45 13.9 -10 -45.7 13.4 -10
4 232 -46.223 15.556 -10 -45.9 15.6 -10 -45.7 13.4 -10 -46.4 13.3 -10
4 232 -46.223 15.556 -10 -46.4 13.3 -10 -47.3 13.4 -10 -47.9 13.6 -10
4 232 -46.223 15.556 -10 -47.9 13.6 -10 -48.4 14 -10 -48.6 14.5 -10
4 232 -46.477 15.744 -10 -46.223 15.556 -10 -48.6 14.5 -10 -48.7 15.3 -10
4 232 -46.477 15.744 -10 -48.7 15.3 -10 -48.6 16.2 -10 -46.5 16.3 -10
4 232 -46.5 16.3 -10 -48.6 16.2 -10 -48.3 17.1 -10 -46.4 17.2 -10
4 232 -46.4 17.2 -10 -48.3 17.1 -10 -48 18 -10 -46.2 18.1 -10
4 232 -46.2 18.1 -10 -48 18 -10 -47.8 18.7 -10 -45.9 19.1 -10
4 232 -45.9 19.1 -10 -47.8 18.7 -10 -47.8 19.4 -10 -45.7 20 -10
4 232 -45.7 20 -10 -47.8 19.4 -10 -47.9 20.1 -10 -45.5 21 -10
4 232 -45.7 21.9 -10 -45.5 21 -10 -47.9 20.1 -10 -48.1 20.4 -10
4 232 -46.2 22.5 -10 -45.7 21.9 -10 -48.1 20.4 -10 -47 23 -10
4 232 -47 23 -10 -48.1 20.4 -10 -48.7 20.7 -10 -48.1 23.4 -10
4 232 -48.1 23.4 -10 -48.7 20.7 -10 -49.5 20.8 -10 -50.6 23.4 -10
4 232 -50.3 20.7 -10 -51.4 23.2 -10 -50.6 23.4 -10 -49.5 20.8 -10
4 232 -51.1 20.5 -10 -52.1 22.7 -10 -51.4 23.2 -10 -50.3 20.7 -10
4 232 -51.1 20.5 -10 -51.8 20.1 -10 -52.8 21.9 -10 -52.1 22.7 -10
4 232 -52.4 19.5 -10 -53.3 20.9 -10 -52.8 21.9 -10 -51.8 20.1 -10
4 232 -53.8 19.9 -10 -53.3 20.9 -10 -52.4 19.5 -10 -52.8 18.6 -10
4 232 -54.2 18.8 -10 -53.8 19.9 -10 -52.8 18.6 -10 -53.1 17.5 -10
4 232 -54.5 18 -10 -54.2 18.8 -10 -53.1 17.5 -10 -54.7 17 -10
4 232 -54.7 17 -10 -53.1 17.5 -10 -53.3 16.5 -10 -54.9 15.9 -10
4 232 -54.9 15.9 -10 -53.3 16.5 -10 -53.5 15.4 -10 -55 15 -10
4 232 -55 15 -10 -53.5 15.4 -10 -53.6 14.3 -10 -55 14 -10
4 232 -55 14 -10 -53.6 14.3 -10 -53.8 13 -10 -55.1 12.9 -10
4 232 -55.2 12 -10 -55.1 12.9 -10 -53.8 13 -10 -53.8 11.7 -10
4 232 -55.3 11 -10 -55.2 12 -10 -53.8 11.7 -10 -53.9 10.6 -10
4 232 -55.6 10 -10 -55.3 11 -10 -53.9 10.6 -10 -54 9.7 -10
4 232 -54.5 8.7 -10 -56 8.9 -10 -55.6 10 -10 -54 9.7 -10
4 232 -55 7.9 -10 -56.4 8 -10 -56 8.9 -10 -54.5 8.7 -10
4 232 -55.5 6.8 -10 -56.7 7.1 -10 -56.4 8 -10 -55 7.9 -10
4 232 -56.8 6.4 -10 -56.7 7.1 -10 -55.5 6.8 -10 -55.5 6.4 -10
4 232 -56.6 5.6 -10 -56.8 6.4 -10 -55.5 6.4 -10 -55.2 5.9 -10
4 232 -56 4.8 -10 -56.6 5.6 -10 -55.2 5.9 -10 -54.3 5.3 -10
4 232 -55.5 4.3 -10 -56 4.8 -10 -54.3 5.3 -10 -54.9 4 -10
4 232 -48.7 8.1 -10 -48.5 6.6 -10 -49.3 6.6 -10 -50 6.9 -10
4 232 -48.7 8.1 -10 -50 6.9 -10 -50.2 7.4 -10 -50.1 7.9 -10
4 232 -48.7 8.1 -10 -50.1 7.9 -10 -49.9 8.6 -10 -49.5 9.6 -10
4 232 -48.7 8.1 -10 -49.5 9.6 -10 -49.3 10.2 -10 -49.1 10.3 -10
4 232 -48.7 8.1 -10 -49.1 10.3 -10 -48.8 10.3 -10 -48.4 10.1 -10
4 232 -48.7 8.1 -10 -48.4 10.1 -10 -48 9.6 -10 -47.7 9.2 -10
4 232 -48.7 8.1 -10 -47.7 9.2 -10 -47.4 8.6 -10 -47.3 8 -10
4 232 -48.7 8.1 -10 -47.3 8 -10 -47.4 7.4 -10 -47.8 6.9 -10
3 232 -48.5 6.6 -10 -48.7 8.1 -10 -47.8 6.9 -10
4 232 -28.9 12.4 -10 -29.3 13.4 -10 -28.9 13.2 -10 -28.8 12.9 -10
4 232 -31.1 13.5 -10 -30.9 13.8 -10 -30.5 13.8 -10 -31.2 13 -10
4 232 -31.2 13 -10 -30.5 13.8 -10 -30 13.6 -10 -31.2 12.1 -10
4 232 -29.1 11.8 -10 -30 13.6 -10 -29.3 13.4 -10 -28.9 12.4 -10
4 232 -30 10.7 -10 -30.5 10.5 -10 -30.9 10.7 -10 -29.5 11.1 -10
4 232 -29.5 11.1 -10 -30.9 10.7 -10 -31.1 11 -10 -29.1 11.8 -10
4 232 -29.1 11.8 -10 -31.1 11 -10 -31.2 11.4 -10 -31.2 12.1 -10
3 232 -29.1 11.8 -10 -31.2 12.1 -10 -30 13.6 -10
3 232 -8.642 9.288 -10 -9.5 10.5 -10 -8.4 9.5 -10
3 14 -34.9 4.35 -10 -35.291 4.441 -10 -35.4 5.65 -10
3 14 -35.291 4.441 -10 -36.199 4.65 -10 -35.4 5.65 -10
3 14 -34.15 3.251 -10 -34.9 4.35 -10 -33.705 4.003 -10
3 14 -33.705 4.003 -10 -34.9 4.35 -10 -33.5 4.35 -10
3 14 -29.232 21.034 -10 -30.985 21.55 -10 -30.065 22.254 -10
3 14 -29.232 21.034 -10 -30.065 22.254 -10 -29.548 22.65 -10
4 1 -57 3.1 -10 -56 4.8 -10 -55.5 4.3 -10 -56.1 2.8 -10
4 1 -56.1 2.8 -10 -55.5 4.3 -10 -54.9 4 -10 -55 2.4 -10
4 1 -55 2.4 -10 -54.9 4 -10 -54 3.6 -10 -54 2 -10
4 1 -53 1.7 -10 -54 2 -10 -53 3.2 -10 -51.7 2.8 -10
4 1 -52 1.4 -10 -53 1.7 -10 -51.7 2.8 -10 -50.9 2.6 -10
4 1 -50.9 1.25 -10 -52 1.4 -10 -50.9 2.6 -10 -50 2.4 -10
4 1 -50 0.95 -10 -50.9 1.25 -10 -50 2.4 -10 -49 2.2 -10
4 1 -49 0.6 -10 -50 0.95 -10 -49 2.2 -10 -48.6 0.5 -10
4 1 -48 2 -10 -48 0.4 -10 -48.6 0.5 -10 -49 2.2 -10
4 1 -48 0.4 -10 -48 2 -10 -46.8 1.8 -10 -47 0.4 -10
4 1 -47 0.4 -10 -46.8 1.8 -10 -46 1.7 -10 -45 0.4 -10
3 1 -45 0.4 -10 -46 1.7 -10 -44.9 1.6 -10
4 1 -45 0.4 -10 -44.9 1.6 -10 -44 1.6 -10 -43 0.4 -10
4 1 -43 0.4 -10 -44 1.6 -10 -43 1.7 -10 -42.3 0.45 -10
4 1 -42.3 0.45 -10 -43 1.7 -10 -42.3 1.8 -10 -41.8 0.7 -10
4 1 -41.4 1 -10 -41.8 0.7 -10 -42.3 1.8 -10 -41.7 2 -10
4 1 -41.1 1.5 -10 -41.4 1 -10 -41.7 2 -10 -40.9 2.1 -10
4 1 -40.9 2.1 -10 -41.7 2 -10 -41.1 2.5 -10 -40.8 2.6 -10
4 1 -41.1 2.5 -10 -40.7 3.2 -10 -40.7 2.8 -10 -40.8 2.6 -10
3 1 -40.7 2.8 -10 -40.7 3.2 -10 -40.5 3 -10
4 1 -40.3 3.1 -10 -40.5 3 -10 -40.7 3.2 -10 -40.4 3.7 -10
4 1 -40.3 3.1 -10 -40.4 3.7 -10 -39.9 4.3 -10 -40 3.15 -10
4 1 -40 3.15 -10 -39.9 4.3 -10 -39.5 4.6 -10 -39.3 3.1 -10
4 1 -39.5 4.6 -10 -39 4.7 -10 -38.5 4.6 -10 -39.3 3.1 -10
4 1 -38.4 3.05 -10 -39.3 3.1 -10 -38.5 4.6 -10 -37.9 4.5 -10
4 1 -37.3 3.1 -10 -38.4 3.05 -10 -37.9 4.5 -10 -36.85 3.2 -10
4 1 -36.85 3.2 -10 -37.9 4.5 -10 -37.3 4.7 -10 -36.4 3.5 -10
4 1 -36.1 3.8 -10 -36.4 3.5 -10 -37.3 4.7 -10 -36.199 4.65 -10
3 1 -36.1 3.8 -10 -36.199 4.65 -10 -35.7 4.2 -10
3 1 -35.7 4.2 -10 -36.199 4.65 -10 -35.291 4.441 -10
4 1 -36.199 4.65 -10 -37.3 4.7 -10 -36.9 5.2 -10 -35.4 5.65 -10
3 1 -36.9 5.2 -10 -36.6 5.8 -10 -35.4 5.65 -10
4 1 -35.4 5.65 -10 -36.6 5.8 -10 -36.3 6.4 -10 -35.549 7.049 -10
3 1 -36.3 6.4 -10 -36.1 7 -10 -35.549 7.049 -10
4 1 -35.549 7.049 -10 -36.1 7 -10 -35.9 7.6 -10 -34.9 7.6 -10
4 1 -35.8 8.1 -10 -35.5 8.2 -10 -35.1 8.1 -10 -35.9 7.6 -10
3 1 -34.9 7.6 -10 -35.9 7.6 -10 -35.1 8.1 -10
4 1 -35.549 7.049 -10 -34.9 7.6 -10 -34.5 7 -10 -34.3 6.599 -10
4 1 -33.2 3.6 -10 -33.705 4.003 -10 -33.5 4.35 -10 -32.6 3.3 -10
4 1 -32.6 3.3 -10 -33.5 4.35 -10 -32.301 4.85 -10 -31.8 5 -10
3 1 -32.301 4.85 -10 -32.686 5.331 -10 -31.8 5 -10
4 1 -31.5 3 -10 -32.6 3.3 -10 -31.8 5 -10 -30.9 4.7 -10
4 1 -30.4 2.8 -10 -31.5 3 -10 -30.9 4.7 -10 -30 4.4 -10
4 1 -29.4 2.8 -10 -30.4 2.8 -10 -30 4.4 -10 -28.9 4.2 -10
4 1 -28.4 3 -10 -29.4 2.8 -10 -28.9 4.2 -10 -28 4.1 -10
4 1 -27.6 3.2 -10 -28.4 3 -10 -28 4.1 -10 -27.4 4.2 -10
4 1 -26.5 3.5 -10 -27.6 3.2 -10 -27.4 4.2 -10 -26.5 4.6 -10
4 1 -25.5 3.7 -10 -26.5 3.5 -10 -26.5 4.6 -10 -25.4 5 -10
4 1 -24.5 3.9 -10 -25.5 3.7 -10 -25.4 5 -10 -24.5 5.2 -10
4 1 -24 3.9 -10 -24.5 3.9 -10 -24.5 5.2 -10 -23.5 5.2 -10
4 1 -23.4 3.8 -10 -24 3.9 -10 -23.5 5.2 -10 -22.7 4.9 -10
4 1 -23.4 3.8 -10 -22.7 4.9 -10 -21.8 4.5 -10 -22.5 3.5 -10
4 1 -21.5 3 -10 -22.5 3.5 -10 -21.8 4.5 -10 -20.7 4.1 -10
4 1 -20.6 2.5 -10 -21.5 3 -10 -20.7 4.1 -10 -19.7 3.8 -10
4 1 -19.5 2 -10 -20.6 2.5 -10 -19.7 3.8 -10 -18.8 3.6 -10
4 1 -19 1.8 -10 -19.5 2 -10 -18.8 3.6 -10 -17.8 3.6 -10
4 1 -18.2 1.6 -10 -19 1.8 -10 -17.8 3.6 -10 -17.5 1.6 -10
4 1 -16.8 1.8 -10 -17.5 1.6 -10 -17.8 3.6 -10 -16.7 3.8 -10
4 1 -16.3 2 -10 -16.8 1.8 -10 -16.7 3.8 -10 -15.6 2.3 -10
4 1 -15.6 2.3 -10 -16.7 3.8 -10 -15.7 4.1 -10 -14.8 2.7 -10
4 1 -14.8 2.7 -10 -15.7 4.1 -10 -14.8 4.5 -10 -14.3 2.9 -10
4 1 -14.3 2.9 -10 -14.8 4.5 -10 -13.8 4.7 -10 -13.6 3.1 -10
4 1 -13 3.1 -10 -13.6 3.1 -10 -13.8 4.7 -10 -12.9 4.7 -10
4 1 -13 3.1 -10 -12.9 4.7 -10 -11.9 4.6 -10 -12.2 3 -10
4 1 -12.2 3 -10 -11.9 4.6 -10 -11.1 4.3 -10 -11.4 2.7 -10
4 1 -11.4 2.7 -10 -11.1 4.3 -10 -10.3 4 -10 -10.5 2.4 -10
4 1 -10.5 2.4 -10 -10.3 4 -10 -9.4 3.8 -10 -9.5 2.1 -10
4 1 -9.5 2.1 -10 -9.4 3.8 -10 -8.4 3.6 -10 -8.6 1.9 -10
4 1 -7.8 1.9 -10 -8.6 1.9 -10 -8.4 3.6 -10 -7.5 3.5 -10
4 1 -6.8 2.1 -10 -7.8 1.9 -10 -7.5 3.5 -10 -6.4 3.6 -10
4 1 -6 2.4 -10 -6.8 2.1 -10 -6.4 3.6 -10 -5 2.8 -10
4 1 -5 2.8 -10 -6.4 3.6 -10 -5.3 3.9 -10 -4.1 3.3 -10
4 1 -4.1 3.3 -10 -5.3 3.9 -10 -4.6 4.3 -10 -3.3 3.9 -10
4 1 -3.3 3.9 -10 -4.6 4.3 -10 -4.2 4.8 -10 -2.8 4.6 -10
4 1 -2.6 5.2 -10 -2.8 4.6 -10 -4.2 4.8 -10 -4.1 5.4 -10
4 1 -4.1 5.4 -10 -4.1 6 -10 -2.6 5.9 -10 -2.6 5.2 -10
4 1 -2.8 6.6 -10 -2.6 5.9 -10 -4.1 6 -10 -4.3 6.6 -10
4 1 -3.1 7.1 -10 -2.8 6.6 -10 -4.3 6.6 -10 -3.6 7.5 -10
4 1 -3.6 7.5 -10 -4.3 6.6 -10 -4.6 7.2 -10 -4.2 7.9 -10
4 1 -4.6 7.2 -10 -5.2 7.8 -10 -4.8 8.2 -10 -4.2 7.9 -10
4 1 -5.2 7.8 -10 -5.9 8.2 -10 -5.5 8.5 -10 -4.8 8.2 -10
4 1 -5.9 8.2 -10 -6.6 8.5 -10 -6.2 8.8 -10 -5.5 8.5 -10
4 1 -6.6 8.5 -10 -7.2 8.7 -10 -7.1 9.1 -10 -6.2 8.8 -10
4 1 -7.1 9.1 -10 -7.2 8.7 -10 -7.9 8.8 -10 -7.4 9.3 -10
4 1 -8.6 9 -10 -8.642 9.288 -10 -8.4 9.5 -10 -7.9 9.4 -10
4 1 -7.9 8.8 -10 -8.6 9 -10 -7.9 9.4 -10 -7.4 9.3 -10
3 1 -7.4 9.3 -10 -7.9 9.4 -10 -7.4 9.5 -10
3 1 -7.4 9.3 -10 -7.4 9.5 -10 -6.8 9.7 -10
4 1 -8.3 13.9 -10 -8.2 14.1 -10 -7.5 14.1 -10 -7.7 13.8 -10
4 1 -7.7 13.8 -10 -7.5 14.1 -10 -6.7 14.1 -10 -6.8 13.7 -10
4 1 -6.8 13.7 -10 -6.7 14.1 -10 -5.8 14 -10 -6.1 13.5 -10
4 1 -5.5 13.3 -10 -6.1 13.5 -10 -5.8 14 -10 -5.1 13.9 -10
4 1 -5 13.1 -10 -5.1 12.8 -10 -5.5 13.3 -10 -5.1 13.9 -10
4 1 -4.7 13.3 -10 -5 13.1 -10 -5.1 13.9 -10 -4.5 14 -10
4 1 -3.95 13.55 -10 -4.7 13.3 -10 -4.5 14 -10 -4 14.4 -10
4 1 -2.95 13.95 -10 -3.95 13.55 -10 -4 14.4 -10 -2.6 14.3 -10
4 1 -2.4 14.7 -10 -4 14.4 -10 -3.7 15.2 -10 -2.3 15.2 -10
3 1 -2.6 14.3 -10 -4 14.4 -10 -2.4 14.7 -10
4 1 -3.7 15.2 -10 -3.6 15.9 -10 -2.3 15.8 -10 -2.3 15.2 -10
4 1 -3.6 15.9 -10 -3.6 16.6 -10 -2.4 16.7 -10 -2.3 15.8 -10
4 1 -3.6 16.6 -10 -3.8 17.3 -10 -2.5 17.3 -10 -2.4 16.7 -10
4 1 -3.8 17.3 -10 -4 17.9 -10 -2.7 18.1 -10 -2.5 17.3 -10
4 1 -4 17.9 -10 -4.4 18.5 -10 -2.9 18.7 -10 -2.7 18.1 -10
4 1 -3.2 19.3 -10 -2.9 18.7 -10 -4.4 18.5 -10 -3.7 19.8 -10
4 1 -5.1 19.1 -10 -4.4 20.2 -10 -3.7 19.8 -10 -4.4 18.5 -10
4 1 -5.1 19.1 -10 -5.8 19.5 -10 -5.2 20.5 -10 -4.4 20.2 -10
4 1 -5.8 19.5 -10 -6.6 19.8 -10 -6.2 20.8 -10 -5.2 20.5 -10
4 1 -6.6 19.8 -10 -7.6 20.1 -10 -7.2 21 -10 -6.2 20.8 -10
4 1 -7.6 20.1 -10 -8.5 20.3 -10 -7.9 21.1 -10 -7.2 21 -10
4 1 -8.5 20.3 -10 -9.5 20.5 -10 -8.9 21.3 -10 -7.9 21.1 -10
4 1 -9.5 20.5 -10 -10.5 20.6 -10 -10 21.4 -10 -8.9 21.3 -10
4 1 -11 21.5 -10 -10 21.4 -10 -10.5 20.6 -10 -11.5 20.5 -10
4 1 -12 21.5 -10 -11 21.5 -10 -11.5 20.5 -10 -12.6 20.2 -10
4 1 -13 21.5 -10 -12 21.5 -10 -12.6 20.2 -10 -13.4 19.9 -10
4 1 -13.8 21.4 -10 -13 21.5 -10 -13.4 19.9 -10 -14 19.6 -10
4 1 -13.8 21.4 -10 -14 19.6 -10 -14.6 19.6 -10 -15.1 19.8 -10
4 1 -14.8 21.3 -10 -13.8 21.4 -10 -15.1 19.8 -10 -15.9 20.2 -10
3 1 -15.9 20.2 -10 -15.5 21.4 -10 -14.8 21.3 -10
4 1 -15.9 20.2 -10 -17 20.5 -10 -16 21.5 -10 -15.5 21.4 -10
4 1 -16.7 21.7 -10 -16 21.5 -10 -17 20.5 -10 -18 20.7 -10
4 1 -18 20.7 -10 -18.3 21.9 -10 -17.7 21.9 -10 -16.7 21.7 -10
4 1 -18.9 20.7 -10 -19.1 21.8 -10 -18.3 21.9 -10 -18 20.7 -10
4 1 -18.9 20.7 -10 -20 20.4 -10 -19.8 21.6 -10 -19.1 21.8 -10
4 1 -20 20.4 -10 -21 19.9 -10 -20.9 21.1 -10 -20.5 21.3 -10
3 1 -20 20.4 -10 -20.5 21.3 -10 -19.8 21.6 -10
4 1 -21.4 20.9 -10 -20.9 21.1 -10 -21 19.9 -10 -21.9 19.4 -10
4 1 -22 20.8 -10 -21.4 20.9 -10 -21.9 19.4 -10 -22.5 19.2 -10
4 1 -23 19.2 -10 -22.4 20.9 -10 -22 20.8 -10 -22.5 19.2 -10
4 1 -23.5 19.4 -10 -22.9 21.1 -10 -22.4 20.9 -10 -23 19.2 -10
4 1 -24.1 19.8 -10 -23.5 21.5 -10 -22.9 21.1 -10 -23.5 19.4 -10
4 1 -25 20.4 -10 -24 21.9 -10 -23.5 21.5 -10 -24.1 19.8 -10
4 1 -25.602 20.682 -10 -26.828 22.411 -10 -26.5 22.8 -10 -26 23.1 -10
4 1 -25.602 20.682 -10 -26 23.1 -10 -25.3 22.8 -10 -24.7 22.4 -10
4 1 -25.602 20.682 -10 -24.7 22.4 -10 -24 21.9 -10 -25 20.4 -10
4 1 -28.585 19.599 -10 -28.132 20.127 -10 -28.3 19.3 -10 -28.6 18.8 -10
4 1 -28.585 19.599 -10 -28.6 18.8 -10 -28.9 18.4 -10 -29.2 18.3 -10
4 1 -28.585 19.599 -10 -29.2 18.3 -10 -29.5 18.5 -10 -29.9 19 -10
4 1 -28.585 19.599 -10 -29.9 19 -10 -30.3 19.9 -10 -29.232 21.034 -10
3 1 -30.3 19.9 -10 -30.6 20.7 -10 -29.232 21.034 -10
3 1 -30.6 20.7 -10 -30.985 21.55 -10 -29.232 21.034 -10
4 1 -30.065 22.254 -10 -30.985 21.55 -10 -31.3 22.3 -10 -30.3 22.9 -10
4 1 -30.5 23.4 -10 -30.3 22.9 -10 -31.3 22.3 -10 -31.9 22.9 -10
3 1 -31.9 22.9 -10 -32.8 23.3 -10 -30.5 23.4 -10
3 1 -35.1 23 -10 -36.2 23.4 -10 -33.9 23.4 -10
4 1 -35.8 22.5 -10 -36.6 23 -10 -36.2 23.4 -10 -35.1 23 -10
4 1 -37.1 22.5 -10 -36.6 23 -10 -35.8 22.5 -10 -36.6 21.6 -10
4 1 -36.6 21.6 -10 -37.4 21.1 -10 -37.6 22.1 -10 -37.1 22.5 -10
4 1 -37.4 21.1 -10 -38.1 20.9 -10 -38 21.9 -10 -37.6 22.1 -10
4 1 -38.6 21.9 -10 -38 21.9 -10 -38.1 20.9 -10 -39.3 20.8 -10
3 1 -39.3 20.8 -10 -39 22 -10 -38.6 21.9 -10
4 1 -39.4 22.2 -10 -39 22 -10 -39.3 20.8 -10 -40.1 21.2 -10
4 1 -40.7 21.7 -10 -40 22.6 -10 -39.4 22.2 -10 -40.1 21.2 -10
4 1 -40.7 21.7 -10 -41.4 21.8 -10 -40.7 22.9 -10 -40 22.6 -10
4 1 -41.3 23.1 -10 -40.7 22.9 -10 -41.4 21.8 -10 -42.1 21.6 -10
4 1 -42.1 23.1 -10 -41.3 23.1 -10 -42.1 21.6 -10 -42.9 21 -10
4 1 -42.9 23 -10 -42.1 23.1 -10 -42.9 21 -10 -43.7 22.8 -10
4 1 -45.9 15.6 -10 -46.223 15.556 -10 -46.477 15.744 -10 -45.3 16.2 -10
4 1 -45.3 16.2 -10 -46.477 15.744 -10 -46.5 16.3 -10 -46.4 17.2 -10
4 1 -44.8 17.1 -10 -45.3 16.2 -10 -46.4 17.2 -10 -46.2 18.1 -10
4 1 -44.4 18 -10 -44.8 17.1 -10 -46.2 18.1 -10 -45.9 19.1 -10
4 1 -44 19 -10 -44.4 18 -10 -45.9 19.1 -10 -45.7 20 -10
3 1 -44 19 -10 -45.7 20 -10 -43.5 20.1 -10
4 1 -45.7 20 -10 -45.5 21 -10 -42.9 21 -10 -43.5 20.1 -10
4 1 -44.3 22.5 -10 -43.7 22.8 -10 -42.9 21 -10 -44.7 22.1 -10
4 1 -44.7 22.1 -10 -42.9 21 -10 -45.5 21 -10 -45.7 21.9 -10
4 1 -45.7 21.9 -10 -46.2 22.5 -10 -44.7 23.4 -10 -44.7 22.1 -10
3 1 -46.2 22.5 -10 -47 23 -10 -44.7 23.4 -10
3 1 -47 23 -10 -48.1 23.4 -10 -44.7 23.4 -10
3 1 -51.4 23.2 -10 -53.4 23.4 -10 -50.6 23.4 -10
3 1 -52.1 22.7 -10 -53.4 23.4 -10 -51.4 23.2 -10
4 1 -52.8 21.9 -10 -53.7 22.9 -10 -53.4 23.4 -10 -52.1 22.7 -10
4 1 -52.8 21.9 -10 -53.3 20.9 -10 -54.1 22 -10 -53.7 22.9 -10
4 1 -54.6 21 -10 -54.1 22 -10 -53.3 20.9 -10 -53.8 19.9 -10
4 1 -55 20 -10 -54.6 21 -10 -53.8 19.9 -10 -54.2 18.8 -10
4 1 -55.3 19 -10 -55 20 -10 -54.2 18.8 -10 -54.5 18 -10
4 1 -55.6 18 -10 -55.3 19 -10 -54.5 18 -10 -54.7 17 -10
4 1 -55.9 17 -10 -55.6 18 -10 -54.7 17 -10 -54.9 15.9 -10
4 1 -56.2 16 -10 -55.9 17 -10 -54.9 15.9 -10 -55 15 -10
4 1 -56.4 15 -10 -56.2 16 -10 -55 15 -10 -55 14 -10
4 1 -56.7 14 -10 -56.4 15 -10 -55 14 -10 -55.1 12.9 -10
4 1 -56.9 13 -10 -56.7 14 -10 -55.1 12.9 -10 -55.2 12 -10
4 1 -57.1 12 -10 -56.9 13 -10 -55.2 12 -10 -55.3 11 -10
4 1 -57.3 11 -10 -57.1 12 -10 -55.3 11 -10 -55.6 10 -10
4 1 -57.5 10 -10 -57.3 11 -10 -55.6 10 -10 -56 8.9 -10
4 1 -57.8 9 -10 -57.5 10 -10 -56 8.9 -10 -56.4 8 -10
4 1 -58.2 8 -10 -57.8 9 -10 -56.4 8 -10 -56.7 7.1 -10
4 1 -58.6 7.2 -10 -58.2 8 -10 -56.7 7.1 -10 -56.8 6.4 -10
4 1 -58.9 6.4 -10 -58.6 7.2 -10 -56.8 6.4 -10 -59 5.7 -10
4 1 -56.6 5.6 -10 -59 5.1 -10 -59 5.7 -10 -56.8 6.4 -10
4 1 -58.8 4.6 -10 -59 5.1 -10 -56.6 5.6 -10 -58.6 4.2 -10
4 1 -58 3.7 -10 -56.6 5.6 -10 -56 4.8 -10 -57 3.1 -10
3 1 -58 3.7 -10 -58.6 4.2 -10 -56.6 5.6 -10
3 1 -54 2 -10 -54 3.6 -10 -53 3.2 -10
4 1 -17.1 11.9 -10 -16.7 12.6 -10 -16.7 12.4 -10 -16.9 12 -10
4 1 -17.1 11.9 -10 -17.5 11.9 -10 -17 13 -10 -16.7 12.6 -10
3 1 -16.7 12.6 -10 -17 13 -10 -16.8 12.9 -10
4 1 -17.6 13.1 -10 -17 13 -10 -17.5 11.9 -10 -18 12 -10
4 1 -18 13 -10 -17.6 13.1 -10 -18 12 -10 -18.2 12.1 -10
4 1 -18.4 12.4 -10 -18.3 12.8 -10 -18 13 -10 -18.2 12.1 -10
4 14 6.619 11.136 -10 8.074 12.589 -10 7.704 10.535 -10 6.646 9.996 -10
4 14 8.659 11.337 -10 8.846 10.214 -10 7.704 10.535 -10 8.074 12.589 -10
4 14 6.826 12.413 -10 8.074 12.589 -10 6.619 11.136 -10 5.716 12.005 -10
3 14 8.659 11.337 -10 8.074 12.589 -10 9.192 12.364 -10
3 14 6.826 12.413 -10 7.366 13.477 -10 8.074 12.589 -10
4 14 3.776 6.688 -10 4.449 6.443 -10 3.746 6.257 -10 3.42 6.512 -10
4 14 4.14 6.073 -10 3.813 5.849 -10 3.746 6.257 -10 4.449 6.443 -10
4 14 4.21 6.811 -10 4.449 6.443 -10 3.776 6.688 -10 3.917 7.101 -10
3 14 4.543 6.057 -10 4.14 6.073 -10 4.449 6.443 -10
3 14 4.449 6.443 -10 4.21 6.811 -10 4.633 6.802 -10
3 16 -56.491 19.962 -10 -54.6 21 -10 -55 20 -10
4 16 -55.3 19 -10 -56.531 18.935 -10 -56.491 19.962 -10 -55 20 -10
4 16 -55.899 18.144 -10 -56.531 18.935 -10 -55.3 19 -10 -55.6 18 -10
4 16 -56.847 17.749 -10 -55.899 18.144 -10 -55.6 18 -10 -55.9 17 -10
4 16 -57.36 16.88 -10 -56.847 17.749 -10 -55.9 17 -10 -56.2 16 -10
4 16 -57.36 16.88 -10 -56.2 16 -10 -56.4 15 -10 -56.7 14 -10
4 16 -58.98 17.986 -10 -57.953 17.749 -10 -57.36 16.88 -10 -56.7 14 -10
3 16 -56.9 13 -10 -58.98 17.986 -10 -56.7 14 -10
3 16 -57.1 12 -10 -58.98 17.986 -10 -56.9 13 -10
3 16 -57.3 11 -10 -58.98 17.986 -10 -57.1 12 -10
4 16 -58.98 17.986 -10 -57.3 11 -10 -57.5 10 -10 -57.8 9 -10
4 16 -58.98 17.986 -10 -57.8 9 -10 -58.2 8 -10 -58.6 7.2 -10
3 16 -58.9 6.4 -10 -58.98 17.986 -10 -58.6 7.2 -10
4 16 -58.348 18.777 -10 -58.98 17.986 -10 -60 24 -10 -58.467 19.883 -10
4 16 -57.479 19.527 -10 -58.467 19.883 -10 -60 24 -10 -56.491 19.962 -10
4 16 -56.491 19.962 -10 -60 24 -10 -54.1 22 -10 -54.6 21 -10
3 16 -54.1 22 -10 -60 24 -10 -53.7 22.9 -10
3 16 -53.7 22.9 -10 -60 24 -10 -53.4 23.4 -10
3 16 -50.6 23.4 -10 -53.4 23.4 -10 -60 24 -10
3 16 -48.1 23.4 -10 -50.6 23.4 -10 -60 24 -10
4 16 -44.7 23.4 -10 -48.1 23.4 -10 -60 24 -10 -40 24 -10
3 16 -44.7 22.1 -10 -44.7 23.4 -10 -44.3 22.5 -10
3 16 -44.3 22.5 -10 -44.7 23.4 -10 -43.7 22.8 -10
3 16 -43.7 22.8 -10 -44.7 23.4 -10 -42.9 23 -10
3 16 -42.9 23 -10 -44.7 23.4 -10 -42.1 23.1 -10
4 16 -41.3 23.1 -10 -42.1 23.1 -10 -44.7 23.4 -10 -36.2 23.4 -10
4 16 -40.7 22.9 -10 -41.3 23.1 -10 -36.2 23.4 -10 -36.6 23 -10
4 16 -37.1 22.5 -10 -40 22.6 -10 -40.7 22.9 -10 -36.6 23 -10
4 16 -38 21.9 -10 -38.6 21.9 -10 -37.1 22.5 -10 -37.6 22.1 -10
4 16 -37.1 22.5 -10 -38.6 21.9 -10 -39 22 -10 -39.4 22.2 -10
3 16 -39.4 22.2 -10 -40 22.6 -10 -37.1 22.5 -10
3 16 -30.065 22.254 -10 -30.3 22.9 -10 -29.548 22.65 -10
3 16 -26.828 22.411 -10 -29.548 22.65 -10 -26.5 22.8 -10
4 16 -29.548 22.65 -10 -30.3 22.9 -10 -26 23.1 -10 -26.5 22.8 -10
4 16 -26 23.1 -10 -30.3 22.9 -10 -30.5 23.4 -10 -20 23.6 -10
3 16 -36.2 23.4 -10 -44.7 23.4 -10 -40 24 -10
3 16 -33.9 23.4 -10 -36.2 23.4 -10 -40 24 -10
4 16 -30.5 23.4 -10 -32.8 23.3 -10 -33.9 23.4 -10 -40 24 -10
3 16 -20.5 21.3 -10 -20 23.6 -10 -19.8 21.6 -10
4 16 -20 23.6 -10 -20.5 21.3 -10 -20.9 21.1 -10 -21.4 20.9 -10
4 16 -20 23.6 -10 -21.4 20.9 -10 -22 20.8 -10 -22.4 20.9 -10
4 16 -20 23.6 -10 -22.4 20.9 -10 -22.9 21.1 -10 -23.5 21.5 -10
3 16 -23.5 21.5 -10 -24 21.9 -10 -20 23.6 -10
3 16 -24 21.9 -10 -24.7 22.4 -10 -20 23.6 -10
3 16 -24.7 22.4 -10 -25.3 22.8 -10 -20 23.6 -10
3 16 -25.3 22.8 -10 -26 23.1 -10 -20 23.6 -10
3 16 -30.5 23.4 -10 -40 24 -10 -20 23.6 -10
3 16 -60 0 -10 -58.6 4.2 -10 -58 3.7 -10
3 16 -60 0 -10 -58.8 4.6 -10 -58.6 4.2 -10
3 16 -60 0 -10 -59 5.1 -10 -58.8 4.6 -10
3 16 -60 0 -10 -59 5.7 -10 -59 5.1 -10
4 16 -59 5.7 -10 -60 0 -10 -58.98 17.986 -10 -58.9 6.4 -10
3 16 -60 0 -10 -60 24 -10 -58.98 17.986 -10
3 16 -60 0 -10 -58 3.7 -10 -57 3.1 -10
4 16 -60 0 -10 -57 3.1 -10 -56.1 2.8 -10 -55 2.4 -10
3 16 -60 0 -10 -55 2.4 -10 -54 2 -10
3 16 -60 0 -10 -54 2 -10 -53 1.7 -10
3 16 -60 0 -10 -53 1.7 -10 -52 1.4 -10
4 16 -60 0 -10 -52 1.4 -10 -50.9 1.25 -10 -50 0.95 -10
3 16 -60 0 -10 -50 0.95 -10 -49 0.6 -10
3 16 -60 0 -10 -49 0.6 -10 -48.6 0.5 -10
3 16 -60 0 -10 -48.6 0.5 -10 -48 0.4 -10
3 16 -60 0 -10 -48 0.4 -10 -47 0.4 -10
4 16 -60 0 -10 -47 0.4 -10 -45 0.4 -10 -40 0 -10
3 16 -40 0 -10 -45 0.4 -10 -43 0.4 -10
3 16 -40 0 -10 -43 0.4 -10 -42.3 0.45 -10
3 16 -40 0 -10 -42.3 0.45 -10 -41.8 0.7 -10
3 16 -40 0 -10 -41.8 0.7 -10 -41.4 1 -10
3 16 -40 0 -10 -41.4 1 -10 -41.1 1.5 -10
3 16 -40 0 -10 -41.1 1.5 -10 -40.9 2.1 -10
4 16 -40 0 -10 -40.9 2.1 -10 -40.8 2.6 -10 -40.7 2.8 -10
4 16 -40 0 -10 -40.7 2.8 -10 -40.5 3 -10 -40.3 3.1 -10
4 16 -40 0 -10 -40.3 3.1 -10 -40 3.15 -10 -39.3 3.1 -10
3 16 -40 0 -10 -39.3 3.1 -10 -38.4 3.05 -10
3 16 -40 0 -10 -38.4 3.05 -10 -37.3 3.1 -10
4 16 -35.7 4.2 -10 -35.291 4.441 -10 -34.9 4.35 -10 -34.15 3.251 -10
3 16 -34.15 3.251 -10 -36.1 3.8 -10 -35.7 4.2 -10
3 16 -34.15 3.251 -10 -36.4 3.5 -10 -36.1 3.8 -10
3 16 -36.85 3.2 -10 -36.4 3.5 -10 -34.15 3.251 -10
4 16 -37.3 3.1 -10 -36.85 3.2 -10 -34.15 3.251 -10 -40 0 -10
3 16 -34.15 3.251 -10 -33.705 4.003 -10 -33.2 3.6 -10
3 16 -34.15 3.251 -10 -33.2 3.6 -10 -32.6 3.3 -10
3 16 -31.5 3 -10 -34.15 3.251 -10 -32.6 3.3 -10
4 16 -34.15 3.251 -10 -31.5 3 -10 -30.4 2.8 -10 -40 0 -10
3 16 -20 0.5 -10 -20.6 2.5 -10 -19.5 2 -10
4 16 -21.5 3 -10 -20.6 2.5 -10 -20 0.5 -10 -22.5 3.5 -10
4 16 -23.4 3.8 -10 -22.5 3.5 -10 -20 0.5 -10 -24 3.9 -10
4 16 -24.5 3.9 -10 -24 3.9 -10 -20 0.5 -10 -25.5 3.7 -10
4 16 -26.5 3.5 -10 -25.5 3.7 -10 -20 0.5 -10 -27.6 3.2 -10
3 16 -20 0.5 -10 -28.4 3 -10 -27.6 3.2 -10
3 16 -20 0.5 -10 -29.4 2.8 -10 -28.4 3 -10
4 16 -30.4 2.8 -10 -29.4 2.8 -10 -20 0.5 -10 -40 0 -10
3 16 -20 0.5 -10 -19.5 2 -10 -19 1.8 -10
3 16 -20 0.5 -10 -19 1.8 -10 -18.2 1.6 -10
4 16 -20 0.5 -10 -18.2 1.6 -10 -17.5 1.6 -10 -13 0.5 -10
3 16 -13 0.5 -10 -17.5 1.6 -10 -16.8 1.8 -10
3 16 -13 0.5 -10 -16.8 1.8 -10 -16.3 2 -10
3 16 -13 0.5 -10 -16.3 2 -10 -15.6 2.3 -10
4 16 -13 0.5 -10 -15.6 2.3 -10 -14.8 2.7 -10 -14.3 2.9 -10
4 16 -13 0.5 -10 -14.3 2.9 -10 -13.6 3.1 -10 -13 3.1 -10
4 16 -13 0.5 -10 -13 3.1 -10 -12.2 3 -10 -11.4 2.7 -10
3 16 -13 0.5 -10 -11.4 2.7 -10 -10.5 2.4 -10
3 16 -13 0.5 -10 -10.5 2.4 -10 -9.5 2.1 -10
3 16 -13 0.5 -10 -9.5 2.1 -10 -8.6 1.9 -10
4 16 -13 0.5 -10 -8.6 1.9 -10 -7.8 1.9 -10 0 0 -10
3 16 0 0 -10 -7.8 1.9 -10 -6.8 2.1 -10
3 16 0 0 -10 -6.8 2.1 -10 -6 2.4 -10
3 16 0 0 -10 -6 2.4 -10 -5 2.8 -10
3 16 0 0 -10 -5 2.8 -10 -4.1 3.3 -10
3 16 0 0 -10 -4.1 3.3 -10 -3.3 3.9 -10
3 16 0 0 -10 -3.3 3.9 -10 -2.8 4.6 -10
3 16 0 0 -10 -2.8 4.6 -10 -2.6 5.2 -10
4 16 0 0 -10 -2.6 5.2 -10 -2.6 5.9 -10 -0.386 7.45 -10
4 16 -40 0 -10 -20 0.5 -10 -13 0.5 -10 0 0 -10
4 366 1 7.9 -10 -0.386 7.45 -10 -0.476 7.9 -10 -0.386 8.35 -10
4 366 1 7.9 -10 -0.386 8.35 -10 0.068 8.732 -10 0.55 8.986 -10
4 366 1 7.9 -10 0.55 8.986 -10 1 9.076 -10 1.45 8.986 -10
4 366 1 7.9 -10 1.45 8.986 -10 1.832 8.732 -10 2.086 8.35 -10
4 366 1 7.9 -10 2.086 8.35 -10 2.176 7.9 -10 2.086 7.45 -10
4 366 1 7.9 -10 2.086 7.45 -10 1.932 6.968 -10 1.55 6.714 -10
4 366 1 7.9 -10 1.55 6.714 -10 1 6.724 -10 0.55 6.814 -10
4 366 1 7.9 -10 0.55 6.814 -10 0.068 7.068 -10 -0.386 7.45 -10
4 366 5.2 20.2 -10 3.374 19.526 -10 3.24 20.2 -10 3.374 20.874 -10
4 366 5.2 20.2 -10 3.374 20.874 -10 3.955 21.445 -10 4.526 21.826 -10
4 366 5.2 20.2 -10 4.526 21.826 -10 5.2 21.96 -10 5.974 21.926 -10
4 366 5.2 20.2 -10 5.974 21.926 -10 6.545 21.545 -10 6.926 20.974 -10
4 366 5.2 20.2 -10 6.926 20.974 -10 6.96 20.2 -10 6.826 19.526 -10
4 366 5.2 20.2 -10 6.826 19.526 -10 6.445 18.955 -10 5.874 18.574 -10
4 366 5.2 20.2 -10 5.874 18.574 -10 5.2 18.44 -10 4.326 18.574 -10
4 366 5.2 20.2 -10 4.326 18.574 -10 3.755 18.955 -10 3.374 19.526 -10
4 366 16.1 19.9 -10 15.467 19.167 -10 15.205 19.8 -10 15.467 20.533 -10
4 366 16.1 19.9 -10 15.467 20.533 -10 16.1 20.795 -10 16.733 20.533 -10
4 366 16.1 19.9 -10 16.733 20.533 -10 16.995 19.9 -10 16.733 19.267 -10
4 366 16.1 19.9 -10 16.733 19.267 -10 16.1 19.005 -10 15.467 19.167 -10
4 366 17.3 22.1 -10 16.667 21.467 -10 16.405 22.1 -10 16.767 22.733 -10
4 366 17.3 22.1 -10 16.767 22.733 -10 17.4 22.995 -10 18.033 22.733 -10
4 366 17.3 22.1 -10 18.033 22.733 -10 18.295 22.1 -10 18.033 21.467 -10
4 366 17.3 22.1 -10 18.033 21.467 -10 17.3 21.205 -10 16.667 21.467 -10
4 14 -1.9 16.9 -10 -2.4 16.7 -10 -2.5 17.3 -10 -1.6 17.3 -10
4 14 -2.5 17.3 -10 -2.7 18.1 -10 -1.1 17.6 -10 -1.6 17.3 -10
4 14 2.5 13.3 -10 2.8 13.6 -10 3.1 13.5 -10 3 13.2 -10
4 14 2.5 13.3 -10 2.1 13.4 -10 2.2 13.9 -10 2.8 13.6 -10
4 14 1.7 13.6 -10 1.8 14.3 -10 2.2 13.9 -10 2.1 13.4 -10
4 14 1.8 14.3 -10 1.7 13.6 -10 1.4 13.9 -10 1.2 14.3 -10
4 14 1.5 14.9 -10 1.8 14.3 -10 1.2 14.3 -10 1 15 -10
4 14 1 15 -10 0.9 15.5 -10 1.3 15.6 -10 1.5 14.9 -10
4 14 0.9 15.5 -10 0.8 15.9 -10 1.2 16 -10 1.3 15.6 -10
4 14 1.2 16 -10 0.8 15.9 -10 0.6 16.4 -10 1.1 16.8 -10
4 14 1.1 16.8 -10 0.6 16.4 -10 0.4 16.8 -10 1.1 17.4 -10
4 14 1.1 17.4 -10 0.4 16.8 -10 0.1 17.3 -10 1.1 18.1 -10
4 14 -0.2 17.6 -10 1.05 18.75 -10 1.1 18.1 -10 0.1 17.3 -10
4 14 0.9 19.1 -10 1.05 18.75 -10 -0.2 17.6 -10 0.4 19.5 -10
4 14 -0.1 19.7 -10 0.4 19.5 -10 -0.2 17.6 -10 -0.7 17.7 -10
4 14 -0.6 19.8 -10 -0.1 19.7 -10 -0.7 17.7 -10 -1.1 17.6 -10
4 14 -1.2 19.8 -10 -0.6 19.8 -10 -1.1 17.6 -10 -1.7 19.7 -10
4 14 -2.2 19.5 -10 -1.7 19.7 -10 -1.1 17.6 -10 -2.6 19.2 -10
4 14 -2.9 18.7 -10 -2.6 19.2 -10 -1.1 17.6 -10 -2.7 18.1 -10
4 16 3.42 6.512 -10 3.746 6.257 -10 3.813 5.849 -10 0 0 -10
4 16 1.55 6.714 -10 1.932 6.968 -10 3.42 6.512 -10 0 0 -10
3 16 0 0 -10 1 6.724 -10 1.55 6.714 -10
3 16 0 0 -10 0.55 6.814 -10 1 6.724 -10
3 16 0 0 -10 0.068 7.068 -10 0.55 6.814 -10
3 16 0 0 -10 -0.386 7.45 -10 0.068 7.068 -10
3 16 -2.6 5.9 -10 -2.8 6.6 -10 -0.386 7.45 -10
4 16 -3.1 7.1 -10 -0.476 7.9 -10 -0.386 7.45 -10 -2.8 6.6 -10
4 16 -0.476 7.9 -10 -3.1 7.1 -10 -3.6 7.5 -10 -0.386 8.35 -10
3 16 -3.6 7.5 -10 -4.2 7.9 -10 -0.386 8.35 -10
4 16 -0.386 8.35 -10 -4.2 7.9 -10 -4.8 8.2 -10 -5 12.2 -10
4 16 -7.1 9.1 -10 -7.4 9.3 -10 -6.8 9.7 -10 -6.2 8.8 -10
4 16 -5.95 10.5 -10 -5.5 8.5 -10 -6.2 8.8 -10 -6.8 9.7 -10
4 16 -5.5 8.5 -10 -5.95 10.5 -10 -5.2 11.5 -10 -4.8 8.2 -10
4 16 -5.1 12.8 -10 -5 13.1 -10 -4.7 13.3 -10 -3.95 13.55 -10
4 16 -5 12.2 -10 -5.1 12.8 -10 -3.95 13.55 -10 -2.95 13.95 -10
3 16 -4.8 8.2 -10 -5.2 11.5 -10 -5 12.2 -10
4 16 -0.386 8.35 -10 -5 12.2 -10 -2.95 13.95 -10 0.068 8.732 -10
4 16 -2.95 13.95 -10 1.2 14.3 -10 1.4 13.9 -10 0.068 8.732 -10
4 16 0.068 8.732 -10 1.4 13.9 -10 1.7 13.6 -10 0.55 8.986 -10
4 16 0.55 8.986 -10 1.7 13.6 -10 2.1 13.4 -10 1 9.076 -10
4 16 1 9.076 -10 2.1 13.4 -10 2.5 13.3 -10 1.45 8.986 -10
4 16 -2.3 15.8 -10 -2.4 16.7 -10 -1.9 16.9 -10 0.6 16.4 -10
4 16 1.2 14.3 -10 -2.95 13.95 -10 -2.6 14.3 -10 1 15 -10
4 16 1 15 -10 -2.6 14.3 -10 -2.4 14.7 -10 0.9 15.5 -10
4 16 0.9 15.5 -10 -2.4 14.7 -10 -2.3 15.2 -10 0.8 15.9 -10
4 16 0.8 15.9 -10 -2.3 15.2 -10 -2.3 15.8 -10 0.6 16.4 -10
4 16 0.4 16.8 -10 0.6 16.4 -10 -1.9 16.9 -10 0.1 17.3 -10
4 16 -0.2 17.6 -10 0.1 17.3 -10 -1.9 16.9 -10 -1.1 17.6 -10
3 16 -0.2 17.6 -10 -1.1 17.6 -10 -0.7 17.7 -10
3 16 -1.9 16.9 -10 -1.6 17.3 -10 -1.1 17.6 -10
4 16 2.2 13.9 -10 4.326 18.574 -10 5.2 18.44 -10 2.8 13.6 -10
4 16 4.326 18.574 -10 2.2 13.9 -10 1.8 14.3 -10 1.5 14.9 -10
4 16 4.326 18.574 -10 1.5 14.9 -10 1.3 15.6 -10 1.2 16 -10
4 16 3.755 18.955 -10 4.326 18.574 -10 1.2 16 -10 1.1 16.8 -10
4 16 3.755 18.955 -10 1.1 16.8 -10 1.1 17.4 -10 3.374 19.526 -10
3 16 1.1 17.4 -10 1.1 18.1 -10 3.374 19.526 -10
3 16 1.1 18.1 -10 1.05 18.75 -10 3.374 19.526 -10
4 16 0.9 19.1 -10 3.24 20.2 -10 3.374 19.526 -10 1.05 18.75 -10
3 16 0.9 19.1 -10 0.4 19.5 -10 3.24 20.2 -10
4 16 -0.1 19.7 -10 3.374 20.874 -10 3.24 20.2 -10 0.4 19.5 -10
3 16 -0.1 19.7 -10 -0.6 19.8 -10 3.374 20.874 -10
3 16 -2.9 18.7 -10 -3.2 19.3 -10 -2.6 19.2 -10
4 16 -3.2 19.3 -10 -3.7 19.8 -10 -2.2 19.5 -10 -2.6 19.2 -10
4 16 -1.7 19.7 -10 -2.2 19.5 -10 -3.7 19.8 -10 -4.4 20.2 -10
4 16 -1.2 19.8 -10 -1.7 19.7 -10 -4.4 20.2 -10 -5.2 20.5 -10
4 16 -0.6 19.8 -10 -1.2 19.8 -10 -5.2 20.5 -10 3.374 20.874 -10
4 16 3.955 21.445 -10 3.374 20.874 -10 -5.2 20.5 -10 0 24 -10
3 16 4.526 21.826 -10 0 24 -10 5.2 21.96 -10
3 16 3.955 21.445 -10 0 24 -10 4.526 21.826 -10
3 16 -19.8 21.6 -10 -20 23.6 -10 -19.1 21.8 -10
3 16 -19.1 21.8 -10 -20 23.6 -10 -18.3 21.9 -10
3 16 -17.7 21.9 -10 -18.3 21.9 -10 -20 23.6 -10
3 16 -16.7 21.7 -10 -17.7 21.9 -10 -20 23.6 -10
4 16 -16 21.5 -10 -16.7 21.7 -10 -20 23.6 -10 -15.5 21.4 -10
4 16 -14.8 21.3 -10 -15.5 21.4 -10 -20 23.6 -10 -13.8 21.4 -10
3 16 -13.8 21.4 -10 -20 23.6 -10 -13 21.5 -10
3 16 -12 21.5 -10 -13 21.5 -10 -20 23.6 -10
4 16 -11 21.5 -10 -12 21.5 -10 -20 23.6 -10 0 24 -10
3 16 -5.2 20.5 -10 -6.2 20.8 -10 0 24 -10
3 16 -6.2 20.8 -10 -7.2 21 -10 0 24 -10
4 16 0 24 -10 -7.2 21 -10 -7.9 21.1 -10 -8.9 21.3 -10
4 16 0 24 -10 -8.9 21.3 -10 -10 21.4 -10 -11 21.5 -10
3 16 -20 23.6 -10 -40 24 -10 0 24 -10
4 14 16.5 11.25 -10 16.35 11.1 -10 16.1 11.15 -10 16.4 11.55 -10
4 14 16.4 11.55 -10 16.1 11.15 -10 15.8 11.35 -10 16.1 11.85 -10
4 14 16.1 11.85 -10 15.8 11.35 -10 15.5 11.45 -10 15.75 12.15 -10
4 14 15.75 12.15 -10 15.5 11.45 -10 15 11.5 -10 15.3 12.45 -10
4 14 14.9 12.55 -10 15.3 12.45 -10 15 11.5 -10 14.45 11.45 -10
4 14 14.3 12.5 -10 14.9 12.55 -10 14.45 11.45 -10 13.7 12.35 -10
4 14 13.7 12.35 -10 14.45 11.45 -10 13.9 11.3 -10 13.2 12.05 -10
4 14 13.2 12.05 -10 13.9 11.3 -10 13.5 11.15 -10 12.8 11.75 -10
4 14 12.8 11.75 -10 13.5 11.15 -10 13.2 10.95 -10 12.4 11.25 -10
4 14 12.4 11.25 -10 13.2 10.95 -10 13 10.75 -10 12.1 10.75 -10
4 14 12.1 10.75 -10 13 10.75 -10 12.8 10.45 -10 11.9 10.35 -10
4 14 11.9 10.35 -10 12.8 10.45 -10 12.7 10.15 -10 11.8 9.95 -10
4 14 11.8 9.95 -10 12.7 10.15 -10 12.65 9.9 -10 11.7 9.45 -10
4 14 11.7 9.45 -10 12.65 9.9 -10 12.6 9.45 -10 11.7 9.05 -10
4 14 11.7 9.05 -10 12.6 9.45 -10 12.6 9.15 -10 11.8 8.55 -10
4 14 11.8 8.55 -10 12.6 9.15 -10 12.7 8.85 -10 12.1 8.15 -10
4 14 12.1 8.15 -10 12.7 8.85 -10 12.9 8.65 -10 12.6 7.85 -10
4 14 12.6 7.85 -10 12.9 8.65 -10 13.1 8.55 -10 13.1 7.65 -10
4 14 13.1 7.65 -10 13.1 8.55 -10 13.5 8.45 -10 13.5 7.55 -10
4 14 13.5 7.55 -10 13.5 8.45 -10 13.75 8.5 -10 13.8 7.55 -10
4 14 13.8 7.55 -10 13.75 8.5 -10 13.9 8.55 -10 14.2 7.65 -10
4 14 14.2 7.65 -10 13.9 8.55 -10 14.1 8.65 -10 14.6 7.85 -10
4 14 14.8 8.05 -10 14.6 7.85 -10 14.1 8.65 -10 14.95 8.35 -10
4 14 14.95 8.35 -10 14.1 8.65 -10 14.2 8.85 -10 15 8.65 -10
4 14 15 8.65 -10 14.2 8.85 -10 14.2 9.05 -10 14.9 9.05 -10
4 14 14.9 9.05 -10 14.2 9.05 -10 14.1 9.35 -10 14.7 9.4 -10
4 14 14.7 9.4 -10 14.1 9.35 -10 14 9.55 -10 14.3 9.75 -10
4 14 14.3 9.75 -10 14 9.55 -10 13.9 9.85 -10 14.1 9.85 -10
4 27 16 12.45 -10 15.1 12.85 -10 15.3 13.35 -10 16.4 12.35 -10
4 27 16.55 12.7 -10 16.4 12.35 -10 15.3 13.35 -10 16.6 13.15 -10
4 27 16.6 13.15 -10 15.3 13.35 -10 15.4 13.9 -10 16.6 13.75 -10
4 27 16.6 13.75 -10 15.4 13.9 -10 15.4 14.4 -10 16.5 14.5 -10
4 27 16.5 14.5 -10 15.4 14.4 -10 15.4 14.9 -10 16.35 15.2 -10
4 27 16.35 15.2 -10 15.4 14.9 -10 15.3 15.45 -10 16.1 15.85 -10
4 27 16.1 15.85 -10 15.3 15.45 -10 15 15.85 -10 15.7 16.5 -10
4 27 15.7 16.5 -10 15 15.85 -10 14.6 16.25 -10 15.2 17.2 -10
4 27 15.2 17.2 -10 14.6 16.25 -10 14.1 16.5 -10 14.6 17.7 -10
4 27 14.6 17.7 -10 14.1 16.5 -10 13.6 16.65 -10 13.85 18.05 -10
4 27 13.85 18.05 -10 13.6 16.65 -10 13 16.7 -10 13 18.3 -10
4 27 13 18.3 -10 13 16.7 -10 11.9 16.6 -10 12.1 18.3 -10
4 27 11.2 18.2 -10 12.1 18.3 -10 11.9 16.6 -10 10.95 16.35 -10
4 27 10.25 18 -10 11.2 18.2 -10 10.95 16.35 -10 9.4 17.7 -10
4 27 8.55 17.25 -10 9.4 17.7 -10 10.95 16.35 -10 10 15.9 -10
4 27 7.75 16.7 -10 8.55 17.25 -10 10 15.9 -10 9.55 15.45 -10
4 27 6.85 15.9 -10 7.75 16.7 -10 9.55 15.45 -10 9.25 15 -10
4 27 6.05 15.05 -10 6.85 15.9 -10 9.25 15 -10 9.15 14.6 -10
4 27 5.5 14.15 -10 6.05 15.05 -10 9.15 14.6 -10 5.1 13.25 -10
4 27 6.8 7.75 -10 10.65 11.3 -10 11.1 10.9 -10 8.45 6.85 -10
4 27 8.45 6.85 -10 11.1 10.9 -10 11.5 10.6 -10 11.7 9.05 -10
4 27 16.95 6.45 -10 16 6 -10 15.1 9.45 -10 15.6 9.7 -10
4 27 18.7 7.65 -10 16.95 6.45 -10 15.6 9.7 -10 16.2 10.05 -10
4 27 18.7 7.65 -10 16.2 10.05 -10 16.7 10.5 -10 20.6 9.7 -10
3 27 20.6 9.7 -10 16.7 10.5 -10 17.35 11.25 -10
4 27 20.6 9.7 -10 17.35 11.25 -10 18.2 12.75 -10 21.1 10.5 -10
4 27 21.45 11.3 -10 21.1 10.5 -10 18.2 12.75 -10 21.6 12.15 -10
4 27 21.6 12.15 -10 18.2 12.75 -10 18.85 14.2 -10 21.6 14 -10
3 27 21.6 14 -10 18.85 14.2 -10 19.35 15.6 -10
4 27 21.6 14 -10 19.35 15.6 -10 19.65 16.65 -10 21.5 18.75 -10
3 27 19.65 16.65 -10 19.7 18.05 -10 21.5 18.75 -10
4 27 21.5 18.75 -10 19.7 18.05 -10 19.65 19.6 -10 21.5 19.95 -10
3 27 19.65 19.6 -10 19.45 21.15 -10 21.5 19.95 -10
4 27 21.8 19.95 -10 21.5 19.95 -10 19.45 21.15 -10 22.95 23.3 -10
4 27 23.15 19.9 -10 21.8 19.95 -10 22.95 23.3 -10 24.2 22.65 -10
4 27 23.4 20 -10 23.15 19.9 -10 24.2 22.65 -10 25.05 22.35 -10
4 27 24.5 19.5 -10 23.4 20 -10 25.05 22.35 -10 26.15 22 -10
4 27 25.85 18.9 -10 24.5 19.5 -10 26.15 22 -10 27.15 21.8 -10
4 27 26.95 18.45 -10 25.85 18.9 -10 27.15 21.8 -10 28.2 21.6 -10
4 27 27.75 18.15 -10 26.95 18.45 -10 28.2 21.6 -10 30.25 21.35 -10
4 27 30.25 21.35 -10 32.75 21.1 -10 32.3 17.05 -10 30.143 17.471 -10
4 27 32.3 17.05 -10 32.75 21.1 -10 34.9 21.1 -10 34.35 16.75 -10
4 27 34.35 16.75 -10 34.9 21.1 -10 37.55 21.15 -10 36 16.65 -10
4 27 37.55 16.75 -10 36 16.65 -10 37.55 21.15 -10 40.5 21.4 -10
4 27 39.8 17.1 -10 37.55 16.75 -10 40.5 21.4 -10 42.2 17.7 -10
4 27 42.2 17.7 -10 40.5 21.4 -10 43.8 22 -10 45.3 18.65 -10
4 27 45.3 18.65 -10 43.8 22 -10 46.05 22.65 -10 47.05 19.35 -10
4 27 48.55 19.95 -10 47.05 19.35 -10 46.05 22.65 -10 47.4 23.3 -10
4 27 50.619 21.018 -10 48.55 19.95 -10 47.4 23.3 -10 51.6 21.6 -10
3 27 51.6 21.6 -10 47.4 23.3 -10 54.1 23.25 -10
4 27 22.7 19.25 -10 21.8 19.95 -10 23.15 19.9 -10 23.65 19.55 -10
4 27 23.75 18.45 -10 22.7 19.25 -10 23.65 19.55 -10 24.65 18.85 -10
4 27 24.85 17.7 -10 23.75 18.45 -10 24.65 18.85 -10 25.9 18.2 -10
4 27 26.5 16.6 -10 24.85 17.7 -10 25.9 18.2 -10 27.15 17.55 -10
4 27 27.9 23.05 -10 26.8 23.25 -10 31.15 23.25 -10 29 22.95 -10
4 27 30.35 22.85 -10 29 22.95 -10 31.15 23.25 -10 32.05 22.85 -10
4 27 33.45 22.95 -10 32.05 22.85 -10 31.15 23.25 -10 34.5 23.1 -10
3 27 34.5 23.1 -10 31.15 23.25 -10 35.2 23.25 -10
3 27 19.45 21.15 -10 19.1 23.25 -10 22.95 23.3 -10
3 27 11.8 9.95 -10 11.5 10.6 -10 11.9 10.35 -10
3 27 11.7 9.45 -10 11.5 10.6 -10 11.8 9.95 -10
3 27 11.7 9.05 -10 11.5 10.6 -10 11.7 9.45 -10
3 27 8.45 6.85 -10 11.7 9.05 -10 11.8 8.55 -10
3 27 8.45 6.85 -10 11.8 8.55 -10 12.1 8.15 -10
4 27 12.6 9.45 -10 12.65 9.9 -10 13.1 9.7 -10 12.6 9.15 -10
4 27 12.7 8.85 -10 12.6 9.15 -10 13.1 9.7 -10 12.9 8.65 -10
4 27 12.9 8.65 -10 13.1 9.7 -10 13.55 9.5 -10 13.1 8.55 -10
4 27 13.5 8.45 -10 13.1 8.55 -10 13.55 9.5 -10 13.75 8.5 -10
4 27 13.75 8.5 -10 13.55 9.5 -10 13.85 9.4 -10 13.9 8.55 -10
4 27 13.85 9.4 -10 14.1 9.35 -10 14.2 9.05 -10 14.2 8.85 -10
4 27 14.1 8.65 -10 13.9 8.55 -10 13.85 9.4 -10 14.2 8.85 -10
3 27 14.9 9.05 -10 14.7 9.4 -10 15.1 9.45 -10
4 27 15 8.65 -10 14.9 9.05 -10 15.1 9.45 -10 16 6 -10
3 27 16 6 -10 14.95 8.35 -10 15 8.65 -10
3 27 16 6 -10 14.8 8.05 -10 14.95 8.35 -10
4 27 14.6 7.85 -10 14.8 8.05 -10 16 6 -10 15 5.6 -10
4 27 14.2 7.65 -10 14.6 7.85 -10 15 5.6 -10 14.15 5.45 -10
4 27 13.8 7.55 -10 14.2 7.65 -10 14.15 5.45 -10 13.35 5.45 -10
4 27 13.5 7.55 -10 13.8 7.55 -10 13.35 5.45 -10 12.45 5.55 -10
3 27 12.45 5.55 -10 13.1 7.65 -10 13.5 7.55 -10
4 27 12.6 7.85 -10 13.1 7.65 -10 12.45 5.55 -10 10.3 6.1 -10
4 27 8.45 6.85 -10 12.1 8.15 -10 12.6 7.85 -10 10.3 6.1 -10
4 27 8.846 10.214 -10 6.8 7.75 -10 6 8.5 -10 5.45 9.25 -10
3 27 6.8 7.75 -10 8.846 10.214 -10 10.65 11.3 -10
4 27 7.366 13.477 -10 5.1 13.25 -10 9.15 14.6 -10 9.1 13.9 -10
4 27 10.65 11.3 -10 8.846 10.214 -10 8.659 11.337 -10 10 12 -10
4 27 10 12 -10 8.659 11.337 -10 9.192 12.364 -10 9.5 12.7 -10
4 27 8.074 12.589 -10 7.366 13.477 -10 9.1 13.9 -10 9.3 13.15 -10
4 27 9.192 12.364 -10 8.074 12.589 -10 9.3 13.15 -10 9.5 12.7 -10
4 27 4.85 12.4 -10 5.1 13.25 -10 7.366 13.477 -10 6.826 12.413 -10
4 27 4.85 12.4 -10 6.826 12.413 -10 5.716 12.005 -10 4.75 11.7 -10
4 27 4.8 10.95 -10 4.75 11.7 -10 5.716 12.005 -10 6.619 11.136 -10
4 27 5.05 10.05 -10 4.8 10.95 -10 6.619 11.136 -10 6.646 9.996 -10
4 27 6.646 9.996 -10 7.704 10.535 -10 8.846 10.214 -10 5.45 9.25 -10
3 27 5.45 9.25 -10 5.05 10.05 -10 6.646 9.996 -10
4 366 27.15 17.55 -10 27.75 18.15 -10 31.15 16.45 -10 30.4 16.05 -10
4 366 26.5 16.6 -10 27.15 17.55 -10 30.4 16.05 -10 29.75 15.6 -10
4 366 26.3 16.1 -10 26.5 16.6 -10 29.75 15.6 -10 29.3 15.2 -10
4 366 26.2 15.65 -10 26.3 16.1 -10 29.3 15.2 -10 29.05 14.85 -10
4 366 26.25 15.2 -10 26.2 15.65 -10 29.05 14.85 -10 28.9 14.55 -10
4 366 26.45 14.8 -10 26.25 15.2 -10 28.9 14.55 -10 26.75 14.4 -10
4 366 26.75 14.4 -10 28.9 14.55 -10 28.8 14.25 -10 27.1 14 -10
4 366 27.1 14 -10 28.8 14.25 -10 28.75 13.9 -10 27.45 13.6 -10
4 366 27.45 13.6 -10 28.75 13.9 -10 28.8 13.65 -10 27.85 13.3 -10
4 366 27.85 13.3 -10 28.8 13.65 -10 28.9 13.4 -10 28.2 13 -10
4 366 28.2 13 -10 28.9 13.4 -10 29.1 13.05 -10 28.65 12.7 -10
4 366 28.65 12.7 -10 29.1 13.05 -10 29.4 12.65 -10 29.2 12.3 -10
4 366 29.2 12.3 -10 29.4 12.65 -10 29.75 12.35 -10 29.65 12 -10
4 366 29.65 12 -10 29.75 12.35 -10 30 12.15 -10 30.248 11.647 -10
4 366 30.75 11.35 -10 30.45 11.85 -10 31.2 11.45 -10 31.25 11.15 -10
3 366 31.95 11.15 -10 31.25 11.15 -10 31.2 11.45 -10
4 366 31.15 10.95 -10 31.25 11.15 -10 31.95 11.15 -10 32.8 10.85 -10
3 366 31.95 10.45 -10 31.15 10.95 -10 32.8 10.85 -10
4 366 31.15 10.95 -10 31.95 10.45 -10 31.55 10.2 -10 30.8 10.7 -10
4 366 30.8 10.7 -10 31.55 10.2 -10 31.1 9.75 -10 30.05 10.3 -10
4 366 30.05 10.3 -10 31.1 9.75 -10 30.7 9.25 -10 29.25 9.9 -10
4 366 29.25 9.9 -10 30.7 9.25 -10 30.45 8.75 -10 28.5 9.5 -10
4 366 28.5 9.5 -10 30.45 8.75 -10 30.3 8.3 -10 27.9 9.05 -10
4 366 27.9 9.05 -10 30.3 8.3 -10 30.15 7.85 -10 27.15 8.35 -10
4 366 27.15 8.35 -10 30.15 7.85 -10 30.1 7.45 -10 26.45 7.4 -10
4 366 26.45 7.4 -10 30.1 7.45 -10 30.15 6.95 -10 26.05 6.45 -10
4 366 26.05 6.45 -10 30.15 6.95 -10 30.25 6.5 -10 25.95 5.85 -10
4 366 26.05 5.35 -10 25.95 5.85 -10 30.25 6.5 -10 30.4 6.15 -10
4 366 26.35 4.7 -10 26.05 5.35 -10 30.4 6.15 -10 26.8 4.2 -10
4 366 26.8 4.2 -10 30.4 6.15 -10 30.55 5.85 -10 27.35 3.7 -10
4 366 27.35 3.7 -10 30.55 5.85 -10 30.75 5.65 -10 28.15 3.2 -10
4 366 29.1 2.75 -10 28.15 3.2 -10 30.75 5.65 -10 31.15 5.25 -10
4 366 30.4 2.35 -10 29.1 2.75 -10 31.15 5.25 -10 31.65 4.95 -10
4 366 31.5 2.15 -10 30.4 2.35 -10 31.65 4.95 -10 32.05 4.8 -10
4 366 32.5 2.05 -10 31.5 2.15 -10 32.05 4.8 -10 32.75 4.6 -10
4 366 33.35 2.05 -10 32.5 2.05 -10 32.75 4.6 -10 33.6 4.4 -10
4 366 34.3 2.15 -10 33.35 2.05 -10 33.6 4.4 -10 34.55 4.3 -10
4 366 35.2 2.35 -10 34.3 2.15 -10 34.55 4.3 -10 35.35 4.3 -10
4 366 36 2.55 -10 35.2 2.35 -10 35.35 4.3 -10 36.05 4.4 -10
4 366 36.75 2.8 -10 36 2.55 -10 36.05 4.4 -10 36.75 4.5 -10
4 366 37.6 3.1 -10 36.75 2.8 -10 36.75 4.5 -10 37.75 4.8 -10
4 366 39.65 3.85 -10 37.6 3.1 -10 37.75 4.8 -10 38.9 5.25 -10
4 366 40.15 4.9 -10 39.65 3.85 -10 38.9 5.25 -10 40 5.75 -10
3 366 40.15 4.9 -10 40 5.75 -10 41 6.2 -10
4 366 37.5 2.65 -10 37.6 3.1 -10 39.65 3.85 -10 39.5 3.35 -10
4 366 37.4 2.25 -10 37.5 2.65 -10 39.5 3.35 -10 39.45 2.95 -10
4 366 37.35 1.8 -10 37.4 2.25 -10 39.45 2.95 -10 39.45 2.65 -10
4 366 37.35 1.4 -10 37.35 1.8 -10 39.45 2.65 -10 39.5 2.35 -10
4 366 37.45 1.1 -10 37.35 1.4 -10 39.5 2.35 -10 39.65 2.1 -10
4 366 37.7 0.75 -10 37.45 1.1 -10 39.65 2.1 -10 39.95 1.75 -10
4 366 38 0.45 -10 37.7 0.75 -10 39.95 1.75 -10 40.3 1.5 -10
4 366 44.6 0.9 -10 48.5 0.45 -10 38 0.45 -10 43 0.9 -10
3 366 48.5 0.45 -10 44.6 0.9 -10 45.6 1 -10
4 366 48.5 0.45 -10 45.6 1 -10 46.5 1.25 -10 48.95 0.65 -10
4 366 48.95 0.65 -10 46.5 1.25 -10 47.3 1.65 -10 49.6 1.05 -10
4 366 49.6 1.05 -10 47.3 1.65 -10 47.85 2.1 -10 50.2 1.45 -10
4 366 50.2 1.45 -10 47.85 2.1 -10 48.15 2.45 -10 50.65 1.85 -10
4 366 50.65 1.85 -10 48.15 2.45 -10 48.35 2.85 -10 50.95 2.4 -10
4 366 50.95 2.4 -10 48.35 2.85 -10 48.4 3.05 -10 51 2.9 -10
4 366 51 2.9 -10 48.4 3.05 -10 48.45 3.4 -10 50.9 3.4 -10
4 366 50.9 3.4 -10 48.45 3.4 -10 48.5 3.8 -10 50.55 3.9 -10
4 366 50.55 3.9 -10 48.5 3.8 -10 48.45 4.1 -10 50.1 4.4 -10
4 366 50.1 4.4 -10 48.45 4.1 -10 48.35 4.45 -10 49.4 5.1 -10
4 366 49.4 5.1 -10 48.35 4.45 -10 47.75 5.45 -10 48.35 6.3 -10
4 366 49.4 5.1 -10 48.35 6.3 -10 49.4 6 -10 49.8 5.1 -10
4 366 49.8 5.1 -10 49.4 6 -10 50.25 5.85 -10 50.55 4.75 -10
4 366 50.55 4.75 -10 50.25 5.85 -10 51.35 5.8 -10 51.7 4.35 -10
4 366 51.7 4.35 -10 51.35 5.8 -10 52.4 5.85 -10 52.8 4.05 -10
4 366 52.8 4.05 -10 52.4 5.85 -10 53.4 5.95 -10 53.9 3.8 -10
4 366 53.9 3.8 -10 53.4 5.95 -10 54.4 6.15 -10 55 3.7 -10
4 366 55 3.7 -10 54.4 6.15 -10 55.75 6.55 -10 56.05 3.75 -10
4 366 57.05 3.95 -10 56.05 3.75 -10 55.75 6.55 -10 56.45 6.85 -10
4 366 58 4.2 -10 57.05 3.95 -10 56.45 6.85 -10 57 7.15 -10
4 366 58.7 4.5 -10 58 4.2 -10 57 7.15 -10 57.35 7.4 -10
4 366 59.309 4.953 -10 58.7 4.5 -10 57.35 7.4 -10 57.55 7.6 -10
4 366 59.391 8.297 -10 59.309 4.953 -10 57.55 7.6 -10 57.65 7.9 -10
4 366 59.391 8.297 -10 57.65 7.9 -10 57.65 8.3 -10 58.6 9.2 -10
4 366 58.6 9.2 -10 57.65 8.3 -10 57.5 8.55 -10 58.2 9.55 -10
4 366 58.2 9.55 -10 57.5 8.55 -10 57.2 9 -10 57.65 10 -10
4 366 57.65 10 -10 57.2 9 -10 56.7 9.4 -10 57 10.55 -10
4 366 57 10.55 -10 56.7 9.4 -10 56 9.85 -10 56.25 11.15 -10
4 366 56.25 11.15 -10 56 9.85 -10 55.05 10.35 -10 55.6 11.55 -10
4 366 55.6 11.55 -10 55.05 10.35 -10 54.3 10.65 -10 54.8 11.85 -10
4 366 54.8 11.85 -10 54.3 10.65 -10 53.45 10.95 -10 54.05 12.05 -10
4 366 54.05 12.05 -10 53.45 10.95 -10 52.35 11.25 -10 53.2 12.2 -10
4 366 53.2 12.2 -10 52.35 11.25 -10 50.75 11.6 -10 53.15 12.3 -10
4 366 53.15 12.3 -10 50.75 11.6 -10 51.45 13.05 -10 51.7 13.25 -10
4 366 53.15 12.3 -10 51.7 13.25 -10 51.85 13.6 -10 53.95 12.65 -10
4 366 54.7 13.05 -10 53.95 12.65 -10 51.85 13.6 -10 55.25 13.55 -10
4 366 55.25 13.55 -10 51.85 13.6 -10 51.9 13.85 -10 55.8 14.45 -10
3 366 51.9 13.85 -10 51.85 14.4 -10 55.8 14.45 -10
4 366 55.8 14.45 -10 51.85 14.4 -10 51.65 14.8 -10 56.4 16.45 -10
4 366 56.4 16.45 -10 51.65 14.8 -10 51.25 15.3 -10 56.6 17.4 -10
4 366 56.6 17.4 -10 51.25 15.3 -10 50.8 15.85 -10 56.65 18.15 -10
4 366 56.55 18.8 -10 56.65 18.15 -10 50.8 15.85 -10 56.25 19.3 -10
4 366 56.25 19.3 -10 50.8 15.85 -10 50.45 16.2 -10 55.65 19.75 -10
4 366 55.65 19.75 -10 50.45 16.2 -10 49.85 16.65 -10 54.5 20.25 -10
4 366 54.5 20.25 -10 49.85 16.65 -10 49.4 16.95 -10 53.2 20.6 -10
4 366 53.2 20.6 -10 49.4 16.95 -10 48.75 17.3 -10 51.9 20.85 -10
4 366 51.9 20.85 -10 48.75 17.3 -10 48.2 17.45 -10 50.619 21.018 -10
4 366 50.619 21.018 -10 48.2 17.45 -10 47.55 17.55 -10 48.55 19.95 -10
4 366 48.55 19.95 -10 47.55 17.55 -10 46.95 17.6 -10 47.05 19.35 -10
4 366 47.05 19.35 -10 46.95 17.6 -10 46.3 17.55 -10 45.3 18.65 -10
3 366 45.1 17.35 -10 45.3 18.65 -10 46.3 17.55 -10
3 366 47.75 5.45 -10 46.6 6.85 -10 48.35 6.3 -10
3 366 50.75 11.6 -10 48.4 12 -10 51.45 13.05 -10
3 366 38 0.45 -10 41.001 1.254 -10 41.85 1.05 -10
3 366 38 0.45 -10 40.3 1.5 -10 41.001 1.254 -10
3 366 38 0.45 -10 41.85 1.05 -10 43 0.9 -10
4 366 30.45 11.85 -10 30.75 11.35 -10 30.248 11.647 -10 30 12.15 -10
4 366 37.55 21.15 -10 34.9 21.1 -10 35.7 22.3 -10 36.9 23.4 -10
4 366 45.4 23.35 -10 45.9 23.05 -10 46.05 22.65 -10 43.8 22 -10
4 366 45.4 23.35 -10 43.8 22 -10 40.5 21.4 -10 36.9 23.4 -10
3 366 37.55 21.15 -10 36.9 23.4 -10 40.5 21.4 -10
3 27 30.143 17.471 -10 27.75 18.15 -10 30.25 21.35 -10
3 366 31.15 16.45 -10 30.143 17.471 -10 32.3 17.05 -10
3 366 31.15 16.45 -10 27.75 18.15 -10 30.143 17.471 -10
3 1 37.7 8.05 -10 37.2 8.25 -10 38.1 8.4 -10
3 1 41.2 9.95 -10 41.45 10.5 -10 41.45 10.15 -10
4 1 41.1 11.2 -10 41.55 11.3 -10 41.5 10.85 -10 41.2 9.95 -10
3 1 41.2 9.95 -10 41.5 10.85 -10 41.45 10.5 -10
4 1 41.2 9.95 -10 40.8 9.75 -10 40.55 11.05 -10 41.1 11.2 -10
4 1 40.25 9.55 -10 40.05 11 -10 40.55 11.05 -10 40.8 9.75 -10
4 1 39.75 9.3 -10 39.6 11.05 -10 40.05 11 -10 40.25 9.55 -10
4 1 39.15 9.05 -10 39.1 11.1 -10 39.6 11.05 -10 39.75 9.3 -10
3 1 37.2 8.25 -10 38.65 8.8 -10 38.1 8.4 -10
4 1 37.2 8.25 -10 36.2 9.2 -10 39.15 9.05 -10 38.65 8.8 -10
4 1 36.2 9.2 -10 39 11.3 -10 39.1 11.1 -10 39.15 9.05 -10
4 1 39 11.3 -10 36.2 9.2 -10 35.3 10.2 -10 34.9 10.8 -10
4 1 39 11.3 -10 34.9 10.8 -10 34.7 11.25 -10 34.55 11.8 -10
4 1 39 11.6 -10 39 11.3 -10 34.55 11.8 -10 34.45 12.25 -10
3 1 39.15 11.8 -10 38.75 13.8 -10 39.45 11.95 -10
4 1 40 12.2 -10 39.45 11.95 -10 38.75 13.8 -10 40.25 12.45 -10
4 1 40.4 12.75 -10 40.25 12.45 -10 38.75 13.8 -10 40.35 13 -10
3 1 40.35 13 -10 38.75 13.8 -10 40.35 13.45 -10
3 1 40.35 13.45 -10 38.75 13.8 -10 40.35 13.8 -10
3 1 40.35 13.8 -10 38.75 13.8 -10 40.45 14.1 -10
4 1 40.55 14.3 -10 40.45 14.1 -10 38.75 13.8 -10 40.5 14.6 -10
4 1 40.5 14.9 -10 40.5 14.6 -10 38.75 13.8 -10 40.35 15.15 -10
3 1 38.75 13.8 -10 40 15.25 -10 40.35 15.15 -10
4 1 39.7 15.55 -10 40 15.25 -10 38.75 13.8 -10 39.1 15.5 -10
4 1 38.45 15.4 -10 39.1 15.5 -10 38.75 13.8 -10 37.85 15.25 -10
4 1 37.25 15.05 -10 37.85 15.25 -10 38.75 13.8 -10 36.65 14.8 -10
4 1 35.9 14.45 -10 36.65 14.8 -10 38.75 13.8 -10 39 11.6 -10
3 1 39 11.6 -10 38.75 13.8 -10 39.15 11.8 -10
4 1 35.1 13.9 -10 35.9 14.45 -10 39 11.6 -10 34.7 13.35 -10
4 1 34.5 12.8 -10 34.7 13.35 -10 39 11.6 -10 34.45 12.25 -10
4 1 41.7 10.3 -10 41.9 10.5 -10 42.15 10.45 -10 41.8 10 -10
4 1 42.15 10.45 -10 42.5 10.25 -10 42 9.8 -10 41.8 10 -10
3 1 42 9.8 -10 42.5 10.25 -10 42.85 10.05 -10
4 1 42 9.8 -10 42.85 10.05 -10 43.35 9.95 -10 41.95 9.45 -10
4 1 40.85 8.4 -10 40.9 8.55 -10 41.15 8.7 -10 41.2 8.25 -10
4 1 41.2 8.25 -10 41.15 8.7 -10 41.45 8.95 -10 41.7 8.3 -10
4 1 41.7 8.3 -10 41.45 8.95 -10 41.75 9.2 -10 42.15 8.3 -10
4 1 42.15 8.3 -10 41.75 9.2 -10 41.95 9.45 -10 43.35 9.95 -10
3 1 42.65 8.3 -10 42.15 8.3 -10 43.35 9.95 -10
4 1 43.2 8.2 -10 42.65 8.3 -10 43.35 9.95 -10 43.9 9.9 -10
4 1 43.9 8.05 -10 43.2 8.2 -10 43.9 9.9 -10 44.3 9.95 -10
4 1 44.6 7.85 -10 43.9 8.05 -10 44.3 9.95 -10 44.6 10.1 -10
4 1 44.7 6.75 -10 44.75 6.95 -10 45.05 7 -10 45.4 6.8 -10
4 1 45.4 6.8 -10 45.05 7 -10 45.2 7.2 -10 46.05 6.9 -10
4 1 46.65 7.1 -10 46.05 6.9 -10 45.2 7.2 -10 47.15 7.45 -10
4 1 47.15 7.45 -10 45.2 7.2 -10 45.05 7.55 -10 47.5 7.9 -10
4 1 47.5 7.9 -10 45.05 7.55 -10 44.6 7.85 -10 44.6 10.1 -10
4 1 47.75 8.4 -10 47.5 7.9 -10 44.6 10.1 -10 47.9 9 -10
4 1 47.95 9.8 -10 47.9 9 -10 44.6 10.1 -10 47.95 10.45 -10
3 1 44.6 10.1 -10 44.7 10.35 -10 47.95 10.45 -10
4 1 47.95 10.45 -10 44.7 10.35 -10 44.65 10.65 -10 45.5 11.15 -10
4 1 45.5 11.15 -10 45.6 11.4 -10 47.85 11.25 -10 47.95 10.45 -10
4 1 45.6 11.4 -10 45.6 11.7 -10 47.7 12.05 -10 47.85 11.25 -10
4 1 47.45 12.75 -10 47.7 12.05 -10 45.6 11.7 -10 45.15 12.75 -10
4 1 45.15 12.75 -10 44.3 13.85 -10 47.1 13.35 -10 47.45 12.75 -10
4 1 46.65 14 -10 47.1 13.35 -10 44.3 13.85 -10 46.05 14.5 -10
4 1 45.4 14.9 -10 46.05 14.5 -10 44.3 13.85 -10 44.65 15.25 -10
3 1 44.3 13.85 -10 43.65 14.25 -10 44.65 15.25 -10
4 1 43.05 14.5 -10 43.95 15.4 -10 44.65 15.25 -10 43.65 14.25 -10
4 1 43.05 15.6 -10 43.95 15.4 -10 43.05 14.5 -10 42.4 14.8 -10
4 1 42.2 15.65 -10 43.05 15.6 -10 42.4 14.8 -10 41.9 15 -10
4 1 41.2 15.4 -10 41.3 15.65 -10 42.2 15.65 -10 41.9 15 -10
3 1 41.2 15.4 -10 40.75 15.65 -10 41.3 15.65 -10
4 27 44.75 6.95 -10 45.05 7.55 -10 45.2 7.2 -10 45.05 7 -10
3 27 43.95 6.65 -10 44.75 6.95 -10 44.7 6.75 -10
4 27 43.95 6.65 -10 44.6 7.85 -10 45.05 7.55 -10 44.75 6.95 -10
4 27 43.9 8.05 -10 44.6 7.85 -10 43.95 6.65 -10 43.05 6.65 -10
4 27 43.2 8.2 -10 43.9 8.05 -10 43.05 6.65 -10 42.65 8.3 -10
4 27 42.05 6.65 -10 42.15 8.3 -10 42.65 8.3 -10 43.05 6.65 -10
4 27 42.05 6.65 -10 40.95 6.65 -10 41.2 8.25 -10 41.7 8.3 -10
3 27 42.05 6.65 -10 41.7 8.3 -10 42.15 8.3 -10
4 27 39.7 6.65 -10 40.85 8.4 -10 41.2 8.25 -10 40.95 6.65 -10
4 27 40.85 8.4 -10 39.7 6.65 -10 38.7 6.75 -10 38.3 6.9 -10
4 27 40.85 8.4 -10 38.3 6.9 -10 37.95 7.2 -10 37.75 7.4 -10
4 27 40.85 8.4 -10 37.75 7.4 -10 37.7 7.75 -10 37.7 8.05 -10
4 27 40.85 8.4 -10 37.7 8.05 -10 38.1 8.4 -10 38.65 8.8 -10
4 27 40.85 8.4 -10 38.65 8.8 -10 39.15 9.05 -10 39.75 9.3 -10
4 27 40.9 8.55 -10 40.85 8.4 -10 39.75 9.3 -10 40.25 9.55 -10
4 27 41.15 8.7 -10 40.9 8.55 -10 40.25 9.55 -10 40.8 9.75 -10
4 27 41.45 8.95 -10 41.15 8.7 -10 40.8 9.75 -10 41.2 9.95 -10
4 27 41.75 9.2 -10 41.45 8.95 -10 41.2 9.95 -10 41.8 10 -10
4 27 41.75 9.2 -10 41.8 10 -10 42 9.8 -10 41.95 9.45 -10
4 27 41.8 10 -10 41.2 9.95 -10 41.45 10.15 -10 41.7 10.3 -10
4 27 41.7 10.3 -10 41.45 10.15 -10 41.45 10.5 -10 41.5 10.85 -10
4 27 41.9 10.5 -10 41.7 10.3 -10 41.5 10.85 -10 41.55 11.3 -10
3 27 42.15 10.45 -10 41.9 10.5 -10 41.55 11.3 -10
4 27 39 11.3 -10 39 11.6 -10 39.15 11.8 -10 39.1 11.1 -10
4 27 39.1 11.1 -10 39.15 11.8 -10 39.45 11.95 -10 39.6 11.05 -10
4 27 39.6 11.05 -10 39.45 11.95 -10 40 12.2 -10 40.05 11 -10
4 27 40.05 11 -10 40 12.2 -10 40.25 12.45 -10 40.55 11.05 -10
3 27 40.55 11.05 -10 40.25 12.45 -10 41.1 11.2 -10
4 27 41.55 11.3 -10 41.1 11.2 -10 40.25 12.45 -10 40.4 12.75 -10
4 27 42.5 10.25 -10 42.15 10.45 -10 41.55 11.3 -10 44.65 10.65 -10
4 27 44.3 9.95 -10 44.65 10.65 -10 44.7 10.35 -10 44.6 10.1 -10
4 27 43.9 9.9 -10 43.35 9.95 -10 44.65 10.65 -10 44.3 9.95 -10
4 27 42.85 10.05 -10 42.5 10.25 -10 44.65 10.65 -10 43.35 9.95 -10
4 27 45.5 11.15 -10 44.65 10.65 -10 41.55 11.3 -10 45.6 11.4 -10
4 27 45.6 11.7 -10 45.6 11.4 -10 41.55 11.3 -10 45.15 12.75 -10
4 27 44.3 13.85 -10 45.15 12.75 -10 41.55 11.3 -10 43.65 14.25 -10
4 27 40 15.25 -10 39.7 15.55 -10 40.35 15.75 -10 40.35 15.15 -10
4 27 40.35 15.15 -10 40.35 15.75 -10 40.75 15.65 -10 40.5 14.9 -10
4 27 40.5 14.9 -10 40.75 15.65 -10 41.2 15.4 -10 40.5 14.6 -10
4 27 40.5 14.6 -10 41.2 15.4 -10 41.9 15 -10 40.55 14.3 -10
4 27 40.55 14.3 -10 41.9 15 -10 42.4 14.8 -10 43.05 14.5 -10
4 27 43.05 14.5 -10 43.65 14.25 -10 41.55 11.3 -10 40.4 12.75 -10
4 27 43.05 14.5 -10 40.4 12.75 -10 40.35 13 -10 40.35 13.45 -10
4 27 43.05 14.5 -10 40.35 13.45 -10 40.35 13.8 -10 40.45 14.1 -10
3 27 40.45 14.1 -10 40.55 14.3 -10 43.05 14.5 -10
4 14 40 5.75 -10 39.7 6.65 -10 40.95 6.65 -10 41 6.2 -10
4 14 38.9 5.25 -10 38.7 6.75 -10 39.7 6.65 -10 40 5.75 -10
4 14 37.75 4.8 -10 38.3 6.9 -10 38.7 6.75 -10 38.9 5.25 -10
4 14 37.75 4.8 -10 36.75 4.5 -10 37.95 7.2 -10 38.3 6.9 -10
4 14 37.95 7.2 -10 36.75 4.5 -10 36.05 4.4 -10 37.75 7.4 -10
4 14 34.55 7.9 -10 36.05 4.4 -10 35.35 4.3 -10 34.55 4.3 -10
4 14 34.55 7.9 -10 34.55 4.3 -10 33.6 4.4 -10 32.75 4.6 -10
4 14 34.55 7.9 -10 32.75 4.6 -10 32.05 4.8 -10 31.65 4.95 -10
4 14 34.55 7.9 -10 31.65 4.95 -10 31.15 5.25 -10 30.75 5.65 -10
4 14 34.55 7.9 -10 30.75 5.65 -10 30.55 5.85 -10 30.4 6.15 -10
4 14 34.55 7.9 -10 30.4 6.15 -10 30.25 6.5 -10 30.15 6.95 -10
4 14 34.55 7.9 -10 30.15 6.95 -10 30.1 7.45 -10 30.15 7.85 -10
3 14 30.15 7.85 -10 30.3 8.3 -10 34.55 7.9 -10
4 14 34.55 7.9 -10 30.3 8.3 -10 30.45 8.75 -10 30.7 9.25 -10
4 14 34.55 7.9 -10 30.7 9.25 -10 31.1 9.75 -10 31.55 10.2 -10
4 14 34.55 7.9 -10 31.55 10.2 -10 31.95 10.45 -10 32.8 10.85 -10
4 14 34.55 7.9 -10 32.8 10.85 -10 34.7 11.25 -10 34.9 10.8 -10
3 14 34.55 7.9 -10 34.9 10.8 -10 35.3 10.2 -10
3 14 34.55 7.9 -10 35.3 10.2 -10 36.2 9.2 -10
4 14 34.55 7.9 -10 36.2 9.2 -10 37.2 8.25 -10 37.75 7.4 -10
3 14 37.7 7.75 -10 37.2 8.25 -10 37.7 8.05 -10
3 14 37.75 7.4 -10 37.2 8.25 -10 37.7 7.75 -10
3 14 36.05 4.4 -10 34.55 7.9 -10 37.75 7.4 -10
4 14 34.7 11.25 -10 32.8 10.85 -10 31.95 11.15 -10 34.55 11.8 -10
4 14 34.55 11.8 -10 31.95 11.15 -10 31.2 11.45 -10 34.45 12.25 -10
4 14 34.45 12.25 -10 31.2 11.45 -10 30.45 11.85 -10 30 12.15 -10
4 14 30 12.15 -10 29.75 12.35 -10 34.5 12.8 -10 34.45 12.25 -10
4 14 34.5 12.8 -10 29.75 12.35 -10 29.4 12.65 -10 34.7 13.35 -10
4 14 37.25 15.05 -10 36.65 14.8 -10 36 16.65 -10 37.55 16.75 -10
3 14 35.9 14.45 -10 36 16.65 -10 36.65 14.8 -10
4 14 36 16.65 -10 35.9 14.45 -10 35.1 13.9 -10 34.35 16.75 -10
4 14 34.7 13.35 -10 32.3 17.05 -10 34.35 16.75 -10 35.1 13.9 -10
4 14 31.15 16.45 -10 32.3 17.05 -10 34.7 13.35 -10 30.4 16.05 -10
4 14 29.75 15.6 -10 30.4 16.05 -10 34.7 13.35 -10 29.3 15.2 -10
4 14 29.05 14.85 -10 29.3 15.2 -10 34.7 13.35 -10 28.9 14.55 -10
4 14 28.8 14.25 -10 28.9 14.55 -10 34.7 13.35 -10 28.75 13.9 -10
4 14 28.8 13.65 -10 28.75 13.9 -10 34.7 13.35 -10 28.9 13.4 -10
4 14 29.1 13.05 -10 28.9 13.4 -10 34.7 13.35 -10 29.4 12.65 -10
3 14 37.25 15.05 -10 37.55 16.75 -10 37.85 15.25 -10
3 14 37.85 15.25 -10 37.55 16.75 -10 38.45 15.4 -10
3 14 38.45 15.4 -10 37.55 16.75 -10 39.1 15.5 -10
4 14 39.7 15.55 -10 39.1 15.5 -10 37.55 16.75 -10 39.8 17.1 -10
4 14 40.35 15.75 -10 39.7 15.55 -10 39.8 17.1 -10 42.2 17.7 -10
4 14 40.75 15.65 -10 40.35 15.75 -10 42.2 17.7 -10 41.3 15.65 -10
4 14 42.2 15.65 -10 41.3 15.65 -10 42.2 17.7 -10 45.3 18.65 -10
4 14 43.05 15.6 -10 42.2 15.65 -10 45.3 18.65 -10 45.1 17.35 -10
4 14 43.95 15.4 -10 43.05 15.6 -10 45.1 17.35 -10 44.65 15.25 -10
4 14 44.65 15.25 -10 45.1 17.35 -10 46.3 17.55 -10 45.4 14.9 -10
4 14 45.4 14.9 -10 46.3 17.55 -10 46.95 17.6 -10 46.05 14.5 -10
4 14 47.45 12.75 -10 51.7 13.25 -10 51.45 13.05 -10 48.4 12 -10
4 14 51.85 13.6 -10 51.7 13.25 -10 47.45 12.75 -10 51.9 13.85 -10
4 14 51.85 14.4 -10 51.9 13.85 -10 47.45 12.75 -10 51.65 14.8 -10
4 14 51.25 15.3 -10 51.65 14.8 -10 47.45 12.75 -10 50.8 15.85 -10
4 14 50.45 16.2 -10 50.8 15.85 -10 47.45 12.75 -10 49.85 16.65 -10
3 14 47.45 12.75 -10 47.1 13.35 -10 49.85 16.65 -10
4 14 46.65 14 -10 49.4 16.95 -10 49.85 16.65 -10 47.1 13.35 -10
4 14 48.75 17.3 -10 49.4 16.95 -10 46.65 14 -10 48.2 17.45 -10
4 14 47.55 17.55 -10 48.2 17.45 -10 46.65 14 -10 46.95 17.6 -10
3 14 46.65 14 -10 46.05 14.5 -10 46.95 17.6 -10
3 14 48.4 12 -10 47.7 12.05 -10 47.45 12.75 -10
4 14 47.85 11.25 -10 47.7 12.05 -10 48.4 12 -10 50.75 11.6 -10
4 14 47.85 11.25 -10 50.75 11.6 -10 52.35 11.25 -10 47.95 10.45 -10
4 14 47.95 10.45 -10 52.35 11.25 -10 53.45 10.95 -10 54.3 10.65 -10
4 14 47.95 10.45 -10 54.3 10.65 -10 51.05 8.95 -10 47.95 9.8 -10
3 14 51.05 8.95 -10 47.9 9 -10 47.95 9.8 -10
3 14 47.75 8.4 -10 47.9 9 -10 51.05 8.95 -10
4 14 47.5 7.9 -10 47.75 8.4 -10 51.05 8.95 -10 49.4 6 -10
4 14 50.25 5.85 -10 49.4 6 -10 51.05 8.95 -10 51.35 5.8 -10
4 14 48.35 6.3 -10 47.15 7.45 -10 47.5 7.9 -10 49.4 6 -10
4 14 46.6 6.85 -10 46.65 7.1 -10 47.15 7.45 -10 48.35 6.3 -10
4 14 46.05 6.9 -10 46.65 7.1 -10 46.6 6.85 -10 44 4.45 -10
4 14 51.05 8.95 -10 54.3 10.65 -10 55.05 10.35 -10 56 9.85 -10
4 14 51.05 8.95 -10 56 9.85 -10 56.7 9.4 -10 57.2 9 -10
4 14 57.35 7.4 -10 57.65 8.3 -10 57.65 7.9 -10 57.55 7.6 -10
4 14 57 7.15 -10 57.5 8.55 -10 57.65 8.3 -10 57.35 7.4 -10
4 14 56.45 6.85 -10 57.2 9 -10 57.5 8.55 -10 57 7.15 -10
4 14 57.2 9 -10 56.45 6.85 -10 55.75 6.55 -10 51.05 8.95 -10
4 14 51.05 8.95 -10 55.75 6.55 -10 54.4 6.15 -10 53.4 5.95 -10
4 14 51.05 8.95 -10 53.4 5.95 -10 52.4 5.85 -10 51.35 5.8 -10
4 14 41 6.2 -10 40.95 6.65 -10 42.05 6.65 -10 44 4.45 -10
3 14 44 4.45 -10 43.05 6.65 -10 43.95 6.65 -10
3 14 44 4.45 -10 42.05 6.65 -10 43.05 6.65 -10
4 14 40.15 4.9 -10 41 6.2 -10 44 4.45 -10 39.65 3.85 -10
4 14 39.5 3.35 -10 39.65 3.85 -10 44 4.45 -10 39.45 2.95 -10
4 14 39.45 2.65 -10 39.45 2.95 -10 44 4.45 -10 39.5 2.35 -10
4 14 39.65 2.1 -10 39.5 2.35 -10 44 4.45 -10 39.95 1.75 -10
4 14 40.3 1.5 -10 39.95 1.75 -10 44 4.45 -10 41.001 1.254 -10
4 14 41.85 1.05 -10 41.001 1.254 -10 44 4.45 -10 43 0.9 -10
4 14 44.6 0.9 -10 43 0.9 -10 44 4.45 -10 45.6 1 -10
4 14 46.5 1.25 -10 45.6 1 -10 44 4.45 -10 47.3 1.65 -10
4 14 47.85 2.1 -10 47.3 1.65 -10 44 4.45 -10 48.15 2.45 -10
4 14 48.35 2.85 -10 48.15 2.45 -10 44 4.45 -10 48.4 3.05 -10
4 14 48.45 3.4 -10 48.4 3.05 -10 44 4.45 -10 48.5 3.8 -10
4 14 48.45 4.1 -10 48.5 3.8 -10 44 4.45 -10 48.35 4.45 -10
4 14 47.75 5.45 -10 48.35 4.45 -10 44 4.45 -10 46.6 6.85 -10
3 14 44 4.45 -10 45.4 6.8 -10 46.05 6.9 -10
4 14 44.7 6.75 -10 45.4 6.8 -10 44 4.45 -10 43.95 6.65 -10
4 16 24.2 22.65 -10 22.95 23.3 -10 26.8 23.25 -10 25.05 22.35 -10
4 16 26.15 22 -10 25.05 22.35 -10 26.8 23.25 -10 27.15 21.8 -10
4 16 27.15 21.8 -10 26.8 23.25 -10 27.9 23.05 -10 28.2 21.6 -10
3 16 28.2 21.6 -10 27.9 23.05 -10 29 22.95 -10
4 16 28.2 21.6 -10 29 22.95 -10 30.35 22.85 -10 30.25 21.35 -10
4 16 30.25 21.35 -10 30.35 22.85 -10 32.05 22.85 -10 32.75 21.1 -10
3 16 35.7 22.3 -10 35.2 23.25 -10 36.9 23.4 -10
4 16 34.9 21.1 -10 34.5 23.1 -10 35.2 23.25 -10 35.7 22.3 -10
4 16 33.45 22.95 -10 34.5 23.1 -10 34.9 21.1 -10 32.75 21.1 -10
3 16 32.75 21.1 -10 32.05 22.85 -10 33.45 22.95 -10
4 16 23.65 19.55 -10 23.15 19.9 -10 23.4 20 -10 24.5 19.5 -10
4 16 24.65 18.85 -10 23.65 19.55 -10 24.5 19.5 -10 25.85 18.9 -10
4 16 25.9 18.2 -10 24.65 18.85 -10 25.85 18.9 -10 26.95 18.45 -10
4 16 27.15 17.55 -10 25.9 18.2 -10 26.95 18.45 -10 27.75 18.15 -10
4 16 21.5 18.75 -10 21.5 19.95 -10 21.8 19.95 -10 22.7 19.25 -10
3 16 23.75 18.45 -10 21.5 18.75 -10 22.7 19.25 -10
4 16 24.85 17.7 -10 21.6 14 -10 21.5 18.75 -10 23.75 18.45 -10
3 16 26.3 16.1 -10 24.85 17.7 -10 26.5 16.6 -10
3 16 26.2 15.65 -10 24.85 17.7 -10 26.3 16.1 -10
4 16 24.85 17.7 -10 26.2 15.65 -10 26.25 15.2 -10 21.6 14 -10
4 16 31.15 10.95 -10 30.8 10.7 -10 30.75 11.35 -10 31.25 11.15 -10
4 16 30.05 10.3 -10 30.248 11.647 -10 30.75 11.35 -10 30.8 10.7 -10
4 16 29.25 9.9 -10 29.65 12 -10 30.248 11.647 -10 30.05 10.3 -10
4 16 28.5 9.5 -10 29.2 12.3 -10 29.65 12 -10 29.25 9.9 -10
4 16 28.65 12.7 -10 29.2 12.3 -10 28.5 9.5 -10 27.9 9.05 -10
3 16 27.9 9.05 -10 28.2 13 -10 28.65 12.7 -10
4 16 27.85 13.3 -10 28.2 13 -10 27.9 9.05 -10 27.15 8.35 -10
3 16 27.15 8.35 -10 27.45 13.6 -10 27.85 13.3 -10
4 16 27.1 14 -10 27.45 13.6 -10 27.15 8.35 -10 21.6 14 -10
3 16 21.6 14 -10 26.25 15.2 -10 26.45 14.8 -10
3 16 21.6 14 -10 26.45 14.8 -10 26.75 14.4 -10
3 16 27.1 14 -10 21.6 14 -10 26.75 14.4 -10
3 16 27.15 8.35 -10 21.6 12.15 -10 21.6 14 -10
3 16 27.15 8.35 -10 21.45 11.3 -10 21.6 12.15 -10
3 16 27.15 8.35 -10 21.1 10.5 -10 21.45 11.3 -10
3 16 27.15 8.35 -10 20.6 9.7 -10 21.1 10.5 -10
4 16 18.7 7.65 -10 20.6 9.7 -10 27.15 8.35 -10 26.45 7.4 -10
3 16 26.05 6.45 -10 18.7 7.65 -10 26.45 7.4 -10
4 16 25.95 5.85 -10 16.95 6.45 -10 18.7 7.65 -10 26.05 6.45 -10
4 16 25.95 5.85 -10 26.05 5.35 -10 16 6 -10 16.95 6.45 -10
4 16 26.35 4.7 -10 15 5.6 -10 16 6 -10 26.05 5.35 -10
4 16 3.813 5.849 -10 4.14 6.073 -10 4.543 6.057 -10 0 0 -10
4 16 0 0 -10 4.543 6.057 -10 10.3 6.1 -10 12.45 5.55 -10
3 16 0 0 -10 12.45 5.55 -10 13.35 5.45 -10
3 16 0 0 -10 13.35 5.45 -10 14.15 5.45 -10
4 16 0 0 -10 14.15 5.45 -10 15 5.6 -10 26.8 4.2 -10
3 16 26.8 4.2 -10 15 5.6 -10 26.35 4.7 -10
3 16 0 0 -10 26.8 4.2 -10 27.35 3.7 -10
3 16 0 0 -10 27.35 3.7 -10 28.15 3.2 -10
3 16 0 0 -10 28.15 3.2 -10 29.1 2.75 -10
3 16 0 0 -10 29.1 2.75 -10 30.4 2.35 -10
3 16 0 0 -10 30.4 2.35 -10 31.5 2.15 -10
4 16 0 0 -10 31.5 2.15 -10 32.5 2.05 -10 37.45 1.1 -10
4 16 4.543 6.057 -10 4.449 6.443 -10 8.45 6.85 -10 10.3 6.1 -10
4 16 8.45 6.85 -10 4.449 6.443 -10 4.633 6.802 -10 6.8 7.75 -10
4 16 4.21 6.811 -10 6 8.5 -10 6.8 7.75 -10 4.633 6.802 -10
4 16 3.917 7.101 -10 5.45 9.25 -10 6 8.5 -10 4.21 6.811 -10
4 16 3.776 6.688 -10 1.932 6.968 -10 2.086 7.45 -10 3.917 7.101 -10
3 16 3.42 6.512 -10 1.932 6.968 -10 3.776 6.688 -10
4 16 3.917 7.101 -10 2.086 7.45 -10 2.176 7.9 -10 5.45 9.25 -10
3 16 2.176 7.9 -10 2.086 8.35 -10 5.45 9.25 -10
3 16 2.086 8.35 -10 1.832 8.732 -10 5.45 9.25 -10
4 16 5.45 9.25 -10 1.832 8.732 -10 1.45 8.986 -10 5.05 10.05 -10
3 16 1.45 8.986 -10 4.8 10.95 -10 5.05 10.05 -10
4 16 4.75 11.7 -10 4.8 10.95 -10 1.45 8.986 -10 3 13.2 -10
3 16 1.45 8.986 -10 2.5 13.3 -10 3 13.2 -10
4 16 4.75 11.7 -10 3 13.2 -10 3.1 13.5 -10 4.85 12.4 -10
3 16 4.85 12.4 -10 3.1 13.5 -10 5.1 13.25 -10
3 16 5.1 13.25 -10 3.1 13.5 -10 5.5 14.15 -10
3 16 3.1 13.5 -10 6.05 15.05 -10 5.5 14.15 -10
4 16 3.1 13.5 -10 5.874 18.574 -10 6.85 15.9 -10 6.05 15.05 -10
4 16 2.8 13.6 -10 5.2 18.44 -10 5.874 18.574 -10 3.1 13.5 -10
3 16 14.1 9.35 -10 13.85 9.4 -10 14 9.55 -10
4 16 13.85 9.4 -10 13.55 9.5 -10 13.9 9.85 -10 14 9.55 -10
4 16 13.9 9.85 -10 13.55 9.5 -10 13.1 9.7 -10 12.7 10.15 -10
3 16 13.1 9.7 -10 12.65 9.9 -10 12.7 10.15 -10
4 16 13.9 9.85 -10 12.7 10.15 -10 12.8 10.45 -10 13 10.75 -10
4 16 13.9 9.85 -10 13 10.75 -10 13.2 10.95 -10 13.5 11.15 -10
4 16 13.9 9.85 -10 13.5 11.15 -10 13.9 11.3 -10 14.45 11.45 -10
3 16 14.1 9.85 -10 13.9 9.85 -10 14.45 11.45 -10
3 16 14.3 9.75 -10 14.1 9.85 -10 14.45 11.45 -10
4 16 14.7 9.4 -10 14.3 9.75 -10 14.45 11.45 -10 15.1 9.45 -10
4 16 16.1 11.15 -10 16.35 11.1 -10 16.2 10.05 -10 15.6 9.7 -10
4 16 15.8 11.35 -10 16.1 11.15 -10 15.6 9.7 -10 15.5 11.45 -10
4 16 15.1 9.45 -10 15 11.5 -10 15.5 11.45 -10 15.6 9.7 -10
3 16 15.1 9.45 -10 14.45 11.45 -10 15 11.5 -10
4 16 16.2 10.05 -10 16.35 11.1 -10 16.5 11.25 -10 16.7 10.5 -10
3 16 16.7 10.5 -10 16.5 11.25 -10 17.35 11.25 -10
4 16 17.35 11.25 -10 16.5 11.25 -10 16.4 11.55 -10 16.4 12.35 -10
3 16 16.4 11.55 -10 16.1 11.85 -10 16.4 12.35 -10
4 16 15.75 12.15 -10 16 12.45 -10 16.4 12.35 -10 16.1 11.85 -10
3 16 15.3 12.45 -10 14.9 12.55 -10 15.1 12.85 -10
4 16 15.75 12.15 -10 15.3 12.45 -10 15.1 12.85 -10 16 12.45 -10
4 16 16.4 12.35 -10 16.55 12.7 -10 18.2 12.75 -10 17.35 11.25 -10
3 16 16.55 12.7 -10 16.6 13.15 -10 18.2 12.75 -10
4 16 18.2 12.75 -10 16.6 13.15 -10 16.6 13.75 -10 18.85 14.2 -10
3 16 11.9 10.35 -10 11.5 10.6 -10 12.1 10.75 -10
4 16 11.5 10.6 -10 11.1 10.9 -10 12.4 11.25 -10 12.1 10.75 -10
4 16 12.4 11.25 -10 11.1 10.9 -10 10.65 11.3 -10 10 12 -10
4 16 12.4 11.25 -10 10 12 -10 9.5 12.7 -10 12.8 11.75 -10
4 16 12.8 11.75 -10 9.5 12.7 -10 9.3 13.15 -10 9.1 13.9 -10
4 16 12.8 11.75 -10 9.1 13.9 -10 9.15 14.6 -10 13.2 12.05 -10
4 16 15.1 12.85 -10 14.9 12.55 -10 14.3 12.5 -10 15.3 13.35 -10
4 16 15.4 13.9 -10 15.3 13.35 -10 14.3 12.5 -10 15.4 14.4 -10
4 16 15.4 14.9 -10 15.4 14.4 -10 14.3 12.5 -10 15.3 15.45 -10
4 16 15 15.85 -10 15.3 15.45 -10 14.3 12.5 -10 14.6 16.25 -10
4 16 14.1 16.5 -10 14.6 16.25 -10 14.3 12.5 -10 13.7 12.35 -10
4 16 13.6 16.65 -10 14.1 16.5 -10 13.7 12.35 -10 13 16.7 -10
4 16 11.9 16.6 -10 13 16.7 -10 13.7 12.35 -10 10.95 16.35 -10
4 16 10.95 16.35 -10 13.7 12.35 -10 13.2 12.05 -10 10 15.9 -10
4 16 9.55 15.45 -10 10 15.9 -10 13.2 12.05 -10 9.25 15 -10
3 16 13.2 12.05 -10 9.15 14.6 -10 9.25 15 -10
4 16 18.85 14.2 -10 16.6 13.75 -10 16.5 14.5 -10 19.35 15.6 -10
4 16 19.35 15.6 -10 16.5 14.5 -10 16.35 15.2 -10 19.65 16.65 -10
4 16 19.65 16.65 -10 16.35 15.2 -10 16.1 15.85 -10 19.7 18.05 -10
4 16 19.7 18.05 -10 16.1 15.85 -10 15.7 16.5 -10 16.733 19.267 -10
4 16 15.7 16.5 -10 15.2 17.2 -10 16.1 19.005 -10 16.733 19.267 -10
4 16 16.733 19.267 -10 16.995 19.9 -10 19.65 19.6 -10 19.7 18.05 -10
4 16 16.995 19.9 -10 17.3 21.205 -10 19.45 21.15 -10 19.65 19.6 -10
4 16 17.3 21.205 -10 16.995 19.9 -10 16.733 20.533 -10 16.667 21.467 -10
3 16 16.733 20.533 -10 16.1 20.795 -10 16.667 21.467 -10
4 16 15.467 20.533 -10 16.405 22.1 -10 16.667 21.467 -10 16.1 20.795 -10
3 16 19.45 21.15 -10 17.3 21.205 -10 18.033 21.467 -10
4 16 19.45 21.15 -10 18.033 21.467 -10 18.295 22.1 -10 19.1 23.25 -10
3 16 18.295 22.1 -10 18.033 22.733 -10 19.1 23.25 -10
3 16 18.033 22.733 -10 17.4 22.995 -10 19.1 23.25 -10
4 16 14.6 17.7 -10 15.467 19.167 -10 16.1 19.005 -10 15.2 17.2 -10
4 16 13.85 18.05 -10 15.205 19.8 -10 15.467 19.167 -10 14.6 17.7 -10
3 16 13.85 18.05 -10 13 18.3 -10 15.205 19.8 -10
4 16 7.75 16.7 -10 6.85 15.9 -10 5.874 18.574 -10 6.445 18.955 -10
4 16 8.55 17.25 -10 7.75 16.7 -10 6.445 18.955 -10 6.826 19.526 -10
3 16 8.55 17.25 -10 6.826 19.526 -10 9.4 17.7 -10
3 16 9.4 17.7 -10 6.826 19.526 -10 10.25 18 -10
3 16 10.25 18 -10 6.826 19.526 -10 11.2 18.2 -10
4 16 12.1 18.3 -10 11.2 18.2 -10 6.826 19.526 -10 6.96 20.2 -10
4 16 12.1 18.3 -10 6.96 20.2 -10 15.205 19.8 -10 13 18.3 -10
4 16 6.96 20.2 -10 6.926 20.974 -10 15.467 20.533 -10 15.205 19.8 -10
4 16 6.926 20.974 -10 6.545 21.545 -10 16.405 22.1 -10 15.467 20.533 -10
4 16 16.405 22.1 -10 6.545 21.545 -10 5.974 21.926 -10 16.767 22.733 -10
4 16 5.974 21.926 -10 5.2 21.96 -10 0 24 -10 16.767 22.733 -10
3 16 16.767 22.733 -10 0 24 -10 17.4 22.995 -10
3 16 17.4 22.995 -10 0 24 -10 19.1 23.25 -10
3 16 46.05 22.65 -10 45.9 23.05 -10 47.4 23.3 -10
3 16 45.9 23.05 -10 45.4 23.35 -10 47.4 23.3 -10
4 16 60 24 -10 54.1 23.25 -10 47.4 23.3 -10 40 24 -10
3 16 47.4 23.3 -10 45.4 23.35 -10 40 24 -10
3 16 45.4 23.35 -10 36.9 23.4 -10 40 24 -10
4 16 40 24 -10 36.9 23.4 -10 35.2 23.25 -10 31.15 23.25 -10
4 16 40 24 -10 31.15 23.25 -10 26.8 23.25 -10 22.95 23.3 -10
4 16 19.1 23.25 -10 0 24 -10 40 24 -10 22.95 23.3 -10
3 16 51.9 20.85 -10 50.619 21.018 -10 51.6 21.6 -10
4 16 51.9 20.85 -10 51.6 21.6 -10 54.1 23.25 -10 53.2 20.6 -10
3 16 54.5 20.25 -10 53.2 20.6 -10 54.1 23.25 -10
3 16 55.65 19.75 -10 54.5 20.25 -10 54.1 23.25 -10
4 16 56.25 19.3 -10 55.65 19.75 -10 54.1 23.25 -10 60 24 -10
3 16 56.55 18.8 -10 56.25 19.3 -10 60 24 -10
3 16 56.65 18.15 -10 56.55 18.8 -10 60 24 -10
4 16 56.6 17.4 -10 56.65 18.15 -10 60 24 -10 57.65 10 -10
4 16 53.2 12.2 -10 53.15 12.3 -10 53.95 12.65 -10 54.05 12.05 -10
4 16 54.05 12.05 -10 53.95 12.65 -10 54.7 13.05 -10 54.8 11.85 -10
4 16 54.8 11.85 -10 54.7 13.05 -10 55.25 13.55 -10 55.6 11.55 -10
4 16 55.6 11.55 -10 55.25 13.55 -10 55.8 14.45 -10 56.25 11.15 -10
4 16 57 10.55 -10 56.25 11.15 -10 55.8 14.45 -10 56.4 16.45 -10
4 16 57 10.55 -10 56.4 16.45 -10 56.6 17.4 -10 57.65 10 -10
3 16 58.2 9.55 -10 57.65 10 -10 60 24 -10
3 16 58.6 9.2 -10 58.2 9.55 -10 60 24 -10
3 16 59.391 8.297 -10 58.6 9.2 -10 60 24 -10
4 16 50.1 4.4 -10 49.4 5.1 -10 49.8 5.1 -10 50.55 4.75 -10
4 16 50.55 3.9 -10 50.1 4.4 -10 50.55 4.75 -10 51.7 4.35 -10
4 16 50.55 3.9 -10 51.7 4.35 -10 52.8 4.05 -10 50.9 3.4 -10
4 16 50.9 3.4 -10 52.8 4.05 -10 53.9 3.8 -10 51 2.9 -10
4 16 51 2.9 -10 53.9 3.8 -10 55 3.7 -10 50.95 2.4 -10
3 16 60 0 -10 58.7 4.5 -10 59.309 4.953 -10
3 16 60 0 -10 58 4.2 -10 58.7 4.5 -10
3 16 60 0 -10 57.05 3.95 -10 58 4.2 -10
3 16 60 0 -10 56.05 3.75 -10 57.05 3.95 -10
4 16 55 3.7 -10 56.05 3.75 -10 60 0 -10 50.65 1.85 -10
3 16 50.65 1.85 -10 50.95 2.4 -10 55 3.7 -10
3 16 60 0 -10 50.2 1.45 -10 50.65 1.85 -10
3 16 60 0 -10 49.6 1.05 -10 50.2 1.45 -10
3 16 60 0 -10 48.95 0.65 -10 49.6 1.05 -10
3 16 60 0 -10 48.5 0.45 -10 48.95 0.65 -10
4 16 38 0.45 -10 48.5 0.45 -10 60 0 -10 0 0 -10
3 16 37.5 2.65 -10 36.75 2.8 -10 37.6 3.1 -10
4 16 36 2.55 -10 36.75 2.8 -10 37.5 2.65 -10 37.4 2.25 -10
4 16 35.2 2.35 -10 36 2.55 -10 37.4 2.25 -10 37.35 1.8 -10
4 16 37.35 1.8 -10 37.35 1.4 -10 34.3 2.15 -10 35.2 2.35 -10
4 16 34.3 2.15 -10 37.35 1.4 -10 37.45 1.1 -10 33.35 2.05 -10
3 16 37.45 1.1 -10 32.5 2.05 -10 33.35 2.05 -10
3 16 0 0 -10 37.45 1.1 -10 37.7 0.75 -10
3 16 0 0 -10 37.7 0.75 -10 38 0.45 -10
4 16 60 0 -10 59.309 4.953 -10 59.391 8.297 -10 60 24 -10
