0 Brick  4 x 10 without Two Corners
0 Name: 30181.dat
0 Author: John Riley [jriley]
0 !LDRAW_ORG Part UPDATE 2005-01
0 !LICENSE Redistributable under CCAL version 2.0 : see CAreadme.txt

0 BFC CERTIFY CCW

0 !HISTORY 2005-12-28 [PTadmin] Official Update 2005-01
0 !HISTORY 2007-06-07 [PTadmin] Header formatted for Contributor Agreement
0 !HISTORY 2008-07-01 [PTadmin] Official Update 2008-01

2 24 40 24 -40 45.7574 24 -34.2426
2 24 45.7574 24 -34.2426 42.7574 24 -31.2426
2 24 42.7574 24 -31.2426 38 24 -36
2 24 78 24 4 71.2426 24 -2.7574
2 24 71.2426 24 -2.7574 74.2426 24 -5.7574
2 24 74.2426 24 -5.7574 80 24 0
2 24 65.7574 24 -14.2426 62.7574 24 -11.2426
2 24 62.7574 24 -11.2426 51.2426 24 -22.7574
2 24 51.2426 24 -22.7574 54.2426 24 -25.7574
2 24 54.2426 24 -25.7574 65.7574 24 -14.2426
2 24 74.2426 20 -5.7574 71.2426 20 -2.7574
2 24 71.2426 20 -2.7574 62.7574 20 -11.2426
2 24 62.7574 20 -11.2426 65.7574 20 -14.2426
2 24 65.7574 20 -14.2426 74.2426 20 -5.7574
2 24 54.2426 20 -25.7574 51.2426 20 -22.7574
2 24 51.2426 20 -22.7574 42.7574 20 -31.2426
2 24 42.7574 20 -31.2426 45.7574 20 -34.2426
2 24 45.7574 20 -34.2426 54.2426 20 -25.7574
2 24 74.2426 20 -5.7574 74.2426 24 -5.7574
2 24 71.2426 20 -2.7574 71.2426 24 -2.7574
2 24 62.7574 20 -11.2426 62.7574 24 -11.2426
2 24 65.7574 20 -14.2426 65.7574 24 -14.2426
2 24 54.2426 20 -25.7574 54.2426 24 -25.7574
2 24 51.2426 20 -22.7574 51.2426 24 -22.7574
2 24 42.7574 20 -31.2426 42.7574 24 -31.2426
2 24 45.7574 20 -34.2426 45.7574 24 -34.2426
2 24 78 4 4 38 4 -36
2 24 40 0 -40 80 0 0
4 16 40 24 -40 38 24 -36 42.7574 24 -31.2426 45.7574 24 -34.2426
4 16 54.2426 24 -25.7574 51.2426 24 -22.7574 62.7574 24 -11.2426 65.7574 24 -14.2426
4 16 74.2426 24 -5.7574 71.2426 24 -2.7574 78 24 4 80 24 0
4 16 74.2426 20 -5.7574 65.7574 20 -14.2426 62.7574 20 -11.2426 71.2426 20 -2.7574
4 16 54.2426 20 -25.7574 45.7574 20 -34.2426 42.7574 20 -31.2426 51.2426 20 -22.7574
4 16 74.2426 24 -5.7574 74.2426 20 -5.7574 71.2426 20 -2.7574 71.2426 24 -2.7574
4 16 65.7574 24 -14.2426 62.7574 24 -11.2426 62.7574 20 -11.2426 65.7574 20 -14.2426
4 16 54.2426 24 -25.7574 54.2426 20 -25.7574 51.2426 20 -22.7574 51.2426 24 -22.7574
4 16 45.7574 24 -34.2426 42.7574 24 -31.2426 42.7574 20 -31.2426 45.7574 20 -34.2426
4 16 78 4 4 78 24 4 71.2426 24 -2.7574 71.2426 20 -2.7574
4 16 62.7574 20 -11.2426 62.7574 24 -11.2426 51.2426 24 -22.7574 51.2426 20 -22.7574
4 16 42.7574 20 -31.2426 42.7574 24 -31.2426 38 24 -36 38 4 -36
4 16 78 4 4 71.2426 20 -2.7574 42.7574 20 -31.2426 38 4 -36
4 16 80 0 0 74.2426 20 -5.7574 74.2426 24 -5.7574 80 24 0
4 16 65.7574 20 -14.2426 54.2426 20 -25.7574 54.2426 24 -25.7574 65.7574 24 -14.2426
4 16 45.7574 20 -34.2426 40 0 -40 40 24 -40 45.7574 24 -34.2426
4 16 80 0 0 40 0 -40 45.7574 20 -34.2426 74.2426 20 -5.7574
0
2 24 -80 24 0 -74.2426 24 -5.7574
2 24 -74.2426 24 -5.7574 -71.2426 24 -2.7574
2 24 -71.2426 24 -2.7574 -78 24 4
2 24 -38 24 -36 -42.7574 24 -31.2426
2 24 -42.7574 24 -31.2426 -45.7574 24 -34.2426
2 24 -45.7574 24 -34.2426 -40 24 -40
2 24 -54.2426 24 -25.7574 -51.2426 24 -22.7574
2 24 -51.2426 24 -22.7574 -62.7574 24 -11.2426
2 24 -62.7574 24 -11.2426 -65.7574 24 -14.2426
2 24 -65.7574 24 -14.2426 -54.2426 24 -25.7574
2 24 -45.7574 20 -34.2426 -42.7574 20 -31.2426
2 24 -42.7574 20 -31.2426 -51.2426 20 -22.7574
2 24 -51.2426 20 -22.7574 -54.2426 20 -25.7574
2 24 -54.2426 20 -25.7574 -45.7574 20 -34.2426
2 24 -65.7574 20 -14.2426 -62.7574 20 -11.2426
2 24 -62.7574 20 -11.2426 -71.2426 20 -2.7574
2 24 -71.2426 20 -2.7574 -74.2426 20 -5.7574
2 24 -74.2426 20 -5.7574 -65.7574 20 -14.2426
2 24 -45.7574 20 -34.2426 -45.7574 24 -34.2426
2 24 -42.7574 20 -31.2426 -42.7574 24 -31.2426
2 24 -51.2426 20 -22.7574 -51.2426 24 -22.7574
2 24 -54.2426 20 -25.7574 -54.2426 24 -25.7574
2 24 -65.7574 20 -14.2426 -65.7574 24 -14.2426
2 24 -62.7574 20 -11.2426 -62.7574 24 -11.2426
2 24 -71.2426 20 -2.7574 -71.2426 24 -2.7574
2 24 -74.2426 20 -5.7574 -74.2426 24 -5.7574
2 24 -38 4 -36 -78 4 4
2 24 -80 0 0 -40 0 -40
4 16 -80 24 0 -78 24 4 -71.2426 24 -2.7574 -74.2426 24 -5.7574
4 16 -65.7574 24 -14.2426 -62.7574 24 -11.2426 -51.2426 24 -22.7574 -54.2426 24 -25.7574
4 16 -45.7574 24 -34.2426 -42.7574 24 -31.2426 -38 24 -36 -40 24 -40
4 16 -45.7574 20 -34.2426 -54.2426 20 -25.7574 -51.2426 20 -22.7574 -42.7574 20 -31.2426
4 16 -65.7574 20 -14.2426 -74.2426 20 -5.7574 -71.2426 20 -2.7574 -62.7574 20 -11.2426
4 16 -45.7574 24 -34.2426 -45.7574 20 -34.2426 -42.7574 20 -31.2426 -42.7574 24 -31.2426
4 16 -54.2426 24 -25.7574 -51.2426 24 -22.7574 -51.2426 20 -22.7574 -54.2426 20 -25.7574
4 16 -65.7574 24 -14.2426 -65.7574 20 -14.2426 -62.7574 20 -11.2426 -62.7574 24 -11.2426
4 16 -74.2426 24 -5.7574 -71.2426 24 -2.7574 -71.2426 20 -2.7574 -74.2426 20 -5.7574
4 16 -38 4 -36 -38 24 -36 -42.7574 24 -31.2426 -42.7574 20 -31.2426
4 16 -51.2426 20 -22.7574 -51.2426 24 -22.7574 -62.7574 24 -11.2426 -62.7574 20 -11.2426
4 16 -71.2426 20 -2.7574 -71.2426 24 -2.7574 -78 24 4 -78 4 4
4 16 -38 4 -36 -42.7574 20 -31.2426 -71.2426 20 -2.7574 -78 4 4
4 16 -40 0 -40 -45.7574 20 -34.2426 -45.7574 24 -34.2426 -40 24 -40
4 16 -54.2426 20 -25.7574 -65.7574 20 -14.2426 -65.7574 24 -14.2426 -54.2426 24 -25.7574
4 16 -74.2426 20 -5.7574 -80 0 0 -80 24 0 -74.2426 24 -5.7574
4 16 -40 0 -40 -80 0 0 -74.2426 20 -5.7574 -45.7574 20 -34.2426
4 16 -100 0 40 -100 0 0 100 0 0 100 0 40
4 16 -80 0 0 -40 0 -40 40 0 -40 80 0 0
1 16 0 12 -40 40 0 0 0 0 12 0 1 0 rect.dat
1 16 0 12 0 0 0 -100 12 0 0 0 40 0 box3u2p.dat
0 BFC INVERTNEXT
1 16 0 14 4 0 0 -96 10 0 0 0 32 0 box3u2p.dat
4 16 78 24 4 96 24 4 100 24 0 80 24 0
4 16 100 24 0 96 24 4 96 24 36 100 24 40
4 16 96 24 36 -96 24 36 -100 24 40 100 24 40
4 16 -100 24 0 -100 24 40 -96 24 36 -96 24 4
4 16 -100 24 0 -96 24 4 -78 24 4 -80 24 0
1 16 90 12 0 0 0 -10 12 0 0 0 1 0 rect3.dat
1 16 -90 12 0 0 0 10 12 0 0 0 1 0 rect3.dat
4 16 38 24 -36 40 24 -40 -40 24 -40 -38 24 -36
1 16 0 14 -36 0 0 -38 10 0 0 0 -1 0 rect.dat
1 16 87 14 4 0 0 -9 10 0 0 0 -1 0 rect3.dat
1 16 -87 14 4 0 0 9 10 0 0 0 -1 0 rect3.dat
4 16 96 4 4 -96 4 4 -96 4 36 96 4 36
4 16 -78 4 4 78 4 4 38 4 -36 -38 4 -36
1 16 0 4 20 1 0 0 0 -5 0 0 0 1 stud4.dat
1 16 0 4 -20 1 0 0 0 -5 0 0 0 1 stud4.dat
1 16 20 4 0 1 0 0 0 -5 0 0 0 1 stud4.dat
1 16 40 4 20 1 0 0 0 -5 0 0 0 1 stud4.dat
1 16 40 4 -20 1 0 0 0 -5 0 0 0 1 stud4.dat
1 16 60 4 0 1 0 0 0 -5 0 0 0 1 stud4.dat
1 16 80 4 20 1 0 0 0 -5 0 0 0 1 stud4.dat
1 16 -20 4 0 1 0 0 0 -5 0 0 0 1 stud4.dat
1 16 -40 4 20 1 0 0 0 -5 0 0 0 1 stud4.dat
1 16 -40 4 -20 1 0 0 0 -5 0 0 0 1 stud4.dat
1 16 -60 4 0 1 0 0 0 -5 0 0 0 1 stud4.dat
1 16 -80 4 20 1 0 0 0 -5 0 0 0 1 stud4.dat
1 16 -90 0 30 -1 0 0 0 1 0 0 0 -1 stud.dat
1 16 -90 0 10 -1 0 0 0 1 0 0 0 -1 stud.dat
1 16 -70 0 30 -1 0 0 0 1 0 0 0 -1 stud.dat
1 16 -70 0 10 -1 0 0 0 1 0 0 0 -1 stud.dat
1 16 -50 0 30 -1 0 0 0 1 0 0 0 -1 stud.dat
1 16 -50 0 10 -1 0 0 0 1 0 0 0 -1 stud.dat
1 16 -50 0 -10 -1 0 0 0 1 0 0 0 -1 stud.dat
1 16 -30 0 30 -1 0 0 0 1 0 0 0 -1 stud.dat
1 16 -30 0 10 -1 0 0 0 1 0 0 0 -1 stud.dat
1 16 -30 0 -10 -1 0 0 0 1 0 0 0 -1 stud.dat
1 16 -30 0 -30 -1 0 0 0 1 0 0 0 -1 stud.dat
1 16 -10 0 30 -1 0 0 0 1 0 0 0 -1 stud.dat
1 16 -10 0 10 -1 0 0 0 1 0 0 0 -1 stud.dat
1 16 -10 0 -10 -1 0 0 0 1 0 0 0 -1 stud.dat
1 16 -10 0 -30 -1 0 0 0 1 0 0 0 -1 stud.dat
1 16 10 0 30 -1 0 0 0 1 0 0 0 -1 stud.dat
1 16 10 0 10 -1 0 0 0 1 0 0 0 -1 stud.dat
1 16 10 0 -10 -1 0 0 0 1 0 0 0 -1 stud.dat
1 16 10 0 -30 -1 0 0 0 1 0 0 0 -1 stud.dat
1 16 30 0 30 -1 0 0 0 1 0 0 0 -1 stud.dat
1 16 30 0 10 -1 0 0 0 1 0 0 0 -1 stud.dat
1 16 30 0 -10 -1 0 0 0 1 0 0 0 -1 stud.dat
1 16 30 0 -30 -1 0 0 0 1 0 0 0 -1 stud.dat
1 16 50 0 30 -1 0 0 0 1 0 0 0 -1 stud.dat
1 16 50 0 10 -1 0 0 0 1 0 0 0 -1 stud.dat
1 16 50 0 -10 -1 0 0 0 1 0 0 0 -1 stud.dat
1 16 70 0 30 -1 0 0 0 1 0 0 0 -1 stud.dat
1 16 70 0 10 -1 0 0 0 1 0 0 0 -1 stud.dat
1 16 90 0 30 -1 0 0 0 1 0 0 0 -1 stud.dat
1 16 90 0 10 -1 0 0 0 1 0 0 0 -1 stud.dat
0
