0 Plate  2 x  6 with Half Saucer
0 Name: 30195.dat
0 Author: Luis E. Fernandez [lfernand]
0 !LDRAW_ORG Part UPDATE 2016-01
0 !LICENSE Redistributable under CCAL version 2.0 : see CAreadme.txt

0 BFC CERTIFY CCW

0 !HISTORY 1998-04-11 [PTadmin] Official Update 1998-04
0 !HISTORY 1999-05-17 [PTadmin] Official Update 1999-03
0 !HISTORY 2007-06-07 [PTadmin] Header formatted for Contributor Agreement
0 !HISTORY 2008-07-01 [PTadmin] Official Update 2008-01
0 !HISTORY 2014-11-21 [roland] Auto-corrected with libfix version of LDCad 1.4
0 !HISTORY 2016-09-14 [MagFors] Made bfc, closed gaps, primitive substitution
0 !HISTORY 2016-12-31 [PTadmin] Official Update 2016-01

1 16 0 28 10 20 0 0 0 0 -4 0 80 0 box4-2p.dat
0 BFC INVERTNEXT
1 16 0 32 28 -16 0 0 0 -4 0 0 0 58 box5.dat

4 16 20 32 90 16 32 86 -16 32 86 -20 32 90
2 24 -20 32 10 -25.75 32 4.25
4 16 -25.75 28 4.25 -20 24 10 -20 32 10 -25.75 32 4.25
2 24 25.75 32 4.25 20 32 10
4 16 20 24 10 25.75 28 4.25 25.75 32 4.25 20 32 10
1 16 -24.25 30 2.75 -1.5 1 0 0 0 2 1.5 0 0 rect.dat
1 16 -21.375 30 2.625 -1.375 -1 0 0 0 2 -1.375 0 0 rect2p.dat
4 16 -20 32 10 -20 32 4 -22.75 32 1.25 -25.75 32 4.25
1 16 21.375 30 2.625 0 1 1.375 2 0 0 0 0 -1.375 rect3.dat
1 16 24.25 30 2.75 0 -1 1.5 2 0 0 0 0 1.5 rect3.dat
4 16 25.75 32 4.25 22.75 32 1.25 20 32 4 20 32 10
1 16 -33.625 30 -9.625 -2.375 -1 0 0 0 2 -2.375 0 0 rect2p.dat
1 16 33.625 30 -9.625 -2.375 1 0 0 0 2 2.375 0 0 rect2p.dat
3 16 -38 32 -14 -36 32 -12 -36 32 -14
4 16 -36 32 -12 -20 32 -12 -20 32 -14 -36 32 -14
4 16 20 32 -12 36 32 -12 36 32 -14 20 32 -14
1 16 -40.375 30 -16.375 -2.375 -1 0 0 0 2 -2.375 0 0 rect2p.dat
1 16 -38.5 28 -11.5 5.75 0 -1.5 0 4 0 5.75 0 1.5 box4-3p.dat
1 16 38.5 28 -11.5 5.75 0 1.5 0 4 0 -5.75 0 1.5 box4-3p.dat
1 16 40.375 30 -16.375 -2.375 1 0 0 0 2 2.375 0 0 rect2p.dat
1 16 -52.75 30 -25.75 1.5 -1 0 0 0 2 -1.5 0 0 rect.dat
1 16 52.75 30 -25.75 1.5 1 0 0 0 2 1.5 0 0 rect.dat
2 24 -54.25 32 -24.25 -60 32 -30
4 16 -60 24 -30 -54.25 28 -24.25 -54.25 32 -24.25 -60 32 -30
1 16 -52.625 30 -28.625 -1.375 -1 0 0 0 2 -1.375 0 0 rect2p.dat
4 16 -54.25 32 -24.25 -51.25 32 -27.25 -54 32 -30 -60 32 -30
4 16 -38 32 -30 -38 32 -14 -36 32 -14 -36 32 -30
4 16 -16 32 86 -16 32 -30 -20 32 -30 -20 32 90
4 16 20 32 -30 16 32 -30 16 32 86 20 32 90
3 16 36 32 -12 38 32 -14 36 32 -14
4 16 38 32 -14 38 32 -30 36 32 -30 36 32 -14
1 16 52.625 30 -28.625 -1.375 1 0 0 0 2 1.375 0 0 rect2p.dat
2 24 60 32 -30 54.25 32 -24.25
4 16 54.25 28 -24.25 60 24 -30 60 32 -30 54.25 32 -24.25
4 16 60 32 -30 54 32 -30 51.25 32 -27.25 54.25 32 -24.25
1 16 70 28 -30 10 0 0 0 0 4 0 -1 0 rect3.dat
1 16 -70 28 -30 10 0 0 0 0 4 0 -1 0 rect3.dat
2 24 -64 32 -34 -64.0264 19.4519 -34
2 24 -76 32 -34 -64 32 -34
2 24 -62 32 -34 -62.0659 18.3798 -34
2 24 -20 32 -34 -62 32 -34
2 24 -20 32 -34 -20 4 -34
2 24 20 32 -34 20 4 -34
2 24 62 32 -34 20 32 -34
2 24 76 32 -34 64 32 -34
4 16 -76 32 -34 -80 32 -30 80 32 -30 76 32 -34
1 16 -76 29 -40 0 -1 0 3 0 0 0 0 6 rect.dat
2 24 -64 32 -34 -64 32 -46
2 24 -64 32 -46 -64 20.1 -46
2 24 -64 32 -46 -76 32 -46
4 16 -64.0264 19.4519 -34 -64 32 -34 -64 32 -46 -64 20.1 -46
4 16 -64 20.1 -46 -64 32 -46 -76 32 -46 -76 26 -46
2 24 64 32 -34 64 32 -46
2 24 64 32 -46 76 32 -46
2 24 -62 32 -34 -62 32 -48
2 24 -62 32 -48 -62 19.4194 -48
2 24 -62 32 -48 -76 32 -48
4 16 -64 32 -46 -64 32 -34 -62 32 -34 -62 32 -48
4 16 -76 32 -46 -64 32 -46 -62 32 -48 -76 32 -48
2 24 62 32 -34 62 32 -48
4 16 62 32 -34 64 32 -34 64 32 -46 62 32 -48
2 24 62 32 -48 76 32 -48
4 16 62 32 -48 64 32 -46 76 32 -46 76 32 -48
4 16 -76 32 -34 -76 32 -46 -80 32 -52 -80 32 -30
4 16 80 32 -52 76 32 -46 76 32 -34 80 32 -30
1 16 -80 28 -41 0 1 0 4 0 0 0 0 -11 rect3.dat
1 16 80 28 -41 0 -1 0 -4 0 0 0 0 -11 rect3.dat
2 24 -76 32 -51 -73.727 32 -54.6971
4 16 -73.727 28 -54.6971 -73.727 32 -54.6971 -76 32 -51 -76 26 -51
2 24 76 32 -51 73.727 32 -54.6971
2 24 -80 32 -52 -77.1041 32 -56.7387
4 16 -77.1041 32 -56.7387 -77.1041 28 -56.7387 -80 24 -52 -80 32 -52
1 16 -75.41555 30 -55.7179 0 0 -1.68855 -2 0 0 0 1 -1.0208 rect3.dat
4 16 -76 32 -51 -73.727 32 -54.6971 -77.1041 32 -56.7387 -80 32 -52
1 16 75.41555 30 -55.7179 0 0 1.68855 2 0 0 0 1 -1.0208 rect3.dat
2 24 80 32 -52 77.1041 32 -56.7387
1 16 -68.87752 30 -66.3844 1.67605 0 5e-005 0 0 2 1.07345 -1 -0.0001 rect.dat
1 16 68.87752 30 -66.3844 0 0 1.676 -2 0 0 0 -1 -1.07355 rect.dat
1 16 -65.5338 30 -68.02335 1.6677 -1 0 0 0 2 -2.71245 0 0 rect2a.dat
1 16 -68.91707 30 -70.13573 5e-005 1 1.63655 2 0 0 -0.0001 0 -2.67795 rect2a.dat
4 16 -70.5535 32 -67.458 -67.2015 32 -65.3109 -63.8661 32 -70.7358 -67.2807 32 -72.8134
1 16 -65.57335 30 -71.77468 -1.7072 0 0 0 0 2 -1.03895 1 0 rect2p.dat
1 16 65.57335 30 -71.77468 -1.7072 0 0.0001 0 0 2 1.03895 1 0.00015 rect.dat
4 16 63.8661 32 -70.7358 67.2015 32 -65.3109 70.5535 32 -67.458 67.2807 32 -72.8134
2 24 -57.2503 32 -81.4964 -57.3403 28 -81.3502
2 24 57.2503 32 -81.4964 57.3403 28 -81.3502
2 24 -60.6995 32 -83.5827 -60.6995 28 -83.5827
2 24 -60.6995 32 -83.5827 -57.2503 32 -81.4964
3 16 -57.3403 28 -81.3502 -57.2503 32 -81.4964 -60.6995 28 -83.5827
3 16 -57.2503 32 -81.4964 -60.6995 32 -83.5827 -60.6995 28 -83.5827
5 24 -60.6995 28 -83.5827 -57.2503 32 -81.4964 -57.3403 28 -81.3502 -60.6995 32 -83.5827
2 24 60.6995 32 -83.5827 57.2503 32 -81.4964
2 24 60.6995 32 -83.5827 60.6995 28 -83.5827
3 16 57.3403 28 -81.3502 60.6995 28 -83.5827 57.2503 32 -81.4964
3 16 60.6995 28 -83.5827 60.6995 32 -83.5827 57.2503 32 -81.4964
5 24 57.2503 32 -81.4964 60.6995 28 -83.5827 57.3403 28 -81.3502 60.6995 32 -83.5827
2 24 -55.25 32 -84.75 -55.25 26 -84.75
2 24 -55.25 32 -84.75 -57.2503 32 -81.4964
4 16 -57.2503 32 -81.4964 -57.3403 28 -81.3502 -55.25 26 -84.75 -55.25 32 -84.75
2 24 55.25 32 -84.75 55.25 26 -84.75
2 24 55.25 32 -84.75 57.2503 32 -81.4964
2 24 -58 32 -88 -58 24 -88
2 24 -58 32 -88 -60.6995 32 -83.5827
4 16 -58 24 -88 -60.6995 28 -83.5827 -60.6995 32 -83.5827 -58 32 -88
4 16 -60.6995 32 -83.5827 -57.2503 32 -81.4964 -55.25 32 -84.75 -58 32 -88
2 24 -55.25 32 -84.75 -51.0964 32 -87.2539
4 16 -55.25 32 -84.75 -55.25 26 -84.75 -51.0964 28 -87.2539 -51.0964 32 -87.2539
2 24 55.25 32 -84.75 51.0964 32 -87.2539
2 24 58 32 -88 58 24 -88
2 24 58 32 -88 60.6995 32 -83.5827
4 16 55.25 32 -84.75 57.2503 32 -81.4964 60.6995 32 -83.5827 58 32 -88
2 24 -58 32 -88 -53.4282 32 -90.7939
4 16 -53.4282 32 -90.7939 -53.4282 28 -90.7939 -58 24 -88 -58 32 -88
1 16 -52.2623 30 -89.0239 0 -1 -1.1659 -2 0 0 0 0 -1.77 rect.dat
4 16 -55.25 32 -84.75 -51.0964 32 -87.2539 -53.4282 32 -90.7939 -58 32 -88
1 16 52.2623 30 -89.0239 -1.1659 1 0 0 0 2 1.77 0 0 rect.dat
2 24 58 32 -88 53.4282 32 -90.7939
4 16 53.4282 32 -90.7939 51.0964 32 -87.2539 55.25 32 -84.75 58 32 -88
1 16 -37.7344 30 -95.30905 2.67235 0 -0.0001 0 0 2 -1.61105 -1 0 rect3.dat
1 16 -41.5496 30 -95.52635 -0.0001 1 -1.14285 2 0 0 0 0 -1.82835 rect3.dat
1 16 41.5496 30 -95.52635 -0.0001 -1 1.14275 -2 0 0 0 0 -1.82835 rect.dat
1 16 -40.0093 30 -98.99435 0 0 2.6831 2 0 0 0 1 -1.63965 rect2a.dat
4 16 -42.6924 32 -97.3547 -40.4069 32 -93.698 -35.062 32 -96.9201 -37.3262 32 -100.634
1 16 -36.1941 30 -98.77705 -1.1321 -1 0 0 0 2 -1.85695 0 0 rect2p.dat
1 16 36.1941 30 -98.77705 -1.1321 1 0 0 0 2 1.85695 0 0 rect.dat
4 16 35.062 32 -96.9201 40.4069 32 -93.698 42.6924 32 -97.3547 37.3262 32 -100.634

0 BFC INVERTNEXT
1 16 28 30 -4 0 0 -8 2 0 0 0 -8 0 box2-5.dat
0 BFC INVERTNEXT
1 16 -28 30 -4 0 0 8 2 0 0 0 -8 0 box2-5.dat
0 BFC INVERTNEXT
1 16 46 30 -22 0 0 -8 2 0 0 0 -8 0 box2-5.dat
0 BFC INVERTNEXT
1 16 -46 30 -22 0 0 8 2 0 0 0 -8 0 box2-5.dat
0 BFC INVERTNEXT
1 16 28 30 -22 0 0 8 2 0 0 0 8 0 box2-5.dat
0 BFC INVERTNEXT
1 16 -28 30 -22 0 -8 0 2 0 0 0 0 8 box2-5.dat
0 BFC INVERTNEXT
1 16 24.5 30 -25.5 0 0 -4.5 2 0 0 0 -4.5 0 box2-5.dat
0 BFC INVERTNEXT
1 16 -24.5 30 -25.5 0 0 4.5 2 0 0 0 -4.5 0 box2-5.dat

2 24 -20 32 -106 -20 26 -106
4 16 -16 32 -106 -16 32 -34 -16 19.25 -90 -16 26 -106
4 16 16 32 -34 16 32 -106 16 26 -106 16 19.25 -90
2 24 20 32 -106 20 26 -106
1 16 0 29 -106 16 0 0 0 0 3 0 -1 0 rect.dat
2 24 -20 32 -106 -24.2381 32 -103.4451
4 16 -20 32 -106 -24.2381 32 -103.4451 -24.2384 28 -103.4449 -20 26 -106
2 24 20 32 -106 24.2381 32 -103.4451
1 16 -25.39317 30 -105.3328 1.15485 1 0 0 0 2 1.88785 0 0 rect.dat
1 16 25.39317 30 -105.3328 0.00015 -1 1.155 -2 0 0 0.0001 0 -1.88775 rect.dat
1 16 -18 32 -70 0 0 2 0 -1 0 36 0 0 rect2p.dat
3 16 -22 32 -110 -20 32 -106 -16 32 -106
4 16 -16 32 -106 16 32 -106 22 32 -110 -22 32 -110
1 16 18 32 -70 0 0 2 0 -1 0 36 0 0 rect2p.dat
1 16 0 28 -110 0 0 -22 -4 0 0 0 1 0 rect.dat
2 24 -22 32 -110 -26.5481 32 -107.2206
4 16 -26.5481 28 -107.2206 -26.5481 32 -107.2206 -22 32 -110 -22 24 -110
4 16 -26.5481 32 -107.2206 -24.2381 32 -103.4451 -20 32 -106 -22 32 -110
2 24 22 32 -110 26.5481 32 -107.2206

1 16 -20 30 -20 0 -4 0 0 0 2 -1 0 0 box4-2p.dat
1 16 20 30 -20 0 4 0 0 0 2 -1 0 0 box4-2p.dat
1 16 -30 30 -30 -1 0 0 0 0 2 0 4 0 box4-2p.dat
1 16 30 30 -30 -1 0 0 0 0 2 0 4 0 box4-2p.dat
1 16 0 28 30 0 0 1 0 -1 0 -1 0 0 stug4-1x5.dat
1 16 -28.5 28 -1.5 -1.5 0 4.25 0 -1 0 1.5 0 4.25 rect1.dat
1 16 28.5 28 -1.5 1.5 0 4.25 0 -1 0 1.5 0 -4.25 rect1.dat
1 16 -48.5 28 -21.5 -1.5 0 4.25 0 -1 0 1.5 0 4.25 rect1.dat
1 16 48.5 28 -21.5 1.5 0 4.25 0 -1 0 1.5 0 -4.25 rect1.dat

2 24 -20 28 -30 -20 28 4
2 24 -54 28 -30 -20 28 -30
3 16 -54 28 -30 -20 28 4 -20 28 -30
3 16 -54.25 28 -24.25 -60 24 -30 -45.75 28 -15.75
4 16 -34.25 28 -4.25 -45.75 28 -15.75 -60 24 -30 -20 24 10
3 16 -25.75 28 4.25 -34.25 28 -4.25 -20 24 10
3 16 20 28 4 54 28 -30 20 28 -30
4 16 45.75 28 -15.75 34.25 28 -4.25 20 24 10 60 24 -30
3 16 25.75 28 4.25 20 24 10 34.25 28 -4.25
3 16 54.25 28 -24.25 45.75 28 -15.75 60 24 -30
2 24 -67.2015 28 -65.3109 -73.727 28 -54.6971
2 24 67.2015 28 -65.3109 73.727 28 -54.6971
2 24 -70.5536 28 -67.4578 -77.1041 28 -56.7387
4 16 -77.1041 28 -56.7387 -73.727 28 -54.6971 -67.2015 28 -65.3109 -70.5536 28 -67.4578
2 24 70.5536 28 -67.4578 77.1041 28 -56.7387
4 16 67.2015 28 -65.3109 73.727 28 -54.6971 77.1041 28 -56.7387 70.5536 28 -67.4578
2 24 -57.3403 28 -81.3502 -63.8661 28 -70.7358
2 24 57.3403 28 -81.3502 63.8661 28 -70.7358
2 24 -60.6995 28 -83.5827 -67.2805 28 -72.8137
4 16 -67.2805 28 -72.8137 -63.8661 28 -70.7358 -57.3403 28 -81.3502 -60.6995 28 -83.5827
2 24 60.6995 28 -83.5827 67.2805 28 -72.8137
4 16 57.3403 28 -81.3502 63.8661 28 -70.7358 67.2805 28 -72.8137 60.6995 28 -83.5827
3 16 -73.727 28 -54.6971 -76 26 -51 -67.2015 28 -65.3109
4 16 -76 26 -51 -55.25 26 -84.75 -63.8661 28 -70.7358 -67.2015 28 -65.3109
3 16 -63.8661 28 -70.7358 -55.25 26 -84.75 -57.3403 28 -81.3502
4 16 -70.5536 28 -67.4578 -67.2805 28 -72.8137 -58 24 -88 -80 24 -52
3 16 -60.6995 28 -83.5827 -58 24 -88 -67.2805 28 -72.8137
3 16 -77.1041 28 -56.7387 -70.5536 28 -67.4578 -80 24 -52
2 24 -40.4067 28 -93.698 -51.0964 28 -87.2539
2 24 40.4067 28 -93.698 51.0964 28 -87.2539
2 24 -42.6924 28 -97.3547 -53.4282 28 -90.7939
4 16 -53.4282 28 -90.7939 -51.0964 28 -87.2539 -40.4067 28 -93.698 -42.6924 28 -97.3547
2 24 42.6924 28 -97.3547 53.4282 28 -90.7939
4 16 40.4067 28 -93.698 51.0964 28 -87.2539 53.4282 28 -90.7939 42.6924 28 -97.3547
2 24 -24.2384 28 -103.4449 -35.062 28 -96.9201
2 24 24.2384 28 -103.4449 35.062 28 -96.9201
1 16 0 22.625 -98 -16 0 0 0 -1 -3.375 0 0 8 rect3.dat
3 16 -51.0964 28 -87.2539 -55.25 26 -84.75 -40.4067 28 -93.698
4 16 -35.062 28 -96.9201 -40.4067 28 -93.698 -55.25 26 -84.75 -20 26 -106
3 16 -24.2384 28 -103.4449 -35.062 28 -96.9201 -20 26 -106
2 24 -26.5481 28 -107.2206 -37.3262 28 -100.634
4 16 -37.3262 28 -100.634 -35.062 28 -96.9201 -24.2384 28 -103.4449 -26.5481 28 -107.2206
2 24 26.5481 28 -107.2206 37.3262 28 -100.634
4 16 24.2384 28 -103.4449 35.062 28 -96.9201 37.3262 28 -100.634 26.5481 28 -107.2206
4 16 -42.6924 28 -97.3547 -37.3262 28 -100.634 -22 24 -110 -58 24 -88
3 16 -26.5481 28 -107.2206 -22 24 -110 -37.3262 28 -100.634
3 16 -53.4282 28 -90.7939 -42.6924 28 -97.3547 -58 24 -88
2 24 -62.0659 18.3798 -34 -60 17.25 -34
2 24 -76 26 -34 -64.0264 19.4519 -34
2 24 -76 26 -51 -58.2 17.25 -45.6
3 16 -76 26 -34 -64.0264 19.4519 -34 -76 26 -46
2 24 76 26 -51 58.2 17.25 -45.6
2 24 -55.25 26 -84.75 -76 26 -51
2 24 -55.25 26 -84.75 -42.6 17.25 -72.6
3 16 -42.6 17.25 -72.6 -76 26 -51 -58.2 17.25 -45.6
3 16 -76 26 -51 -42.6 17.25 -72.6 -55.25 26 -84.75
5 24 -76 26 -51 -42.6 17.25 -72.6 -55.25 26 -84.75 -58.2 17.25 -45.6
2 24 55.25 26 -84.75 42.6 17.25 -72.6
2 24 55.25 26 -84.75 76 26 -51
3 16 58.2 17.25 -45.6 76 26 -51 42.6 17.25 -72.6
3 16 55.25 26 -84.75 42.6 17.25 -72.6 76 26 -51
5 24 42.6 17.25 -72.6 76 26 -51 58.2 17.25 -45.6 55.25 26 -84.75
2 24 -20 26 -106 -55.25 26 -84.75
3 16 -20 17.25 -85.6578 -55.25 26 -84.75 -42.6 17.25 -72.6
3 16 -55.25 26 -84.75 -20 17.25 -85.6578 -20 26 -106
5 24 -55.25 26 -84.75 -20 17.25 -85.6578 -20 26 -106 -42.6 17.25 -72.6
2 24 20 26 -106 55.25 26 -84.75
3 16 42.6 17.25 -72.6 55.25 26 -84.75 20 17.25 -85.6578
3 16 20 26 -106 20 17.25 -85.6578 55.25 26 -84.75
5 24 20 17.25 -85.6578 55.25 26 -84.75 42.6 17.25 -72.6 20 26 -106

1 16 -10 24 40 0 0 -1 0 1 0 1 0 0 stug-1x5.dat
1 16 10 24 40 0 0 -1 0 1 0 1 0 0 stug-1x5.dat
1 16 0 24 -20 0 0 -1 0 1 0 1 0 0 stug-4x1.dat

2 24 -80 24 -30 -60 13 -30
2 24 -20 24 10 -60 24 -30
2 24 60 24 -30 20 24 10
2 24 80 24 -30 60 13 -30
3 16 -80 24 -30 -60 13 -30 -60 24 -30
1 16 0 18.5 -30 0 0 -60 5.5 0 0 0 -1 0 rect1.dat
3 16 80 24 -30 60 24 -30 60 13 -30
2 24 -64.0264 19.4519 -34 -64 20.1 -46
2 24 -80 24 -52 -60 13 -46.5
4 16 -60 13 -46.5 -60 13 -30 -80 24 -30 -80 24 -52
2 24 80 24 -52 60 13 -46.5
4 16 80 24 -30 60 13 -30 60 13 -46.5 80 24 -52
2 24 -58 24 -88 -42.5 13 -72.4
3 16 -60 13 -46.5 -80 24 -52 -58 24 -88
3 16 -58 24 -88 -42.5 13 -72.4 -60 13 -46.5
5 24 -60 13 -46.5 -58 24 -88 -80 24 -52 -42.5 13 -72.4
2 24 58 24 -88 42.5 13 -72.4
3 16 60 13 -46.5 42.5 13 -72.4 58 24 -88
3 16 58 24 -88 80 24 -52 60 13 -46.5
5 24 58 24 -88 60 13 -46.5 80 24 -52 42.5 13 -72.4
2 24 -80 24 -52 -58 24 -88
2 24 80 24 -52 58 24 -88
2 24 -58 24 -88 -22 24 -110
2 24 -22 24 -110 -16 13 -88.5
4 16 -16 13 -88.5 -42.5 13 -72.4 -58 24 -88 -22 24 -110
2 24 22 24 -110 16 13 -88.5
4 16 22 24 -110 16 13 -88.5 -16 13 -88.5 -22 24 -110
2 24 58 24 -88 22 24 -110
4 16 16 13 -88.5 22 24 -110 58 24 -88 42.5 13 -72.4
4 16 -16 5 -34 -16 5 -50 -16 19.25 -90 -16 32 -34
4 16 16 19.25 -90 16 5 -50 16 5 -34 16 32 -34
1 16 0 12.125 -70 0 0 -16 7.125 -1 0 -20 0 0 rect2p.dat
1 16 0 19.25 -90 -8 0 0 0 -1 3.375 0 0 -8 2-4edge.dat
1 16 0 19.25 -90 -6 0 0 0 -1 2.53125 0 0 -6 2-4edge.dat
1 16 0 22.1 -90 0 0 1 0 -2.475 0 -1 0 0 stud4a.dat
1 16 0 22.1 -90 0 0 1 0 2.85 0 -1 0 0 stud4s.dat
2 24 0 22.625 -98 3.0616 22.3682 -97.3912
2 24 0 22.625 -98 -3.0616 22.3682 -97.3912
2 24 0 21.7813 -96 2.2962 21.5886 -95.5434
2 24 0 21.7813 -96 -2.2962 21.5886 -95.5434
2 24 0 17.1125 -84 2.2962 17.2752 -84.4566
2 24 0 17.1125 -84 -2.2962 17.2752 -84.4566
2 24 3.0616 16.6169 -82.6088 0 16.4 -82
2 24 0 16.4 -82 -3.0616 16.6169 -82.6088
2 24 -60 17.25 -34 -20 4 -34
2 24 60 17.25 -34 20 4 -34
2 24 -58.2 17.25 -45.6 -60 17.25 -34
2 24 -58.2 17.25 -45.6 -20 4 -34
3 16 -60 17.25 -34 -20 4 -34 -58.2 17.25 -45.6
3 16 58.2 17.25 -45.6 20 4 -34 60 17.25 -34
2 24 -42.6 17.25 -72.6 -58.2 17.25 -45.6
4 16 -20 4 -34 -20 6.706 -50 -42.6 17.25 -72.6 -58.2 17.25 -45.6
4 16 20 6.706 -50 20 4 -34 58.2 17.25 -45.6 42.6 17.25 -72.6
3 16 -42.6 17.25 -72.6 -20 6.706 -50 -20 17.25 -85.6578
3 16 20 17.25 -85.6578 20 6.706 -50 42.6 17.25 -72.6
2 24 -60 13 -30 -20 0 -30
2 24 60 13 -30 20 0 -30
4 16 60 13 -30 -60 13 -30 -20 0 -30 20 0 -30
2 24 -60 13 -46.5 -60 13 -30
2 24 -60 13 -46.5 -20 0 -35.5
4 16 -60 13 -46.5 -20 0 -35.5 -20 0 -30 -60 13 -30
2 24 60 13 -46.5 20 0 -35.5
2 24 60 13 -30 60 13 -46.5
4 16 60 13 -30 20 0 -30 20 0 -35.5 60 13 -46.5
2 24 -42.5 13 -72.4 -60 13 -46.5
2 24 -42.5 13 -72.4 -14.65 0 -44.65
3 16 -20 0 -35.5 -42.5 13 -72.4 -14.65 0 -44.65
3 16 -60 13 -46.5 -42.5 13 -72.4 -20 0 -35.5
5 24 -42.5 13 -72.4 -20 0 -35.5 -14.65 0 -44.65 -60 13 -46.5
2 24 42.5 13 -72.4 14.65 0 -44.65
3 16 42.5 13 -72.4 60 13 -46.5 20 0 -35.5
3 16 42.5 13 -72.4 20 0 -35.5 14.65 0 -44.65
5 24 20 0 -35.5 42.5 13 -72.4 60 13 -46.5 14.65 0 -44.65
2 24 60 13 -46.5 42.5 13 -72.4
2 24 -16 13 -88.5 -42.5 13 -72.4
2 24 -16 13 -88.5 -5.5 0 -50
4 16 -16 13 -88.5 -5.5 0 -50 -14.65 0 -44.65 -42.5 13 -72.4
2 24 16 13 -88.5 -16 13 -88.5
2 24 16 13 -88.5 5.5 0 -50
4 16 16 13 -88.5 5.5 0 -50 -5.5 0 -50 -16 13 -88.5
2 24 42.5 13 -72.4 16 13 -88.5
4 16 42.5 13 -72.4 14.65 0 -44.65 5.5 0 -50 16 13 -88.5

1 16 0 14.975 -70 0 0 1 0 2.85 0 -1 0 0 stud4s.dat
1 16 0 14.975 -70 0 0 1 0 -4.25625 0 -1 0 0 stud4a.dat
1 16 0 5 -42 -16 0 0 0 -1 0 0 0 8 rect3.dat
1 16 0 7.85 -50 0 0 1 0 2.85 0 -1 0 0 stud4s2.dat
1 16 0 7.85 -50 0 0 1 0 -6.0375 0 1 0 0 stud4a.dat
1 16 -11.9 5 -50 4.1 0 0 0 8 0 0 0 -1 box3u7a.dat
1 16 11.9 5 -50 -4.1 0 0 0 8 0 0 0 -1 box3u7a.dat

2 24 -16 5.3563 -51 -7.8012 5.3563 -51
2 24 -7.8012 5 -49 -16 5 -49
2 24 -7.8012 5 -49 -7.8012 13 -49
2 24 -7.8012 5.3563 -51 -7.8012 13 -51
2 24 -7.8012 13 -51 -8 13 -50
2 24 -7.8012 13 -49 -8 13 -50
2 24 7.8012 5.3563 -51 16 5.3563 -51
2 24 7.8012 5 -49 16 5 -49
2 24 7.8012 5 -49 7.8012 13 -49
2 24 7.8012 5.3563 -51 7.8012 13 -51
2 24 7.8012 13 -51 8 13 -50
2 24 7.8012 13 -49 8 13 -50
2 24 -20 0 -30 0 0 -30
2 24 20 0 -30 0 0 -30
2 24 -20 0 -35.5 -20 0 -30
4 16 0 0 -30 -20 0 -30 -20 0 -35.5 -14.65 0 -44.65
2 24 20 0 -30 20 0 -35.5
4 16 20 0 -35.5 20 0 -30 0 0 -30 14.65 0 -44.65
1 16 0 0 -40 0 0 -1 0 1 0 1 0 0 stug-2x1.dat
2 24 -14.65 0 -44.65 -20 0 -35.5
2 24 20 0 -35.5 14.65 0 -44.65
2 24 -5.5 0 -50 -14.65 0 -44.65
4 16 0 0 -30 -14.65 0 -44.65 -5.5 0 -50 5.5 0 -50
2 24 5.5 0 -50 -5.5 0 -50
2 24 14.65 0 -44.65 5.5 0 -50
3 16 0 0 -30 5.5 0 -50 14.65 0 -44.65
4 16 20 24 10 -20 24 10 -60 24 -30 60 24 -30
2 24 -20 17.25 -85.6578 -20 26 -106
2 24 -20 4 -34 -20 6.706 -50
2 24 -20 6.706 -50 -20 17.25 -85.6578
4 16 -20 6.706 -50 -20 4 -34 -20 32 -34 -20 17.25 -85.6578
4 16 -20 32 -106 -20 26 -106 -20 17.25 -85.6578 -20 32 -34
2 24 20 17.25 -85.6578 20 26 -106
2 24 20 4 -34 20 6.706 -50
2 24 20 6.706 -50 20 17.25 -85.6578
4 16 20 32 -34 20 4 -34 20 6.706 -50 20 17.25 -85.6578
4 16 20 17.25 -85.6578 20 26 -106 20 32 -106 20 32 -34
1 16 -76 29 -49.5 0 -1 0 3 0 0 0 0 1.5 rect.dat
3 16 -76 32 -48 -76 32 -51 -80 32 -52
3 16 -76 32 -46 -76 32 -48 -80 32 -52
4 16 -76 26 -34 -76 32 -34 -64 32 -34 -64.0264 19.4519 -34
4 16 -62 32 -34 -20 32 -34 -20 4 -34 -60 17.25 -34
3 16 -60 17.25 -34 -62.0659 18.3798 -34 -62 32 -34
2 24 -76 26 -48 -66.1111 21.1389 -48
2 24 -62.0659 18.3798 -34 -62.0059 19.1209 -46.7546
2 24 -62 19.4194 -48 -66.1111 21.1389 -48
2 24 -62.0059 19.1209 -46.7546 -62 19.4194 -48
3 16 -58.2 17.25 -45.6 -62.0659 18.3798 -34 -60 17.25 -34
3 16 -62.0059 19.1209 -46.7546 -62.0659 18.3798 -34 -58.2 17.25 -45.6
3 16 -66.1111 21.1389 -48 -76 26 -51 -76 26 -48
3 16 -76 26 -46 -64.0264 19.4519 -34 -64 20.1 -46
4 16 -76 26 -48 -76 32 -48 -62 32 -48 -66.1111 21.1389 -48
3 16 -66.1111 21.1389 -48 -62 32 -48 -62 19.4194 -48
4 16 -62.0059 19.1209 -46.7546 -62 19.4194 -48 -62 32 -48 -62.0659 18.3798 -34
3 16 -62 32 -48 -62 32 -34 -62.0659 18.3798 -34
1 16 0 18.5 -34 -16 0 0 0 0 13.5 0 1 0 rect3.dat
2 24 -64 20.1 -46 -76 26 -46
1 16 76 29 -40 0 1 0 0 0 -3 -6 0 0 rect.dat
4 16 64 32 -46 64 32 -34 64.0264 19.4519 -34 64 20.1 -46
4 16 76 32 -46 64 32 -46 64 20.1 -46 76 26 -46
4 16 76 32 -51 73.727 32 -54.6971 73.727 28 -54.6971 76 26 -51
4 16 80 24 -52 77.1041 28 -56.7387 77.1041 32 -56.7387 80 32 -52
4 16 77.1041 32 -56.7387 73.727 32 -54.6971 76 32 -51 80 32 -52
1 16 65.5338 30 -68.02335 0 1 -1.6677 2 0 0 0 0 -2.71245 rect1.dat
1 16 68.91707 30 -70.13573 0.0001 -1 1.63655 2 0 0 0.00015 0 2.67795 rect1.dat
4 16 55.25 26 -84.75 57.3403 28 -81.3502 57.2503 32 -81.4964 55.25 32 -84.75
4 16 60.6995 32 -83.5827 60.6995 28 -83.5827 58 24 -88 58 32 -88
4 16 51.0964 28 -87.2539 55.25 26 -84.75 55.25 32 -84.75 51.0964 32 -87.2539
4 16 58 24 -88 53.4282 28 -90.7939 53.4282 32 -90.7939 58 32 -88
1 16 37.7344 30 -95.30905 0.0001 0 -2.67235 2 0 0 0 -1 -1.61105 rect1.dat
1 16 40.0093 30 -98.99435 0 0 2.6831 2 0 0 0 1 1.63965 rect1.dat
4 16 24.2384 28 -103.4449 24.2381 32 -103.4451 20 32 -106 20 26 -106
3 16 16 32 -106 20 32 -106 22 32 -110
4 16 22 32 -110 26.5481 32 -107.2206 26.5481 28 -107.2206 22 24 -110
4 16 20 32 -106 24.2381 32 -103.4451 26.5481 32 -107.2206 22 32 -110
3 16 67.2015 28 -65.3109 76 26 -51 73.727 28 -54.6971
4 16 63.8661 28 -70.7358 55.25 26 -84.75 76 26 -51 67.2015 28 -65.3109
3 16 57.3403 28 -81.3502 55.25 26 -84.75 63.8661 28 -70.7358
4 16 58 24 -88 67.2805 28 -72.8137 70.5536 28 -67.4578 80 24 -52
3 16 67.2805 28 -72.8137 58 24 -88 60.6995 28 -83.5827
3 16 80 24 -52 70.5536 28 -67.4578 77.1041 28 -56.7387
3 16 40.4067 28 -93.698 55.25 26 -84.75 51.0964 28 -87.2539
4 16 55.25 26 -84.75 40.4067 28 -93.698 35.062 28 -96.9201 20 26 -106
3 16 20 26 -106 35.062 28 -96.9201 24.2384 28 -103.4449
4 16 22 24 -110 37.3262 28 -100.634 42.6924 28 -97.3547 58 24 -88
3 16 37.3262 28 -100.634 22 24 -110 26.5481 28 -107.2206
3 16 58 24 -88 42.6924 28 -97.3547 53.4282 28 -90.7939
3 16 76 26 -46 64.0264 19.4519 -34 76 26 -34
1 16 76 29 -49.5 0 1 0 0 0 -3 -1.5 0 0 rect.dat
3 16 76 32 -51 76 32 -48 80 32 -52
3 16 76 32 -48 76 32 -46 80 32 -52
4 16 64 32 -34 76 32 -34 76 26 -34 64.0264 19.4519 -34
4 16 20 4 -34 20 32 -34 62 32 -34 60 17.25 -34
3 16 62.0659 18.3798 -34 60 17.25 -34 62 32 -34
3 16 62.0659 18.3798 -34 58.2 17.25 -45.6 60 17.25 -34
3 16 62.0659 18.3798 -34 62.0059 19.1209 -46.7546 58.2 17.25 -45.6
3 16 76 26 -51 66.1111 21.1389 -48 76 26 -48
3 16 64.0264 19.4519 -34 76 26 -46 64 20.1 -46
4 16 62 32 -48 76 32 -48 76 26 -48 66.1111 21.1389 -48
3 16 62 19.4194 -48 62 32 -48 66.1111 21.1389 -48
4 16 62 32 -48 62 19.4194 -48 62.0059 19.1209 -46.7546 62.0659 18.3798 -34
3 16 62 32 -48 62.0659 18.3798 -34 62 32 -34
2 24 64 32 -34 64.0264 19.4519 -34
2 24 62 32 -34 62.0659 18.3798 -34
2 24 64 32 -46 64 20.1 -46
2 24 62 32 -48 62 19.4194 -48
2 24 62.0659 18.3798 -34 60 17.25 -34
2 24 76 26 -34 64.0264 19.4519 -34
2 24 64.0264 19.4519 -34 64 20.1 -46
2 24 76 26 -48 66.1111 21.1389 -48
2 24 62.0659 18.3798 -34 62.0059 19.1209 -46.7546
2 24 62 19.4194 -48 66.1111 21.1389 -48
2 24 62.0059 19.1209 -46.7546 62 19.4194 -48
2 24 64 20.1 -46 76 26 -46
2 24 58.2 17.25 -45.6 60 17.25 -34
2 24 58.2 17.25 -45.6 42.6 17.25 -72.6
2 24 42.6 17.25 -72.6 20 17.25 -85.6578
2 24 -20 17.25 -85.6578 -42.6 17.25 -72.6
1 16 -33.5 30 -30 0 0 -2.5 2 0 0 0 -1 0 rect1.dat
1 16 33.5 30 -30 -2.5 0 0 0 0 -2 0 -1 0 rect2p.dat
1 16 -20 30 -16.5 0 1 0 2 0 0 0 0 -2.5 rect1.dat
1 16 20 30 -16.5 0 -1 0 0 0 -2 2.5 0 0 rect2p.dat
2 24 -20 6.706 -50 -42.6 17.25 -72.6
2 24 42.6 17.25 -72.6 20 6.706 -50
2 24 58.2 17.25 -45.6 20 4 -34
2 24 -6 5 -50 6 5 -50
5 24 -76 26 -46 -64.0264 19.4519 -34 -76 26 -34 -64 20.1 -46
5 24 76 26 -46 64.0264 19.4519 -34 64 20.1 -46 76 26 -34
5 24 58.2 17.25 -45.6 62.0659 18.3798 -34 60 17.25 -34 62.0059 19.1209 -46.7546
5 24 -58.2 17.25 -45.6 -62.0659 18.3798 -34 -62.0059 19.1209 -46.7546 -60 17.25 -34
2 24 -73.727 28 -54.6971 -73.727 32 -54.6971
2 24 -60.6995 28 -83.5827 -57.3403 28 -81.3502
2 24 57.3403 28 -81.3502 60.6995 28 -83.5827
2 24 73.727 32 -54.6971 73.727 28 -54.6971
