0 Plate  6 x  6 x  0.667 Cross with Dome
0 Name: 30303.dat
0 Author: Paul Easter [pneaster]
0 !LDRAW_ORG Part UPDATE 2009-03
0 !LICENSE Redistributable under CCAL version 2.0 : see CAreadme.txt

0 BFC CERTIFY CCW
0 !KEYWORDS wing, cross, foot, round, circle, space, rock, raiders,
0 !KEYWORDS rockraiders, underground, starwars, star, wars, sith, infiltrator

0 !HISTORY 2000-05-07 [PTadmin] Official Update 2000-01
0 !HISTORY 2007-06-07 [PTadmin] Header formatted for Contributor Agreement
0 !HISTORY 2008-07-01 [PTadmin] Official Update 2008-01
0 !HISTORY 2008-07-07 [guyvivan] Made BFC Compliant (2005-05-18)
0 !HISTORY 2009-10-02 [Eldar] fix mirrored studs, fix gaps, use rectifier
0 !HISTORY 2009-12-29 [PTadmin] Official Update 2009-03

1 16 40 3 0 1 0 0 0 -1.25 0 0 0 1 stud4a.dat
1 16 40 1.5 0 6 0 0 1.5 -1 0 0 0 6 4-4disc.dat
1 16 40 1.5 0 6 0 0 1.5 1 0 0 0 6 4-4edge.dat
1 16 -40 3 0 1 0 0 0 -1.25 0 0 0 1 stud4a.dat
1 16 -40 1.5 0 -6 0 0 1.5 -1 0 0 0 6 4-4disc.dat
1 16 -40 1.5 0 -6 0 0 1.5 1 0 0 0 6 4-4edge.dat
0 BFC INVERTNEXT
1 16 0 8 0 16 0 0 0 -12 0 0 0 36 box5.dat
1 16 0 -4 20 1 0 0 0 -3 0 0 0 1 stud4.dat
1 16 0 -4 0 1 0 0 0 -3 0 0 0 1 stud4.dat
1 16 0 -4 -20 1 0 0 0 -3 0 0 0 1 stud4.dat
0 //<>-- quadrant (+x,y,+z) --<>
1 16 50 0 10 0 0 -1 0 1 0 1 0 0 stud.dat
0 //bottom surface
4 16 20 8 60 20 8 -60 16 8 -56 16 8 56
4 16 -20 8 -60 -20 8 60 -16 8 56 -16 8 -56
1 16 22 8 10 0 0 2 0 -1 0 2 0 0 rect3.dat
3 16 20 8 32 20 8 40 22 8 33
4 16 22 8 33 20 8 40 26 8 35 23 8 32
1 16 30 8 20 0 0 2 0 -1 0 4 0 0 rect.dat
4 16 52 8 18.3 52 8 16 48 8 16 48 8 19.7
4 16 34.5 8 24.3 36.8 8 27.7 60 8 20 56 8 16.8
4 16 56 8 16.8 60 8 20 60 8 -20 56 8 -16.8
2 24 22 8 33 20 8 32
2 24 20 8 32 20 8 12
2 24 20 8 8 20 8 -8
0 //outside surface
1 16 0 -8 0 20 0 0 0 1 0 0 0 40 rect.dat
1 16 23 3.5 37.5 3 -5 0 0 0 4.5 -2.5 -6 0 rect2p.dat
5 24 26 -1 35 26 3 35 20 -1 40 30 -1 30
1 16 28 1 32.5 2 -5 0 0 0 2 -2.5 -4 0 rect2p.dat
5 24 30 -1 30 30 0 30 26 -1 35 36 -1 20
1 16 33.4 1.5 28.9 0 -3.4 -3.4 1.5 0 0 0 -10.2 1.13 rect2a.dat
1 16 48.4 4 23.9 0 -61.9 -11.6 4 0 0 0 -186 3.87 rect1.dat
3 16 60 0 20 30 0 30 36 0 20
3 16 60 0 20 36 0 20 39 0 9
4 16 60 0 20 39 0 9 40 0 0 60 0 0
1 16 33 -0.5 25 3 -5 0 0 0 0.5 -5 -3 0 rect2p.dat
1 16 37.5 -0.5 14.5 1.5 -11 0 0 0 0.5 -5.5 -3 0 rect2p.dat
5 24 36 -1 20 36 0 20 30 -1 30 39 -1 9
5 24 39 -1 -9 39 0 -9 36 -1 -20 40 -1 0
1 16 39.5 -0.5 4.5 0.5 -9 0 0 0 0.5 -4.5 -1 0 rect2p.dat
2 24 30 0 30 60 0 20
5 24 39 -1 9 39 0 9 36 -1 20 40 -1 0
2 24 20 -1 40 20 -5 29
2 24 20 -5 29 20 -6 22
2 24 20 -6 22 20 -7 13
2 24 20 -7 13 20 -8 6
4 16 20 -8 40 20 -8 29 20 -5 29 20 -1 40
4 16 20 -8 29 20 -8 22 20 -6 22 20 -5 29
4 16 20 -8 22 20 -8 13 20 -7 13 20 -6 22
3 16 20 -8 13 20 -8 6 20 -7 13
0 //inside surfaces
4 16 56 3 16.8 56 3 0 48 3 0 47.4 3 3.06
4 16 -56 3 -16.8 -56 3 0 -48 3 0 -47.4 3 -3.06
3 16 45.6 3 5.7 56 3 16.8 47.4 3 3.06
4 16 34.5 3 24.3 48 3 19.7 43.1 3 7.39 40 3 8
4 16 52 3 16 56 3 16.8 45.6 3 5.7 43.1 3 7.39
3 16 -45.6 3 -5.7 -56 3 -16.8 -47.4 3 -3.06
4 16 -52 3 -16 -56 3 -16.8 -45.6 3 -5.7 -43.1 3 -7.39
3 16 52 3 16 52 3 18.3 56 3 16.8
3 16 52 3 16 43.1 3 7.39 48 3 16
3 16 48 3 16 43.1 3 7.39 48 3 19.7
4 16 35.6 3 6.47 32 3 18.5 34.5 3 24.3 40 3 8
4 16 35.6 3 6.47 34.3 3 5.66 34.3 0.5 5.66 35.6 1 6.47
4 16 34.3 3 5.66 32.6 3 3.06 32.6 -0.3 3.06 34.3 0.5 5.66
4 16 32.6 3 3.06 32 3 0 32 -0.8 0 32.6 -0.3 3.06
5 24 34.3 3 5.66 34.3 0.5 5.66 32.6 3 3.06 35.6 3 6.47
5 24 32.6 3 3.06 32.6 -0.3 3.06 32 3 0 34.3 3 5.66
5 24 32 3 0 32 -0.8 0 32 3 -8 32.6 3 3.06
2 24 40 3 8 36.9 3 7.39
2 24 36.9 3 7.39 35.6 3 6.47
1 16 40 3 0 8 0 0 0 1 0 0 0 8 1-4edge.dat
2 24 32 -0.8 0 32.6 -0.3 3.06
2 24 32.6 -0.3 3.06 34.3 0.5 5.66
2 24 34.3 0.5 5.66 35.6 1 6.47
0 BFC INVERTNEXT
1 16 40 3 0 6 0 0 0 -1.5 0 0 0 6 2-4cyls.dat
3 16 34.5 3 24.3 32 3 18.5 32 3 24
4 16 -34.5 3 -24.3 -48 3 -19.7 -43.1 3 -7.39 -40 3 -8
3 16 -48 3 -16 -43.1 3 -7.39 -48 3 -19.7
4 16 -35.6 3 -6.47 -32 3 -18.5 -34.5 3 -24.3 -40 3 -8
3 16 -34.5 3 -24.3 -32 3 -18.5 -32 3 -24
4 16 28 3 26 34.5 3 24.3 32 3 24 28 3 24
4 16 -28 3 -26 -34.5 3 -24.3 -32 3 -24 -28 3 -24
4 16 34.5 3 24.3 28 3 26 30 3 30 36.8 3 27.7
4 16 28 3 26 23 3 32 26 3 35 30 3 30
4 16 -28 3 -26 -23 3 -32 -26 3 -35 -30 3 -30
1 16 54 5.5 17.6 0 0.75 -2 -2.5 0 0 0 2 0.75 rect3.dat
1 16 56 5.5 0 0 1 0 -2.5 0 0 0 0 -16.8 rect.dat
1 16 -56 5.5 0 0 -1 0 -2.5 0 0 0 0 16.8 rect.dat
1 16 52 5.5 17.1 0 -1.05 0 -2.5 -0 0 0 -0 -1.15 rect3.dat
1 16 50 5.5 16 0 0 -2 -2.5 0 0 0 1 0 rect3.dat
1 16 48 5.5 17.9 0 1 0 -2.5 0 0 0 -0 1.85 rect3.dat
1 16 41.3 5.5 22 0 11.5 -6.75 -2.5 0 0 0 33.8 2.3 rect3.dat
1 16 35.6 5.5 26 0 0.831 1.15 -2.5 0 0 0 -1 1.72 rect3.dat
1 16 24.5 5.5 33.5 -1.5 -1 0 0 0 2.5 -1.5 1 0 rect.dat
1 16 22.5 4.5 32.5 0 1 -0.5 -3.5 0 0 0 1 0.5 rect3.dat
4 16 22 8 33 22 1 33 20 0 32 20 8 32
1 16 25.5 2 29 0 6 2.5 1 -0 0 0 5 -3 rect3.dat
1 16 33.8 2 12.5 0 0.958 1.8 1 -0 0 0 1 -6.02 rect.dat
2 24 28 3 26 28 3 24
2 24 20 0 32 22 1 33
2 24 20 0 29 20 -3 20.5
2 24 20 -3 20.5 20 -4 13
2 24 20 -4.5 8 20 -5 4
2 24 20 -5 4 20 -5 0
1 16 20 4 30.5 0 -1 0 0 0 -4 1.5 0 0 rect2a.dat
4 16 20 0 29 20 -3 20.5 20 8 20.5 20 8 29
4 16 20 -3 20.5 20 -4 13 20 8 13 20 8 20.5
1 16 20 2 12.5 0 -1 0 -6 -0 0 0 -0 -0.5 rect2a.dat
4 16 20 -4.5 8 20 -5 4 20 8 4 20 8 8
4 16 20 -5 4 20 -5 -4 20 8 -4 20 8 4
4 16 28 0.65 24 28 8 24 28 8 16 28 -0.7 16
4 16 28 -0.7 16 28 8 16 32 8 16 32 0.8 16
1 16 32 5.5 20 0 -1 0 0 0 -2.5 4 0 0 rect1.dat
4 16 32 0.8 16 32 3 16 32 3 18.5 32 1 18.5
1 16 30 5.5 24 -2 -0 0 0 -0 -2.5 0 -1 0 rect2a.dat
4 16 28 3 24 28 0.65 24 28 1 26 28 3 26
2 24 32 0.8 16 32 1 18.5
2 24 32 3 18.5 32 3 24
2 24 28 8 16 28 -0.7 16
2 24 32 8 16 32 0.8 16
2 24 28 1 26 28 0.65 24
2 24 28 0.65 24 28 -0.7 16
2 24 28 -0.7 16 32 0.8 16
2 24 24 -3 8 24 8 8
2 24 24 8 12 24 -2.5 12
2 24 20 -4.5 8 20 8 8
4 16 24 8 12 24 -2.5 12 24 -3 8 24 8 8
4 16 24 -3 8 20 -4.5 8 20 8 8 24 8 8
4 16 24 8 12 20 8 12 20 -4 12 24 -2.5 12
2 24 20 -4 12 24 -2.5 12
2 24 24 -2.5 12 24 -3 8
2 24 24 -3 8 20 -4.5 8
0 //<>-- quadrant (+x,y,+z) --<>
1 16 50 0 -10 0 0 -1 0 1 0 1 0 0 stud.dat
0 //bottom surface
4 16 20 8 -60 -20 8 -60 -16 8 -56 16 8 -56
4 16 -20 8 60 20 8 60 16 8 56 -16 8 56
4 16 16 8 -40 -16 8 -40 -16 8 -36 16 8 -36
1 16 22 8 -10 0 0 2 0 -1 0 2 0 0 rect3.dat
3 16 20 8 -40 20 8 -32 22 8 -33
4 16 20 8 -40 22 8 -33 23 8 -32 26 8 -35
4 16 -20 8 40 -22 8 33 -23 8 32 -26 8 35
1 16 30 8 -20 0 -0 -2 0 -1 0 -4 -0 0 rect.dat
4 16 52 8 -16 52 8 -18.3 48 8 -19.7 48 8 -16
4 16 -52 8 16 -52 8 18.3 -48 8 19.7 -48 8 16
4 16 36.8 8 -27.7 34.5 8 -24.3 56 8 -16.8 60 8 -20
4 16 -36.8 8 27.7 -34.5 8 24.3 -56 8 16.8 -60 8 20
2 24 22 8 -33 20 8 -32
2 24 20 8 -32 20 8 -12
0 //outside surface
1 16 23 3.5 -37.5 3 -5 0 0 0 -4.5 2.5 6 0 rect2p.dat
5 24 26 -1 -35 26 3 -35 20 -1 -40 30 -1 -30
1 16 28 1 -32.5 2 -5 0 0 0 -2 2.5 4 0 rect2p.dat
5 24 30 -1 -30 30 0 -30 26 -1 -35 36 -1 -20
1 16 33.4 1.5 -28.9 -3.4 -0.316 0 0 0 1.5 -1.13 1 0 rect2a.dat
1 16 48.4 4 -23.9 0 -30.9 11.6 4 0 0 0 92.8 3.87 rect1.dat
3 16 36 0 -20 30 0 -30 60 0 -20
3 16 36 0 -20 60 0 -20 39 0 -9
4 16 39 0 -9 60 0 -20 60 0 0 40 0 0
3 16 -36 0 20 -30 0 30 -60 0 20
3 16 -36 0 20 -60 0 20 -39 0 9
4 16 -39 0 9 -60 0 20 -60 0 0 -40 0 0
1 16 33 -0.5 -25 3 -5 0 0 0 -0.5 5 3 0 rect2p.dat
5 24 36 -1 -20 36 0 -20 30 -1 -30 39 -1 -9
1 16 37.5 -0.5 -14.5 1.5 -11 0 0 0 -0.5 5.5 3 0 rect2p.dat
1 16 39.5 -0.5 -4.5 0.5 -9 0 0 0 -0.5 4.5 1 0 rect2p.dat
5 24 40 -1 0 40 0 0 39 -1 9 39 -1 -9
2 24 30 0 -30 60 0 -20
2 24 20 -1 -40 20 -5 -29
2 24 20 -5 -29 20 -6 -22
2 24 20 -6 -22 20 -7 -13
2 24 20 -7 -13 20 -8 -6
4 16 20 -1 -40 20 -5 -29 20 -8 -29 20 -8 -40
4 16 20 -5 -29 20 -6 -22 20 -8 -22 20 -8 -29
4 16 20 -6 -22 20 -7 -13 20 -8 -13 20 -8 -22
3 16 20 -7 -13 20 -8 -6 20 -8 -13
4 16 20 0 -60 -20 0 -60 -20 8 -60 20 8 -60
0 //inside surfaces
4 16 56 3 0 56 3 -16.8 47.4 3 -3.06 48 3 0
3 16 56 3 -16.8 45.6 3 -5.7 47.4 3 -3.06
4 16 48 3 -19.7 34.5 3 -24.3 40 3 -8 43.1 3 -7.39
4 16 56 3 -16.8 52 3 -16 43.1 3 -7.39 45.6 3 -5.7
3 16 52 3 -18.3 52 3 -16 56 3 -16.8
3 16 48 3 -16 43.1 3 -7.39 52 3 -16
3 16 48 3 -19.7 43.1 3 -7.39 48 3 -16
4 16 32 3 -18.5 35.6 3 -6.47 40 3 -8 34.5 3 -24.3
4 16 35.6 1 -6.47 34.3 0.5 -5.66 34.3 3 -5.66 35.6 3 -6.47
4 16 34.3 0.5 -5.66 32.6 -0.3 -3.06 32.6 3 -3.06 34.3 3 -5.66
4 16 32.6 -0.3 -3.06 32 -0.8 0 32 3 0 32.6 3 -3.06
5 24 34.3 3 -5.66 34.3 0.5 -5.66 32.6 3 -3.06 35.6 3 -6.47
5 24 32.6 3 -3.06 32.6 -0.3 -3.06 32 3 0 34.3 3 -5.66
5 24 32 3 0 32 -0.8 0 32 3 8 32.6 3 -3.06
2 24 40 3 -8 36.9 3 -7.39
2 24 36.9 3 -7.39 35.6 3 -6.47
1 16 40 3 0 8 0 0 0 1 0 0 0 -8 1-4edge.dat
2 24 32 -0.8 0 32.6 -0.3 -3.06
2 24 32.6 -0.3 -3.06 34.3 0.5 -5.66
2 24 34.3 0.5 -5.66 35.6 1 -6.47
0 BFC INVERTNEXT
1 16 40 3 0 6 0 0 0 -1.5 0 0 0 -6 2-4cyls.dat
3 16 34.5 3 -24.3 32 3 -24 32 3 -18.5
4 16 34.5 3 -24.3 28 3 -26 28 3 -24 32 3 -24
4 16 28 3 -26 34.5 3 -24.3 36.8 3 -27.7 30 3 -30
4 16 -28 3 26 -34.5 3 24.3 -36.8 3 27.7 -30 3 30
4 16 23 3 -32 28 3 -26 30 3 -30 26 3 -35
1 16 54 5.5 -17.6 0 0.75 -2 2.5 0 0 0 -2 -0.75 rect3.dat
1 16 52 5.5 -17.1 0 -1.05 0 2.5 0 0 0 0 1.15 rect3.dat
1 16 50 5.5 -16 0 0 -2 2.5 0 0 0 -1 0 rect3.dat
1 16 48 5.5 -17.9 0 1 0 2.5 -0 0 0 0 -1.85 rect3.dat
1 16 41.3 5.5 -22 0 23 -6.75 2.5 0 0 0 -67.5 -2.3 rect3.dat
1 16 35.6 5.5 -26 0 0.831 1.15 2.5 -0 0 0 1 -1.72 rect3.dat
1 16 24.5 5.5 -33.5 -1.5 -1 0 0 -0 -2.5 1.5 -1 0 rect.dat
1 16 22.5 4.5 -32.5 0 1 -0.5 3.5 0 0 0 -1 -0.5 rect3.dat
4 16 22 1 -33 22 8 -33 20 8 -32 20 0 -32
1 16 25.5 2 -29 0 6 2.5 -1 0 0 0 -5 3 rect3.dat
1 16 33.8 2 -12.5 0 0.958 1.8 -1 0 0 0 -1 6.02 rect.dat
2 24 28 3 -26 28 3 -24
2 24 20 0 -32 22 1 -33
2 24 20 0 -29 20 -3 -20.5
2 24 20 -3 -20.5 20 -4 -13
2 24 20 -4.5 -8 20 -5 -4
2 24 20 -5 -4 20 -5 0
1 16 20 4 -30.5 0 -1 0 -4 -0 0 0 -0 -1.5 rect2a.dat
4 16 20 8 -29 20 8 -20.5 20 -3 -20.5 20 0 -29
4 16 20 8 -20.5 20 8 -13 20 -4 -13 20 -3 -20.5
1 16 20 2 -12.5 0 -1 0 0 0 -6 0.5 0 0 rect2a.dat
4 16 20 8 -8 20 8 -4 20 -5 -4 20 -4.5 -8
4 16 28 8 -24 28 0.65 -24 28 -0.7 -16 28 8 -16
4 16 28 8 -16 28 -0.7 -16 32 0.8 -16 32 8 -16
1 16 32 5.5 -20 0 -1 0 0 0 2.5 -4 0 0 rect1.dat
4 16 32 3 -16 32 0.8 -16 32 1 -18.5 32 3 -18.5
1 16 30 5.5 -24 0 0 -2 -2.5 0 0 0 1 0 rect2a.dat
4 16 28 0.65 -24 28 3 -24 28 3 -26 28 1 -26
2 24 32 0.8 -16 32 1 -18.5
2 24 32 3 -18.5 32 3 -24
2 24 28 8 -16 28 -0.7 -16
2 24 32 8 -16 32 0.8 -16
2 24 28 1 -26 28 0.65 -24
2 24 28 0.65 -24 28 -0.7 -16
2 24 28 -0.7 -16 32 0.8 -16
2 24 24 -3 -8 24 8 -8
2 24 24 8 -12 24 -2.5 -12
2 24 20 -4.5 -8 20 8 -8
4 16 24 -2.5 -12 24 8 -12 24 8 -8 24 -3 -8
4 16 24 8 -8 20 8 -8 20 -4.5 -8 24 -3 -8
4 16 24 -2.5 -12 20 -4 -12 20 8 -12 24 8 -12
2 24 20 -4 -12 24 -2.5 -12
2 24 24 -2.5 -12 24 -3 -8
2 24 24 -3 -8 20 -4.5 -8
0 //<>-- quadrant (+x,y,+z) --<>
1 16 -50 0 -10 0 0 -1 0 1 0 1 0 0 stud.dat
0 //bottom surface
1 16 -22 8 -10 0 -0 -2 0 -1 0 -2 -0 0 rect3.dat
3 16 -20 8 -32 -20 8 -40 -22 8 -33
4 16 -22 8 -33 -20 8 -40 -26 8 -35 -23 8 -32
1 16 -30 8 -20 0 -0 -2 0 -1 0 -4 -0 0 rect.dat
4 16 -52 8 -18.3 -52 8 -16 -48 8 -16 -48 8 -19.7
4 16 -34.5 8 -24.3 -36.8 8 -27.7 -60 8 -20 -56 8 -16.8
4 16 -56 8 -16.8 -60 8 -20 -60 8 20 -56 8 16.8
2 24 -22 8 -33 -20 8 -32
2 24 -20 8 -32 -20 8 -12
0 //outside surface
1 16 -23 3.5 -37.5 -3 5 0 0 -0 4.5 2.5 6 0 rect2p.dat
1 16 -28 1 -32.5 -2 5 0 0 -0 2 2.5 4 0 rect2p.dat
1 16 -33.4 1.5 -28.9 0 0.316 3.4 1.5 -0 0 0 1 -1.13 rect2a.dat
1 16 -48.4 4 -23.9 0 0.316 11.6 4 -0 0 0 1 -3.87 rect1.dat
3 16 -60 0 -20 -30 0 -30 -36 0 -20
3 16 -60 0 -20 -36 0 -20 -39 0 -9
4 16 -60 0 -20 -39 0 -9 -40 0 0 -60 0 0
1 16 -33 -0.5 -25 -3 5 0 0 -0 0.5 5 3 0 rect2p.dat
1 16 -37.5 -0.5 -14.5 -1.5 11 0 0 -0 0.5 5.5 3 0 rect2p.dat
1 16 -39.5 -0.5 -4.5 -0.5 9 0 0 -0 0.5 4.5 1 0 rect2p.dat
2 24 -30 0 -30 -60 0 -20
2 24 -20 -1 -40 -20 -5 -29
2 24 -20 -5 -29 -20 -6 -22
2 24 -20 -6 -22 -20 -7 -13
2 24 -20 -7 -13 -20 -8 -6
5 24 -26 -1 -35 -26 3 -35 -20 -1 -40 -30 -1 -30
5 24 -30 -1 -30 -30 0 -30 -26 -1 -35 -36 -1 -20
5 24 -36 -1 -20 -36 0 -20 -30 -1 -30 -39 -1 -9
5 24 -39 -1 -9 -39 0 -9 -36 -1 -20 -40 -1 0
5 24 -40 -1 0 -40 0 0 -39 -1 -9 -39 -1 9
4 16 -20 -8 -40 -20 -8 -29 -20 -5 -29 -20 -1 -40
4 16 -20 -8 -29 -20 -8 -22 -20 -6 -22 -20 -5 -29
4 16 -20 -8 -22 -20 -8 -13 -20 -7 -13 -20 -6 -22
3 16 -20 -8 -13 -20 -8 -6 -20 -7 -13
0 //inside surfaces
3 16 -52 3 -16 -52 3 -18.3 -56 3 -16.8
3 16 -52 3 -16 -43.1 3 -7.39 -48 3 -16
4 16 -35.6 3 -6.47 -34.3 3 -5.66 -34.3 0.5 -5.66 -35.6 1 -6.47
4 16 -34.3 3 -5.66 -32.6 3 -3.06 -32.6 -0.3 -3.06 -34.3 0.5 -5.66
4 16 -32.6 3 -3.06 -32 3 0 -32 -0.8 0 -32.6 -0.3 -3.06
5 24 -34.3 3 -5.66 -34.3 0.5 -5.66 -32.6 3 -3.06 -35.6 3 -6.47
5 24 -32.6 3 -3.06 -32.6 -0.3 -3.06 -32 3 0 -34.3 3 -5.66
5 24 -32 3 0 -32 -0.8 0 -32 3 8 -32.6 3 -3.06
2 24 -40 3 -8 -36.9 3 -7.39
2 24 -36.9 3 -7.39 -35.6 3 -6.47
1 16 -40 3 0 -8 0 0 0 1 0 0 0 -8 1-4edge.dat
2 24 -32 -0.8 0 -32.6 -0.3 -3.06
2 24 -32.6 -0.3 -3.06 -34.3 0.5 -5.66
2 24 -34.3 0.5 -5.66 -35.6 1 -6.47
0 BFC INVERTNEXT
1 16 -40 3 0 -6 0 0 0 -1.5 0 0 0 -6 2-4cyls.dat
4 16 -34.5 3 -24.3 -28 3 -26 -30 3 -30 -36.8 3 -27.7
1 16 -54 5.5 -17.6 0 -7.5 2 -2.5 -0 0 0 -20 -0.75 rect3.dat
1 16 -52 5.5 -17.1 0 1 0 -2.5 0 0 0 -0 1.15 rect3.dat
1 16 -50 5.5 -16 0 0 2 -2.5 0 0 0 -1 0 rect3.dat
1 16 -48 5.5 -17.9 0 -1.03 0 -2.5 -0 0 0 -0 -1.85 rect3.dat
1 16 -41.3 5.5 -22 0 -23 6.75 -2.5 -0 0 0 -67.5 -2.3 rect3.dat
1 16 -35.6 5.5 -26 0 -0.831 -1.15 -2.5 0 0 0 1 -1.72 rect3.dat
1 16 -24.5 5.5 -33.5 0 1 1.5 -2.5 0 0 0 -1 1.5 rect.dat
1 16 -22.5 4.5 -32.5 0 -1 0.5 -3.5 -0 0 0 -1 -0.5 rect3.dat
4 16 -22 8 -33 -22 1 -33 -20 0 -32 -20 8 -32
1 16 -25.5 2 -29 0 -6 -2.5 1 0 0 0 -5 3 rect3.dat
1 16 -33.8 2 -12.5 0 -24.1 -1.8 1 0 0 0 -7.2 6.02 rect.dat
2 24 -28 3 -26 -28 3 -24
2 24 -20 0 -32 -22 1 -33
2 24 -20 0 -29 -20 -3 -20.5
2 24 -20 -3 -20.5 -20 -4 -13
2 24 -20 -4.5 -8 -20 -5 -4
2 24 -20 -5 -4 -20 -5 0
1 16 -20 4 -30.5 0 1 0 0 0 -4 -1.5 0 0 rect2a.dat
4 16 -20 0 -29 -20 -3 -20.5 -20 8 -20.5 -20 8 -29
4 16 -20 -3 -20.5 -20 -4 -13 -20 8 -13 -20 8 -20.5
1 16 -20 2 -12.5 0 1 0 -6 0 0 0 -0 0.5 rect2a.dat
4 16 -20 -4.5 -8 -20 -5 -4 -20 8 -4 -20 8 -8
4 16 -20 -5 -4 -20 -5 4 -20 8 4 -20 8 -4
4 16 -28 0.65 -24 -28 8 -24 -28 8 -16 -28 -0.7 -16
4 16 -28 -0.7 -16 -28 8 -16 -32 8 -16 -32 0.8 -16
1 16 -32 5.5 -20 0 1 0 0 0 -2.5 -4 0 0 rect1.dat
4 16 -32 0.8 -16 -32 3 -16 -32 3 -18.5 -32 1 -18.5
1 16 -30 5.5 -24 2 -0 0 0 0 -2.5 0 1 0 rect2a.dat
4 16 -28 3 -24 -28 0.65 -24 -28 1 -26 -28 3 -26
2 24 -32 0.8 -16 -32 1 -18.5
2 24 -32 3 -18.5 -32 3 -24
2 24 -28 8 -16 -28 -0.7 -16
2 24 -32 8 -16 -32 0.8 -16
2 24 -28 1 -26 -28 0.65 -24
2 24 -28 0.65 -24 -28 -0.7 -16
2 24 -28 -0.7 -16 -32 0.8 -16
2 24 -24 -3 -8 -24 8 -8
2 24 -24 8 -12 -24 -2.5 -12
2 24 -20 -4.5 -8 -20 8 -8
4 16 -24 8 -12 -24 -2.5 -12 -24 -3 -8 -24 8 -8
4 16 -24 -3 -8 -20 -4.5 -8 -20 8 -8 -24 8 -8
4 16 -24 8 -12 -20 8 -12 -20 -4 -12 -24 -2.5 -12
2 24 -20 -4 -12 -24 -2.5 -12
2 24 -24 -2.5 -12 -24 -3 -8
2 24 -24 -3 -8 -20 -4.5 -8
0 //<>-- quadrant (+x,y,+z) --<>
1 16 0 -8 20 0 0 -1 0 1 0 1 0 0 stug2.dat
1 16 0 -8 -20 0 0 -1 0 1 0 1 0 0 stug2.dat
1 16 -50 0 10 0 0 -1 0 1 0 1 0 0 stud.dat
0 //bottom surface
4 16 -16 8 40 16 8 40 16 8 36 -16 8 36
1 16 -22 8 10 0 -0 -2 0 -1 0 -2 -0 0 rect3.dat
3 16 -20 8 40 -20 8 32 -22 8 33
1 16 -30 8 20 0 0 2 0 -1 0 4 0 0 rect.dat
2 24 -22 8 33 -20 8 32
2 24 -20 8 32 -20 8 12
2 24 -20 8 8 -20 8 -8
0 //outside surface
1 16 0 -4 40 0 0 -20 -4 0 0 0 -1 0 rect2p.dat
1 16 0 -4 -40 0 0 -20 -4 0 0 0 1 0 rect2p.dat
1 16 60 4 0 0 -1 0 -4 0 0 0 0 -20 rect.dat
1 16 -60 4 0 0 1 0 -4 0 0 0 0 20 rect.dat
1 16 -23 3.5 37.5 -3 5 0 0 0 -4.5 -2.5 -6 0 rect2p.dat
1 16 -28 1 32.5 -2 5 0 0 0 -2 -2.5 -4 0 rect2p.dat
1 16 -33.4 1.5 28.9 3.4 0.316 0 0 0 1.5 1.13 -1 0 rect2a.dat
1 16 -48.4 4 23.9 0 0.316 -11.6 4 0 0 0 -1 -3.87 rect1.dat
1 16 -33 -0.5 25 -3 5 0 0 0 -0.5 -5 -3 0 rect2p.dat
1 16 -37.5 -0.5 14.5 -1.5 11 0 0 0 -0.5 -5.5 -3 0 rect2p.dat
1 16 -39.5 -0.5 4.5 -0.5 9 0 0 0 -0.5 -4.5 -1 0 rect2p.dat
2 24 -30 0 30 -60 0 20
2 24 -20 -1 40 -20 -5 29
2 24 -20 -5 29 -20 -6 22
2 24 -20 -6 22 -20 -7 13
2 24 -20 -7 13 -20 -8 6
5 24 -26 -1 35 -26 3 35 -20 -1 40 -30 -1 30
5 24 -30 -1 30 -30 0 30 -26 -1 35 -36 -1 20
5 24 -36 -1 20 -36 0 20 -30 -1 30 -39 -1 9
5 24 -39 -1 9 -39 0 9 -36 -1 20 -40 -1 0
4 16 -20 -1 40 -20 -5 29 -20 -8 29 -20 -8 40
4 16 -20 -5 29 -20 -6 22 -20 -8 22 -20 -8 29
4 16 -20 -6 22 -20 -7 13 -20 -8 13 -20 -8 22
3 16 -20 -7 13 -20 -8 6 -20 -8 13
0 //inside surfaces
4 16 -56 3 0 -56 3 16.8 -47.4 3 3.06 -48 3 0
3 16 -56 3 16.8 -45.6 3 5.7 -47.4 3 3.06
4 16 -48 3 19.7 -34.5 3 24.3 -40 3 8 -43.1 3 7.39
4 16 -56 3 16.8 -52 3 16 -43.1 3 7.39 -45.6 3 5.7
3 16 -52 3 18.3 -52 3 16 -56 3 16.8
3 16 -48 3 16 -43.1 3 7.39 -52 3 16
3 16 -48 3 19.7 -43.1 3 7.39 -48 3 16
4 16 -32 3 18.5 -35.6 3 6.47 -40 3 8 -34.5 3 24.3
4 16 -35.6 1 6.47 -34.3 0.5 5.66 -34.3 3 5.66 -35.6 3 6.47
4 16 -34.3 0.5 5.66 -32.6 -0.3 3.06 -32.6 3 3.06 -34.3 3 5.66
4 16 -32.6 -0.3 3.06 -32 -0.8 0 -32 3 0 -32.6 3 3.06
5 24 -34.3 3 5.66 -34.3 0.5 5.66 -32.6 3 3.06 -35.6 3 6.47
5 24 -32.6 3 3.06 -32.6 -0.3 3.06 -32 3 0 -34.3 3 5.66
5 24 -32 3 0 -32 -0.8 0 -32 3 -8 -32.6 3 3.06
2 24 -40 3 8 -36.9 3 7.39
2 24 -36.9 3 7.39 -35.6 3 6.47
1 16 -40 3 0 -8 0 0 0 1 0 0 0 8 1-4edge.dat
2 24 -32 -0.8 0 -32.6 -0.3 3.06
2 24 -32.6 -0.3 3.06 -34.3 0.5 5.66
2 24 -34.3 0.5 5.66 -35.6 1 6.47
0 BFC INVERTNEXT
1 16 -40 3 0 -6 0 0 0 -1.5 0 0 0 6 2-4cyls.dat
3 16 -34.5 3 24.3 -32 3 24 -32 3 18.5
4 16 -34.5 3 24.3 -28 3 26 -28 3 24 -32 3 24
4 16 -23 3 32 -28 3 26 -30 3 30 -26 3 35
1 16 -54 5.5 17.6 0 -7.5 2 2.5 0 0 0 20 0.75 rect3.dat
1 16 -52 5.5 17.1 0 1 0 2.5 -0 0 0 0 -1.15 rect3.dat
1 16 -50 5.5 16 0 0 2 2.5 0 0 0 1 0 rect3.dat
1 16 -48 5.5 17.9 0 -1.03 0 2.5 0 0 0 0 1.85 rect3.dat
1 16 -41.3 5.5 22 0 -11.5 6.75 2.5 0 0 0 33.8 2.3 rect3.dat
1 16 -35.6 5.5 26 0 -17.2 -1.15 2.5 0 0 0 -11.5 1.72 rect3.dat
1 16 -24.5 5.5 33.5 1.5 1 0 0 0 -2.5 -1.5 1 0 rect.dat
1 16 -22.5 4.5 32.5 0 -1 0.5 3.5 0 0 0 1 0.5 rect3.dat
4 16 -22 1 33 -22 8 33 -20 8 32 -20 0 32
1 16 -25.5 2 29 0 -6 -2.5 -1 0 0 0 5 -3 rect3.dat
1 16 -33.8 2 12.5 0 -4.01 -1.8 -1 0 0 0 1.2 -6.02 rect.dat
2 24 -28 3 26 -28 3 24
2 24 -20 0 32 -22 1 33
2 24 -20 0 29 -20 -3 20.5
2 24 -20 -3 20.5 -20 -4 13
2 24 -20 -4.5 8 -20 -5 4
2 24 -20 -5 4 -20 -5 0
1 16 -20 4 30.5 0 1 0 -4 0 0 0 -0 1.5 rect2a.dat
4 16 -20 8 29 -20 8 20.5 -20 -3 20.5 -20 0 29
4 16 -20 8 20.5 -20 8 13 -20 -4 13 -20 -3 20.5
1 16 -20 2 12.5 0 1 0 0 0 -6 -0.5 0 0 rect2a.dat
4 16 -20 8 8 -20 8 4 -20 -5 4 -20 -4.5 8
4 16 -28 8 24 -28 0.65 24 -28 -0.7 16 -28 8 16
4 16 -28 8 16 -28 -0.7 16 -32 0.8 16 -32 8 16
1 16 -32 5.5 20 0 1 0 0 0 2.5 4 0 0 rect1.dat
4 16 -32 3 16 -32 0.8 16 -32 1 18.5 -32 3 18.5
1 16 -30 5.5 24 0 0 2 -2.5 0 0 0 -1 0 rect2a.dat
4 16 -28 0.65 24 -28 3 24 -28 3 26 -28 1 26
2 24 -32 0.8 16 -32 1 18.5
2 24 -32 3 18.5 -32 3 24
2 24 -28 8 16 -28 -0.7 16
2 24 -32 8 16 -32 0.8 16
2 24 -28 1 26 -28 0.65 24
2 24 -28 0.65 24 -28 -0.7 16
2 24 -28 -0.7 16 -32 0.8 16
2 24 -24 -3 8 -24 8 8
2 24 -24 8 12 -24 -2.5 12
2 24 -20 -4.5 8 -20 8 8
4 16 -24 -2.5 12 -24 8 12 -24 8 8 -24 -3 8
4 16 -24 8 8 -20 8 8 -20 -4.5 8 -24 -3 8
4 16 -24 -2.5 12 -20 -4 12 -20 8 12 -24 8 12
2 24 -20 -4 12 -24 -2.5 12
2 24 -24 -2.5 12 -24 -3 8
2 24 -24 -3 8 -20 -4.5 8
0 BFC INVERTNEXT
1 16 0 8 48 16 0 0 0 -5 0 0 0 8 box4-1.dat
1 16 10 5.5 40 2 0 0 0 0 2.5 0 4 0 box4-2p.dat
1 16 -10 5.5 40 2 0 0 0 0 2.5 0 4 0 box4-2p.dat
1 16 0 8 50 20 0 0 0 -8 0 0 0 10 box4-1.dat
1 16 10 0 50 0 0 -1 0 1 0 1 0 0 stud.dat
1 16 -10 0 50 0 0 -1 0 1 0 1 0 0 stud.dat
1 16 0 5.5 40 0 0 -8 2.5 0 0 0 -1 0 rect1.dat
1 16 14 5.5 40 0 0 -2 2.5 0 0 0 -1 0 rect1.dat
1 16 -14 5.5 40 0 0 -2 2.5 0 0 0 -1 0 rect1.dat
0 BFC INVERTNEXT
1 16 0 8 -48 -16 0 0 0 -5 0 0 0 -8 box4-1.dat
1 16 -10 5.5 -40 -2 0 0 0 0 2.5 0 -4 0 box4-2p.dat
1 16 10 5.5 -40 -2 0 0 0 0 2.5 0 -4 0 box4-2p.dat
1 16 0 8 -50 -20 0 0 0 -8 0 0 0 -10 box4-1.dat
1 16 10 0 -50 0 0 -1 0 1 0 1 0 0 stud.dat
1 16 -10 0 -50 0 0 -1 0 1 0 1 0 0 stud.dat
1 16 0 5.5 -40 0 0 8 2.5 0 0 0 1 0 rect1.dat
1 16 -14 5.5 -40 0 0 2 2.5 0 0 0 1 0 rect1.dat
1 16 14 5.5 -40 0 0 2 2.5 0 0 0 1 0 rect1.dat
3 16 20 -5 29 26 -1 35 20 -1 40
5 24 26 -1 35 20 -5 29 20 -1 40 20 -6 22
3 16 26 -1 35 20 -5 29 20 -6 22
5 24 26 -1 35 20 -6 22 30 -1 30 20 -5 29
3 16 26 -1 35 20 -6 22 30 -1 30
5 24 30 -1 30 20 -6 22 26 -1 35 20 -7 13
3 16 30 -1 30 20 -6 22 20 -7 13
5 24 30 -1 30 20 -7 13 20 -6 22 36 -1 20
3 16 30 -1 30 20 -7 13 36 -1 20
5 24 36 -1 20 20 -7 13 30 -1 30 20 -8 6
3 16 36 -1 20 20 -7 13 20 -8 6
5 24 36 -1 20 20 -8 6 20 -7 13 39 -1 9
3 16 36 -1 20 20 -8 6 39 -1 9
5 24 39 -1 9 20 -8 6 36 -1 20 20 -8 0
3 16 39 -1 9 20 -8 6 20 -8 0
5 24 39 -1 9 20 -8 0 20 -8 6 40 -1 0
3 16 39 -1 9 20 -8 0 40 -1 0
5 24 40 -1 0 20 -8 0 39 -1 -9 39 -1 9
3 16 20 -5 -29 20 -1 -40 26 -1 -35
5 24 26 -1 -35 20 -5 -29 20 -1 -40 20 -6 -22
3 16 26 -1 -35 20 -6 -22 20 -5 -29
5 24 26 -1 -35 20 -6 -22 30 -1 -30 20 -5 -29
3 16 30 -1 -30 20 -6 -22 26 -1 -35
5 24 30 -1 -30 20 -6 -22 26 -1 -35 20 -7 -13
3 16 30 -1 -30 20 -7 -13 20 -6 -22
5 24 30 -1 -30 20 -7 -13 20 -6 -22 36 -1 -20
3 16 30 -1 -30 36 -1 -20 20 -7 -13
5 24 36 -1 -20 20 -7 -13 30 -1 -30 20 -8 -6
3 16 36 -1 -20 20 -8 -6 20 -7 -13
5 24 36 -1 -20 20 -8 -6 20 -7 -13 39 -1 -9
3 16 39 -1 -9 20 -8 -6 36 -1 -20
5 24 39 -1 -9 20 -8 -6 36 -1 -20 20 -8 0
3 16 39 -1 -9 20 -8 0 20 -8 -6
5 24 39 -1 -9 20 -8 0 20 -8 -6 40 -1 0
3 16 39 -1 -9 40 -1 0 20 -8 0
3 16 -20 -5 -29 -26 -1 -35 -20 -1 -40
5 24 -26 -1 -35 -20 -5 -29 -20 -1 -40 -20 -6 -22
3 16 -26 -1 -35 -20 -5 -29 -20 -6 -22
5 24 -26 -1 -35 -20 -6 -22 -30 -1 -30 -20 -5 -29
3 16 -26 -1 -35 -20 -6 -22 -30 -1 -30
5 24 -30 -1 -30 -20 -6 -22 -26 -1 -35 -20 -7 -13
3 16 -30 -1 -30 -20 -6 -22 -20 -7 -13
5 24 -30 -1 -30 -20 -7 -13 -20 -6 -22 -36 -1 -20
3 16 -30 -1 -30 -20 -7 -13 -36 -1 -20
5 24 -36 -1 -20 -20 -7 -13 -30 -1 -30 -20 -8 -6
3 16 -36 -1 -20 -20 -7 -13 -20 -8 -6
5 24 -36 -1 -20 -20 -8 -6 -20 -7 -13 -39 -1 -9
3 16 -36 -1 -20 -20 -8 -6 -39 -1 -9
5 24 -39 -1 -9 -20 -8 -6 -36 -1 -20 -20 -8 0
3 16 -39 -1 -9 -20 -8 -6 -20 -8 0
5 24 -39 -1 -9 -20 -8 0 -20 -8 -6 -40 -1 0
3 16 -39 -1 -9 -20 -8 0 -40 -1 0
5 24 -40 -1 0 -20 -8 0 -39 -1 9 -39 -1 -9
3 16 -20 -5 29 -20 -1 40 -26 -1 35
5 24 -26 -1 35 -20 -5 29 -20 -1 40 -20 -6 22
3 16 -26 -1 35 -20 -6 22 -20 -5 29
5 24 -26 -1 35 -20 -6 22 -30 -1 30 -20 -5 29
3 16 -30 -1 30 -20 -6 22 -26 -1 35
5 24 -30 -1 30 -20 -6 22 -26 -1 35 -20 -7 13
3 16 -30 -1 30 -20 -7 13 -20 -6 22
5 24 -30 -1 30 -20 -7 13 -20 -6 22 -36 -1 20
3 16 -30 -1 30 -36 -1 20 -20 -7 13
5 24 -36 -1 20 -20 -7 13 -30 -1 30 -20 -8 6
3 16 -36 -1 20 -20 -8 6 -20 -7 13
5 24 -36 -1 20 -20 -8 6 -20 -7 13 -39 -1 9
3 16 -39 -1 9 -20 -8 6 -36 -1 20
5 24 -39 -1 9 -20 -8 6 -36 -1 20 -20 -8 0
3 16 -39 -1 9 -20 -8 0 -20 -8 6
5 24 -39 -1 9 -20 -8 0 -20 -8 6 -40 -1 0
3 16 -39 -1 9 -40 -1 0 -20 -8 0
3 16 20 -5 0 32.6 -0.3 3.06 32 -0.8 0
3 16 32.6 -0.3 3.06 20 -5 0 20 -5 4
3 16 34.3 0.5 5.66 32.6 -0.3 3.06 20 -5 4
3 16 34.3 0.5 5.66 20 -5 4 35.6 1 6.47
4 16 35.6 1 6.47 24 -3 8 24 -2.5 12 32 0.8 16
3 16 32 1 18.5 35.6 1 6.47 32 0.8 16
3 16 32 0.8 16 24 -2.5 12 29 -0.35 16
3 16 35.6 1 6.47 20 -5 4 20 -4.5 8
3 16 35.6 1 6.47 20 -4.5 8 24 -3 8
3 16 24 -2.5 12 20 -4 12 28 -0.7 16
3 16 24 -2.5 12 28 -0.7 16 29 -0.35 16
3 16 20 -4 12 20 -4 13 28 -0.5 17
3 16 20 -4 12 28 -0.5 17 28 -0.7 16
3 16 28 1 26 20 -3 20.5 20 0 29
3 16 20 0 -29 20 -3 -20.5 28 1 -26
3 16 28 1 26 20 0 29 23 1 32
3 16 23 1 -32 20 0 -29 28 1 -26
3 16 32 -0.8 0 32.6 -0.3 -3.06 20 -5 0
3 16 32.6 -0.3 -3.06 20 -5 -4 20 -5 0
3 16 34.3 0.5 -5.66 20 -5 -4 32.6 -0.3 -3.06
3 16 34.3 0.5 -5.66 35.6 1 -6.47 20 -5 -4
4 16 24 -3 -8 35.6 1 -6.47 32 0.8 -16 24 -2.5 -12
3 16 35.6 1 -6.47 32 1 -18.5 32 0.8 -16
3 16 29 -0.35 -16 24 -2.5 -12 32 0.8 -16
3 16 20 -5 -4 35.6 1 -6.47 24 -3 -8
3 16 20 -5 -4 24 -3 -8 20 -4.5 -8
3 16 20 -4 -12 24 -2.5 -12 29 -0.35 -16
3 16 20 -4 -12 29 -0.35 -16 28 -0.7 -16
3 16 20 -4 -13 20 -4 -12 28 -0.7 -16
3 16 20 -4 -13 28 -0.7 -16 28 -0.5 -17
3 16 20 -4 -13 28 -0.5 -17 28 1 -26
3 16 20 -4 -13 28 1 -26 20 -3 -20.5
3 16 20 0 -29 23 1 -32 22 1 -33
3 16 20 0 -29 22 1 -33 20 0 -32
3 16 20 -3 20.5 28 1 26 28 -0.5 17
3 16 20 -3 20.5 28 -0.5 17 20 -4 13
3 16 23 1 32 20 0 29 20 0 32
3 16 23 1 32 20 0 32 22 1 33
3 16 -20 -5 0 -32.6 -0.3 -3.06 -32 -0.8 0
3 16 -32.6 -0.3 -3.06 -20 -5 0 -20 -5 -4
3 16 -34.3 0.5 -5.66 -32.6 -0.3 -3.06 -20 -5 -4
3 16 -34.3 0.5 -5.66 -20 -5 -4 -35.6 1 -6.47
4 16 -35.6 1 -6.47 -24 -3 -8 -24 -2.5 -12 -32 0.8 -16
3 16 -32 1 -18.5 -35.6 1 -6.47 -32 0.8 -16
3 16 -32 0.8 -16 -24 -2.5 -12 -29 -0.35 -16
3 16 -35.6 1 -6.47 -20 -5 -4 -20 -4.5 -8
3 16 -35.6 1 -6.47 -20 -4.5 -8 -24 -3 -8
3 16 -24 -2.5 -12 -20 -4 -12 -28 -0.7 -16
3 16 -24 -2.5 -12 -28 -0.7 -16 -29 -0.35 -16
3 16 -20 -4 -12 -20 -4 -13 -28 -0.5 -17
3 16 -20 -4 -12 -28 -0.5 -17 -28 -0.7 -16
3 16 -28 1 -26 -20 -3 -20.5 -20 0 -29
3 16 -20 0 29 -20 -3 20.5 -28 1 26
3 16 -28 1 -26 -20 0 -29 -23 1 -32
3 16 -23 1 32 -20 0 29 -28 1 26
3 16 -32 -0.8 0 -32.6 -0.3 3.06 -20 -5 0
3 16 -32.6 -0.3 3.06 -20 -5 4 -20 -5 0
3 16 -34.3 0.5 5.66 -20 -5 4 -32.6 -0.3 3.06
3 16 -34.3 0.5 5.66 -35.6 1 6.47 -20 -5 4
4 16 -24 -3 8 -35.6 1 6.47 -32 0.8 16 -24 -2.5 12
3 16 -35.6 1 6.47 -32 1 18.5 -32 0.8 16
3 16 -29 -0.35 16 -24 -2.5 12 -32 0.8 16
3 16 -20 -5 4 -35.6 1 6.47 -24 -3 8
3 16 -20 -5 4 -24 -3 8 -20 -4.5 8
3 16 -20 -4 12 -24 -2.5 12 -29 -0.35 16
3 16 -20 -4 12 -29 -0.35 16 -28 -0.7 16
3 16 -20 -4 13 -20 -4 12 -28 -0.7 16
3 16 -20 -4 13 -28 -0.7 16 -28 -0.5 17
3 16 -20 -4 13 -28 -0.5 17 -28 1 26
3 16 -20 -4 13 -28 1 26 -20 -3 20.5
3 16 -20 0 29 -23 1 32 -22 1 33
3 16 -20 0 29 -22 1 33 -20 0 32
3 16 -20 -3 -20.5 -28 1 -26 -28 -0.5 -17
3 16 -20 -3 -20.5 -28 -0.5 -17 -20 -4 -13
3 16 -23 1 -32 -20 0 -29 -20 0 -32
3 16 -23 1 -32 -20 0 -32 -22 1 -33
