0 ~Minifig Helmet Star Wars Rebel Pilot - Blue Rebel Logo Pattern
0 Name: s\30370ps3a.dat
0 Author: Damien Roux [Darats]
0 !LDRAW_ORG Subpart UPDATE 2011-02
0 !LICENSE Redistributable under CCAL version 2.0 : see CAreadme.txt

0 BFC CERTIFY CCW

0 !HISTORY 2011-12-29 [PTadmin] Official Update 2011-02

4 16 10.312 -7.518 -1.194 10.414 -7.722 0.889 6.96 -9.525 0.635 6.934 -9.22 -1.651
3 16 6.934 -9.22 -1.651 10.236 -6.985 -3.251 10.312 -7.518 -1.194
3 16 6.858 -8.585 -3.861 10.236 -6.985 -3.251 6.934 -9.22 -1.651
3 16 3.759 -10.262 5.309 7.01 -9.474 2.946 7.061 -9.119 5.207
3 16 3.759 -10.693 2.87 7.01 -9.474 2.946 3.759 -10.262 5.309
3 16 12.649 -5.436 -2.769 10.236 -6.985 -3.251 12.522 -4.775 -4.521
3 16 10.236 -6.985 -3.251 10.109 -6.172 -5.156 12.522 -4.775 -4.521
3 16 12.649 -5.436 -2.769 10.312 -7.518 -1.194 10.236 -6.985 -3.251
3 16 12.751 -5.817 -0.914 10.312 -7.518 -1.194 12.649 -5.436 -2.769
3 16 12.751 -5.817 -0.914 10.414 -7.722 0.889 10.312 -7.518 -1.194
3 16 12.929 -5.893 2.007 10.414 -7.722 0.889 12.751 -5.817 -0.914
3 16 12.929 -5.893 2.007 10.465 -7.645 2.997 10.414 -7.722 0.889
4 16 10.465 -7.645 2.997 10.719 -7.214 5.004 7.061 -9.119 5.207 7.01 -9.474 2.946
4 16 10.414 -7.722 0.889 10.465 -7.645 2.997 7.01 -9.474 2.946 6.96 -9.525 0.635
4 16 6.96 -9.525 0.635 7.01 -9.474 2.946 3.759 -10.693 2.87 3.759 -10.744 0.406
4 16 6.934 -9.22 -1.651 6.96 -9.525 0.635 3.759 -10.744 0.406 3.759 -10.389 -2.032
4 16 6.858 -8.585 -3.861 6.934 -9.22 -1.651 3.759 -10.389 -2.032 3.759 -9.677 -4.394
4 16 10.109 -6.172 -5.156 10.236 -6.985 -3.251 6.858 -8.585 -3.861 6.807 -7.62 -5.944
4 16 6.807 -7.62 -5.944 6.858 -8.585 -3.861 3.759 -9.677 -4.394 3.759 -8.661 -6.629
4 16 10.719 -7.214 5.004 10.465 -7.645 2.997 12.929 -5.893 2.007 13.03 -5.436 4.851
4 1 10.056 -3.677 -8.517 9.9 -3.8 -8.52 9.884 -3.8 -8.535 9.881 -3.759 -8.585
4 1 9.9 -3.8 -8.52 10.056 -3.677 -8.517 11.55 -2.977 -7.942 10.15 -4.05 -7.998
3 1 11.55 -3.3 -7.567 10.15 -4.05 -7.998 11.55 -2.977 -7.942
4 1 11.15 -4.35 -6.714 10.2 -4.5 -7.43 10.15 -4.05 -7.998 11.55 -3.3 -7.567
4 1 10.05 -5 -6.99 10.2 -4.5 -7.43 11.15 -4.35 -6.714 10.123 -5.007 -6.913
3 1 10.988 -4.556 -6.625 10.123 -5.007 -6.913 11.15 -4.35 -6.714
3 1 10.02 -5.06 -6.947 10.05 -5 -6.99 10.123 -5.007 -6.913
3 16 11.55 -2.977 -7.942 12.319 -2.616 -7.645 11.55 -3.3 -7.567
4 16 11.55 -3.3 -7.567 12.319 -2.616 -7.645 12.421 -3.81 -6.147 11.15 -4.35 -6.714
3 16 11.15 -4.35 -6.714 12.421 -3.81 -6.147 10.988 -4.556 -6.625
4 16 9.975 -4.989 -7.072 10.05 -5 -6.99 10.02 -5.06 -6.947 9.982 -5.08 -6.96
4 16 9.937 -4.492 -7.683 10.2 -4.5 -7.43 10.05 -5 -6.99 9.975 -4.989 -7.072
4 16 9.937 -4.492 -7.683 9.903 -4.05 -8.227 10.15 -4.05 -7.998 10.2 -4.5 -7.43
4 16 9.9 -3.8 -8.52 10.15 -4.05 -7.998 9.903 -4.05 -8.227 9.884 -3.8 -8.535
4 1 11.45 -2.123 -8.852 11.55 -2.5 -8.403 10.056 -3.677 -8.517 9.881 -3.759 -8.585
3 1 10.056 -3.677 -8.517 11.55 -2.5 -8.403 11.55 -2.977 -7.942
3 16 11.45 -2.123 -8.852 12.268 -1.27 -8.992 11.55 -2.5 -8.403
4 16 11.55 -2.5 -8.403 12.268 -1.27 -8.992 12.319 -2.616 -7.645 11.55 -2.977 -7.942
3 1 9.899 -2.213 -9.959 9.79 -2.424 -9.853 9.779 -2.261 -10.008
4 1 10.444 -1.996 -9.737 9.819 -2.855 -9.444 9.79 -2.424 -9.853 9.899 -2.213 -9.959
4 1 9.819 -2.855 -9.444 10.444 -1.996 -9.737 11.275 -1.665 -9.397 9.854 -3.364 -8.96
3 1 11.35 -1.75 -9.264 9.854 -3.364 -8.96 11.275 -1.665 -9.397
4 1 9.854 -3.364 -8.96 11.35 -1.75 -9.264 11.45 -2.123 -8.852 9.881 -3.759 -8.585
3 16 11.41 -1.612 -9.342 11.35 -1.75 -9.264 11.275 -1.665 -9.397
4 16 11.35 -1.75 -9.264 11.41 -1.612 -9.342 12.268 -1.27 -8.992 11.45 -2.123 -8.852
3 1 9.981 -2.055 -10.023 9.899 -2.213 -9.959 9.779 -2.261 -10.008
4 1 9.981 -2.055 -10.023 10.801 -1.217 -10.083 10.95 -1.3 -9.912 9.899 -2.213 -9.959
3 1 10.444 -1.996 -9.737 9.899 -2.213 -9.959 10.95 -1.3 -9.912
3 1 10.444 -1.996 -9.737 10.95 -1.3 -9.912 11.275 -1.665 -9.397
3 16 11.094 -0.918 -10.105 10.95 -1.3 -9.912 10.801 -1.217 -10.083
4 16 10.95 -1.3 -9.912 11.094 -0.918 -10.105 12.192 0.203 -10.185 11.275 -1.665 -9.397
3 16 11.41 -1.612 -9.342 11.275 -1.665 -9.397 12.192 0.203 -10.185
3 16 12.192 0.203 -10.185 12.268 -1.27 -8.992 11.41 -1.612 -9.342
3 16 10.113 -0.407 -11.112 9.855 -0.483 -11.227 10.207 -0.123 -11.223
4 16 10.113 -0.407 -11.112 10.207 -0.123 -11.223 11.154 0.845 -11.212 10.791 -0.208 -10.81
4 16 11.154 0.845 -11.212 12.141 1.854 -11.201 11.434 -0.02 -10.523 10.791 -0.208 -10.81
3 16 12.141 1.854 -11.201 12.192 0.203 -10.185 11.434 -0.02 -10.523
3 16 9.83 1.346 -12.268 11.122 2.638 -12.125 10.762 1.551 -11.838
4 16 11.122 2.638 -12.125 12.116 3.632 -12.014 11.45 1.702 -11.52 10.762 1.551 -11.838
3 16 12.116 3.632 -12.014 12.141 1.854 -11.201 11.45 1.702 -11.52
3 16 9.627 3.251 -13.157 9.794 3.277 -13.08 9.681 2.746 -12.922
4 16 9.681 2.746 -12.922 9.794 3.277 -13.08 11.416 3.525 -12.336 9.83 1.346 -12.268
3 16 11.122 2.638 -12.125 9.83 1.346 -12.268 11.416 3.525 -12.336
3 16 12.116 3.632 -12.014 11.122 2.638 -12.125 11.416 3.525 -12.336
4 1 6.8 -1.75 -12.134 7.034 -3.086 -11.056 6.655 -3.2 -11.201 6.655 -1.885 -12.125
4 1 6.8 -1.75 -12.134 7.65 -1.3 -11.949 7.585 -2.92 -10.846 7.034 -3.086 -11.056
4 1 7.65 -1.3 -11.949 8.9 -0.9 -11.495 8.234 -2.726 -10.598 7.585 -2.92 -10.846
3 1 9.779 -2.261 -10.008 8.792 -2.558 -10.385 9.83 -1.072 -10.823
4 1 8.9 -0.9 -11.495 9.837 -0.9 -10.941 9.83 -1.072 -10.823 8.234 -2.726 -10.598
3 1 8.792 -2.558 -10.385 8.234 -2.726 -10.598 9.83 -1.072 -10.823
4 16 8.938 -0.723 -11.598 8.9 -0.9 -11.495 7.65 -1.3 -11.949 7.556 -1.085 -12.158
4 16 9.837 -0.9 -10.941 8.9 -0.9 -11.495 8.938 -0.723 -11.598 9.855 -0.483 -11.227
3 16 6.655 -1.583 -12.338 6.8 -1.75 -12.134 6.655 -1.885 -12.125
4 16 6.655 -1.583 -12.338 6.655 -1.321 -12.522 7.556 -1.085 -12.158 6.8 -1.75 -12.134
3 16 7.65 -1.3 -11.949 6.8 -1.75 -12.134 7.556 -1.085 -12.158
4 16 7.556 -1.085 -12.158 7.389 -0.705 -12.463 9.282 0.886 -12.312 8.938 -0.723 -11.598
4 16 8.938 -0.723 -11.598 9.282 0.886 -12.312 9.83 1.346 -12.268 9.855 -0.483 -11.227
3 16 6.655 -1.321 -12.522 7.389 -0.705 -12.463 7.556 -1.085 -12.158
4 16 7.389 -0.705 -12.463 6.756 0.736 -13.537 9.361 1.253 -12.462 9.282 0.886 -12.312
3 16 9.282 0.886 -12.312 9.361 1.253 -12.462 9.83 1.346 -12.268
4 16 6.629 0.711 -13.589 6.756 0.736 -13.537 7.389 -0.705 -12.463 6.655 -1.321 -12.522
4 1 6.3 -6.7 -7.778 6.598 -6.452 -7.942 6.756 -6.401 -7.899 6.4 -7.2 -6.914
3 1 6.781 -6.989 -6.957 6.4 -7.2 -6.914 6.756 -6.401 -7.899
3 16 6.4 -7.2 -6.914 6.807 -7.62 -5.944 3.759 -8.661 -6.629
3 16 6.781 -6.989 -6.957 6.807 -7.62 -5.944 6.4 -7.2 -6.914
3 16 6.598 -6.452 -7.942 6.3 -6.7 -7.778 6.271 -6.557 -8.03
4 16 3.759 -8.661 -6.629 3.759 -7.366 -8.712 6.3 -6.7 -7.778 6.4 -7.2 -6.914
3 16 6.3 -6.7 -7.778 3.759 -7.366 -8.712 6.271 -6.557 -8.03
3 16 5.404 -1.587 -12.987 3.785 -1.93 -13.589 4.891 -0.903 -13.589
4 16 5.404 -1.587 -12.987 4.891 -0.903 -13.589 5.542 -0.299 -13.589 6.463 -1.362 -12.593
4 16 6.463 -1.362 -12.593 5.542 -0.299 -13.589 6.629 0.711 -13.589 6.655 -1.321 -12.522
3 16 4.891 -0.903 -13.589 3.785 -1.93 -13.589 3.759 0.61 -14.808
4 16 4.891 -0.903 -13.589 3.759 0.61 -14.808 4.724 0.644 -14.398 5.542 -0.299 -13.589
3 16 5.542 -0.299 -13.589 4.724 0.644 -14.398 6.629 0.711 -13.589
3 16 4.724 0.644 -14.398 3.759 0.61 -14.808 4.115 1.346 -15.164
3 16 4.724 0.644 -14.398 4.115 1.346 -15.164 6.629 0.711 -13.589
3 16 9.627 3.251 -13.157 9.828 3.436 -13.111 9.794 3.277 -13.08
4 16 9.828 3.436 -13.111 12.065 5.486 -12.598 11.416 3.525 -12.336 9.794 3.277 -13.08
3 16 12.065 5.486 -12.598 12.116 3.632 -12.014 11.416 3.525 -12.336
3 16 7.112 2.87 -14.199 6.676 0.919 -13.648 6.055 2.332 -14.539
4 16 6.676 0.919 -13.648 6.629 0.711 -13.589 4.115 1.346 -15.164 6.055 2.332 -14.539
4 16 10.262 5.461 -13.437 9.828 3.436 -13.111 9.627 3.251 -13.157 7.112 2.87 -14.199
3 16 12.065 5.486 -12.598 9.828 3.436 -13.111 10.262 5.461 -13.437
4 1 9.83 -1.072 -10.823 9.95 -0.9 -10.867 10.5 -1.05 -10.4 9.779 -2.261 -10.008
3 1 9.981 -2.055 -10.023 9.779 -2.261 -10.008 10.5 -1.05 -10.4
3 1 9.837 -0.9 -10.941 9.95 -0.9 -10.867 9.83 -1.072 -10.823
3 1 9.981 -2.055 -10.023 10.5 -1.05 -10.4 10.801 -1.217 -10.083
4 16 9.855 -0.483 -11.227 10.113 -0.407 -11.112 9.95 -0.9 -10.867 9.837 -0.9 -10.941
4 16 10.791 -0.208 -10.81 10.5 -1.05 -10.4 9.95 -0.9 -10.867 10.113 -0.407 -11.112
4 16 10.5 -1.05 -10.4 10.791 -0.208 -10.81 11.434 -0.02 -10.523 10.801 -1.217 -10.083
3 16 10.801 -1.217 -10.083 11.434 -0.02 -10.523 11.094 -0.918 -10.105
3 16 12.192 0.203 -10.185 11.094 -0.918 -10.105 11.434 -0.02 -10.523
4 16 9.83 1.346 -12.268 10.762 1.551 -11.838 10.207 -0.123 -11.223 9.855 -0.483 -11.227
4 16 11.45 1.702 -11.52 11.154 0.845 -11.212 10.207 -0.123 -11.223 10.762 1.551 -11.838
3 16 12.141 1.854 -11.201 11.154 0.845 -11.212 11.45 1.702 -11.52
4 1 10.123 -5.007 -6.913 10.988 -4.556 -6.625 10.6 -5.05 -6.31 10.048 -5.645 -6.027
4 1 9.987 -5.125 -6.885 10.02 -5.06 -6.947 10.123 -5.007 -6.913 10.048 -5.645 -6.027
4 16 10.6 -5.05 -6.31 10.988 -4.556 -6.625 12.421 -3.81 -6.147 12.522 -4.775 -4.521
4 16 10.6 -5.05 -6.31 12.522 -4.775 -4.521 10.109 -6.172 -5.156 10.048 -5.645 -6.027
3 16 10.02 -5.06 -6.947 9.987 -5.125 -6.885 9.982 -5.08 -6.96
4 1 9.95 -5.75 -5.954 9.85 -5.4 -6.586 9.987 -5.125 -6.885 10.048 -5.645 -6.027
4 1 9.25 -6.25 -5.823 9.2 -6.1 -6.1 9.85 -5.4 -6.586 9.95 -5.75 -5.954
3 1 8.45 -6.65 -5.938 9.2 -6.1 -6.1 9.25 -6.25 -5.823
3 1 8.021 -5.883 -7.531 8.05 -6 -7.321 7.774 -5.984 -7.603
4 1 7.65 -6.45 -6.989 7.45 -6.2 -7.567 8.05 -6 -7.321 8.25 -6.25 -6.743
4 1 8.05 -6 -7.321 7.45 -6.2 -7.567 7.247 -6.2 -7.756 7.774 -5.984 -7.603
4 1 7.45 -6.2 -7.567 7.3 -6.7 -6.924 6.986 -6.307 -7.832 7.247 -6.2 -7.756
4 1 6.756 -6.401 -7.899 6.986 -6.307 -7.832 7.3 -6.7 -6.924 6.781 -6.989 -6.957
3 16 10.109 -6.172 -5.156 9.95 -5.75 -5.954 10.048 -5.645 -6.027
3 16 10.109 -6.172 -5.156 9.25 -6.25 -5.823 9.95 -5.75 -5.954
4 16 8.45 -6.65 -5.938 9.25 -6.25 -5.823 10.109 -6.172 -5.156 6.807 -7.62 -5.944
4 16 7.3 -6.7 -6.924 8.45 -6.65 -5.938 6.807 -7.62 -5.944 6.781 -6.989 -6.957
3 16 7.65 -6.45 -6.989 7.3 -6.7 -6.924 7.45 -6.2 -7.567
4 16 8.45 -6.65 -5.938 7.3 -6.7 -6.924 7.65 -6.45 -6.989 8.25 -6.25 -6.743
3 16 9.2 -6.1 -6.1 8.25 -6.25 -6.743 8.05 -6 -7.321
4 16 9.2 -6.1 -6.1 8.05 -6 -7.321 8.021 -5.883 -7.531 8.139 -5.835 -7.496
3 16 8.139 -5.835 -7.496 8.431 -5.715 -7.412 9.2 -6.1 -6.1
4 16 9.342 -5.342 -7.146 9.85 -5.4 -6.586 9.2 -6.1 -6.1 8.431 -5.715 -7.412
4 16 9.342 -5.342 -7.146 9.982 -5.08 -6.96 9.987 -5.125 -6.885 9.85 -5.4 -6.586
3 16 8.25 -6.25 -6.743 9.2 -6.1 -6.1 8.45 -6.65 -5.938
3 1 9.881 -3.759 -8.585 9.884 -3.8 -8.535 9.77 -3.8 -8.622
3 1 8.868 -4.132 -8.925 8.55 -4.45 -8.798 8.188 -4.382 -9.154
4 1 7.7 -4.65 -9.216 7.713 -4.557 -9.313 8.188 -4.382 -9.154 8.35 -4.75 -8.602
3 1 8.55 -4.45 -8.798 8.35 -4.75 -8.602 8.188 -4.382 -9.154
4 1 8.1 -5.2 -8.269 7.6 -4.9 -9.001 7.7 -4.65 -9.216 8.35 -4.75 -8.602
4 1 8 -5.5 -7.996 7.4 -5.25 -8.746 7.6 -4.9 -9.001 8.1 -5.2 -8.269
4 1 8 -5.8 -7.644 7.05 -5.65 -8.548 7.4 -5.25 -8.746 8 -5.5 -7.996
4 1 6.74 -5.925 -8.465 6.738 -5.861 -8.542 7.05 -5.65 -8.548 7.774 -5.984 -7.603
4 1 7.05 -5.65 -8.548 8 -5.8 -7.644 8.021 -5.883 -7.531 7.774 -5.984 -7.603
3 1 6.743 -6.024 -8.347 6.9 -6.2 -8.023 6.751 -6.257 -8.07
4 1 6.743 -6.024 -8.347 6.74 -5.925 -8.465 7.774 -5.984 -7.603 6.9 -6.2 -8.023
3 1 7.247 -6.2 -7.756 6.9 -6.2 -8.023 7.774 -5.984 -7.603
3 1 6.986 -6.307 -7.832 6.9 -6.2 -8.023 7.247 -6.2 -7.756
4 1 6.9 -6.2 -8.023 6.986 -6.307 -7.832 6.756 -6.401 -7.899 6.753 -6.322 -7.993
3 16 8 -5.8 -7.644 8.139 -5.835 -7.496 8.021 -5.883 -7.531
4 16 8 -5.8 -7.644 8 -5.5 -7.996 8.431 -5.715 -7.412 8.139 -5.835 -7.496
4 16 8 -5.5 -7.996 8.1 -5.2 -8.269 9.342 -5.342 -7.146 8.431 -5.715 -7.412
4 16 8.1 -5.2 -8.269 8.35 -4.75 -8.602 9.975 -4.989 -7.072 9.342 -5.342 -7.146
3 16 9.342 -5.342 -7.146 9.975 -4.989 -7.072 9.982 -5.08 -6.96
4 16 8.35 -4.75 -8.602 8.55 -4.45 -8.798 9.937 -4.492 -7.683 9.975 -4.989 -7.072
4 16 8.55 -4.45 -8.798 8.868 -4.132 -8.925 9.091 -4.05 -8.851 9.937 -4.492 -7.683
3 16 9.937 -4.492 -7.683 9.091 -4.05 -8.851 9.903 -4.05 -8.227
4 16 9.77 -3.8 -8.622 9.884 -3.8 -8.535 9.903 -4.05 -8.227 9.091 -4.05 -8.851
3 16 6.9 -6.2 -8.023 6.753 -6.322 -7.993 6.751 -6.257 -8.07
3 16 7.05 -5.65 -8.548 6.738 -5.861 -8.542 6.723 -5.428 -9.057
4 16 6.723 -5.428 -9.057 6.706 -4.928 -9.652 6.848 -4.876 -9.604 7.05 -5.65 -8.548
3 16 7.05 -5.65 -8.548 6.848 -4.876 -9.604 7.4 -5.25 -8.746
4 16 7.313 -4.705 -9.448 7.6 -4.9 -9.001 7.4 -5.25 -8.746 6.848 -4.876 -9.604
4 16 7.625 -4.59 -9.343 7.7 -4.65 -9.216 7.6 -4.9 -9.001 7.313 -4.705 -9.448
3 16 7.7 -4.65 -9.216 7.625 -4.59 -9.343 7.713 -4.557 -9.313
3 1 6.672 -3.791 -10.672 6.7 -3.85 -10.602 6.675 -3.865 -10.605
4 1 6.672 -3.791 -10.672 6.655 -3.2 -11.201 7.034 -3.086 -11.056 6.7 -3.85 -10.602
3 1 7.15 -3.75 -10.399 6.7 -3.85 -10.602 7.034 -3.086 -11.056
4 1 7.585 -2.92 -10.846 7.55 -3.8 -10.097 7.15 -3.75 -10.399 7.034 -3.086 -11.056
4 1 8.234 -2.726 -10.598 7.75 -4.05 -9.748 7.55 -3.8 -10.097 7.585 -2.92 -10.846
4 1 8.792 -2.558 -10.385 9.779 -2.261 -10.008 9.79 -2.424 -9.853 7.75 -4.05 -9.748
4 1 8.95 -4.05 -8.945 7.75 -4.05 -9.748 9.79 -2.424 -9.853 9.819 -2.855 -9.444
3 1 7.75 -4.05 -9.748 8.234 -2.726 -10.598 8.792 -2.558 -10.385
4 1 9.45 -3.8 -8.836 8.95 -4.05 -8.945 9.819 -2.855 -9.444 9.854 -3.364 -8.96
4 1 9.854 -3.364 -8.96 9.881 -3.759 -8.585 9.77 -3.8 -8.622 9.45 -3.8 -8.836
4 1 7.75 -4.3 -9.521 7.75 -4.05 -9.748 8.95 -4.05 -8.945 8.188 -4.382 -9.154
3 1 8.868 -4.132 -8.925 8.188 -4.382 -9.154 8.95 -4.05 -8.945
3 1 7.713 -4.557 -9.313 7.75 -4.3 -9.521 8.188 -4.382 -9.154
3 16 8.95 -4.05 -8.945 9.091 -4.05 -8.851 8.868 -4.132 -8.925
4 16 8.95 -4.05 -8.945 9.45 -3.8 -8.836 9.77 -3.8 -8.622 9.091 -4.05 -8.851
3 16 6.848 -4.876 -9.604 6.706 -4.928 -9.652 6.702 -4.776 -9.788
4 16 6.687 -4.279 -10.234 7.313 -4.705 -9.448 6.848 -4.876 -9.604 6.702 -4.776 -9.788
4 16 6.687 -4.279 -10.234 6.675 -3.865 -10.605 6.7 -3.85 -10.602 7.313 -4.705 -9.448
3 16 7.313 -4.705 -9.448 6.7 -3.85 -10.602 7.625 -4.59 -9.343
4 16 6.7 -3.85 -10.602 7.15 -3.75 -10.399 7.75 -4.3 -9.521 7.625 -4.59 -9.343
3 16 7.625 -4.59 -9.343 7.75 -4.3 -9.521 7.713 -4.557 -9.313
4 16 7.15 -3.75 -10.399 7.55 -3.8 -10.097 7.75 -4.05 -9.748 7.75 -4.3 -9.521
4 16 6.676 0.919 -13.648 7.112 2.87 -14.199 9.627 3.251 -13.157 6.756 0.736 -13.537
4 16 9.627 3.251 -13.157 9.681 2.746 -12.922 9.361 1.253 -12.462 6.756 0.736 -13.537
3 16 9.361 1.253 -12.462 9.681 2.746 -12.922 9.83 1.346 -12.268
3 16 6.629 0.711 -13.589 6.676 0.919 -13.648 6.756 0.736 -13.537
3 1 4.7 -5.95 -9.773 5.1 -6.05 -9.386 5.1 -6.6 -8.739
4 1 4.7 -5.95 -9.773 4.653 -5.529 -10.307 4.703 -5.515 -10.291 5.1 -6.05 -9.386
3 1 5.2 -5.65 -9.797 5.1 -6.05 -9.386 4.703 -5.515 -10.291
3 1 5.314 -5.336 -10.096 5.2 -5.65 -9.797 4.703 -5.515 -10.291
3 1 6.738 -5.861 -8.542 6.74 -5.925 -8.465 6.65 -5.92 -8.529
4 1 6 -6.2 -8.623 6.65 -5.92 -8.529 6.743 -6.024 -8.347 6.25 -6.45 -8.169
3 1 6.751 -6.257 -8.07 6.25 -6.45 -8.169 6.743 -6.024 -8.347
3 1 6.743 -6.024 -8.347 6.65 -5.92 -8.529 6.74 -5.925 -8.465
3 1 6.756 -6.401 -7.899 6.598 -6.452 -7.942 6.753 -6.322 -7.993
4 16 6.25 -6.45 -8.169 6.751 -6.257 -8.07 6.753 -6.322 -7.993 6.271 -6.557 -8.03
3 16 6.271 -6.557 -8.03 6.753 -6.322 -7.993 6.598 -6.452 -7.942
4 16 6.25 -6.45 -8.169 6.271 -6.557 -8.03 3.759 -7.366 -8.712 5.1 -6.6 -8.739
4 16 5.1 -6.6 -8.739 5.1 -6.05 -9.386 6 -6.2 -8.623 6.25 -6.45 -8.169
3 16 5.2 -5.65 -9.797 6 -6.2 -8.623 5.1 -6.05 -9.386
4 16 5.2 -5.65 -9.797 5.314 -5.336 -10.096 5.622 -5.246 -9.998 6 -6.2 -8.623
3 16 6 -6.2 -8.623 5.622 -5.246 -9.998 6.65 -5.92 -8.529
4 16 5.622 -5.246 -9.998 6.203 -5.075 -9.812 6.723 -5.428 -9.057 6.65 -5.92 -8.529
3 16 6.65 -5.92 -8.529 6.723 -5.428 -9.057 6.738 -5.861 -8.542
3 16 6.723 -5.428 -9.057 6.203 -5.075 -9.812 6.706 -4.928 -9.652
4 16 3.759 -5.791 -10.592 4.7 -5.95 -9.773 5.1 -6.6 -8.739 3.759 -7.366 -8.712
3 16 3.759 -5.791 -10.592 4.653 -5.529 -10.307 4.7 -5.95 -9.773
3 1 4.653 -5.529 -10.307 4.65 -5.5 -10.334 4.703 -5.515 -10.291
4 1 4.65 -5.5 -10.334 4.7 -5 -10.745 5.4 -5.1 -10.254 4.703 -5.515 -10.291
3 1 5.314 -5.336 -10.096 4.703 -5.515 -10.291 5.4 -5.1 -10.254
4 1 4.7 -5 -10.745 4.8 -4.4 -11.222 5.65 -4.7 -10.461 5.4 -5.1 -10.254
4 1 4.8 -4.4 -11.222 5.05 -3.75 -11.656 6 -4.3 -10.611 5.65 -4.7 -10.461
4 1 5.05 -3.75 -11.656 5.151 -3.592 -11.737 5.814 -3.419 -11.501 6 -4.3 -10.611
3 1 6.35 -4.05 -10.629 6 -4.3 -10.611 5.814 -3.419 -11.501
4 1 5.814 -3.419 -11.501 6.426 -3.26 -11.283 6.672 -3.791 -10.672 6.35 -4.05 -10.629
3 1 6.675 -3.865 -10.605 6.35 -4.05 -10.629 6.672 -3.791 -10.672
3 1 6.655 -3.2 -11.201 6.672 -3.791 -10.672 6.426 -3.26 -11.283
3 16 5.4 -5.1 -10.254 5.622 -5.246 -9.998 5.314 -5.336 -10.096
4 16 5.4 -5.1 -10.254 5.65 -4.7 -10.461 6.203 -5.075 -9.812 5.622 -5.246 -9.998
4 16 5.65 -4.7 -10.461 6 -4.3 -10.611 6.702 -4.776 -9.788 6.203 -5.075 -9.812
3 16 6.203 -5.075 -9.812 6.702 -4.776 -9.788 6.706 -4.928 -9.652
4 16 6 -4.3 -10.611 6.35 -4.05 -10.629 6.687 -4.279 -10.234 6.702 -4.776 -9.788
3 16 6.35 -4.05 -10.629 6.675 -3.865 -10.605 6.687 -4.279 -10.234
3 16 3.759 -5.791 -10.592 4.65 -5.5 -10.334 4.653 -5.529 -10.307
4 16 4.7 -5 -10.745 4.65 -5.5 -10.334 3.759 -5.791 -10.592 3.734 -3.962 -12.243
3 16 3.734 -3.962 -12.243 4.8 -4.4 -11.222 4.7 -5 -10.745
3 16 3.734 -3.962 -12.243 5.05 -3.75 -11.656 4.8 -4.4 -11.222
3 16 3.734 -3.962 -12.243 5.151 -3.592 -11.737 5.05 -3.75 -11.656
3 1 5.151 -3.592 -11.737 5.5 -3.05 -11.93 5.814 -3.419 -11.501
4 1 5.5 -3.05 -11.93 6.05 -2.45 -12.055 6.426 -3.26 -11.283 5.814 -3.419 -11.501
4 1 6.655 -3.2 -11.201 6.426 -3.26 -11.283 6.05 -2.45 -12.055 6.655 -1.885 -12.125
4 16 5.5 -3.05 -11.93 5.151 -3.592 -11.737 3.734 -3.962 -12.243 3.785 -1.93 -13.589
4 16 6.05 -2.45 -12.055 5.5 -3.05 -11.93 3.785 -1.93 -13.589 5.404 -1.587 -12.987
4 16 5.404 -1.587 -12.987 6.463 -1.362 -12.593 6.655 -1.583 -12.338 6.05 -2.45 -12.055
3 16 6.05 -2.45 -12.055 6.655 -1.583 -12.338 6.655 -1.885 -12.125
3 16 6.655 -1.583 -12.338 6.463 -1.362 -12.593 6.655 -1.321 -12.522
3 16 6.055 2.332 -14.539 4.826 5.131 -15.519 7.112 2.87 -14.199
3 16 6.055 2.332 -14.539 4.115 1.346 -15.164 4.826 5.131 -15.519
3 16 7.112 2.87 -14.199 4.826 5.131 -15.519 10.262 5.461 -13.437
5 24 10.312 -7.518 -1.194 10.414 -7.722 0.889 6.96 -9.525 0.635 12.751 -5.817 -0.914
5 24 10.414 -7.722 0.889 6.96 -9.525 0.635 10.312 -7.518 -1.194 10.465 -7.645 2.997
5 24 6.96 -9.525 0.635 6.934 -9.22 -1.651 10.312 -7.518 -1.194 3.759 -10.744 0.406
5 24 6.934 -9.22 -1.651 10.312 -7.518 -1.194 10.414 -7.722 0.889 10.236 -6.985 -3.251
5 24 6.934 -9.22 -1.651 10.236 -6.985 -3.251 10.312 -7.518 -1.194 6.858 -8.585 -3.861
5 24 10.236 -6.985 -3.251 10.312 -7.518 -1.194 6.934 -9.22 -1.651 12.649 -5.436 -2.769
5 24 6.858 -8.585 -3.861 10.236 -6.985 -3.251 6.934 -9.22 -1.651 10.109 -6.172 -5.156
5 24 6.934 -9.22 -1.651 6.858 -8.585 -3.861 10.236 -6.985 -3.251 3.759 -10.389 -2.032
5 24 3.759 -10.262 5.309 7.01 -9.474 2.946 7.061 -9.119 5.207 3.759 -10.693 2.87
5 24 7.01 -9.474 2.946 7.061 -9.119 5.207 3.759 -10.262 5.309 10.465 -7.645 2.997
5 24 3.759 -10.693 2.87 7.01 -9.474 2.946 3.759 -10.262 5.309 6.96 -9.525 0.635
5 24 12.649 -5.436 -2.769 10.236 -6.985 -3.251 12.522 -4.775 -4.521 10.312 -7.518 -1.194
5 24 10.236 -6.985 -3.251 12.522 -4.775 -4.521 12.649 -5.436 -2.769 10.109 -6.172 -5.156
5 24 10.236 -6.985 -3.251 10.109 -6.172 -5.156 12.522 -4.775 -4.521 6.858 -8.585 -3.861
5 24 10.109 -6.172 -5.156 12.522 -4.775 -4.521 10.236 -6.985 -3.251 10.6 -5.05 -6.31
5 24 12.649 -5.436 -2.769 10.312 -7.518 -1.194 10.236 -6.985 -3.251 12.751 -5.817 -0.914
5 24 12.751 -5.817 -0.914 10.312 -7.518 -1.194 12.649 -5.436 -2.769 10.414 -7.722 0.889
5 24 12.751 -5.817 -0.914 10.414 -7.722 0.889 10.312 -7.518 -1.194 12.929 -5.893 2.007
5 24 12.929 -5.893 2.007 10.414 -7.722 0.889 12.751 -5.817 -0.914 10.465 -7.645 2.997
5 24 12.929 -5.893 2.007 10.465 -7.645 2.997 10.414 -7.722 0.889 10.719 -7.214 5.004
5 24 10.465 -7.645 2.997 10.414 -7.722 0.889 12.929 -5.893 2.007 7.01 -9.474 2.946
5 24 10.465 -7.645 2.997 10.719 -7.214 5.004 7.061 -9.119 5.207 12.929 -5.893 2.007
5 24 7.01 -9.474 2.946 10.465 -7.645 2.997 10.719 -7.214 5.004 10.414 -7.722 0.889
5 24 7.01 -9.474 2.946 6.96 -9.525 0.635 10.414 -7.722 0.889 3.759 -10.693 2.87
5 24 3.759 -10.744 0.406 6.96 -9.525 0.635 7.01 -9.474 2.946 6.934 -9.22 -1.651
5 24 3.759 -10.389 -2.032 6.934 -9.22 -1.651 6.96 -9.525 0.635 6.858 -8.585 -3.861
5 24 3.759 -9.677 -4.394 6.858 -8.585 -3.861 6.934 -9.22 -1.651 6.807 -7.62 -5.944
5 24 6.858 -8.585 -3.861 6.807 -7.62 -5.944 10.109 -6.172 -5.156 3.759 -9.677 -4.394
5 24 6.807 -7.62 -5.944 10.109 -6.172 -5.156 10.236 -6.985 -3.251 8.45 -6.65 -5.938
5 24 3.759 -8.661 -6.629 6.807 -7.62 -5.944 6.858 -8.585 -3.861 6.4 -7.2 -6.914
5 24 10.056 -3.677 -8.517 9.9 -3.8 -8.52 9.884 -3.8 -8.535 11.55 -2.977 -7.942
5 24 9.9 -3.8 -8.52 9.884 -3.8 -8.535 10.056 -3.677 -8.517 10.15 -4.05 -7.998
5 24 9.884 -3.8 -8.535 9.881 -3.759 -8.585 10.056 -3.677 -8.517 9.77 -3.8 -8.622
5 24 9.881 -3.759 -8.585 10.056 -3.677 -8.517 9.9 -3.8 -8.52 11.45 -2.123 -8.852
5 24 10.056 -3.677 -8.517 11.55 -2.977 -7.942 9.9 -3.8 -8.52 11.55 -2.5 -8.403
5 24 11.55 -2.977 -7.942 10.15 -4.05 -7.998 9.9 -3.8 -8.52 11.55 -3.3 -7.567
5 24 10.15 -4.05 -7.998 9.9 -3.8 -8.52 10.056 -3.677 -8.517 9.903 -4.05 -8.227
5 24 11.55 -3.3 -7.567 10.15 -4.05 -7.998 11.55 -2.977 -7.942 11.15 -4.35 -6.714
5 24 11.55 -2.977 -7.942 11.55 -3.3 -7.567 10.15 -4.05 -7.998 12.319 -2.616 -7.645
5 24 11.15 -4.35 -6.714 10.2 -4.5 -7.43 10.15 -4.05 -7.998 10.05 -5 -6.99
5 24 10.2 -4.5 -7.43 10.15 -4.05 -7.998 11.15 -4.35 -6.714 9.937 -4.492 -7.683
5 24 11.55 -3.3 -7.567 11.15 -4.35 -6.714 10.2 -4.5 -7.43 12.319 -2.616 -7.645
5 24 10.05 -5 -6.99 10.2 -4.5 -7.43 11.15 -4.35 -6.714 9.937 -4.492 -7.683
5 24 11.15 -4.35 -6.714 10.123 -5.007 -6.913 10.05 -5 -6.99 10.988 -4.556 -6.625
5 24 10.123 -5.007 -6.913 10.05 -5 -6.99 10.2 -4.5 -7.43 10.02 -5.06 -6.947
5 24 10.988 -4.556 -6.625 10.123 -5.007 -6.913 11.15 -4.35 -6.714 10.6 -5.05 -6.31
5 24 11.15 -4.35 -6.714 10.988 -4.556 -6.625 10.123 -5.007 -6.913 12.421 -3.81 -6.147
5 24 10.02 -5.06 -6.947 10.05 -5 -6.99 10.123 -5.007 -6.913 9.975 -4.989 -7.072
5 24 10.123 -5.007 -6.913 10.02 -5.06 -6.947 10.05 -5 -6.99 9.987 -5.125 -6.885
5 24 11.55 -2.977 -7.942 12.319 -2.616 -7.645 11.55 -3.3 -7.567 11.55 -2.5 -8.403
5 24 12.319 -2.616 -7.645 11.55 -3.3 -7.567 11.55 -2.977 -7.942 12.421 -3.81 -6.147
5 24 12.421 -3.81 -6.147 11.15 -4.35 -6.714 11.55 -3.3 -7.567 10.988 -4.556 -6.625
5 24 12.421 -3.81 -6.147 10.988 -4.556 -6.625 11.15 -4.35 -6.714 10.6 -5.05 -6.31
5 24 9.975 -4.989 -7.072 10.05 -5 -6.99 10.02 -5.06 -6.947 9.937 -4.492 -7.683
5 24 10.02 -5.06 -6.947 9.982 -5.08 -6.96 9.975 -4.989 -7.072 9.987 -5.125 -6.885
5 24 9.982 -5.08 -6.96 9.975 -4.989 -7.072 10.05 -5 -6.99 9.342 -5.342 -7.146
5 24 9.937 -4.492 -7.683 10.2 -4.5 -7.43 10.05 -5 -6.99 9.903 -4.05 -8.227
5 24 9.975 -4.989 -7.072 9.937 -4.492 -7.683 10.2 -4.5 -7.43 8.35 -4.75 -8.602
5 24 9.937 -4.492 -7.683 9.903 -4.05 -8.227 10.15 -4.05 -7.998 9.091 -4.05 -8.851
5 24 9.903 -4.05 -8.227 10.15 -4.05 -7.998 9.937 -4.492 -7.683 9.9 -3.8 -8.52
5 24 9.903 -4.05 -8.227 9.884 -3.8 -8.535 9.9 -3.8 -8.52 9.77 -3.8 -8.622
5 24 11.45 -2.123 -8.852 11.55 -2.5 -8.403 10.056 -3.677 -8.517 12.268 -1.27 -8.992
5 24 11.55 -2.5 -8.403 10.056 -3.677 -8.517 11.45 -2.123 -8.852 11.55 -2.977 -7.942
5 24 9.881 -3.759 -8.585 11.45 -2.123 -8.852 11.55 -2.5 -8.403 9.854 -3.364 -8.96
5 24 11.55 -2.5 -8.403 11.55 -2.977 -7.942 10.056 -3.677 -8.517 12.268 -1.27 -8.992
5 24 11.45 -2.123 -8.852 12.268 -1.27 -8.992 11.55 -2.5 -8.403 11.35 -1.75 -9.264
5 24 12.268 -1.27 -8.992 11.55 -2.5 -8.403 11.45 -2.123 -8.852 12.319 -2.616 -7.645
5 24 9.899 -2.213 -9.959 9.79 -2.424 -9.853 9.779 -2.261 -10.008 10.444 -1.996 -9.737
5 24 9.79 -2.424 -9.853 9.779 -2.261 -10.008 9.899 -2.213 -9.959 8.792 -2.558 -10.385
5 24 9.779 -2.261 -10.008 9.899 -2.213 -9.959 9.79 -2.424 -9.853 9.981 -2.055 -10.023
5 24 10.444 -1.996 -9.737 9.819 -2.855 -9.444 9.79 -2.424 -9.853 11.275 -1.665 -9.397
5 24 9.819 -2.855 -9.444 9.79 -2.424 -9.853 10.444 -1.996 -9.737 8.95 -4.05 -8.945
5 24 9.899 -2.213 -9.959 10.444 -1.996 -9.737 9.819 -2.855 -9.444 10.95 -1.3 -9.912
5 24 10.444 -1.996 -9.737 11.275 -1.665 -9.397 9.819 -2.855 -9.444 10.95 -1.3 -9.912
5 24 11.275 -1.665 -9.397 9.854 -3.364 -8.96 9.819 -2.855 -9.444 11.35 -1.75 -9.264
5 24 9.854 -3.364 -8.96 9.819 -2.855 -9.444 10.444 -1.996 -9.737 9.45 -3.8 -8.836
5 24 11.35 -1.75 -9.264 9.854 -3.364 -8.96 11.275 -1.665 -9.397 11.45 -2.123 -8.852
5 24 11.275 -1.665 -9.397 11.35 -1.75 -9.264 9.854 -3.364 -8.96 11.41 -1.612 -9.342
5 24 11.35 -1.75 -9.264 11.45 -2.123 -8.852 9.854 -3.364 -8.96 11.41 -1.612 -9.342
5 24 9.881 -3.759 -8.585 9.854 -3.364 -8.96 11.35 -1.75 -9.264 9.77 -3.8 -8.622
5 24 11.41 -1.612 -9.342 11.35 -1.75 -9.264 11.275 -1.665 -9.397 12.268 -1.27 -8.992
5 24 11.275 -1.665 -9.397 11.41 -1.612 -9.342 11.35 -1.75 -9.264 12.192 0.203 -10.185
5 24 11.41 -1.612 -9.342 12.268 -1.27 -8.992 11.35 -1.75 -9.264 12.192 0.203 -10.185
5 24 9.981 -2.055 -10.023 9.899 -2.213 -9.959 9.779 -2.261 -10.008 10.801 -1.217 -10.083
5 24 9.779 -2.261 -10.008 9.981 -2.055 -10.023 9.899 -2.213 -9.959 10.5 -1.05 -10.4
5 24 9.981 -2.055 -10.023 10.801 -1.217 -10.083 10.95 -1.3 -9.912 10.5 -1.05 -10.4
5 24 10.801 -1.217 -10.083 10.95 -1.3 -9.912 9.981 -2.055 -10.023 11.094 -0.918 -10.105
5 24 10.95 -1.3 -9.912 9.899 -2.213 -9.959 9.981 -2.055 -10.023 10.444 -1.996 -9.737
5 24 10.95 -1.3 -9.912 10.444 -1.996 -9.737 9.899 -2.213 -9.959 11.275 -1.665 -9.397
5 24 10.95 -1.3 -9.912 11.275 -1.665 -9.397 10.444 -1.996 -9.737 11.094 -0.918 -10.105
5 24 11.094 -0.918 -10.105 10.95 -1.3 -9.912 10.801 -1.217 -10.083 12.192 0.203 -10.185
5 24 10.801 -1.217 -10.083 11.094 -0.918 -10.105 10.95 -1.3 -9.912 11.434 -0.02 -10.523
5 24 11.094 -0.918 -10.105 12.192 0.203 -10.185 10.95 -1.3 -9.912 11.434 -0.02 -10.523
5 24 12.192 0.203 -10.185 11.275 -1.665 -9.397 10.95 -1.3 -9.912 11.41 -1.612 -9.342
5 24 12.192 0.203 -10.185 11.41 -1.612 -9.342 11.275 -1.665 -9.397 12.268 -1.27 -8.992
5 24 10.113 -0.407 -11.112 9.855 -0.483 -11.227 10.207 -0.123 -11.223 9.95 -0.9 -10.867
5 24 9.855 -0.483 -11.227 10.207 -0.123 -11.223 10.113 -0.407 -11.112 9.83 1.346 -12.268
5 24 10.207 -0.123 -11.223 10.113 -0.407 -11.112 9.855 -0.483 -11.227 11.154 0.845 -11.212
5 24 10.207 -0.123 -11.223 11.154 0.845 -11.212 10.113 -0.407 -11.112 11.45 1.702 -11.52
5 24 11.154 0.845 -11.212 10.791 -0.208 -10.81 10.113 -0.407 -11.112 12.141 1.854 -11.201
5 24 10.791 -0.208 -10.81 10.113 -0.407 -11.112 10.207 -0.123 -11.223 10.5 -1.05 -10.4
5 24 11.154 0.845 -11.212 12.141 1.854 -11.201 11.434 -0.02 -10.523 11.45 1.702 -11.52
5 24 12.141 1.854 -11.201 11.434 -0.02 -10.523 11.154 0.845 -11.212 12.192 0.203 -10.185
5 24 11.434 -0.02 -10.523 10.791 -0.208 -10.81 11.154 0.845 -11.212 10.5 -1.05 -10.4
5 24 12.192 0.203 -10.185 11.434 -0.02 -10.523 12.141 1.854 -11.201 11.094 -0.918 -10.105
5 24 9.83 1.346 -12.268 11.122 2.638 -12.125 10.762 1.551 -11.838 11.416 3.525 -12.336
5 24 11.122 2.638 -12.125 10.762 1.551 -11.838 9.83 1.346 -12.268 12.116 3.632 -12.014
5 24 10.762 1.551 -11.838 9.83 1.346 -12.268 11.122 2.638 -12.125 10.207 -0.123 -11.223
5 24 11.122 2.638 -12.125 12.116 3.632 -12.014 11.45 1.702 -11.52 11.416 3.525 -12.336
5 24 12.116 3.632 -12.014 11.45 1.702 -11.52 11.122 2.638 -12.125 12.141 1.854 -11.201
5 24 11.45 1.702 -11.52 10.762 1.551 -11.838 11.122 2.638 -12.125 11.154 0.845 -11.212
5 24 12.141 1.854 -11.201 11.45 1.702 -11.52 12.116 3.632 -12.014 11.154 0.845 -11.212
5 24 9.627 3.251 -13.157 9.794 3.277 -13.08 9.681 2.746 -12.922 9.828 3.436 -13.111
5 24 9.794 3.277 -13.08 9.681 2.746 -12.922 9.627 3.251 -13.157 11.416 3.525 -12.336
5 24 9.681 2.746 -12.922 9.627 3.251 -13.157 9.794 3.277 -13.08 9.361 1.253 -12.462
5 24 9.794 3.277 -13.08 11.416 3.525 -12.336 9.681 2.746 -12.922 9.828 3.436 -13.111
5 24 11.416 3.525 -12.336 9.83 1.346 -12.268 9.681 2.746 -12.922 11.122 2.638 -12.125
5 24 9.83 1.346 -12.268 9.681 2.746 -12.922 9.794 3.277 -13.08 9.361 1.253 -12.462
5 24 11.416 3.525 -12.336 11.122 2.638 -12.125 9.83 1.346 -12.268 12.116 3.632 -12.014
5 24 11.416 3.525 -12.336 12.116 3.632 -12.014 11.122 2.638 -12.125 12.065 5.486 -12.598
5 24 6.8 -1.75 -12.134 7.034 -3.086 -11.056 6.655 -3.2 -11.201 7.65 -1.3 -11.949
5 24 7.034 -3.086 -11.056 6.655 -3.2 -11.201 6.8 -1.75 -12.134 6.672 -3.791 -10.672
5 24 6.655 -3.2 -11.201 6.655 -1.885 -12.125 6.8 -1.75 -12.134 6.426 -3.26 -11.283
5 24 6.655 -1.885 -12.125 6.8 -1.75 -12.134 7.034 -3.086 -11.056 6.655 -1.583 -12.338
5 24 6.8 -1.75 -12.134 7.65 -1.3 -11.949 7.585 -2.92 -10.846 7.556 -1.085 -12.158
5 24 7.65 -1.3 -11.949 7.585 -2.92 -10.846 6.8 -1.75 -12.134 8.9 -0.9 -11.495
5 24 7.585 -2.92 -10.846 7.034 -3.086 -11.056 6.8 -1.75 -12.134 7.55 -3.8 -10.097
5 24 7.65 -1.3 -11.949 8.9 -0.9 -11.495 8.234 -2.726 -10.598 8.938 -0.723 -11.598
5 24 8.9 -0.9 -11.495 8.234 -2.726 -10.598 7.65 -1.3 -11.949 9.837 -0.9 -10.941
5 24 8.234 -2.726 -10.598 7.585 -2.92 -10.846 7.65 -1.3 -11.949 7.75 -4.05 -9.748
5 24 9.779 -2.261 -10.008 8.792 -2.558 -10.385 9.83 -1.072 -10.823 9.79 -2.424 -9.853
5 24 8.792 -2.558 -10.385 9.83 -1.072 -10.823 9.779 -2.261 -10.008 8.234 -2.726 -10.598
5 24 9.83 -1.072 -10.823 9.779 -2.261 -10.008 8.792 -2.558 -10.385 9.95 -0.9 -10.867
5 24 8.9 -0.9 -11.495 9.837 -0.9 -10.941 9.83 -1.072 -10.823 8.938 -0.723 -11.598
5 24 9.837 -0.9 -10.941 9.83 -1.072 -10.823 8.9 -0.9 -11.495 9.95 -0.9 -10.867
5 24 9.83 -1.072 -10.823 8.234 -2.726 -10.598 8.9 -0.9 -11.495 8.792 -2.558 -10.385
5 24 8.792 -2.558 -10.385 8.234 -2.726 -10.598 9.83 -1.072 -10.823 7.75 -4.05 -9.748
5 24 8.938 -0.723 -11.598 8.9 -0.9 -11.495 7.65 -1.3 -11.949 9.837 -0.9 -10.941
5 24 7.65 -1.3 -11.949 7.556 -1.085 -12.158 8.938 -0.723 -11.598 6.8 -1.75 -12.134
5 24 7.556 -1.085 -12.158 8.938 -0.723 -11.598 8.9 -0.9 -11.495 7.389 -0.705 -12.463
5 24 8.938 -0.723 -11.598 9.855 -0.483 -11.227 9.837 -0.9 -10.941 9.282 0.886 -12.312
5 24 9.855 -0.483 -11.227 9.837 -0.9 -10.941 8.9 -0.9 -11.495 10.113 -0.407 -11.112
5 24 6.655 -1.583 -12.338 6.8 -1.75 -12.134 6.655 -1.885 -12.125 6.655 -1.321 -12.522
5 24 6.655 -1.885 -12.125 6.655 -1.583 -12.338 6.8 -1.75 -12.134 6.05 -2.45 -12.055
5 24 6.655 -1.583 -12.338 6.655 -1.321 -12.522 7.556 -1.085 -12.158 6.463 -1.362 -12.593
5 24 6.655 -1.321 -12.522 7.556 -1.085 -12.158 6.655 -1.583 -12.338 7.389 -0.705 -12.463
5 24 7.556 -1.085 -12.158 6.8 -1.75 -12.134 6.655 -1.583 -12.338 7.65 -1.3 -11.949
5 24 7.556 -1.085 -12.158 7.389 -0.705 -12.463 9.282 0.886 -12.312 6.655 -1.321 -12.522
5 24 7.389 -0.705 -12.463 9.282 0.886 -12.312 7.556 -1.085 -12.158 6.756 0.736 -13.537
5 24 9.282 0.886 -12.312 8.938 -0.723 -11.598 7.556 -1.085 -12.158 9.83 1.346 -12.268
5 24 9.282 0.886 -12.312 9.83 1.346 -12.268 8.938 -0.723 -11.598 9.361 1.253 -12.462
5 24 9.83 1.346 -12.268 9.855 -0.483 -11.227 8.938 -0.723 -11.598 10.762 1.551 -11.838
5 24 6.655 -1.321 -12.522 7.389 -0.705 -12.463 7.556 -1.085 -12.158 6.629 0.711 -13.589
5 24 7.389 -0.705 -12.463 6.756 0.736 -13.537 9.361 1.253 -12.462 6.629 0.711 -13.589
5 24 6.756 0.736 -13.537 9.361 1.253 -12.462 7.389 -0.705 -12.463 9.627 3.251 -13.157
5 24 9.361 1.253 -12.462 9.282 0.886 -12.312 7.389 -0.705 -12.463 9.83 1.346 -12.268
5 24 9.361 1.253 -12.462 9.83 1.346 -12.268 9.282 0.886 -12.312 9.681 2.746 -12.922
5 24 6.629 0.711 -13.589 6.756 0.736 -13.537 7.389 -0.705 -12.463 6.676 0.919 -13.648
5 24 6.655 -1.321 -12.522 6.629 0.711 -13.589 6.756 0.736 -13.537 6.463 -1.362 -12.593
5 24 6.3 -6.7 -7.778 6.598 -6.452 -7.942 6.756 -6.401 -7.899 6.271 -6.557 -8.03
5 24 6.598 -6.452 -7.942 6.756 -6.401 -7.899 6.3 -6.7 -7.778 6.753 -6.322 -7.993
5 24 6.756 -6.401 -7.899 6.4 -7.2 -6.914 6.3 -6.7 -7.778 6.781 -6.989 -6.957
5 24 6.4 -7.2 -6.914 6.3 -6.7 -7.778 6.598 -6.452 -7.942 3.759 -8.661 -6.629
5 24 6.781 -6.989 -6.957 6.4 -7.2 -6.914 6.756 -6.401 -7.899 6.807 -7.62 -5.944
5 24 6.756 -6.401 -7.899 6.781 -6.989 -6.957 6.4 -7.2 -6.914 6.986 -6.307 -7.832
5 24 6.4 -7.2 -6.914 6.807 -7.62 -5.944 3.759 -8.661 -6.629 6.781 -6.989 -6.957
5 24 3.759 -8.661 -6.629 6.4 -7.2 -6.914 6.807 -7.62 -5.944 3.759 -7.366 -8.712
5 24 6.781 -6.989 -6.957 6.807 -7.62 -5.944 6.4 -7.2 -6.914 7.3 -6.7 -6.924
5 24 6.3 -6.7 -7.778 6.271 -6.557 -8.03 6.598 -6.452 -7.942 3.759 -7.366 -8.712
5 24 6.271 -6.557 -8.03 6.598 -6.452 -7.942 6.3 -6.7 -7.778 6.753 -6.322 -7.993
5 24 3.759 -7.366 -8.712 6.3 -6.7 -7.778 3.759 -8.661 -6.629 6.271 -6.557 -8.03
5 24 3.759 -7.366 -8.712 6.271 -6.557 -8.03 6.3 -6.7 -7.778 6.25 -6.45 -8.169
5 24 5.404 -1.587 -12.987 3.785 -1.93 -13.589 4.891 -0.903 -13.589 6.05 -2.45 -12.055
5 24 3.785 -1.93 -13.589 4.891 -0.903 -13.589 5.404 -1.587 -12.987 3.759 0.61 -14.808
5 24 4.891 -0.903 -13.589 5.404 -1.587 -12.987 3.785 -1.93 -13.589 5.542 -0.299 -13.589
5 24 4.891 -0.903 -13.589 5.542 -0.299 -13.589 5.404 -1.587 -12.987 3.759 0.61 -14.808
5 24 5.542 -0.299 -13.589 6.463 -1.362 -12.593 5.404 -1.587 -12.987 6.629 0.711 -13.589
5 24 6.463 -1.362 -12.593 5.404 -1.587 -12.987 4.891 -0.903 -13.589 6.655 -1.583 -12.338
5 24 5.542 -0.299 -13.589 6.629 0.711 -13.589 6.463 -1.362 -12.593 4.724 0.644 -14.398
5 24 6.655 -1.321 -12.522 6.463 -1.362 -12.593 5.542 -0.299 -13.589 6.655 -1.583 -12.338
5 24 3.759 0.61 -14.808 4.891 -0.903 -13.589 3.785 -1.93 -13.589 4.724 0.644 -14.398
5 24 3.759 0.61 -14.808 4.724 0.644 -14.398 4.891 -0.903 -13.589 4.115 1.346 -15.164
5 24 4.724 0.644 -14.398 5.542 -0.299 -13.589 4.891 -0.903 -13.589 6.629 0.711 -13.589
5 24 4.724 0.644 -14.398 6.629 0.711 -13.589 5.542 -0.299 -13.589 4.115 1.346 -15.164
5 24 4.115 1.346 -15.164 4.724 0.644 -14.398 3.759 0.61 -14.808 6.629 0.711 -13.589
5 24 4.115 1.346 -15.164 6.629 0.711 -13.589 4.724 0.644 -14.398 6.676 0.919 -13.648
5 24 9.627 3.251 -13.157 9.828 3.436 -13.111 9.794 3.277 -13.08 10.262 5.461 -13.437
5 24 9.828 3.436 -13.111 9.794 3.277 -13.08 9.627 3.251 -13.157 12.065 5.486 -12.598
5 24 9.828 3.436 -13.111 12.065 5.486 -12.598 11.416 3.525 -12.336 10.262 5.461 -13.437
5 24 12.065 5.486 -12.598 11.416 3.525 -12.336 9.828 3.436 -13.111 12.116 3.632 -12.014
5 24 7.112 2.87 -14.199 6.676 0.919 -13.648 6.055 2.332 -14.539 9.627 3.251 -13.157
5 24 6.676 0.919 -13.648 6.055 2.332 -14.539 7.112 2.87 -14.199 6.629 0.711 -13.589
5 24 6.055 2.332 -14.539 7.112 2.87 -14.199 6.676 0.919 -13.648 4.826 5.131 -15.519
5 24 6.676 0.919 -13.648 6.629 0.711 -13.589 4.115 1.346 -15.164 6.756 0.736 -13.537
5 24 4.115 1.346 -15.164 6.055 2.332 -14.539 6.676 0.919 -13.648 4.826 5.131 -15.519
5 24 10.262 5.461 -13.437 9.828 3.436 -13.111 9.627 3.251 -13.157 12.065 5.486 -12.598
5 24 9.627 3.251 -13.157 7.112 2.87 -14.199 10.262 5.461 -13.437 6.676 0.919 -13.648
5 24 7.112 2.87 -14.199 10.262 5.461 -13.437 9.828 3.436 -13.111 4.826 5.131 -15.519
5 24 9.83 -1.072 -10.823 9.95 -0.9 -10.867 10.5 -1.05 -10.4 9.837 -0.9 -10.941
5 24 9.95 -0.9 -10.867 10.5 -1.05 -10.4 9.83 -1.072 -10.823 10.791 -0.208 -10.81
5 24 10.5 -1.05 -10.4 9.779 -2.261 -10.008 9.83 -1.072 -10.823 9.981 -2.055 -10.023
5 24 10.5 -1.05 -10.4 9.981 -2.055 -10.023 9.779 -2.261 -10.008 10.801 -1.217 -10.083
5 24 9.837 -0.9 -10.941 9.95 -0.9 -10.867 9.83 -1.072 -10.823 9.855 -0.483 -11.227
5 24 10.5 -1.05 -10.4 10.801 -1.217 -10.083 9.981 -2.055 -10.023 10.791 -0.208 -10.81
5 24 10.113 -0.407 -11.112 9.95 -0.9 -10.867 9.855 -0.483 -11.227 10.791 -0.208 -10.81
5 24 10.791 -0.208 -10.81 10.5 -1.05 -10.4 9.95 -0.9 -10.867 11.434 -0.02 -10.523
5 24 11.434 -0.02 -10.523 10.801 -1.217 -10.083 10.5 -1.05 -10.4 11.094 -0.918 -10.105
5 24 11.434 -0.02 -10.523 11.094 -0.918 -10.105 10.801 -1.217 -10.083 12.192 0.203 -10.185
5 24 10.762 1.551 -11.838 10.207 -0.123 -11.223 9.83 1.346 -12.268 11.45 1.702 -11.52
5 24 11.45 1.702 -11.52 11.154 0.845 -11.212 10.207 -0.123 -11.223 12.141 1.854 -11.201
5 24 10.988 -4.556 -6.625 10.6 -5.05 -6.31 10.123 -5.007 -6.913 12.421 -3.81 -6.147
5 24 10.6 -5.05 -6.31 10.048 -5.645 -6.027 10.123 -5.007 -6.913 12.522 -4.775 -4.521
5 24 10.048 -5.645 -6.027 10.123 -5.007 -6.913 10.988 -4.556 -6.625 9.987 -5.125 -6.885
5 24 9.987 -5.125 -6.885 10.02 -5.06 -6.947 10.123 -5.007 -6.913 9.982 -5.08 -6.96
5 24 10.048 -5.645 -6.027 9.987 -5.125 -6.885 10.02 -5.06 -6.947 9.95 -5.75 -5.954
5 24 12.522 -4.775 -4.521 10.6 -5.05 -6.31 10.988 -4.556 -6.625 10.109 -6.172 -5.156
5 24 10.109 -6.172 -5.156 10.048 -5.645 -6.027 10.6 -5.05 -6.31 9.95 -5.75 -5.954
5 24 9.987 -5.125 -6.885 9.982 -5.08 -6.96 10.02 -5.06 -6.947 9.342 -5.342 -7.146
5 24 9.95 -5.75 -5.954 9.85 -5.4 -6.586 9.987 -5.125 -6.885 9.25 -6.25 -5.823
5 24 9.85 -5.4 -6.586 9.987 -5.125 -6.885 9.95 -5.75 -5.954 9.342 -5.342 -7.146
5 24 10.048 -5.645 -6.027 9.95 -5.75 -5.954 9.85 -5.4 -6.586 10.109 -6.172 -5.156
5 24 9.25 -6.25 -5.823 9.2 -6.1 -6.1 9.85 -5.4 -6.586 8.45 -6.65 -5.938
5 24 9.2 -6.1 -6.1 9.85 -5.4 -6.586 9.25 -6.25 -5.823 9.342 -5.342 -7.146
5 24 9.95 -5.75 -5.954 9.25 -6.25 -5.823 9.2 -6.1 -6.1 10.109 -6.172 -5.156
5 24 8.45 -6.65 -5.938 9.2 -6.1 -6.1 9.25 -6.25 -5.823 8.25 -6.25 -6.743
5 24 9.25 -6.25 -5.823 8.45 -6.65 -5.938 9.2 -6.1 -6.1 10.109 -6.172 -5.156
5 24 8.021 -5.883 -7.531 8.05 -6 -7.321 7.774 -5.984 -7.603 9.2 -6.1 -6.1
5 24 8.05 -6 -7.321 7.774 -5.984 -7.603 8.021 -5.883 -7.531 7.45 -6.2 -7.567
5 24 7.774 -5.984 -7.603 8.021 -5.883 -7.531 8.05 -6 -7.321 7.05 -5.65 -8.548
5 24 7.65 -6.45 -6.989 7.45 -6.2 -7.567 8.05 -6 -7.321 7.3 -6.7 -6.924
5 24 7.45 -6.2 -7.567 8.05 -6 -7.321 7.65 -6.45 -6.989 7.247 -6.2 -7.756
5 24 8.05 -6 -7.321 8.25 -6.25 -6.743 7.65 -6.45 -6.989 9.2 -6.1 -6.1
5 24 8.25 -6.25 -6.743 7.65 -6.45 -6.989 7.45 -6.2 -7.567 8.45 -6.65 -5.938
5 24 7.45 -6.2 -7.567 7.247 -6.2 -7.756 8.05 -6 -7.321 7.3 -6.7 -6.924
5 24 7.247 -6.2 -7.756 7.774 -5.984 -7.603 8.05 -6 -7.321 6.9 -6.2 -8.023
5 24 7.45 -6.2 -7.567 7.3 -6.7 -6.924 6.986 -6.307 -7.832 7.65 -6.45 -6.989
5 24 7.3 -6.7 -6.924 6.986 -6.307 -7.832 7.45 -6.2 -7.567 6.756 -6.401 -7.899
5 24 6.986 -6.307 -7.832 7.247 -6.2 -7.756 7.45 -6.2 -7.567 6.9 -6.2 -8.023
5 24 6.756 -6.401 -7.899 6.986 -6.307 -7.832 7.3 -6.7 -6.924 6.9 -6.2 -8.023
5 24 7.3 -6.7 -6.924 6.781 -6.989 -6.957 6.756 -6.401 -7.899 8.45 -6.65 -5.938
5 24 10.109 -6.172 -5.156 9.95 -5.75 -5.954 10.048 -5.645 -6.027 9.25 -6.25 -5.823
5 24 10.109 -6.172 -5.156 9.25 -6.25 -5.823 9.95 -5.75 -5.954 8.45 -6.65 -5.938
5 24 6.807 -7.62 -5.944 8.45 -6.65 -5.938 9.25 -6.25 -5.823 7.3 -6.7 -6.924
5 24 7.3 -6.7 -6.924 8.45 -6.65 -5.938 6.807 -7.62 -5.944 7.65 -6.45 -6.989
5 24 7.65 -6.45 -6.989 7.3 -6.7 -6.924 7.45 -6.2 -7.567 8.45 -6.65 -5.938
5 24 8.25 -6.25 -6.743 8.45 -6.65 -5.938 7.3 -6.7 -6.924 9.2 -6.1 -6.1
5 24 9.2 -6.1 -6.1 8.25 -6.25 -6.743 8.05 -6 -7.321 8.45 -6.65 -5.938
5 24 8.05 -6 -7.321 9.2 -6.1 -6.1 8.25 -6.25 -6.743 8.021 -5.883 -7.531
5 24 8.021 -5.883 -7.531 8.139 -5.835 -7.496 9.2 -6.1 -6.1 8 -5.8 -7.644
5 24 8.139 -5.835 -7.496 9.2 -6.1 -6.1 8.05 -6 -7.321 8.431 -5.715 -7.412
5 24 8.139 -5.835 -7.496 8.431 -5.715 -7.412 9.2 -6.1 -6.1 8 -5.8 -7.644
5 24 8.431 -5.715 -7.412 9.2 -6.1 -6.1 8.139 -5.835 -7.496 9.342 -5.342 -7.146
5 24 9.342 -5.342 -7.146 9.85 -5.4 -6.586 9.2 -6.1 -6.1 9.982 -5.08 -6.96
5 24 8.431 -5.715 -7.412 9.342 -5.342 -7.146 9.85 -5.4 -6.586 8 -5.5 -7.996
5 24 9.342 -5.342 -7.146 9.982 -5.08 -6.96 9.987 -5.125 -6.885 9.975 -4.989 -7.072
5 24 9.884 -3.8 -8.535 9.77 -3.8 -8.622 9.881 -3.759 -8.585 9.903 -4.05 -8.227
5 24 9.77 -3.8 -8.622 9.881 -3.759 -8.585 9.884 -3.8 -8.535 9.854 -3.364 -8.96
5 24 8.868 -4.132 -8.925 8.55 -4.45 -8.798 8.188 -4.382 -9.154 9.091 -4.05 -8.851
5 24 8.55 -4.45 -8.798 8.188 -4.382 -9.154 8.868 -4.132 -8.925 8.35 -4.75 -8.602
5 24 8.188 -4.382 -9.154 8.868 -4.132 -8.925 8.55 -4.45 -8.798 8.95 -4.05 -8.945
5 24 7.7 -4.65 -9.216 7.713 -4.557 -9.313 8.188 -4.382 -9.154 7.625 -4.59 -9.343
5 24 7.713 -4.557 -9.313 8.188 -4.382 -9.154 7.7 -4.65 -9.216 7.75 -4.3 -9.521
5 24 8.188 -4.382 -9.154 8.35 -4.75 -8.602 7.7 -4.65 -9.216 8.55 -4.45 -8.798
5 24 8.35 -4.75 -8.602 7.7 -4.65 -9.216 7.713 -4.557 -9.313 8.1 -5.2 -8.269
5 24 8.55 -4.45 -8.798 8.35 -4.75 -8.602 8.188 -4.382 -9.154 9.937 -4.492 -7.683
5 24 8.1 -5.2 -8.269 7.6 -4.9 -9.001 7.7 -4.65 -9.216 8 -5.5 -7.996
5 24 7.6 -4.9 -9.001 7.7 -4.65 -9.216 8.1 -5.2 -8.269 7.625 -4.59 -9.343
5 24 8.35 -4.75 -8.602 8.1 -5.2 -8.269 7.6 -4.9 -9.001 9.975 -4.989 -7.072
5 24 8 -5.5 -7.996 7.4 -5.25 -8.746 7.6 -4.9 -9.001 8 -5.8 -7.644
5 24 7.4 -5.25 -8.746 7.6 -4.9 -9.001 8 -5.5 -7.996 7.313 -4.705 -9.448
5 24 8.1 -5.2 -8.269 8 -5.5 -7.996 7.4 -5.25 -8.746 9.342 -5.342 -7.146
5 24 8 -5.8 -7.644 7.05 -5.65 -8.548 7.4 -5.25 -8.746 8.021 -5.883 -7.531
5 24 7.05 -5.65 -8.548 7.4 -5.25 -8.746 8 -5.8 -7.644 6.848 -4.876 -9.604
5 24 8 -5.5 -7.996 8 -5.8 -7.644 7.05 -5.65 -8.548 8.431 -5.715 -7.412
5 24 6.74 -5.925 -8.465 6.738 -5.861 -8.542 7.05 -5.65 -8.548 6.65 -5.92 -8.529
5 24 6.738 -5.861 -8.542 7.05 -5.65 -8.548 6.74 -5.925 -8.465 6.723 -5.428 -9.057
5 24 7.05 -5.65 -8.548 7.774 -5.984 -7.603 6.74 -5.925 -8.465 8 -5.8 -7.644
5 24 7.774 -5.984 -7.603 6.74 -5.925 -8.465 6.738 -5.861 -8.542 6.743 -6.024 -8.347
5 24 8 -5.8 -7.644 8.021 -5.883 -7.531 7.05 -5.65 -8.548 8.139 -5.835 -7.496
5 24 6.743 -6.024 -8.347 6.9 -6.2 -8.023 6.751 -6.257 -8.07 6.74 -5.925 -8.465
5 24 6.9 -6.2 -8.023 6.751 -6.257 -8.07 6.743 -6.024 -8.347 6.753 -6.322 -7.993
5 24 6.751 -6.257 -8.07 6.743 -6.024 -8.347 6.9 -6.2 -8.023 6.25 -6.45 -8.169
5 24 6.743 -6.024 -8.347 6.74 -5.925 -8.465 7.774 -5.984 -7.603 6.65 -5.92 -8.529
5 24 7.774 -5.984 -7.603 6.9 -6.2 -8.023 6.743 -6.024 -8.347 7.247 -6.2 -7.756
5 24 7.247 -6.2 -7.756 6.9 -6.2 -8.023 7.774 -5.984 -7.603 6.986 -6.307 -7.832
5 24 6.986 -6.307 -7.832 6.9 -6.2 -8.023 7.247 -6.2 -7.756 6.756 -6.401 -7.899
5 24 6.756 -6.401 -7.899 6.753 -6.322 -7.993 6.9 -6.2 -8.023 6.598 -6.452 -7.942
5 24 6.753 -6.322 -7.993 6.9 -6.2 -8.023 6.986 -6.307 -7.832 6.751 -6.257 -8.07
5 24 8 -5.8 -7.644 8.139 -5.835 -7.496 8.021 -5.883 -7.531 8 -5.5 -7.996
5 24 8 -5.5 -7.996 8.431 -5.715 -7.412 8 -5.8 -7.644 8.1 -5.2 -8.269
5 24 8.1 -5.2 -8.269 9.342 -5.342 -7.146 8 -5.5 -7.996 8.35 -4.75 -8.602
5 24 8.35 -4.75 -8.602 9.975 -4.989 -7.072 8.1 -5.2 -8.269 8.55 -4.45 -8.798
5 24 9.975 -4.989 -7.072 9.342 -5.342 -7.146 8.1 -5.2 -8.269 9.982 -5.08 -6.96
5 24 8.55 -4.45 -8.798 9.937 -4.492 -7.683 8.35 -4.75 -8.602 8.868 -4.132 -8.925
5 24 8.868 -4.132 -8.925 9.091 -4.05 -8.851 8.55 -4.45 -8.798 8.95 -4.05 -8.945
5 24 9.091 -4.05 -8.851 9.937 -4.492 -7.683 8.55 -4.45 -8.798 9.903 -4.05 -8.227
5 24 9.091 -4.05 -8.851 9.903 -4.05 -8.227 9.937 -4.492 -7.683 9.77 -3.8 -8.622
5 24 9.091 -4.05 -8.851 9.77 -3.8 -8.622 9.884 -3.8 -8.535 8.95 -4.05 -8.945
5 24 6.753 -6.322 -7.993 6.751 -6.257 -8.07 6.9 -6.2 -8.023 6.25 -6.45 -8.169
5 24 6.738 -5.861 -8.542 6.723 -5.428 -9.057 7.05 -5.65 -8.548 6.65 -5.92 -8.529
5 24 6.723 -5.428 -9.057 7.05 -5.65 -8.548 6.738 -5.861 -8.542 6.706 -4.928 -9.652
5 24 6.723 -5.428 -9.057 6.706 -4.928 -9.652 6.848 -4.876 -9.604 6.203 -5.075 -9.812
5 24 6.706 -4.928 -9.652 6.848 -4.876 -9.604 6.723 -5.428 -9.057 6.702 -4.776 -9.788
5 24 6.848 -4.876 -9.604 7.05 -5.65 -8.548 6.723 -5.428 -9.057 7.4 -5.25 -8.746
5 24 6.848 -4.876 -9.604 7.4 -5.25 -8.746 7.05 -5.65 -8.548 7.313 -4.705 -9.448
5 24 7.313 -4.705 -9.448 7.6 -4.9 -9.001 7.4 -5.25 -8.746 7.625 -4.59 -9.343
5 24 6.848 -4.876 -9.604 7.313 -4.705 -9.448 7.6 -4.9 -9.001 6.687 -4.279 -10.234
5 24 7.625 -4.59 -9.343 7.7 -4.65 -9.216 7.6 -4.9 -9.001 7.713 -4.557 -9.313
5 24 7.313 -4.705 -9.448 7.625 -4.59 -9.343 7.7 -4.65 -9.216 6.7 -3.85 -10.602
5 24 7.625 -4.59 -9.343 7.713 -4.557 -9.313 7.7 -4.65 -9.216 7.75 -4.3 -9.521
5 24 6.672 -3.791 -10.672 6.7 -3.85 -10.602 6.675 -3.865 -10.605 6.655 -3.2 -11.201
5 24 6.7 -3.85 -10.602 6.675 -3.865 -10.605 6.672 -3.791 -10.672 6.687 -4.279 -10.234
5 24 6.675 -3.865 -10.605 6.672 -3.791 -10.672 6.7 -3.85 -10.602 6.35 -4.05 -10.629
5 24 6.672 -3.791 -10.672 6.655 -3.2 -11.201 7.034 -3.086 -11.056 6.426 -3.26 -11.283
5 24 7.034 -3.086 -11.056 6.7 -3.85 -10.602 6.672 -3.791 -10.672 7.15 -3.75 -10.399
5 24 7.15 -3.75 -10.399 6.7 -3.85 -10.602 7.034 -3.086 -11.056 7.75 -4.3 -9.521
5 24 7.034 -3.086 -11.056 7.15 -3.75 -10.399 6.7 -3.85 -10.602 7.585 -2.92 -10.846
5 24 7.585 -2.92 -10.846 7.55 -3.8 -10.097 7.15 -3.75 -10.399 8.234 -2.726 -10.598
5 24 7.55 -3.8 -10.097 7.15 -3.75 -10.399 7.585 -2.92 -10.846 7.75 -4.05 -9.748
5 24 8.234 -2.726 -10.598 7.75 -4.05 -9.748 7.55 -3.8 -10.097 8.792 -2.558 -10.385
5 24 7.75 -4.05 -9.748 7.55 -3.8 -10.097 8.234 -2.726 -10.598 7.15 -3.75 -10.399
5 24 9.79 -2.424 -9.853 7.75 -4.05 -9.748 8.792 -2.558 -10.385 8.95 -4.05 -8.945
5 24 7.75 -4.05 -9.748 8.792 -2.558 -10.385 9.779 -2.261 -10.008 8.234 -2.726 -10.598
5 24 8.95 -4.05 -8.945 7.75 -4.05 -9.748 9.79 -2.424 -9.853 7.75 -4.3 -9.521
5 24 9.819 -2.855 -9.444 8.95 -4.05 -8.945 7.75 -4.05 -9.748 9.45 -3.8 -8.836
5 24 9.45 -3.8 -8.836 8.95 -4.05 -8.945 9.819 -2.855 -9.444 9.77 -3.8 -8.622
5 24 9.854 -3.364 -8.96 9.45 -3.8 -8.836 8.95 -4.05 -8.945 9.881 -3.759 -8.585
5 24 9.77 -3.8 -8.622 9.45 -3.8 -8.836 9.854 -3.364 -8.96 8.95 -4.05 -8.945
5 24 7.75 -4.3 -9.521 7.75 -4.05 -9.748 8.95 -4.05 -8.945 7.15 -3.75 -10.399
5 24 8.95 -4.05 -8.945 8.188 -4.382 -9.154 7.75 -4.3 -9.521 8.868 -4.132 -8.925
5 24 8.188 -4.382 -9.154 7.75 -4.3 -9.521 7.75 -4.05 -9.748 7.713 -4.557 -9.313
5 24 8.95 -4.05 -8.945 8.868 -4.132 -8.925 8.188 -4.382 -9.154 9.091 -4.05 -8.851
5 24 7.713 -4.557 -9.313 7.75 -4.3 -9.521 8.188 -4.382 -9.154 7.625 -4.59 -9.343
5 24 8.95 -4.05 -8.945 9.091 -4.05 -8.851 8.868 -4.132 -8.925 9.45 -3.8 -8.836
5 24 6.706 -4.928 -9.652 6.702 -4.776 -9.788 6.848 -4.876 -9.604 6.203 -5.075 -9.812
5 24 6.702 -4.776 -9.788 6.848 -4.876 -9.604 6.706 -4.928 -9.652 6.687 -4.279 -10.234
5 24 6.687 -4.279 -10.234 7.313 -4.705 -9.448 6.848 -4.876 -9.604 6.675 -3.865 -10.605
5 24 6.702 -4.776 -9.788 6.687 -4.279 -10.234 7.313 -4.705 -9.448 6 -4.3 -10.611
5 24 6.687 -4.279 -10.234 6.675 -3.865 -10.605 6.7 -3.85 -10.602 6.35 -4.05 -10.629
5 24 6.7 -3.85 -10.602 7.313 -4.705 -9.448 6.687 -4.279 -10.234 7.625 -4.59 -9.343
5 24 6.7 -3.85 -10.602 7.625 -4.59 -9.343 7.313 -4.705 -9.448 7.15 -3.75 -10.399
5 24 7.15 -3.75 -10.399 7.75 -4.3 -9.521 6.7 -3.85 -10.602 7.55 -3.8 -10.097
5 24 7.75 -4.3 -9.521 7.625 -4.59 -9.343 6.7 -3.85 -10.602 7.713 -4.557 -9.313
5 24 9.627 3.251 -13.157 6.756 0.736 -13.537 6.676 0.919 -13.648 9.681 2.746 -12.922
5 24 6.756 0.736 -13.537 6.676 0.919 -13.648 7.112 2.87 -14.199 6.629 0.711 -13.589
5 24 9.681 2.746 -12.922 9.361 1.253 -12.462 9.627 3.251 -13.157 9.83 1.346 -12.268
5 24 4.7 -5.95 -9.773 5.1 -6.05 -9.386 5.1 -6.6 -8.739 4.653 -5.529 -10.307
5 24 5.1 -6.05 -9.386 5.1 -6.6 -8.739 4.7 -5.95 -9.773 6 -6.2 -8.623
5 24 5.1 -6.6 -8.739 4.7 -5.95 -9.773 5.1 -6.05 -9.386 3.759 -5.791 -10.592
5 24 4.7 -5.95 -9.773 4.653 -5.529 -10.307 4.703 -5.515 -10.291 3.759 -5.791 -10.592
5 24 4.653 -5.529 -10.307 4.703 -5.515 -10.291 4.7 -5.95 -9.773 4.65 -5.5 -10.334
5 24 4.703 -5.515 -10.291 5.1 -6.05 -9.386 4.7 -5.95 -9.773 5.2 -5.65 -9.797
5 24 5.2 -5.65 -9.797 5.1 -6.05 -9.386 4.703 -5.515 -10.291 6 -6.2 -8.623
5 24 4.703 -5.515 -10.291 5.2 -5.65 -9.797 5.1 -6.05 -9.386 5.314 -5.336 -10.096
5 24 5.314 -5.336 -10.096 5.2 -5.65 -9.797 4.703 -5.515 -10.291 5.622 -5.246 -9.998
5 24 4.703 -5.515 -10.291 5.314 -5.336 -10.096 5.2 -5.65 -9.797 5.4 -5.1 -10.254
5 24 6.74 -5.925 -8.465 6.65 -5.92 -8.529 6.738 -5.861 -8.542 6.743 -6.024 -8.347
5 24 6.65 -5.92 -8.529 6.738 -5.861 -8.542 6.74 -5.925 -8.465 6.723 -5.428 -9.057
5 24 6 -6.2 -8.623 6.65 -5.92 -8.529 6.743 -6.024 -8.347 5.622 -5.246 -9.998
5 24 6.65 -5.92 -8.529 6.743 -6.024 -8.347 6 -6.2 -8.623 6.74 -5.925 -8.465
5 24 6.743 -6.024 -8.347 6.25 -6.45 -8.169 6 -6.2 -8.623 6.751 -6.257 -8.07
5 24 6.25 -6.45 -8.169 6 -6.2 -8.623 6.65 -5.92 -8.529 5.1 -6.6 -8.739
5 24 6.751 -6.257 -8.07 6.25 -6.45 -8.169 6.743 -6.024 -8.347 6.753 -6.322 -7.993
5 24 6.598 -6.452 -7.942 6.753 -6.322 -7.993 6.756 -6.401 -7.899 6.271 -6.557 -8.03
5 24 6.753 -6.322 -7.993 6.271 -6.557 -8.03 6.25 -6.45 -8.169 6.598 -6.452 -7.942
5 24 6.271 -6.557 -8.03 6.25 -6.45 -8.169 6.751 -6.257 -8.07 3.759 -7.366 -8.712
5 24 3.759 -7.366 -8.712 5.1 -6.6 -8.739 6.25 -6.45 -8.169 3.759 -5.791 -10.592
5 24 5.1 -6.6 -8.739 6.25 -6.45 -8.169 6.271 -6.557 -8.03 5.1 -6.05 -9.386
5 24 5.1 -6.05 -9.386 6 -6.2 -8.623 5.1 -6.6 -8.739 5.2 -5.65 -9.797
5 24 5.2 -5.65 -9.797 6 -6.2 -8.623 5.1 -6.05 -9.386 5.314 -5.336 -10.096
5 24 5.314 -5.336 -10.096 5.622 -5.246 -9.998 5.2 -5.65 -9.797 5.4 -5.1 -10.254
5 24 5.622 -5.246 -9.998 6 -6.2 -8.623 5.2 -5.65 -9.797 6.65 -5.92 -8.529
5 24 5.622 -5.246 -9.998 6.65 -5.92 -8.529 6 -6.2 -8.623 6.203 -5.075 -9.812
5 24 5.622 -5.246 -9.998 6.203 -5.075 -9.812 6.723 -5.428 -9.057 5.4 -5.1 -10.254
5 24 6.203 -5.075 -9.812 6.723 -5.428 -9.057 5.622 -5.246 -9.998 6.706 -4.928 -9.652
5 24 6.723 -5.428 -9.057 6.65 -5.92 -8.529 5.622 -5.246 -9.998 6.738 -5.861 -8.542
5 24 6.203 -5.075 -9.812 6.706 -4.928 -9.652 6.723 -5.428 -9.057 6.702 -4.776 -9.788
5 24 3.759 -5.791 -10.592 4.7 -5.95 -9.773 5.1 -6.6 -8.739 4.653 -5.529 -10.307
5 24 3.759 -5.791 -10.592 4.653 -5.529 -10.307 4.7 -5.95 -9.773 4.65 -5.5 -10.334
5 24 4.653 -5.529 -10.307 4.65 -5.5 -10.334 4.703 -5.515 -10.291 3.759 -5.791 -10.592
5 24 4.65 -5.5 -10.334 4.703 -5.515 -10.291 4.653 -5.529 -10.307 4.7 -5 -10.745
5 24 4.65 -5.5 -10.334 4.7 -5 -10.745 5.4 -5.1 -10.254 3.759 -5.791 -10.592
5 24 4.7 -5 -10.745 5.4 -5.1 -10.254 4.65 -5.5 -10.334 4.8 -4.4 -11.222
5 24 5.4 -5.1 -10.254 4.703 -5.515 -10.291 4.65 -5.5 -10.334 5.314 -5.336 -10.096
5 24 5.4 -5.1 -10.254 5.314 -5.336 -10.096 4.703 -5.515 -10.291 5.622 -5.246 -9.998
5 24 4.7 -5 -10.745 4.8 -4.4 -11.222 5.65 -4.7 -10.461 3.734 -3.962 -12.243
5 24 4.8 -4.4 -11.222 5.65 -4.7 -10.461 4.7 -5 -10.745 5.05 -3.75 -11.656
5 24 5.65 -4.7 -10.461 5.4 -5.1 -10.254 4.7 -5 -10.745 6.203 -5.075 -9.812
5 24 4.8 -4.4 -11.222 5.05 -3.75 -11.656 6 -4.3 -10.611 3.734 -3.962 -12.243
5 24 5.05 -3.75 -11.656 6 -4.3 -10.611 4.8 -4.4 -11.222 5.151 -3.592 -11.737
5 24 6 -4.3 -10.611 5.65 -4.7 -10.461 4.8 -4.4 -11.222 6.702 -4.776 -9.788
5 24 5.05 -3.75 -11.656 5.151 -3.592 -11.737 5.814 -3.419 -11.501 3.734 -3.962 -12.243
5 24 5.151 -3.592 -11.737 5.814 -3.419 -11.501 5.05 -3.75 -11.656 5.5 -3.05 -11.93
5 24 5.814 -3.419 -11.501 6 -4.3 -10.611 5.05 -3.75 -11.656 6.35 -4.05 -10.629
5 24 6.35 -4.05 -10.629 6 -4.3 -10.611 5.814 -3.419 -11.501 6.687 -4.279 -10.234
5 24 5.814 -3.419 -11.501 6.35 -4.05 -10.629 6 -4.3 -10.611 6.426 -3.26 -11.283
5 24 5.814 -3.419 -11.501 6.426 -3.26 -11.283 6.672 -3.791 -10.672 5.5 -3.05 -11.93
5 24 6.426 -3.26 -11.283 6.672 -3.791 -10.672 5.814 -3.419 -11.501 6.655 -3.2 -11.201
5 24 6.672 -3.791 -10.672 6.35 -4.05 -10.629 5.814 -3.419 -11.501 6.675 -3.865 -10.605
5 24 6.675 -3.865 -10.605 6.35 -4.05 -10.629 6.672 -3.791 -10.672 6.687 -4.279 -10.234
5 24 6.426 -3.26 -11.283 6.655 -3.2 -11.201 6.672 -3.791 -10.672 6.05 -2.45 -12.055
5 24 5.4 -5.1 -10.254 5.622 -5.246 -9.998 5.314 -5.336 -10.096 5.65 -4.7 -10.461
5 24 5.65 -4.7 -10.461 6.203 -5.075 -9.812 5.4 -5.1 -10.254 6 -4.3 -10.611
5 24 6 -4.3 -10.611 6.702 -4.776 -9.788 5.65 -4.7 -10.461 6.35 -4.05 -10.629
5 24 6.702 -4.776 -9.788 6.203 -5.075 -9.812 5.65 -4.7 -10.461 6.706 -4.928 -9.652
5 24 6.35 -4.05 -10.629 6.687 -4.279 -10.234 6 -4.3 -10.611 6.675 -3.865 -10.605
5 24 3.759 -5.791 -10.592 4.65 -5.5 -10.334 4.653 -5.529 -10.307 4.7 -5 -10.745
5 24 3.734 -3.962 -12.243 4.7 -5 -10.745 4.65 -5.5 -10.334 4.8 -4.4 -11.222
5 24 3.734 -3.962 -12.243 4.8 -4.4 -11.222 4.7 -5 -10.745 5.05 -3.75 -11.656
5 24 3.734 -3.962 -12.243 5.05 -3.75 -11.656 4.8 -4.4 -11.222 5.151 -3.592 -11.737
5 24 3.734 -3.962 -12.243 5.151 -3.592 -11.737 5.05 -3.75 -11.656 5.5 -3.05 -11.93
5 24 5.151 -3.592 -11.737 5.5 -3.05 -11.93 5.814 -3.419 -11.501 3.734 -3.962 -12.243
5 24 5.5 -3.05 -11.93 5.814 -3.419 -11.501 5.151 -3.592 -11.737 6.05 -2.45 -12.055
5 24 5.5 -3.05 -11.93 6.05 -2.45 -12.055 6.426 -3.26 -11.283 3.785 -1.93 -13.589
5 24 6.05 -2.45 -12.055 6.426 -3.26 -11.283 5.5 -3.05 -11.93 6.655 -3.2 -11.201
5 24 6.05 -2.45 -12.055 6.655 -1.885 -12.125 6.655 -3.2 -11.201 6.655 -1.583 -12.338
5 24 3.785 -1.93 -13.589 5.5 -3.05 -11.93 5.151 -3.592 -11.737 6.05 -2.45 -12.055
5 24 5.404 -1.587 -12.987 6.05 -2.45 -12.055 5.5 -3.05 -11.93 6.463 -1.362 -12.593
5 24 6.463 -1.362 -12.593 6.655 -1.583 -12.338 5.404 -1.587 -12.987 6.655 -1.321 -12.522
5 24 6.655 -1.583 -12.338 6.05 -2.45 -12.055 5.404 -1.587 -12.987 6.655 -1.885 -12.125
5 24 6.055 2.332 -14.539 4.826 5.131 -15.519 7.112 2.87 -14.199 4.115 1.346 -15.164
5 24 4.826 5.131 -15.519 7.112 2.87 -14.199 6.055 2.332 -14.539 10.262 5.461 -13.437
