0 Slope Brick 45  2 x  2 with Red Square and Circuitry Pattern
0 Name: 3039pc0.dat
0 Author: Daniel Goerner [TK-949]
0 !LDRAW_ORG Part UPDATE 2012-02
0 !LICENSE Redistributable under CCAL version 2.0 : see CAreadme.txt

0 BFC CERTIFY CCW

0 !HISTORY 2012-08-09 [PTadmin] Official Update 2012-02

1 16 0 0 0 1 0 0 0 1 0 0 0 1 s\3039s01.dat
4 4 6.22 7.187 -17.187 6.52 5.646 -15.645 6.14 5.391 -15.391 5.44 5.653 -15.653
4 4 6.79 5.532 -15.532 6.52 5.646 -15.645 6.22 7.187 -17.187 6.69 7.046 -17.046
3 4 6.44 7.336 -17.335 6.69 7.046 -17.046 6.22 7.187 -17.187
3 4 7.29 5.377 -15.377 6.79 5.349 -15.349 6.79 5.532 -15.532
4 4 7.29 5.377 -15.377 6.79 5.532 -15.532 6.69 7.046 -17.046 7.22 7.385 -17.385
4 4 7.47 5.299 -15.299 7.29 5.377 -15.377 7.22 7.385 -17.385 8.13 7.053 -17.053
3 4 8.15 5.539 -15.539 7.47 5.299 -15.299 8.13 7.053 -17.053
4 4 7.47 5.299 -15.299 8.15 5.539 -15.539 8.26 5.327 -15.327 6.99 4.712 -14.712
3 4 8.56 5.066 -15.066 6.99 4.712 -14.712 8.26 5.327 -15.327
4 4 8.56 5.066 -15.066 8.75 5.186 -15.186 9.1 5.214 -15.214 9.47 4.733 -14.733
3 4 9.47 4.733 -14.733 6.99 4.712 -14.712 8.56 5.066 -15.066
3 4 6.47 5.087 -15.087 6.99 4.712 -14.712 6.52 4.903 -14.903
4 4 6.09 4.854 -14.854 6.28 4.981 -14.981 6.52 4.903 -14.903 6.99 4.712 -14.712
4 4 9.37 5.554 -15.554 8.15 5.539 -15.539 8.13 7.053 -17.053 9.65 5.61 -15.61
4 4 9.93 5.836 -15.836 9.88 5.511 -15.511 9.65 5.61 -15.61 8.13 7.053 -17.053
4 4 8.13 7.053 -17.053 8.12 7.795 -17.795 8.97 7.696 -17.696 9.2 7.59 -17.59
4 4 9.93 5.836 -15.836 8.13 7.053 -17.053 9.2 7.59 -17.59 9.84 7.534 -17.533
4 4 9.93 5.836 -15.836 9.84 7.534 -17.533 9.99 7.625 -17.625 10.44 5.44 -15.44
4 4 10.44 5.44 -15.44 9.99 7.625 -17.625 10.65 7.604 -17.604 10.91 5.469 -15.469
4 4 10.91 5.469 -15.469 10.65 7.604 -17.604 11.07 7.611 -17.611 11.42 5.815 -15.815
4 4 11.42 5.815 -15.815 11.07 7.611 -17.611 11.68 7.59 -17.59 12.12 5.384 -15.384
4 4 12.78 6.056 -16.056 12.12 5.384 -15.384 11.68 7.59 -17.59 12.31 7.534 -17.533
3 4 11.85 7.703 -17.703 12.31 7.534 -17.533 11.68 7.59 -17.59
4 4 12.66 8.29 -18.29 12.31 7.534 -17.533 11.85 7.703 -17.703 11.78 7.894 -17.894
4 4 12.66 8.29 -18.29 11.78 7.894 -17.894 11.54 7.958 -17.958 11.61 13.912 -23.912
4 4 11.07 7.611 -17.611 11.17 7.951 -17.951 11.54 7.958 -17.958 11.68 7.59 -17.59
4 4 9.99 7.625 -17.625 10.15 7.965 -17.965 10.75 7.915 -17.915 10.65 7.604 -17.604
4 4 9.2 7.59 -17.59 9.32 7.887 -17.887 9.72 7.958 -17.958 9.84 7.534 -17.533
4 4 9.06 7.986 -17.986 8.97 7.696 -17.696 8.12 7.795 -17.795 7.16 8.142 -18.142
4 4 9.72 7.958 -17.958 9.32 7.887 -17.887 9.06 7.986 -17.986 4.95 9.973 -19.973
4 4 6.43 7.88 -17.88 7.16 8.142 -18.142 7.1 7.838 -17.838 6.77 7.597 -17.597
4 4 6.43 7.88 -17.88 6.07 7.64 -17.64 5.32 8.12 -18.12 4.95 8.453 -18.453
4 4 10.91 5.469 -15.469 11.42 5.815 -15.815 11.38 5.094 -15.094 10.79 4.422 -14.422
4 4 10.79 4.422 -14.422 11.38 5.094 -15.094 11.89 4.91 -14.91 12.18 4.627 -14.627
4 4 12.78 6.056 -16.056 12.31 7.534 -17.533 12.93 7.491 -17.491 13.48 7.081 -17.081
3 4 13.48 7.081 -17.081 12.93 5.667 -15.667 12.78 6.056 -16.056
4 4 9.47 4.733 -14.733 9.57 5.023 -15.023 10.05 4.839 -14.839 10.79 4.422 -14.422
3 4 10.46 4.917 -14.917 10.79 4.422 -14.422 10.05 4.839 -14.839
4 4 5.71 4.825 -14.825 4.95 4.967 -14.967 4.95 5.306 -15.306 5.44 5.653 -15.653
4 4 4.95 6.148 -16.148 5.44 5.653 -15.653 4.95 5.306 -15.306 2.09 5.306 -15.306
4 4 5.44 5.653 -15.653 4.95 6.148 -16.148 4.95 6.459 -16.459 5.42 7.194 -17.194
4 4 4.95 7.307 -17.307 5.42 7.194 -17.194 4.95 6.459 -16.459 2.09 6.459 -16.459
4 4 5.42 7.194 -17.194 4.95 7.307 -17.307 4.95 7.618 -17.618 5.32 8.12 -18.12
4 4 12.92 4.938 -14.938 12.93 5.667 -15.667 13.48 7.081 -17.081 15.85 4.125 -14.125
4 4 12.18 4.627 -14.627 12.46 4.847 -14.847 12.92 4.938 -14.938 15.85 4.125 -14.125
4 4 15.85 4.125 -14.125 13.48 7.081 -17.081 13.63 7.944 -17.944 15.85 17.843 -27.843
4 15 5.71 4.825 -14.825 5.44 5.653 -15.653 6.14 5.391 -15.391 6.09 4.854 -14.854
3 15 6.09 4.854 -14.854 6.14 5.391 -15.391 6.28 4.981 -14.981
4 15 6.47 5.087 -15.087 6.52 4.903 -14.903 6.28 4.981 -14.981 6.14 5.391 -15.391
4 15 6.47 5.087 -15.087 6.14 5.391 -15.391 6.52 5.646 -15.645 6.79 5.532 -15.532
3 15 6.47 5.087 -15.087 6.79 5.532 -15.532 6.79 5.349 -15.349
4 15 6.99 4.712 -14.712 6.47 5.087 -15.087 6.79 5.349 -15.349 7.29 5.377 -15.377
3 15 6.99 4.712 -14.712 7.29 5.377 -15.377 7.47 5.299 -15.299
4 15 8.26 5.327 -15.327 8.15 5.539 -15.539 9.37 5.554 -15.554 8.75 5.186 -15.186
3 15 8.56 5.066 -15.066 8.26 5.327 -15.327 8.75 5.186 -15.186
4 15 9.1 5.214 -15.214 8.75 5.186 -15.186 9.37 5.554 -15.554 9.65 5.61 -15.61
4 15 9.1 5.214 -15.214 9.65 5.61 -15.61 9.57 5.023 -15.023 9.47 4.733 -14.733
4 15 9.57 5.023 -15.023 9.65 5.61 -15.61 9.88 5.511 -15.511 10.05 4.839 -14.839
4 15 9.88 5.511 -15.511 9.93 5.836 -15.836 10.44 5.44 -15.44 10.05 4.839 -14.839
4 15 10.46 4.917 -14.917 10.05 4.839 -14.839 10.44 5.44 -15.44 10.91 5.469 -15.469
3 15 10.79 4.422 -14.422 10.46 4.917 -14.917 10.91 5.469 -15.469
4 15 11.38 5.094 -15.094 11.42 5.815 -15.815 12.12 5.384 -15.384 11.89 4.91 -14.91
4 15 11.89 4.91 -14.91 12.12 5.384 -15.384 12.46 4.847 -14.847 12.18 4.627 -14.627
4 15 12.92 4.938 -14.938 12.46 4.847 -14.847 12.12 5.384 -15.384 12.93 5.667 -15.667
3 15 12.12 5.384 -15.384 12.78 6.056 -16.056 12.93 5.667 -15.667
4 15 5.42 7.194 -17.194 5.32 8.12 -18.12 6.07 7.64 -17.64 5.97 7.314 -17.314
3 15 5.78 7.159 -17.159 5.42 7.194 -17.194 5.97 7.314 -17.314
4 15 6.44 7.336 -17.335 6.22 7.187 -17.187 5.97 7.314 -17.314 6.07 7.64 -17.64
4 15 7.22 7.385 -17.385 6.69 7.046 -17.046 6.44 7.336 -17.335 6.77 7.597 -17.597
4 15 8.12 7.795 -17.795 8.13 7.053 -17.053 7.22 7.385 -17.385 7.1 7.838 -17.838
3 15 8.12 7.795 -17.795 7.1 7.838 -17.838 7.16 8.142 -18.142
3 15 7.22 7.385 -17.385 6.77 7.597 -17.597 7.1 7.838 -17.838
4 15 6.77 7.597 -17.597 6.44 7.336 -17.335 6.07 7.64 -17.64 6.43 7.88 -17.88
4 15 8.97 7.696 -17.696 9.06 7.986 -17.986 9.32 7.887 -17.887 9.2 7.59 -17.59
4 15 9.84 7.534 -17.533 9.72 7.958 -17.958 10.15 7.965 -17.965 9.99 7.625 -17.625
4 15 10.65 7.604 -17.604 10.75 7.915 -17.915 11.17 7.951 -17.951 11.07 7.611 -17.611
4 15 11.68 7.59 -17.59 11.54 7.958 -17.958 11.78 7.894 -17.894 11.85 7.703 -17.703
4 15 12.31 7.534 -17.533 12.66 8.29 -18.29 12.98 8.014 -18.014 12.93 7.491 -17.491
4 15 12.93 7.491 -17.491 12.98 8.014 -18.014 13.63 7.944 -17.944 13.48 7.081 -17.081
4 15 5.22 12.575 -22.575 5.45 12.717 -22.717 6.06 12.448 -22.448 5.86 11.988 -21.988
3 15 5.47 11.755 -21.755 5.86 11.988 -21.988 6.02 11.911 -21.91
3 15 5.47 11.755 -21.755 5.22 12.575 -22.575 5.86 11.988 -21.988
4 15 6.24 12.038 -22.038 5.86 11.988 -21.988 6.06 12.448 -22.448 6.37 12.13 -22.13
4 15 6.72 12.405 -22.405 6.37 12.13 -22.13 6.06 12.448 -22.448 6.43 12.724 -22.724
4 15 7.37 12.342 -22.342 6.91 11.79 -21.79 6.37 12.13 -22.13 6.72 12.405 -22.405
3 15 7.37 12.342 -22.342 6.72 12.405 -22.405 6.91 12.533 -22.533
4 15 5.7 14.23 -24.23 5.3 14.23 -24.23 5.1 14.81 -24.81 5.97 14.704 -24.704
4 15 6.05 14.456 -24.456 5.7 14.23 -24.23 5.97 14.704 -24.704 6.57 14.866 -24.866
4 15 6.09 14.279 -24.279 6.05 14.456 -24.456 6.57 14.866 -24.866 7.05 14.668 -24.668
3 15 6.52 13.784 -23.784 6.09 14.279 -24.279 7.05 14.668 -24.668
4 15 7.6 14.293 -24.294 7.18 14.265 -24.265 7.32 15.149 -25.149 8.26 14.796 -24.796
3 15 8.35 13.827 -23.827 7.6 14.293 -24.294 8.26 14.796 -24.796
4 15 8.99 14.315 -24.315 8.8 14.951 -24.951 9.66 14.781 -24.781 9.46 14.336 -24.336
3 15 9.46 14.124 -24.124 8.99 14.315 -24.315 9.46 14.336 -24.336
4 15 9.82 14.378 -24.378 9.65 14.258 -24.258 9.46 14.336 -24.336 9.66 14.781 -24.781
4 15 10.88 14.357 -24.357 10.37 14.011 -24.011 9.82 14.378 -24.378 10.29 14.732 -24.732
4 15 10.29 14.732 -24.732 9.82 14.378 -24.378 9.66 14.781 -24.781 10.03 15.036 -25.036
4 15 10.88 14.357 -24.357 10.29 14.732 -24.732 10.72 14.788 -24.788 11.27 14.378 -24.378
4 15 11.06 15.015 -25.015 11.27 14.378 -24.378 10.72 14.788 -24.788 10.58 15.206 -25.206
4 15 11.27 14.378 -24.378 11.06 15.015 -25.015 11.72 14.972 -24.972 11.71 14.201 -24.201
3 15 11.61 13.912 -23.912 11.27 14.378 -24.378 11.71 14.201 -24.201
4 15 5.16 16.655 -26.655 5.16 17.412 -27.412 5.92 16.959 -26.959 5.63 16.719 -26.719
3 15 5.92 16.959 -26.959 6.52 17.68 -27.68 6.48 17.27 -27.27
4 15 5.92 16.959 -26.959 6.48 17.27 -27.27 6.68 16.5 -26.5 6.3 16.471 -26.471
4 15 5.63 16.719 -26.719 5.92 16.959 -26.959 6.3 16.471 -26.471 6.11 16.323 -26.323
4 15 2.09 16.662 -26.662 2.09 16.995 -26.995 4.95 16.995 -26.995 4.95 16.662 -26.662
4 15 2.09 15.503 -25.503 2.09 15.814 -25.814 4.95 15.814 -25.814 4.95 15.503 -25.503
4 15 2.09 14.357 -24.357 2.09 14.661 -24.661 4.95 14.661 -24.661 4.95 14.357 -24.357
4 15 2.09 13.169 -23.169 2.09 13.509 -23.509 4.95 13.509 -23.509 4.95 13.169 -23.169
4 15 2.09 11.988 -21.988 2.09 12.335 -22.335 4.95 12.335 -22.335 4.95 11.988 -21.988
4 15 2.09 10.815 -20.814 2.09 11.147 -21.147 4.95 11.147 -21.147 4.95 10.815 -20.814
4 15 2.09 9.641 -19.641 2.09 9.973 -19.973 4.95 9.973 -19.973 4.95 9.641 -19.641
4 15 2.09 8.453 -18.453 2.09 8.792 -18.792 4.95 8.792 -18.792 4.95 8.453 -18.453
4 15 2.09 7.307 -17.307 2.09 7.618 -17.618 4.95 7.618 -17.618 4.95 7.307 -17.307
4 15 2.09 6.148 -16.148 2.09 6.459 -16.459 4.95 6.459 -16.459 4.95 6.148 -16.148
4 15 2.09 4.967 -14.967 2.09 5.306 -15.306 4.95 5.306 -15.306 4.95 4.967 -14.967
4 4 2.09 4.125 -14.125 2.09 4.967 -14.967 4.95 4.967 -14.967 5.71 4.825 -14.825
4 4 5.71 4.825 -14.825 6.09 4.854 -14.854 6.99 4.712 -14.712 2.09 4.125 -14.125
4 4 2.09 4.125 -14.125 6.99 4.712 -14.712 9.47 4.733 -14.733 10.79 4.422 -14.422
3 4 12.18 4.627 -14.627 15.85 4.125 -14.125 10.79 4.422 -14.422
3 4 10.79 4.422 -14.422 15.85 4.125 -14.125 2.09 4.125 -14.125
3 4 4.95 6.148 -16.148 2.09 5.306 -15.306 2.09 6.148 -16.148
3 4 4.95 7.307 -17.307 2.09 6.459 -16.459 2.09 7.307 -17.307
4 4 2.09 7.618 -17.618 2.09 8.453 -18.453 4.95 8.453 -18.453 4.95 7.618 -17.618
4 4 2.09 8.792 -18.792 2.09 9.641 -19.641 4.95 9.641 -19.641 4.95 8.792 -18.792
4 4 2.09 9.973 -19.973 2.09 10.815 -20.814 4.95 10.815 -20.814 4.95 9.973 -19.973
4 4 2.09 11.147 -21.147 2.09 11.988 -21.988 4.95 11.988 -21.988 4.95 11.147 -21.147
4 4 2.09 12.335 -22.335 2.09 13.169 -23.169 4.95 13.169 -23.169 4.95 12.335 -22.335
4 4 2.09 13.509 -23.509 2.09 14.357 -24.357 4.95 14.357 -24.357 4.95 13.509 -23.509
4 4 2.09 14.661 -24.661 2.09 15.503 -25.503 4.95 15.503 -25.503 4.95 14.661 -24.661
4 4 2.09 15.814 -25.814 2.09 16.662 -26.662 4.95 16.662 -26.662 4.95 15.814 -25.814
4 4 4.95 16.995 -26.995 2.09 16.995 -26.995 2.09 17.843 -27.843 5.16 17.412 -27.412
3 4 6.52 17.68 -27.68 5.92 16.959 -26.959 5.16 17.412 -27.412
3 4 6.52 17.68 -27.68 5.16 17.412 -27.412 2.09 17.843 -27.843
3 4 15.85 17.843 -27.843 6.52 17.68 -27.68 2.09 17.843 -27.843
4 4 4.95 16.995 -26.995 5.16 17.412 -27.412 5.16 16.655 -26.655 4.95 16.662 -26.662
4 4 4.95 15.814 -25.814 4.95 16.662 -26.662 5.16 16.655 -26.655 6.11 16.323 -26.323
3 4 5.63 16.719 -26.719 6.11 16.323 -26.323 5.16 16.655 -26.655
4 4 6.11 16.323 -26.323 6.3 16.471 -26.471 6.68 16.5 -26.5 6.57 14.866 -24.866
4 4 6.68 16.5 -26.5 6.48 17.27 -27.27 6.52 17.68 -27.68 15.85 17.843 -27.843
4 4 4.95 15.503 -25.503 4.95 15.814 -25.814 6.11 16.323 -26.323 5.1 14.81 -24.81
3 4 5.1 14.81 -24.81 4.95 14.661 -24.661 4.95 15.503 -25.503
4 4 5.97 14.704 -24.704 5.1 14.81 -24.81 6.11 16.323 -26.323 6.57 14.866 -24.866
4 4 7.05 14.668 -24.668 6.57 14.866 -24.866 6.68 16.5 -26.5 7.32 15.149 -25.149
4 4 8.8 14.951 -24.951 8.26 14.796 -24.796 7.32 15.149 -25.149 6.68 16.5 -26.5
4 4 10.03 15.036 -25.036 9.66 14.781 -24.781 8.8 14.951 -24.951 6.68 16.5 -26.5
4 4 10.29 14.732 -24.732 10.03 15.036 -25.036 10.58 15.206 -25.206 10.72 14.788 -24.788
4 4 11.72 14.972 -24.972 11.06 15.015 -25.015 10.58 15.206 -25.206 15.85 17.843 -27.843
4 4 11.61 13.912 -23.912 10.37 14.011 -24.011 10.88 14.357 -24.357 11.27 14.378 -24.378
4 4 8.35 13.827 -23.827 8.26 14.796 -24.796 8.8 14.951 -24.951 8.99 14.315 -24.315
3 4 9.46 14.124 -24.124 8.35 13.827 -23.827 8.99 14.315 -24.315
3 4 9.65 14.258 -24.258 9.46 14.124 -24.124 9.46 14.336 -24.336
3 4 9.82 14.378 -24.378 10.37 14.011 -24.011 9.65 14.258 -24.258
3 4 9.65 14.258 -24.258 10.37 14.011 -24.011 9.46 14.124 -24.124
4 4 7.18 14.265 -24.265 7.6 14.293 -24.294 8.35 13.827 -23.827 6.52 13.784 -23.784
3 4 7.18 14.265 -24.265 6.52 13.784 -23.784 7.05 14.668 -24.668
3 4 7.32 15.149 -25.149 7.18 14.265 -24.265 7.05 14.668 -24.668
3 4 6.09 14.279 -24.279 5.7 14.23 -24.23 6.05 14.456 -24.456
3 4 6.09 14.279 -24.279 6.52 13.784 -23.784 5.7 14.23 -24.23
4 4 5.3 14.23 -24.23 5.7 14.23 -24.23 6.52 13.784 -23.784 4.95 13.509 -23.509
4 4 4.95 14.661 -24.661 5.1 14.81 -24.81 5.3 14.23 -24.23 4.95 14.357 -24.357
3 4 5.3 14.23 -24.23 4.95 13.509 -23.509 4.95 14.357 -24.357
4 4 10.58 15.206 -25.206 10.03 15.036 -25.036 6.68 16.5 -26.5 15.85 17.843 -27.843
3 4 15.85 17.843 -27.843 11.71 14.201 -24.201 11.72 14.972 -24.972
4 4 11.61 13.912 -23.912 11.71 14.201 -24.201 15.85 17.843 -27.843 13.63 7.944 -17.944
3 4 10.37 14.011 -24.011 8.35 13.827 -23.827 9.46 14.124 -24.124
4 4 8.35 13.827 -23.827 10.37 14.011 -24.011 11.61 13.912 -23.912 7.37 12.342 -22.342
4 4 6.43 12.724 -22.724 6.06 12.448 -22.448 5.45 12.717 -22.717 6.52 13.784 -23.784
4 4 6.91 12.533 -22.533 6.72 12.405 -22.405 6.43 12.724 -22.724 6.52 13.784 -23.784
3 4 6.37 12.13 -22.13 6.91 11.79 -21.79 6.24 12.038 -22.038
4 4 6.02 11.911 -21.91 5.86 11.988 -21.988 6.24 12.038 -22.038 6.91 11.79 -21.79
4 4 5.47 11.755 -21.755 6.02 11.911 -21.91 6.91 11.79 -21.79 4.95 11.147 -21.147
4 4 4.95 13.169 -23.169 4.95 13.509 -23.509 6.52 13.784 -23.784 5.45 12.717 -22.717
4 4 6.91 12.533 -22.533 6.52 13.784 -23.784 8.35 13.827 -23.827 7.37 12.342 -22.342
3 4 5.45 12.717 -22.717 5.22 12.575 -22.575 4.95 13.169 -23.169
4 4 4.95 12.335 -22.335 4.95 13.169 -23.169 5.22 12.575 -22.575 5.47 11.755 -21.755
3 4 4.95 12.335 -22.335 5.47 11.755 -21.755 4.95 11.988 -21.988
3 4 5.47 11.755 -21.755 4.95 11.147 -21.147 4.95 11.988 -21.988
3 4 5.32 8.12 -18.12 4.95 7.618 -17.618 4.95 8.453 -18.453
4 4 7.16 8.142 -18.142 6.43 7.88 -17.88 4.95 8.453 -18.453 4.95 8.792 -18.792
4 4 9.06 7.986 -17.986 7.16 8.142 -18.142 4.95 8.792 -18.792 4.95 9.641 -19.641
3 4 4.95 9.973 -19.973 9.06 7.986 -17.986 4.95 9.641 -19.641
4 4 9.72 7.958 -17.958 4.95 9.973 -19.973 4.95 10.815 -20.814 10.15 7.965 -17.965
4 4 10.15 7.965 -17.965 4.95 10.815 -20.814 4.95 11.147 -21.147 10.75 7.915 -17.915
4 4 10.75 7.915 -17.915 4.95 11.147 -21.147 6.91 11.79 -21.79 11.17 7.951 -17.951
4 4 11.17 7.951 -17.951 6.91 11.79 -21.79 7.37 12.342 -22.342 11.54 7.958 -17.958
3 4 11.61 13.912 -23.912 11.54 7.958 -17.958 7.37 12.342 -22.342
4 4 13.63 7.944 -17.944 12.98 8.014 -18.014 12.66 8.29 -18.29 11.61 13.912 -23.912
4 15 16.41 1.933 -11.933 15.646 1.71 -11.71 15.583 1.933 -11.933 15.646 2.157 -12.157
4 15 16.41 1.933 -11.933 15.646 2.157 -12.157 15.825 2.347 -12.347 16.094 2.473 -12.473
4 15 16.41 1.933 -11.933 16.094 2.473 -12.473 16.41 2.518 -12.518 16.726 2.473 -12.473
4 15 16.41 1.933 -11.933 16.726 2.473 -12.473 16.994 2.347 -12.347 17.174 2.157 -12.157
4 15 16.41 1.933 -11.933 17.174 2.157 -12.157 17.237 1.933 -11.933 17.174 1.71 -11.71
4 15 16.41 1.933 -11.933 17.174 1.71 -11.71 16.994 1.52 -11.52 16.726 1.393 -11.393
4 15 16.41 1.933 -11.933 16.726 1.393 -11.393 16.41 1.348 -11.348 16.094 1.393 -11.393
4 15 16.41 1.933 -11.933 16.094 1.393 -11.393 15.825 1.52 -11.52 15.646 1.71 -11.71
4 0 15.583 1.933 -11.933 15.646 1.71 -11.71 15.113 1.554 -11.553 15.006 1.933 -11.933
4 0 15.646 2.157 -12.157 15.583 1.933 -11.933 15.006 1.933 -11.933 15.113 2.313 -12.313
4 0 15.825 2.347 -12.347 15.646 2.157 -12.157 15.113 2.313 -12.313 15.261 2.469 -12.469
4 0 16.094 2.473 -12.473 15.825 2.347 -12.347 15.417 2.635 -12.635 15.873 2.85 -12.85
4 0 16.41 2.518 -12.518 16.094 2.473 -12.473 15.873 2.85 -12.85 16.41 2.926 -12.926
4 0 16.726 2.473 -12.473 16.41 2.518 -12.518 16.41 2.926 -12.926 16.947 2.85 -12.85
4 0 16.994 2.347 -12.347 16.726 2.473 -12.473 16.947 2.85 -12.85 17.403 2.635 -12.635
4 0 17.174 2.157 -12.157 16.994 2.347 -12.347 17.403 2.635 -12.635 17.707 2.313 -12.313
4 0 17.237 1.933 -11.933 17.174 2.157 -12.157 17.707 2.313 -12.313 17.814 1.933 -11.933
4 0 17.174 1.71 -11.71 17.237 1.933 -11.933 17.814 1.933 -11.933 17.707 1.554 -11.553
4 0 16.994 1.52 -11.52 17.174 1.71 -11.71 17.707 1.554 -11.553 17.403 1.231 -11.231
4 0 16.726 1.393 -11.393 16.994 1.52 -11.52 17.403 1.231 -11.231 17.351 1.206 -11.206
4 0 16.41 1.348 -11.348 16.726 1.393 -11.393 16.947 1.016 -11.016 16.41 0.94 -10.94
4 0 16.094 1.393 -11.393 16.41 1.348 -11.348 16.41 0.94 -10.94 15.873 1.016 -11.016
4 0 15.825 1.52 -11.52 16.094 1.393 -11.393 15.873 1.016 -11.016 15.417 1.231 -11.231
4 0 15.646 1.71 -11.71 15.825 1.52 -11.52 15.417 1.231 -11.231 15.113 1.554 -11.553
4 15 -5.52 1.933 -11.933 -6.284 1.71 -11.71 -6.347 1.933 -11.933 -6.284 2.157 -12.157
4 15 -5.52 1.933 -11.933 -6.284 2.157 -12.157 -6.104 2.347 -12.347 -5.836 2.473 -12.473
4 15 -5.52 1.933 -11.933 -5.836 2.473 -12.473 -5.52 2.518 -12.518 -5.204 2.473 -12.473
4 15 -5.52 1.933 -11.933 -5.204 2.473 -12.473 -4.936 2.347 -12.347 -4.756 2.157 -12.157
4 15 -5.52 1.933 -11.933 -4.756 2.157 -12.157 -4.693 1.933 -11.933 -4.756 1.71 -11.71
4 15 -5.52 1.933 -11.933 -4.756 1.71 -11.71 -4.936 1.52 -11.52 -5.204 1.393 -11.393
4 15 -5.52 1.933 -11.933 -5.204 1.393 -11.393 -5.52 1.348 -11.348 -5.836 1.393 -11.393
4 15 -5.52 1.933 -11.933 -5.836 1.393 -11.393 -6.104 1.52 -11.52 -6.284 1.71 -11.71
4 0 -6.347 1.933 -11.933 -6.284 1.71 -11.71 -6.817 1.554 -11.553 -6.924 1.933 -11.933
4 0 -6.284 2.157 -12.157 -6.347 1.933 -11.933 -6.924 1.933 -11.933 -6.817 2.313 -12.313
4 0 -6.104 2.347 -12.347 -6.284 2.157 -12.157 -6.817 2.313 -12.313 -6.513 2.635 -12.635
4 0 -5.836 2.473 -12.473 -6.104 2.347 -12.347 -6.513 2.635 -12.635 -6.057 2.85 -12.85
4 0 -5.52 2.518 -12.518 -5.836 2.473 -12.473 -6.057 2.85 -12.85 -5.52 2.926 -12.926
4 0 -5.204 2.473 -12.473 -5.52 2.518 -12.518 -5.52 2.926 -12.926 -5.395 2.908 -12.908
4 0 -4.936 2.347 -12.347 -5.204 2.473 -12.473 -4.983 2.85 -12.85 -4.527 2.635 -12.635
4 0 -4.756 2.157 -12.157 -4.936 2.347 -12.347 -4.527 2.635 -12.635 -4.244 2.336 -12.336
4 0 -4.693 1.933 -11.933 -4.756 2.157 -12.157 -4.223 2.313 -12.313 -4.126 1.967 -11.967
4 0 -4.223 1.554 -11.553 -4.936 1.52 -11.52 -4.756 1.71 -11.71 -4.116 1.933 -11.933
4 0 -5.204 1.393 -11.393 -4.936 1.52 -11.52 -4.527 1.231 -11.231 -4.708 1.146 -11.145
4 0 -5.52 1.348 -11.348 -5.204 1.393 -11.393 -4.983 1.016 -11.016 -5.52 0.94 -10.94
4 0 -5.836 1.393 -11.393 -5.52 1.348 -11.348 -5.52 0.94 -10.94 -6.057 1.016 -11.016
4 0 -6.104 1.52 -11.52 -5.836 1.393 -11.393 -6.057 1.016 -11.016 -6.158 1.063 -11.063
4 0 -6.284 1.71 -11.71 -6.104 1.52 -11.52 -6.513 1.231 -11.231 -6.817 1.554 -11.553
4 15 -11.04 1.933 -11.933 -11.804 1.71 -11.71 -11.867 1.933 -11.933 -11.804 2.157 -12.157
4 15 -11.04 1.933 -11.933 -11.804 2.157 -12.157 -11.624 2.347 -12.347 -11.356 2.473 -12.473
4 15 -11.04 1.933 -11.933 -11.356 2.473 -12.473 -11.04 2.518 -12.518 -10.724 2.473 -12.473
4 15 -11.04 1.933 -11.933 -10.724 2.473 -12.473 -10.456 2.347 -12.347 -10.276 2.157 -12.157
4 15 -11.04 1.933 -11.933 -10.276 2.157 -12.157 -10.213 1.933 -11.933 -10.276 1.71 -11.71
4 15 -11.04 1.933 -11.933 -10.276 1.71 -11.71 -10.456 1.52 -11.52 -10.724 1.393 -11.393
4 15 -11.04 1.933 -11.933 -10.724 1.393 -11.393 -11.04 1.348 -11.348 -11.356 1.393 -11.393
4 15 -11.04 1.933 -11.933 -11.356 1.393 -11.393 -11.624 1.52 -11.52 -11.804 1.71 -11.71
4 0 -11.867 1.933 -11.933 -11.804 1.71 -11.71 -12.337 1.554 -11.553 -12.444 1.933 -11.933
4 0 -11.624 2.347 -12.347 -11.804 2.157 -12.157 -12.337 2.313 -12.313 -12.033 2.635 -12.635
4 0 -11.356 2.473 -12.473 -11.624 2.347 -12.347 -12.033 2.635 -12.635 -11.577 2.85 -12.85
4 0 -11.04 2.518 -12.518 -11.356 2.473 -12.473 -11.577 2.85 -12.85 -11.04 2.926 -12.926
4 0 -10.724 2.473 -12.473 -11.04 2.518 -12.518 -11.04 2.926 -12.926 -10.503 2.85 -12.85
4 0 -10.456 2.347 -12.347 -10.724 2.473 -12.473 -10.503 2.85 -12.85 -10.413 2.808 -12.808
4 0 -10.276 2.157 -12.157 -10.456 2.347 -12.347 -10.047 2.635 -12.635 -9.743 2.313 -12.313
4 0 -10.213 1.933 -11.933 -10.276 2.157 -12.157 -9.743 2.313 -12.313 -9.636 1.933 -11.933
4 0 -10.276 1.71 -11.71 -10.213 1.933 -11.933 -9.636 1.933 -11.933 -9.743 1.554 -11.553
4 0 -10.456 1.52 -11.52 -10.276 1.71 -11.71 -9.743 1.554 -11.553 -10.047 1.231 -11.231
4 0 -10.724 1.393 -11.393 -10.456 1.52 -11.52 -10.047 1.231 -11.231 -10.503 1.016 -11.016
4 0 -11.04 1.348 -11.348 -10.724 1.393 -11.393 -10.503 1.016 -11.016 -11.04 0.94 -10.94
4 0 -11.356 1.393 -11.393 -11.04 1.348 -11.348 -11.04 0.94 -10.94 -11.577 1.016 -11.016
4 0 -11.624 1.52 -11.52 -11.356 1.393 -11.393 -11.577 1.016 -11.016 -11.946 1.19 -11.19
4 0 -11.804 1.71 -11.71 -11.624 1.52 -11.52 -12.033 1.231 -11.231 -12.045 1.244 -11.244
4 15 -16.51 1.933 -11.933 -17.274 1.71 -11.71 -17.337 1.933 -11.933 -17.274 2.157 -12.157
4 15 -16.51 1.933 -11.933 -17.274 2.157 -12.157 -17.094 2.347 -12.347 -16.826 2.473 -12.473
4 15 -16.51 1.933 -11.933 -16.826 2.473 -12.473 -16.51 2.518 -12.518 -16.194 2.473 -12.473
4 15 -16.51 1.933 -11.933 -16.194 2.473 -12.473 -15.925 2.347 -12.347 -15.746 2.157 -12.157
4 15 -16.51 1.933 -11.933 -15.746 2.157 -12.157 -15.683 1.933 -11.933 -15.746 1.71 -11.71
4 15 -16.51 1.933 -11.933 -15.746 1.71 -11.71 -15.925 1.52 -11.52 -16.194 1.393 -11.393
4 15 -16.51 1.933 -11.933 -16.194 1.393 -11.393 -16.51 1.348 -11.348 -16.826 1.393 -11.393
4 15 -16.51 1.933 -11.933 -16.826 1.393 -11.393 -17.094 1.52 -11.52 -17.274 1.71 -11.71
4 0 -17.337 1.933 -11.933 -17.274 1.71 -11.71 -17.807 1.554 -11.553 -17.914 1.933 -11.933
4 0 -17.274 2.157 -12.157 -17.337 1.933 -11.933 -17.914 1.933 -11.933 -17.807 2.313 -12.313
4 0 -17.094 2.347 -12.347 -17.274 2.157 -12.157 -17.807 2.313 -12.313 -17.503 2.635 -12.635
4 0 -16.826 2.473 -12.473 -17.094 2.347 -12.347 -17.503 2.635 -12.635 -17.047 2.85 -12.85
4 0 -16.51 2.518 -12.518 -16.826 2.473 -12.473 -17.047 2.85 -12.85 -16.51 2.926 -12.926
4 0 -16.194 2.473 -12.473 -16.51 2.518 -12.518 -16.51 2.926 -12.926 -15.973 2.85 -12.85
4 0 -15.925 2.347 -12.347 -16.194 2.473 -12.473 -15.973 2.85 -12.85 -15.517 2.635 -12.635
4 0 -15.746 2.157 -12.157 -15.925 2.347 -12.347 -15.517 2.635 -12.635 -15.43 2.543 -12.543
4 0 -15.683 1.933 -11.933 -15.746 2.157 -12.157 -15.213 2.313 -12.313 -15.106 1.933 -11.933
4 0 -15.746 1.71 -11.71 -15.683 1.933 -11.933 -15.106 1.933 -11.933 -15.213 1.554 -11.553
4 0 -15.925 1.52 -11.52 -15.746 1.71 -11.71 -15.213 1.554 -11.553 -15.517 1.231 -11.231
4 0 -16.194 1.393 -11.393 -15.925 1.52 -11.52 -15.517 1.231 -11.231 -15.973 1.016 -11.016
4 0 -16.51 1.348 -11.348 -16.194 1.393 -11.393 -15.973 1.016 -11.016 -16.51 0.94 -10.94
4 0 -16.826 1.393 -11.393 -16.51 1.348 -11.348 -16.51 0.94 -10.94 -17.047 1.016 -11.016
4 0 -17.094 1.52 -11.52 -16.826 1.393 -11.393 -17.047 1.016 -11.016 -17.385 1.175 -11.175
4 0 -17.274 1.71 -11.71 -17.094 1.52 -11.52 -17.503 1.231 -11.231 -17.807 1.554 -11.553
4 15 10.94 1.933 -11.933 10.176 1.71 -11.71 10.113 1.933 -11.933 10.176 2.157 -12.157
4 15 10.94 1.933 -11.933 10.176 2.157 -12.157 10.355 2.347 -12.347 10.624 2.473 -12.473
4 15 10.94 1.933 -11.933 10.624 2.473 -12.473 10.94 2.518 -12.518 11.256 2.473 -12.473
4 15 10.94 1.933 -11.933 11.256 2.473 -12.473 11.524 2.347 -12.347 11.704 2.157 -12.157
4 15 10.94 1.933 -11.933 11.704 2.157 -12.157 11.767 1.933 -11.933 11.704 1.71 -11.71
4 15 10.94 1.933 -11.933 11.704 1.71 -11.71 11.524 1.52 -11.52 11.256 1.393 -11.393
4 15 10.94 1.933 -11.933 11.256 1.393 -11.393 10.94 1.348 -11.348 10.624 1.393 -11.393
4 15 10.94 1.933 -11.933 10.624 1.393 -11.393 10.355 1.52 -11.52 10.176 1.71 -11.71
4 0 10.113 1.933 -11.933 10.176 1.71 -11.71 9.643 1.554 -11.553 9.536 1.933 -11.933
4 0 10.176 2.157 -12.157 10.113 1.933 -11.933 9.536 1.933 -11.933 9.643 2.313 -12.313
4 0 10.355 2.347 -12.347 10.176 2.157 -12.157 9.643 2.313 -12.313 9.947 2.635 -12.635
4 0 10.624 2.473 -12.473 10.355 2.347 -12.347 9.947 2.635 -12.635 10.146 2.729 -12.729
4 0 10.94 2.518 -12.518 10.624 2.473 -12.473 10.403 2.85 -12.85 10.94 2.926 -12.926
4 0 11.256 2.473 -12.473 10.94 2.518 -12.518 10.94 2.926 -12.926 11.477 2.85 -12.85
4 0 11.524 2.347 -12.347 11.256 2.473 -12.473 11.477 2.85 -12.85 11.933 2.635 -12.635
4 0 11.704 2.157 -12.157 11.524 2.347 -12.347 11.933 2.635 -12.635 12.237 2.313 -12.313
4 0 11.767 1.933 -11.933 11.704 2.157 -12.157 12.237 2.313 -12.313 12.344 1.933 -11.933
4 0 11.704 1.71 -11.71 11.767 1.933 -11.933 12.344 1.933 -11.933 12.237 1.554 -11.553
4 0 11.524 1.52 -11.52 11.704 1.71 -11.71 12.237 1.554 -11.553 11.939 1.238 -11.238
4 0 11.256 1.393 -11.393 11.524 1.52 -11.52 11.933 1.231 -11.231 11.83 1.182 -11.182
4 0 10.94 1.348 -11.348 11.256 1.393 -11.393 11.477 1.016 -11.016 10.94 0.94 -10.94
4 0 10.624 1.393 -11.393 10.94 1.348 -11.348 10.94 0.94 -10.94 10.403 1.016 -11.016
4 0 10.355 1.52 -11.52 10.624 1.393 -11.393 10.403 1.016 -11.016 9.947 1.231 -11.231
4 0 10.176 1.71 -11.71 10.355 1.52 -11.52 9.947 1.231 -11.231 9.643 1.554 -11.553
4 15 5.42 1.933 -11.933 4.656 1.71 -11.71 4.593 1.933 -11.933 4.656 2.157 -12.157
4 15 5.42 1.933 -11.933 4.656 2.157 -12.157 4.835 2.347 -12.347 5.104 2.473 -12.473
4 15 5.42 1.933 -11.933 5.104 2.473 -12.473 5.42 2.518 -12.518 5.736 2.473 -12.473
4 15 5.42 1.933 -11.933 5.736 2.473 -12.473 6.005 2.347 -12.347 6.184 2.157 -12.157
4 15 5.42 1.933 -11.933 6.184 2.157 -12.157 6.247 1.933 -11.933 6.184 1.71 -11.71
4 15 5.42 1.933 -11.933 6.184 1.71 -11.71 6.005 1.52 -11.52 5.736 1.393 -11.393
4 15 5.42 1.933 -11.933 5.736 1.393 -11.393 5.42 1.348 -11.348 5.104 1.393 -11.393
4 15 5.42 1.933 -11.933 5.104 1.393 -11.393 4.835 1.52 -11.52 4.656 1.71 -11.71
4 0 4.593 1.933 -11.933 4.656 1.71 -11.71 4.123 1.554 -11.553 4.016 1.933 -11.933
4 0 4.656 2.157 -12.157 4.593 1.933 -11.933 4.016 1.933 -11.933 4.022 1.956 -11.956
4 0 4.123 2.313 -12.313 4.835 2.347 -12.347 4.656 2.157 -12.157 4.022 1.956 -11.956
4 0 5.104 2.473 -12.473 4.835 2.347 -12.347 4.427 2.635 -12.635 4.883 2.85 -12.85
4 0 5.42 2.518 -12.518 5.104 2.473 -12.473 4.883 2.85 -12.85 5.015 2.869 -12.869
4 0 5.736 2.473 -12.473 5.42 2.518 -12.518 5.42 2.926 -12.926 5.957 2.85 -12.85
4 0 6.005 2.347 -12.347 5.736 2.473 -12.473 5.957 2.85 -12.85 6.413 2.635 -12.635
4 0 6.184 2.157 -12.157 6.005 2.347 -12.347 6.413 2.635 -12.635 6.717 2.313 -12.313
4 0 6.247 1.933 -11.933 6.184 2.157 -12.157 6.717 2.313 -12.313 6.824 1.933 -11.933
4 0 6.184 1.71 -11.71 6.247 1.933 -11.933 6.824 1.933 -11.933 6.717 1.554 -11.553
4 0 6.005 1.52 -11.52 6.184 1.71 -11.71 6.717 1.554 -11.553 6.413 1.231 -11.231
4 0 5.736 1.393 -11.393 6.005 1.52 -11.52 6.413 1.231 -11.231 6.219 1.14 -11.14
4 0 5.42 1.348 -11.348 5.736 1.393 -11.393 5.957 1.016 -11.016 5.42 0.94 -10.94
4 0 5.104 1.393 -11.393 5.42 1.348 -11.348 5.42 0.94 -10.94 4.883 1.016 -11.016
4 0 4.835 1.52 -11.52 5.104 1.393 -11.393 4.883 1.016 -11.016 4.58 1.159 -11.159
4 0 4.427 1.231 -11.231 4.656 1.71 -11.71 4.835 1.52 -11.52 4.58 1.159 -11.159
4 15 -0.05 1.933 -11.933 -0.814 1.71 -11.71 -0.877 1.933 -11.933 -0.814 2.157 -12.157
4 15 -0.05 1.933 -11.933 -0.814 2.157 -12.157 -0.634 2.347 -12.347 -0.366 2.473 -12.473
4 15 -0.05 1.933 -11.933 -0.366 2.473 -12.473 -0.05 2.518 -12.518 0.266 2.473 -12.473
4 15 -0.05 1.933 -11.933 0.266 2.473 -12.473 0.534 2.347 -12.347 0.714 2.157 -12.157
4 15 -0.05 1.933 -11.933 0.714 2.157 -12.157 0.777 1.933 -11.933 0.714 1.71 -11.71
4 15 -0.05 1.933 -11.933 0.714 1.71 -11.71 0.534 1.52 -11.52 0.266 1.393 -11.393
4 15 -0.05 1.933 -11.933 0.266 1.393 -11.393 -0.05 1.348 -11.348 -0.366 1.393 -11.393
4 15 -0.05 1.933 -11.933 -0.366 1.393 -11.393 -0.634 1.52 -11.52 -0.814 1.71 -11.71
4 0 -0.877 1.933 -11.933 -0.814 1.71 -11.71 -1.347 1.554 -11.553 -1.454 1.933 -11.933
4 0 -0.814 2.157 -12.157 -0.877 1.933 -11.933 -1.454 1.933 -11.933 -1.347 2.313 -12.313
4 0 -0.634 2.347 -12.347 -0.814 2.157 -12.157 -1.347 2.313 -12.313 -1.21 2.458 -12.458
4 0 -0.366 2.473 -12.473 -0.634 2.347 -12.347 -1.043 2.635 -12.635 -0.587 2.85 -12.85
4 0 -0.05 2.518 -12.518 -0.366 2.473 -12.473 -0.587 2.85 -12.85 -0.206 2.904 -12.904
4 0 0.266 2.473 -12.473 -0.05 2.518 -12.518 -0.05 2.926 -12.926 0.095 2.905 -12.905
4 0 0.534 2.347 -12.347 0.266 2.473 -12.473 0.487 2.85 -12.85 0.943 2.635 -12.635
4 0 0.714 2.157 -12.157 0.534 2.347 -12.347 0.943 2.635 -12.635 1.119 2.449 -12.449
4 0 0.777 1.933 -11.933 0.714 2.157 -12.157 1.247 2.313 -12.313 1.354 1.933 -11.933
4 0 0.714 1.71 -11.71 0.777 1.933 -11.933 1.354 1.933 -11.933 1.2475 1.555 -11.5545
4 0 0.534 1.52 -11.52 0.714 1.71 -11.71 1.2475 1.555 -11.5545 0.943 1.231 -11.231
4 0 0.266 1.393 -11.393 0.534 1.52 -11.52 0.943 1.231 -11.231 0.487 1.016 -11.016
4 0 -0.05 1.348 -11.348 0.266 1.393 -11.393 0.487 1.016 -11.016 0.061 0.956 -10.956
4 0 -0.366 1.393 -11.393 -0.05 1.348 -11.348 -0.05 0.94 -10.94 -0.178 0.959 -10.959
4 0 -0.634 1.52 -11.52 -0.366 1.393 -11.393 -0.587 1.016 -11.016 -1.043 1.231 -11.231
4 0 -0.814 1.71 -11.71 -0.634 1.52 -11.52 -1.043 1.231 -11.231 -1.341 1.547 -11.547
4 82 -13.2 6.247 -16.247 -13.2 7.081 -17.081 -10.17 7.081 -17.081 -8.98 6.247 -16.247
4 82 -8.98 6.247 -16.247 -10.17 7.081 -17.081 -2.37 9.853 -19.853 -3 8.396 -18.396
4 82 -3 8.396 -18.396 -2.37 9.853 -19.853 -1.35 9.853 -19.853 -1.35 8.396 -18.396
4 82 -13.2 8.877 -18.877 -13.2 10.334 -20.334 -10.17 10.334 -20.334 -10.8 8.877 -18.877
4 82 -10.8 8.877 -18.877 -10.17 10.334 -20.334 -2.37 13.105 -23.105 -3 11.649 -21.649
4 82 -3 11.649 -21.649 -2.37 13.105 -23.105 -1.35 13.105 -23.105 -1.35 11.649 -21.649
4 82 -13.2 12.13 -22.13 -13.2 13.586 -23.586 -10.17 13.586 -23.586 -10.8 12.13 -22.13
4 82 -10.8 12.13 -22.13 -10.17 13.586 -23.586 -2.37 16.358 -26.358 -3 14.902 -24.902
4 82 -3 14.902 -24.902 -2.37 16.358 -26.358 -1.35 16.358 -26.358 -1.35 14.902 -24.902
4 82 -13.2 15.382 -25.382 -13.2 16.846 -26.846 -10.17 16.846 -26.846 -10.8 15.382 -25.382
4 82 -10.8 15.382 -25.382 -10.17 16.846 -26.846 -3.98 19.045 -29.045 -3 18.154 -28.154
4 82 -3 18.154 -28.154 -3.98 19.045 -29.045 -1.35 19.045 -29.045 -1.35 18.154 -28.154
4 82 -13.2 18.642 -28.642 -13.2 19.045 -29.045 -9.58 19.045 -29.045 -10.8 18.642 -28.642
4 82 -1.35 6.247 -16.247 -3.38 6.247 -16.247 -2.37 6.6 -16.6 -1.35 6.6 -16.6
4 15 -14.38 4.245 -14.245 -14.38 5.193 -15.193 -10.65 5.193 -15.193 -10.29 4.245 -14.245
3 15 -10.29 4.245 -14.245 -10.65 5.193 -15.193 -9 5.78 -15.78
4 15 -2.49 7.024 -17.024 -4.71 6.247 -16.247 -2.85 7.972 -17.972 -1.35 7.972 -17.972
3 15 -1.35 7.024 -17.024 -2.49 7.024 -17.024 -1.35 7.972 -17.972
4 15 -13.2 7.498 -17.498 -13.2 8.446 -18.446 -10.65 8.446 -18.446 -10.29 7.498 -17.498
4 15 -10.29 7.498 -17.498 -10.65 8.446 -18.446 -2.85 11.225 -21.225 -2.49 10.277 -20.277
4 15 -2.49 10.277 -20.277 -2.85 11.225 -21.225 -0.69 11.225 -21.225 -0.69 10.277 -20.277
4 15 -0.69 10.277 -20.277 -0.69 11.225 -21.225 0.79 11.225 -21.225 0.79 10.277 -20.277
4 15 -14.38 10.751 -20.751 -14.38 11.698 -21.698 -13.89 11.698 -21.698 -13.89 10.751 -20.751
4 15 -13.89 10.751 -20.751 -13.89 11.698 -21.698 -13.2 11.698 -21.698 -13.2 10.751 -20.751
4 15 -13.2 10.751 -20.751 -13.2 11.698 -21.698 -10.65 11.698 -21.698 -10.29 10.751 -20.751
4 15 -10.29 10.751 -20.751 -10.65 11.698 -21.698 -2.85 14.477 -24.477 -2.49 13.53 -23.53
4 15 -2.49 13.53 -23.53 -2.85 14.477 -24.477 -1.35 14.477 -24.477 -1.35 13.53 -23.53
4 15 -13.2 14.004 -24.003 -13.2 14.951 -24.951 -10.65 14.951 -24.951 -10.29 14.004 -24.003
4 15 -10.29 14.004 -24.003 -10.65 14.951 -24.951 -2.85 17.73 -27.73 -2.49 16.782 -26.782
4 15 -2.49 16.782 -26.782 -2.85 17.73 -27.73 -0.69 17.73 -27.73 -0.69 16.782 -26.782
4 15 -0.69 16.782 -26.782 -0.69 17.73 -27.73 0.79 17.73 -27.73 0.79 16.782 -26.782
4 15 -14.38 17.263 -27.263 -14.38 18.211 -28.211 -13.89 18.211 -28.211 -13.89 17.263 -27.263
4 15 -13.89 17.263 -27.263 -13.89 18.211 -28.211 -13.2 18.211 -28.211 -13.2 17.263 -27.263
4 15 -13.2 17.263 -27.263 -13.2 18.211 -28.211 -10.65 18.211 -28.211 -10.29 17.263 -27.263
4 15 -10.29 17.263 -27.263 -10.65 18.211 -28.211 -8.27 19.045 -29.045 -5.25 19.045 -29.045
4 0 -10.17 7.081 -17.081 -10.29 7.498 -17.498 -2.49 10.277 -20.277 -2.37 9.853 -19.853
4 0 -2.37 9.853 -19.853 -2.49 10.277 -20.277 -0.69 10.277 -20.277 -1.35 9.853 -19.853
4 0 -0.69 9.853 -19.853 -1.35 9.853 -19.853 -0.69 10.277 -20.277 0.79 10.277 -20.277
3 0 -0.69 9.853 -19.853 0.79 10.277 -20.277 0.79 9.853 -19.853
4 0 -1.35 8.396 -18.396 -1.35 9.853 -19.853 -0.69 9.853 -19.853 -0.69 7.972 -17.972
4 0 -1.35 8.396 -18.396 -1.35 7.972 -17.972 -2.85 7.972 -17.972 -3 8.396 -18.396
4 0 -10.32 5.78 -15.78 -8.98 6.247 -16.247 -9 5.78 -15.78 -10.65 5.193 -15.193
4 0 -10.8 5.624 -15.624 -10.65 5.193 -15.193 -14.38 5.193 -15.193 -12.547 5.624 -15.624
4 0 -13.2 7.081 -17.081 -13.2 7.498 -17.498 -10.29 7.498 -17.498 -10.17 7.081 -17.081
4 0 -13.2 8.446 -18.446 -13.2 8.877 -18.877 -10.8 8.877 -18.877 -10.65 8.446 -18.446
4 0 -10.65 8.446 -18.446 -10.8 8.877 -18.877 -3 11.649 -21.649 -2.85 11.225 -21.225
4 0 -2.85 11.225 -21.225 -3 11.649 -21.649 -1.35 11.649 -21.649 -0.69 11.225 -21.225
4 0 -0.69 11.649 -21.649 -0.69 11.225 -21.225 -1.35 11.649 -21.649 -1.35 13.105 -23.105
4 0 -0.69 11.225 -21.225 -0.69 11.649 -21.649 0.79 11.649 -21.649 0.79 11.225 -21.225
4 0 -13.2 10.334 -20.334 -13.89 10.334 -20.334 -13.89 10.751 -20.751 -13.2 10.751 -20.751
4 0 -13.2 10.334 -20.334 -13.2 10.751 -20.751 -10.29 10.751 -20.751 -10.17 10.334 -20.334
4 0 -10.17 10.334 -20.334 -10.29 10.751 -20.751 -2.49 13.53 -23.53 -2.37 13.105 -23.105
4 0 -2.37 13.105 -23.105 -2.49 13.53 -23.53 -1.35 13.53 -23.53 -1.35 13.105 -23.105
4 0 -13.89 11.698 -21.698 -13.89 12.13 -22.13 -13.2 12.13 -22.13 -13.2 11.698 -21.698
4 0 -13.2 11.698 -21.698 -13.2 12.13 -22.13 -10.8 12.13 -22.13 -10.65 11.698 -21.698
4 0 -10.65 11.698 -21.698 -10.8 12.13 -22.13 -3 14.902 -24.902 -2.85 14.477 -24.477
4 0 -2.85 14.477 -24.477 -3 14.902 -24.902 -1.35 14.902 -24.902 -1.35 14.477 -24.477
4 0 -0.69 16.358 -26.358 -1.35 14.902 -24.902 -1.35 16.358 -26.358 -0.69 16.782 -26.782
4 0 -2.49 16.782 -26.782 -0.69 16.782 -26.782 -1.35 16.358 -26.358 -2.37 16.358 -26.358
4 0 -13.2 13.586 -23.586 -13.2 14.004 -24.003 -10.29 14.004 -24.003 -10.17 13.586 -23.586
4 0 -10.17 13.586 -23.586 -10.29 14.004 -24.003 -2.49 16.782 -26.782 -2.37 16.358 -26.358
4 0 -13.2 14.951 -24.951 -13.2 15.382 -25.382 -10.8 15.382 -25.382 -10.65 14.951 -24.951
4 0 -10.65 14.951 -24.951 -10.8 15.382 -25.382 -3 18.154 -28.154 -2.85 17.73 -27.73
4 0 -2.85 17.73 -27.73 -3 18.154 -28.154 -1.35 18.154 -28.154 -0.69 17.73 -27.73
4 0 -0.69 18.154 -28.154 -0.69 17.73 -27.73 -1.35 18.154 -28.154 -1.35 19.045 -29.045
4 0 -4.54 19.519 -29.519 -0.69 19.519 -29.519 -1.35 19.045 -29.045 -3.98 19.045 -29.045
3 0 -5.25 19.045 -29.045 -4.54 19.519 -29.519 -3.98 19.045 -29.045
4 0 -4.54 19.519 -29.519 -5.25 19.045 -29.045 -8.27 19.045 -29.045 -8.88 19.519 -29.519
4 0 -13.2 16.846 -26.846 -13.2 17.263 -27.263 -10.29 17.263 -27.263 -10.17 16.846 -26.846
4 0 -10.17 16.846 -26.846 -10.29 17.263 -27.263 -5.25 19.045 -29.045 -3.98 19.045 -29.045
4 0 -13.2 18.211 -28.211 -13.2 18.642 -28.642 -10.8 18.642 -28.642 -10.65 18.211 -28.211
4 0 -10.65 18.211 -28.211 -10.8 18.642 -28.642 -9.58 19.045 -29.045 -8.27 19.045 -29.045
3 0 -9.58 19.045 -29.045 -8.88 19.519 -29.519 -8.27 19.045 -29.045
4 0 -8.88 19.519 -29.519 -9.58 19.045 -29.045 -13.2 19.045 -29.045 -13.89 19.519 -29.519
4 0 -13.89 18.642 -28.642 -13.2 19.045 -29.045 -13.2 18.642 -28.642 -13.89 18.211 -28.211
3 0 -13.89 18.211 -28.211 -13.2 18.642 -28.642 -13.2 18.211 -28.211
4 0 -13.89 16.846 -26.846 -13.89 17.263 -27.263 -13.2 17.263 -27.263 -13.2 16.846 -26.846
4 0 -2.49 7.024 -17.024 -1.35 7.024 -17.024 -1.35 6.6 -16.6 -2.37 6.6 -16.6
4 0 -2.49 7.024 -17.024 -2.37 6.6 -16.6 -3.38 6.247 -16.247 -4.71 6.247 -16.247
4 0 -0.69 7.024 -17.024 -1.35 6.6 -16.6 -1.35 7.024 -17.024 -0.69 7.972 -17.972
3 0 -1.35 7.972 -17.972 -0.69 7.972 -17.972 -1.35 7.024 -17.024
3 0 -1.35 7.972 -17.972 -1.35 8.396 -18.396 -0.69 7.972 -17.972
4 0 -0.69 13.53 -23.53 -1.35 13.105 -23.105 -1.35 13.53 -23.53 -0.69 14.477 -24.477
3 0 -1.35 14.477 -24.477 -0.69 14.477 -24.477 -1.35 13.53 -23.53
4 0 -0.69 14.477 -24.477 -1.35 14.477 -24.477 -1.35 14.902 -24.902 -0.69 16.358 -26.358
3 0 -1.35 13.105 -23.105 -0.69 13.53 -23.53 -0.69 11.649 -21.649
4 0 -11.804 2.157 -12.157 -11.867 1.933 -11.933 -12.444 1.933 -11.933 -12.337 2.313 -12.313
4 0 -14.38 4.245 -14.245 -14.38 3.828 -13.828 -14.88 3.56 -13.56 -14.88 5.872 -15.872
3 0 -14.88 5.872 -15.872 -14.38 5.193 -15.193 -14.38 4.245 -14.245
3 0 -14.88 5.872 -15.872 -14.38 5.624 -15.624 -14.38 5.193 -15.193
4 0 -18.15 12.377 -22.377 -18.65 12.731 -22.731 -14.38 12.731 -22.731 -14.88 12.377 -22.377
4 0 -14.88 12.377 -22.377 -14.38 12.13 -22.13 -14.38 11.698 -21.698 -14.88 10.065 -20.065
4 0 -14.38 11.698 -21.698 -14.38 12.13 -22.13 -13.89 12.13 -22.13 -13.89 11.698 -21.698
4 0 -14.38 10.334 -20.334 -14.38 10.751 -20.751 -13.89 10.751 -20.751 -13.89 10.334 -20.334
4 0 -18.65 9.711 -19.711 -18.15 10.065 -20.065 -14.88 10.065 -20.065 -14.38 9.711 -19.711
3 0 -14.38 10.751 -20.751 -14.38 10.334 -20.334 -14.88 10.065 -20.065
3 0 -14.38 11.698 -21.698 -14.38 10.751 -20.751 -14.88 10.065 -20.065
4 0 -18.65 12.964 -22.964 -18.15 13.318 -23.318 -14.88 13.318 -23.318 -14.38 12.964 -22.964
3 0 -14.88 18.89 -28.89 -14.38 18.642 -28.642 -14.38 18.211 -28.211
4 0 -14.88 18.89 -28.89 -14.38 18.211 -28.211 -14.38 17.263 -27.263 -14.88 16.577 -26.577
4 0 -14.38 16.846 -26.846 -14.88 16.577 -26.577 -14.38 17.263 -27.263 -13.89 17.263 -27.263
4 0 -18.65 16.224 -26.224 -18.15 16.577 -26.577 -14.88 16.577 -26.577 -14.38 16.226 -26.226
3 0 -14.38 16.846 -26.846 -13.89 17.263 -27.263 -13.89 16.846 -26.846
4 0 -13.89 18.642 -28.642 -13.89 18.211 -28.211 -14.38 18.211 -28.211 -14.183 18.642 -28.642
4 15 -17.85 3.772 -13.772 -18.15 3.56 -13.56 -18.15 5.872 -15.872 -17.85 5.653 -15.653
4 15 -17.85 5.653 -15.653 -18.15 5.872 -15.872 -14.88 5.872 -15.872 -15.18 5.653 -15.653
4 15 -15.18 5.653 -15.653 -14.88 5.872 -15.872 -14.88 3.56 -13.56 -15.18 3.772 -13.772
4 15 -15.18 3.772 -13.772 -14.88 3.56 -13.56 -18.15 3.56 -13.56 -17.85 3.772 -13.772
4 15 -17.85 8.905 -18.905 -18.15 9.125 -19.125 -14.88 9.125 -19.125 -15.18 8.905 -18.905
4 15 -15.18 8.905 -18.905 -14.88 9.125 -19.125 -14.88 6.812 -16.812 -15.18 7.024 -17.024
4 15 -15.18 7.024 -17.024 -14.88 6.812 -16.812 -18.15 6.812 -16.812 -17.85 7.024 -17.024
4 15 -17.85 7.024 -17.024 -18.15 6.812 -16.812 -18.15 9.125 -19.125 -17.85 8.905 -18.905
4 15 -17.85 12.158 -22.158 -18.15 12.377 -22.377 -14.88 12.377 -22.377 -15.18 12.158 -22.158
4 15 -15.18 12.158 -22.158 -14.88 12.377 -22.377 -14.88 10.065 -20.065 -15.18 10.277 -20.277
4 15 -15.18 10.277 -20.277 -14.88 10.065 -20.065 -18.15 10.065 -20.065 -17.85 10.277 -20.277
4 15 -17.85 10.277 -20.277 -18.15 10.065 -20.065 -18.15 12.377 -22.377 -17.85 12.158 -22.158
4 15 -17.85 15.411 -25.411 -18.15 15.63 -25.63 -14.88 15.63 -25.63 -15.18 15.411 -25.411
4 15 -15.18 15.411 -25.411 -14.88 15.63 -25.63 -14.88 13.318 -23.318 -15.18 13.53 -23.53
4 15 -15.18 13.53 -23.53 -14.88 13.318 -23.318 -18.15 13.318 -23.318 -17.85 13.53 -23.53
4 15 -17.85 13.53 -23.53 -18.15 13.318 -23.318 -18.15 15.63 -25.63 -17.85 15.411 -25.411
4 15 -17.85 18.67 -28.67 -18.15 18.89 -28.89 -14.88 18.89 -28.89 -15.18 18.67 -28.67
4 15 -15.18 18.67 -28.67 -14.88 18.89 -28.89 -14.88 16.577 -26.577 -15.18 16.789 -26.789
4 15 -15.18 16.789 -26.789 -14.88 16.577 -26.577 -18.15 16.577 -26.577 -17.85 16.789 -26.789
4 15 -17.85 16.789 -26.789 -18.15 16.577 -26.577 -18.15 18.89 -28.89 -17.85 18.67 -28.67
4 4 -17.85 16.789 -26.789 -17.85 18.67 -28.67 -15.18 18.67 -28.67 -15.18 16.789 -26.789
4 4 -17.85 13.53 -23.53 -17.85 15.411 -25.411 -15.18 15.411 -25.411 -15.18 13.53 -23.53
4 4 -17.85 10.277 -20.277 -17.85 12.158 -22.158 -15.18 12.158 -22.158 -15.18 10.277 -20.277
4 4 -17.85 7.024 -17.024 -17.85 8.905 -18.905 -15.18 8.905 -18.905 -15.18 7.024 -17.024
4 4 -17.85 3.772 -13.772 -17.85 5.653 -15.653 -15.18 5.653 -15.653 -15.18 3.772 -13.772
3 4 5.78 7.159 -17.159 5.44 5.653 -15.653 5.42 7.194 -17.194
3 15 6.38 3.659 -13.659 1.42 3.659 -13.659 2.09 4.125 -14.125
4 15 11.69 3.659 -13.659 6.38 3.659 -13.659 2.09 4.125 -14.125 15.85 4.125 -14.125
3 15 16.52 3.659 -13.659 11.69 3.659 -13.659 15.85 4.125 -14.125
4 0 16.52 16.288 -26.288 16.52 18.317 -28.317 17.16 18.762 -28.762 17.16 18.514 -28.514
4 0 0.79 17.73 -27.73 0.79 18.154 -28.154 1.42 18.317 -28.317 1.42 16.273 -26.273
3 0 0.79 16.782 -26.782 0.79 17.73 -27.73 1.42 16.273 -26.273
4 0 0.79 16.358 -26.358 0.79 16.782 -26.782 1.42 16.273 -26.273 1.42 12.681 -22.681
3 0 0.79 16.358 -26.358 1.42 12.681 -22.681 0.79 11.649 -21.649
4 0 0.79 11.225 -21.225 0.79 11.649 -21.649 1.42 12.681 -22.681 1.42 9.103 -19.103
3 0 0.79 10.277 -20.277 0.79 11.225 -21.225 1.42 9.103 -19.103
3 0 0.79 9.853 -19.853 0.79 10.277 -20.277 1.42 9.103 -19.103
4 0 1.42 5.695 -15.695 1.42 3.659 -13.659 0.79 3.213 -13.213 0.79 4.731 -14.73
4 15 2.09 4.967 -14.967 2.09 4.125 -14.125 1.42 3.659 -13.659 1.42 5.695 -15.695
3 15 2.09 4.967 -14.967 1.42 5.695 -15.695 2.09 5.306 -15.306
3 15 2.09 5.306 -15.306 1.42 5.695 -15.695 2.09 6.148 -16.148
3 15 1.42 5.695 -15.695 2.09 6.459 -16.459 2.09 6.148 -16.148
3 15 1.42 5.695 -15.695 2.09 7.307 -17.307 2.09 6.459 -16.459
4 15 2.09 7.618 -17.618 2.09 7.307 -17.307 1.42 5.695 -15.695 1.42 9.103 -19.103
3 15 2.09 7.618 -17.618 1.42 9.103 -19.103 2.09 8.453 -18.453
3 15 2.09 8.453 -18.453 1.42 9.103 -19.103 2.09 8.792 -18.792
3 15 2.09 8.792 -18.792 1.42 9.103 -19.103 2.09 9.641 -19.641
3 15 1.42 9.103 -19.103 2.09 9.973 -19.973 2.09 9.641 -19.641
3 15 1.42 9.103 -19.103 2.09 10.815 -20.814 2.09 9.973 -19.973
4 15 2.09 11.147 -21.147 2.09 10.815 -20.814 1.42 9.103 -19.103 1.42 12.681 -22.681
3 15 2.09 11.147 -21.147 1.42 12.681 -22.681 2.09 11.988 -21.988
3 15 2.09 11.988 -21.988 1.42 12.681 -22.681 2.09 12.335 -22.335
3 15 2.09 12.335 -22.335 1.42 12.681 -22.681 2.09 13.169 -23.169
3 15 1.42 12.681 -22.681 2.09 13.509 -23.509 2.09 13.169 -23.169
3 15 1.42 12.681 -22.681 2.09 14.357 -24.357 2.09 13.509 -23.509
4 15 2.09 14.661 -24.661 2.09 14.357 -24.357 1.42 12.681 -22.681 1.42 16.273 -26.273
3 15 2.09 14.661 -24.661 1.42 16.273 -26.273 2.09 15.503 -25.503
3 15 2.09 15.503 -25.503 1.42 16.273 -26.273 2.09 15.814 -25.814
3 15 2.09 15.814 -25.814 1.42 16.273 -26.273 2.09 16.662 -26.662
3 15 1.42 16.273 -26.273 2.09 16.995 -26.995 2.09 16.662 -26.662
4 15 2.09 17.843 -27.843 2.09 16.995 -26.995 1.42 16.273 -26.273 1.42 18.317 -28.317
3 15 2.09 17.843 -27.843 1.42 18.317 -28.317 5.03 18.317 -28.317
4 15 2.09 17.843 -27.843 5.03 18.317 -28.317 11.84 18.317 -28.317 15.85 17.843 -27.843
3 15 15.85 17.843 -27.843 11.84 18.317 -28.317 16.52 18.317 -28.317
3 15 16.52 3.659 -13.659 15.85 4.125 -14.125 16.52 5.709 -15.709
4 15 16.52 9.117 -19.117 16.52 5.709 -15.709 15.85 4.125 -14.125 15.85 17.843 -27.843
3 15 16.52 16.288 -26.288 15.85 17.843 -27.843 16.52 18.317 -28.317
3 15 16.52 12.695 -22.695 15.85 17.843 -27.843 16.52 16.288 -26.288
3 15 16.52 9.117 -19.117 15.85 17.843 -27.843 16.52 12.695 -22.695
4 0 -4.116 1.933 -11.933 -4.756 1.71 -11.71 -4.693 1.933 -11.933 -4.126 1.967 -11.967
3 0 -13.89 19.519 -29.519 -13.2 19.045 -29.045 -13.89 18.642 -28.642
3 0 -14.88 10.065 -20.065 -14.38 10.334 -20.334 -14.38 9.711 -19.711
3 148 -17.385 1.175 -11.175 -17.047 1.016 -11.016 -18.566 0.427 -10.427
4 148 -18.566 0.427 -10.427 -17.047 1.016 -11.016 -16.51 0.94 -10.94 -15.522 0.427 -10.427
3 148 -16.51 0.94 -10.94 -15.973 1.016 -11.016 -15.522 0.427 -10.427
3 148 -15.973 1.016 -11.016 -15.517 1.231 -11.231 -15.522 0.427 -10.427
4 148 -15.522 0.427 -10.427 -15.517 1.231 -11.231 -15.213 1.554 -11.553 -11.248 3.828 -13.828
3 148 -15.106 1.933 -11.933 -11.248 3.828 -13.828 -15.213 1.554 -11.553
4 148 -11.248 3.828 -13.828 -15.106 1.933 -11.933 -15.213 2.313 -12.313 -13.197 3.828 -13.828
3 148 -15.354 2.462 -12.462 -13.197 3.828 -13.828 -15.213 2.313 -12.313
3 148 -14.38 3.828 -13.828 -13.48 3.828 -13.828 -14.38 3.235 -13.235
3 148 -15.517 2.635 -12.635 -14.424 3.206 -13.206 -15.43 2.543 -12.543
3 148 -15.973 2.85 -12.85 -14.424 3.206 -13.206 -15.517 2.635 -12.635
4 148 -14.424 3.206 -13.206 -15.973 2.85 -12.85 -16.51 2.926 -12.926 -17.184 3.206 -13.206
3 148 -17.184 3.206 -13.206 -16.51 2.926 -12.926 -17.047 2.85 -12.85
4 148 -17.184 3.206 -13.206 -17.047 2.85 -12.85 -17.503 2.635 -12.635 -19.38 2.061 -12.061
3 148 -17.503 2.635 -12.635 -17.807 2.313 -12.313 -19.38 2.061 -12.061
3 148 -19.38 2.061 -12.061 -17.807 2.313 -12.313 -17.914 1.933 -11.933
4 148 -19.38 2.061 -12.061 -17.914 1.933 -11.933 -17.807 1.554 -11.553 -18.666 0.427 -10.427
3 148 -17.807 1.554 -11.553 -17.503 1.231 -11.231 -18.666 0.427 -10.427
3 148 -17.503 1.231 -11.231 -17.455 1.209 -11.209 -18.666 0.427 -10.427
3 148 -19.38 0.427 -10.427 -19.38 2.061 -12.061 -18.666 0.427 -10.427
4 7 -18.666 0.427 -10.427 -17.455 1.209 -11.209 -17.385 1.175 -11.175 -18.566 0.427 -10.427
4 7 -17.355 3.206 -13.206 -17.184 3.206 -13.206 -19.38 2.061 -12.061 -19.38 2.104 -12.104
4 7 -15.354 2.462 -12.462 -15.43 2.543 -12.543 -14.424 3.206 -13.206 -14.38 3.206 -13.206
4 7 -14.38 3.206 -13.206 -14.38 3.235 -13.235 -13.48 3.828 -13.828 -13.197 3.828 -13.828
3 7 -13.197 3.828 -13.828 -15.354 2.462 -12.462 -14.38 3.206 -13.206
4 7 -12.547 5.624 -15.624 -12.912 5.624 -15.624 -12.626 5.78 -15.78 -12.194 5.78 -15.78
3 0 -14.424 3.206 -13.206 -14.38 3.235 -13.235 -14.38 3.206 -13.206
4 0 -14.88 3.56 -13.56 -14.38 3.828 -13.828 -14.38 3.235 -13.235 -14.424 3.206 -13.206
4 0 -14.88 3.56 -13.56 -14.424 3.206 -13.206 -17.184 3.206 -13.206 -18.15 3.56 -13.56
3 0 -17.355 3.206 -13.206 -18.15 3.56 -13.56 -17.184 3.206 -13.206
3 0 -18.65 3.206 -13.206 -18.15 3.56 -13.56 -17.355 3.206 -13.206
3 0 -14.38 3.828 -13.828 -14.38 4.245 -14.245 -13.48 3.828 -13.828
4 0 -13.197 3.828 -13.828 -13.48 3.828 -13.828 -14.38 4.245 -14.245 -10.29 4.245 -14.245
3 0 -13.197 3.828 -13.828 -10.29 4.245 -14.245 -11.248 3.828 -13.828
3 0 -11.248 3.828 -13.828 -10.29 4.245 -14.245 -10.953 3.828 -13.828
4 0 -10.17 3.828 -13.828 -10.953 3.828 -13.828 -10.29 4.245 -14.245 -8.862 4.296 -14.296
3 0 -8.317 4.491 -14.491 -8.862 4.296 -14.296 -10.29 4.245 -14.245
4 0 -6.629 5.094 -15.094 -8.317 4.491 -14.491 -10.29 4.245 -14.245 -4.71 6.247 -16.247
3 0 -4.71 6.247 -16.247 -6.085 5.288 -15.289 -6.629 5.094 -15.094
3 0 -4.71 6.247 -16.247 -4.96 5.69 -15.69 -6.085 5.288 -15.289
3 0 -4.71 6.247 -16.247 -4.71 5.78 -15.78 -4.96 5.69 -15.69
3 0 -4.71 5.78 -15.78 -4.71 6.247 -16.247 -4.497 5.78 -15.78
3 0 -4.497 5.78 -15.78 -4.71 6.247 -16.247 -3.862 5.78 -15.78
3 0 -3.862 5.78 -15.78 -4.71 6.247 -16.247 -3.468 5.78 -15.78
4 0 -2.899 5.78 -15.78 -3.468 5.78 -15.78 -4.71 6.247 -16.247 -3.38 6.247 -16.247
4 0 -1.35 6.247 -16.247 -2.51 5.78 -15.78 -2.899 5.78 -15.78 -3.38 6.247 -16.247
3 0 -2.51 5.78 -15.78 -1.35 6.247 -16.247 -1.992 5.78 -15.78
3 0 -1.992 5.78 -15.78 -1.35 6.247 -16.247 -1.606 5.78 -15.78
4 0 -1.117 5.78 -15.78 -1.606 5.78 -15.78 -1.35 6.247 -16.247 -0.69 6.08 -16.08
4 0 -0.69 6.08 -16.08 -1.35 6.247 -16.247 -1.35 6.6 -16.6 -0.69 7.024 -17.024
4 15 -10.29 4.245 -14.245 -9 5.78 -15.78 -2.85 7.972 -17.972 -4.71 6.247 -16.247
4 0 -2.85 7.972 -17.972 -9 5.78 -15.78 -8.98 6.247 -16.247 -3 8.396 -18.396
3 7 -10.32 5.78 -15.78 -10.708 5.654 -15.654 -10.517 5.78 -15.78
4 0 -13.2 6.247 -16.247 -12.626 5.78 -15.78 -13.89 5.78 -15.78 -13.89 6.254 -16.254
3 0 -12.626 5.78 -15.78 -13.2 6.247 -16.247 -12.194 5.78 -15.78
3 0 -12.194 5.78 -15.78 -13.2 6.247 -16.247 -10.517 5.78 -15.78
4 0 -10.32 5.78 -15.78 -10.517 5.78 -15.78 -13.2 6.247 -16.247 -8.98 6.247 -16.247
3 0 -10.8 5.624 -15.624 -10.708 5.654 -15.654 -10.65 5.193 -15.193
3 0 -10.708 5.654 -15.654 -10.32 5.78 -15.78 -10.65 5.193 -15.193
3 0 -14.38 5.624 -15.624 -12.912 5.624 -15.624 -14.38 5.193 -15.193
3 0 -12.912 5.624 -15.624 -12.547 5.624 -15.624 -14.38 5.193 -15.193
4 148 -12.194 5.78 -15.78 -10.517 5.78 -15.78 -10.708 5.654 -15.654 -10.8 5.624 -15.624
3 148 -12.547 5.624 -15.624 -12.194 5.78 -15.78 -10.8 5.624 -15.624
4 148 -13.89 5.78 -15.78 -12.626 5.78 -15.78 -12.912 5.624 -15.624 -14.38 5.624 -15.624
4 148 -13.89 5.78 -15.78 -14.38 5.624 -15.624 -14.38 6.044 -16.044 -13.89 6.254 -16.254
3 148 -14.38 6.225 -16.225 -13.89 6.418 -16.418 -14.38 6.198 -16.198
4 148 -13.89 6.418 -16.418 -14.38 6.225 -16.225 -14.38 6.459 -16.459 -13.89 7.43 -17.43
4 148 -13.89 8.512 -18.512 -13.89 7.623 -17.623 -14.38 7.445 -17.445 -14.38 8.381 -18.381
4 0 -14.38 6.225 -16.225 -14.38 6.198 -16.198 -14.88 5.872 -15.872 -17.405 6.225 -16.225
3 0 -14.38 6.198 -16.198 -14.38 6.044 -16.044 -14.88 5.872 -15.872
3 0 -14.88 5.872 -15.872 -14.38 6.044 -16.044 -14.38 5.624 -15.624
4 0 -13.2 7.081 -17.081 -13.2 6.247 -16.247 -13.89 6.418 -16.418 -13.89 7.43 -17.43
4 0 -13.2 7.498 -17.498 -13.2 7.081 -17.081 -13.89 7.43 -17.43 -13.89 7.623 -17.623
3 148 -14.38 7.262 -17.262 -13.89 7.43 -17.43 -14.38 6.459 -16.459
4 148 -13.89 9.512 -19.512 -13.89 8.71 -18.71 -14.38 8.551 -18.551 -14.38 9.419 -19.419
4 148 -14.38 9.711 -19.711 -13.89 9.706 -19.706 -14.971 9.478 -19.478 -18.65 9.711 -19.711
4 148 -14.38 9.711 -19.711 -14.38 10.334 -20.334 -13.89 10.334 -20.334 -13.89 9.706 -19.706
3 7 -13.89 9.706 -19.706 -14.38 9.478 -19.478 -14.971 9.478 -19.478
4 7 -14.38 9.419 -19.419 -14.38 9.478 -19.478 -13.89 9.706 -19.706 -13.89 9.512 -19.512
4 7 -14.38 8.381 -18.381 -14.38 8.551 -18.551 -13.89 8.71 -18.71 -13.89 8.512 -18.512
4 7 -14.38 7.262 -17.262 -14.38 7.445 -17.445 -13.89 7.623 -17.623 -13.89 7.43 -17.43
4 7 -14.38 6.044 -16.044 -14.38 6.198 -16.198 -13.89 6.418 -16.418 -13.89 6.254 -16.254
3 0 -13.89 6.254 -16.254 -13.89 6.418 -16.418 -13.2 6.247 -16.247
3 0 -14.88 6.812 -16.812 -14.38 7.262 -17.262 -14.38 6.459 -16.459
3 0 -14.38 7.445 -17.445 -14.38 7.262 -17.262 -14.88 6.812 -16.812
4 0 -14.38 8.381 -18.381 -14.38 7.445 -17.445 -14.88 6.812 -16.812 -14.88 9.125 -19.125
3 0 -14.88 9.125 -19.125 -14.38 8.551 -18.551 -14.38 8.381 -18.381
3 0 -14.88 9.125 -19.125 -14.38 9.419 -19.419 -14.38 8.551 -18.551
4 0 -14.38 9.478 -19.478 -14.38 9.419 -19.419 -14.88 9.125 -19.125 -14.971 9.478 -19.478
4 0 -14.88 6.812 -16.812 -14.38 6.459 -16.459 -16.724 6.459 -16.459 -18.15 6.812 -16.812
3 0 -17.081 6.459 -16.459 -18.15 6.812 -16.812 -16.724 6.459 -16.459
3 0 -18.65 6.459 -16.459 -18.15 6.812 -16.812 -17.081 6.459 -16.459
3 0 -18.65 7.246 -17.246 -18.15 6.812 -16.812 -18.65 6.459 -16.459
3 0 -18.65 7.246 -17.246 -18.65 7.351 -17.351 -18.15 6.812 -16.812
4 0 -18.15 6.812 -16.812 -18.65 7.351 -17.351 -18.65 8.605 -18.605 -18.15 9.125 -19.125
3 0 -18.65 8.701 -18.701 -18.15 9.125 -19.125 -18.65 8.605 -18.605
3 0 -18.65 9.478 -19.478 -18.15 9.125 -19.125 -18.65 8.701 -18.701
4 0 -18.15 9.125 -19.125 -18.65 9.478 -19.478 -14.971 9.478 -19.478 -14.88 9.125 -19.125
3 0 -18.65 4.209 -14.209 -18.15 3.56 -13.56 -18.65 3.206 -13.206
4 0 -18.15 3.56 -13.56 -18.65 4.209 -14.209 -18.65 4.283 -14.283 -18.15 5.872 -15.872
3 0 -18.65 5.799 -15.799 -18.15 5.872 -15.872 -18.65 4.283 -14.283
3 0 -18.65 5.891 -15.891 -18.15 5.872 -15.872 -18.65 5.799 -15.799
4 0 -18.15 5.872 -15.872 -18.65 5.891 -15.891 -18.65 6.225 -16.225 -17.731 6.225 -16.225
4 0 -18.15 5.872 -15.872 -17.731 6.225 -16.225 -17.405 6.225 -16.225 -14.88 5.872 -15.872
3 148 -18.65 3.206 -13.206 -17.355 3.206 -13.206 -19.38 2.104 -12.104
4 148 -18.65 3.206 -13.206 -19.38 2.104 -12.104 -19.38 3.895 -13.895 -18.65 4.209 -14.209
4 148 -18.65 5.799 -15.799 -18.65 4.283 -14.283 -19.38 3.956 -13.956 -19.38 5.549 -15.549
4 7 -19.38 3.895 -13.895 -19.38 3.956 -13.956 -18.65 4.283 -14.283 -18.65 4.209 -14.209
4 7 -19.38 5.549 -15.549 -19.38 5.625 -15.625 -18.65 5.891 -15.891 -18.65 5.799 -15.799
4 7 -17.731 6.225 -16.225 -17.081 6.459 -16.459 -16.724 6.459 -16.459 -17.405 6.225 -16.225
4 7 -19.38 7.052 -17.052 -19.38 7.146 -17.146 -18.65 7.351 -17.351 -18.65 7.246 -17.246
3 148 -18.65 6.225 -16.225 -18.65 5.891 -15.891 -19.38 5.625 -15.625
4 148 -18.65 6.459 -16.459 -18.65 6.225 -16.225 -19.38 5.625 -15.625 -19.38 7.052 -17.052
3 148 -19.38 7.052 -17.052 -18.65 7.246 -17.246 -18.65 6.459 -16.459
4 148 -17.731 6.225 -16.225 -18.65 6.225 -16.225 -18.65 6.459 -16.459 -17.081 6.459 -16.459
4 148 -14.38 6.225 -16.225 -17.405 6.225 -16.225 -16.724 6.459 -16.459 -14.38 6.459 -16.459
4 0 -13.2 8.446 -18.446 -13.2 7.498 -17.498 -13.89 7.623 -17.623 -13.89 8.512 -18.512
4 0 -13.2 8.446 -18.446 -13.89 8.512 -18.512 -13.89 8.71 -18.71 -13.2 8.877 -18.877
4 0 -13.2 8.877 -18.877 -13.89 8.71 -18.71 -13.89 9.512 -19.512 -13.2 10.334 -20.334
3 0 -13.89 9.706 -19.706 -13.2 10.334 -20.334 -13.89 9.512 -19.512
3 0 -13.89 10.334 -20.334 -13.2 10.334 -20.334 -13.89 9.706 -19.706
4 7 -19.38 8.466 -18.466 -19.38 8.547 -18.547 -18.65 8.701 -18.701 -18.65 8.605 -18.605
4 7 -19.38 9.775 -19.775 -19.38 9.891 -19.891 -18.65 10.003 -20.003 -18.65 9.867 -19.867
4 7 -19.38 11.07 -21.07 -19.38 11.178 -21.178 -18.65 11.233 -21.233 -18.65 11.097 -21.097
4 7 -19.38 12.347 -22.347 -19.38 12.449 -22.449 -18.65 12.453 -22.453 -18.65 12.342 -22.342
4 7 -14.38 12.305 -22.305 -14.38 12.48 -22.48 -13.89 12.483 -22.483 -13.89 12.301 -22.301
4 7 -14.38 13.238 -23.238 -14.38 13.43 -23.43 -13.89 13.402 -23.402 -13.89 13.201 -23.201
4 7 -14.38 14.201 -24.201 -14.38 14.383 -24.383 -13.89 14.322 -24.322 -13.89 14.132 -24.132
4 7 -14.38 15.183 -25.183 -14.38 15.37 -25.37 -13.89 15.276 -25.276 -13.89 15.08 -25.08
4 7 -14.38 16.226 -26.226 -14.38 16.404 -26.404 -13.89 16.273 -26.273 -13.89 16.073 -26.073
4 148 -14.38 12.13 -22.13 -14.38 12.305 -22.305 -13.89 12.301 -22.301 -13.89 12.13 -22.13
3 148 -13.89 12.483 -22.483 -14.38 12.48 -22.48 -14.38 12.731 -22.731
4 148 -13.89 12.483 -22.483 -14.38 12.731 -22.731 -14.38 12.964 -22.964 -13.89 13.201 -23.201
3 148 -13.89 13.201 -23.201 -14.38 12.964 -22.964 -14.38 13.238 -23.238
4 148 -14.38 13.43 -23.43 -14.38 14.201 -24.201 -13.89 14.132 -24.132 -13.89 13.402 -23.402
4 148 -14.38 14.383 -24.383 -14.38 15.183 -25.183 -13.89 15.08 -25.08 -13.89 14.322 -24.322
4 148 -13.89 15.276 -25.276 -14.38 15.37 -25.37 -14.38 15.983 -25.983 -13.89 16.073 -26.073
4 148 -14.38 16.226 -26.226 -13.89 16.073 -26.073 -14.38 15.983 -25.983 -17.567 15.983 -25.983
4 148 -14.38 16.404 -26.404 -14.38 16.846 -26.846 -13.89 16.846 -26.846 -13.89 16.273 -26.273
3 0 -13.89 12.13 -22.13 -13.89 12.301 -22.301 -13.2 12.13 -22.13
3 0 -13.89 12.301 -22.301 -13.89 12.483 -22.483 -13.2 12.13 -22.13
4 0 -13.2 12.13 -22.13 -13.89 12.483 -22.483 -13.89 13.201 -23.201 -13.2 13.586 -23.586
3 0 -13.89 13.402 -23.402 -13.2 13.586 -23.586 -13.89 13.201 -23.201
4 0 -13.2 13.586 -23.586 -13.89 13.402 -23.402 -13.89 14.132 -24.132 -13.2 14.004 -24.003
4 0 -13.2 14.004 -24.003 -13.89 14.132 -24.132 -13.89 14.322 -24.322 -13.2 14.951 -24.951
4 0 -13.2 14.951 -24.951 -13.89 14.322 -24.322 -13.89 15.08 -25.08 -13.2 15.382 -25.382
3 0 -13.89 15.276 -25.276 -13.2 15.382 -25.382 -13.89 15.08 -25.08
3 0 -13.89 16.073 -26.073 -13.2 15.382 -25.382 -13.89 15.276 -25.276
4 0 -13.2 15.382 -25.382 -13.89 16.073 -26.073 -13.89 16.273 -26.273 -13.2 16.846 -26.846
3 0 -13.89 16.846 -26.846 -13.2 16.846 -26.846 -13.89 16.273 -26.273
3 0 -18.65 9.867 -19.867 -18.15 10.065 -20.065 -18.65 9.711 -19.711
3 0 -18.65 10.003 -20.003 -18.15 10.065 -20.065 -18.65 9.867 -19.867
3 0 -18.65 11.097 -21.097 -18.15 10.065 -20.065 -18.65 10.003 -20.003
4 0 -18.15 10.065 -20.065 -18.65 11.097 -21.097 -18.65 11.233 -21.233 -18.15 12.377 -22.377
3 0 -18.65 12.342 -22.342 -18.15 12.377 -22.377 -18.65 11.233 -21.233
3 0 -18.65 12.453 -22.453 -18.15 12.377 -22.377 -18.65 12.342 -22.342
3 0 -18.65 12.453 -22.453 -18.65 12.731 -22.731 -18.15 12.377 -22.377
3 0 -14.38 12.731 -22.731 -14.38 12.48 -22.48 -14.88 12.377 -22.377
3 0 -14.88 12.377 -22.377 -14.38 12.48 -22.48 -14.38 12.305 -22.305
3 0 -14.88 12.377 -22.377 -14.38 12.305 -22.305 -14.38 12.13 -22.13
3 0 -18.65 13.56 -23.56 -18.15 13.318 -23.318 -18.65 12.964 -22.964
3 0 -18.65 13.56 -23.56 -18.65 13.674 -23.674 -18.15 13.318 -23.318
4 0 -18.15 13.318 -23.318 -18.65 13.674 -23.674 -18.65 14.799 -24.799 -18.15 15.63 -25.63
3 0 -18.65 14.916 -24.916 -18.15 15.63 -25.63 -18.65 14.799 -24.799
4 0 -18.15 15.63 -25.63 -18.65 14.916 -24.916 -18.65 15.983 -25.983 -18.187 15.983 -25.983
3 0 -14.88 13.318 -23.318 -14.38 13.238 -23.238 -14.38 12.964 -22.964
3 0 -14.88 13.318 -23.318 -14.38 13.43 -23.43 -14.38 13.238 -23.238
3 0 -14.38 14.201 -24.201 -14.38 13.43 -23.43 -14.88 13.318 -23.318
4 0 -14.38 14.383 -24.383 -14.38 14.201 -24.201 -14.88 13.318 -23.318 -14.88 15.63 -25.63
3 0 -14.88 15.63 -25.63 -14.38 15.183 -25.183 -14.38 14.383 -24.383
3 0 -14.88 15.63 -25.63 -14.38 15.37 -25.37 -14.38 15.183 -25.183
3 0 -14.88 15.63 -25.63 -14.38 15.983 -25.983 -14.38 15.37 -25.37
4 0 -18.15 15.63 -25.63 -18.187 15.983 -25.983 -17.567 15.983 -25.983 -14.88 15.63 -25.63
3 0 -17.567 15.983 -25.983 -14.38 15.983 -25.983 -14.88 15.63 -25.63
3 0 -18.65 17.429 -27.429 -18.15 16.577 -26.577 -18.65 16.224 -26.224
4 0 -18.15 16.577 -26.577 -18.65 17.429 -27.429 -18.65 17.537 -27.537 -18.15 18.89 -28.89
3 0 -18.65 18.904 -28.904 -18.15 18.89 -28.89 -18.65 17.537 -27.537
3 0 -18.65 18.904 -28.904 -18.65 18.98 -28.98 -18.15 18.89 -28.89
4 0 -18.15 18.89 -28.89 -18.65 18.98 -28.98 -18.65 19.243 -29.243 -15.844 19.243 -29.243
4 0 -14.88 18.89 -28.89 -18.15 18.89 -28.89 -15.844 19.243 -29.243 -15.551 19.243 -29.243
4 0 -14.88 18.89 -28.89 -15.551 19.243 -29.243 -14.38 19.243 -29.243 -14.38 18.728 -28.728
3 0 -14.88 18.89 -28.89 -14.38 18.728 -28.728 -14.38 18.642 -28.642
4 7 -19.38 13.615 -23.615 -19.38 13.716 -23.716 -18.65 13.674 -23.674 -18.65 13.56 -23.56
4 7 -19.38 14.902 -24.902 -19.38 14.993 -24.994 -18.65 14.916 -24.916 -18.65 14.799 -24.799
4 7 -19.38 16.235 -26.235 -19.38 16.332 -26.332 -17.567 15.983 -25.983 -18.187 15.983 -25.983
4 7 -19.38 17.64 -27.64 -19.38 17.741 -27.741 -18.65 17.537 -27.537 -18.65 17.429 -27.429
4 7 -19.38 19.155 -29.155 -19.38 19.225 -29.225 -18.65 18.98 -28.98 -18.65 18.904 -28.904
4 7 -15.844 19.243 -29.243 -16.461 19.519 -29.519 -16.179 19.519 -29.519 -15.551 19.243 -29.243
3 7 -14.38 18.728 -28.728 -14.183 18.642 -28.642 -14.38 18.642 -28.642
4 148 -13.89 18.642 -28.642 -14.183 18.642 -28.642 -14.38 18.728 -28.728 -14.38 19.243 -29.243
3 148 -13.89 19.519 -29.519 -13.89 18.642 -28.642 -14.38 19.243 -29.243
4 148 -13.89 19.519 -29.519 -14.38 19.243 -29.243 -15.551 19.243 -29.243 -16.179 19.519 -29.519
4 148 -16.461 19.519 -29.519 -15.844 19.243 -29.243 -18.65 19.243 -29.243 -19.38 19.519 -29.519
4 148 -19.38 19.225 -29.225 -19.38 19.519 -29.519 -18.65 19.243 -29.243 -18.65 18.98 -28.98
4 148 -19.38 17.741 -27.741 -19.38 19.155 -29.155 -18.65 18.904 -28.904 -18.65 17.537 -27.537
4 148 -19.38 16.332 -26.332 -19.38 17.64 -27.64 -18.65 17.429 -27.429 -18.65 16.224 -26.224
3 148 -18.65 16.224 -26.224 -17.567 15.983 -25.983 -19.38 16.332 -26.332
3 148 -19.38 16.235 -26.235 -18.187 15.983 -25.983 -18.65 15.983 -25.983
4 148 -19.38 14.993 -24.994 -19.38 16.235 -26.235 -18.65 15.983 -25.983 -18.65 14.916 -24.916
4 148 -19.38 13.716 -23.716 -19.38 14.902 -24.902 -18.65 14.799 -24.799 -18.65 13.674 -23.674
4 148 -19.38 13.615 -23.615 -18.65 13.56 -23.56 -18.65 12.964 -22.964 -19.38 12.449 -22.449
3 148 -18.65 12.731 -22.731 -19.38 12.449 -22.449 -18.65 12.964 -22.964
3 148 -18.65 12.453 -22.453 -19.38 12.449 -22.449 -18.65 12.731 -22.731
4 148 -18.65 12.731 -22.731 -18.65 12.964 -22.964 -14.38 12.964 -22.964 -14.38 12.731 -22.731
4 148 -19.38 11.178 -21.178 -19.38 12.347 -22.347 -18.65 12.342 -22.342 -18.65 11.233 -21.233
4 148 -19.38 9.891 -19.891 -19.38 11.07 -21.07 -18.65 11.097 -21.097 -18.65 10.003 -20.003
3 148 -18.65 9.867 -19.867 -18.65 9.711 -19.711 -19.38 9.775 -19.775
4 148 -19.38 9.775 -19.775 -18.65 9.711 -19.711 -18.65 9.478 -19.478 -19.38 8.547 -18.547
3 148 -18.65 8.701 -18.701 -19.38 8.547 -18.547 -18.65 9.478 -19.478
3 148 -18.65 9.711 -19.711 -14.971 9.478 -19.478 -18.65 9.478 -19.478
4 148 -19.38 7.146 -17.146 -19.38 8.466 -18.466 -18.65 8.605 -18.605 -18.65 7.351 -17.351
4 7 -15.522 0.427 -10.427 -11.248 3.828 -13.828 -10.953 3.828 -13.828 -15.437 0.427 -10.427
4 7 -12.896 0.427 -10.427 -12.045 1.244 -11.244 -12.033 1.231 -11.231 -12.784 0.427 -10.427
3 7 -11.946 1.19 -11.19 -12.784 0.427 -10.427 -12.033 1.231 -11.231
4 7 -10.413 2.808 -12.808 -8.862 4.296 -14.296 -8.317 4.491 -14.491 -10.251 2.732 -12.732
4 7 -10.638 0.427 -10.427 -6.629 5.094 -15.094 -6.085 5.288 -15.289 -10.466 0.427 -10.427
4 7 -8.579 0.427 -10.427 -4.96 5.69 -15.69 -4.71 5.78 -15.78 -8.403 0.427 -10.427
3 7 -4.497 5.78 -15.78 -8.403 0.427 -10.427 -4.71 5.78 -15.78
4 7 -6.721 0.427 -10.427 -6.336 1.148 -11.148 -6.158 1.063 -11.063 -6.522 0.427 -10.427
4 7 -5.395 2.908 -12.908 -3.862 5.78 -15.78 -3.468 5.78 -15.78 -5.128 2.871 -12.871
4 7 -4.989 0.427 -10.427 -4.708 1.146 -11.145 -4.527 1.231 -11.231 -4.771 0.427 -10.427
3 7 -4.36 1.408 -11.408 -4.771 0.427 -10.427 -4.527 1.231 -11.231
3 0 -17.503 1.231 -11.231 -17.094 1.52 -11.52 -17.455 1.209 -11.209
3 0 -17.455 1.209 -11.209 -17.094 1.52 -11.52 -17.385 1.175 -11.175
3 0 -15.43 2.543 -12.543 -15.354 2.462 -12.462 -15.746 2.157 -12.157
3 0 -15.354 2.462 -12.462 -15.213 2.313 -12.313 -15.746 2.157 -12.157
3 0 -12.337 1.554 -11.553 -11.804 1.71 -11.71 -12.045 1.244 -11.244
3 0 -12.033 1.231 -11.231 -11.624 1.52 -11.52 -11.946 1.19 -11.19
4 0 -10.456 2.347 -12.347 -10.413 2.808 -12.808 -10.251 2.732 -12.732 -10.047 2.635 -12.635
4 148 -10.17 3.828 -13.828 -8.862 4.296 -14.296 -10.413 2.808 -12.808 -10.503 2.85 -12.85
4 148 -10.17 3.828 -13.828 -10.503 2.85 -12.85 -11.04 2.926 -12.926 -10.953 3.828 -13.828
3 148 -11.04 2.926 -12.926 -11.577 2.85 -12.85 -10.953 3.828 -13.828
3 148 -11.577 2.85 -12.85 -12.033 2.635 -12.635 -10.953 3.828 -13.828
4 148 -15.437 0.427 -10.427 -10.953 3.828 -13.828 -12.033 2.635 -12.635 -12.337 2.313 -12.313
3 148 -12.444 1.933 -11.933 -15.437 0.427 -10.427 -12.337 2.313 -12.313
3 148 -12.337 1.554 -11.553 -15.437 0.427 -10.427 -12.444 1.933 -11.933
4 148 -15.437 0.427 -10.427 -12.337 1.554 -11.553 -12.045 1.244 -11.244 -12.896 0.427 -10.427
3 148 -11.577 1.016 -11.016 -12.784 0.427 -10.427 -11.946 1.19 -11.19
4 148 -12.784 0.427 -10.427 -11.577 1.016 -11.016 -11.04 0.94 -10.94 -10.638 0.427 -10.427
3 148 -10.503 1.016 -11.016 -10.638 0.427 -10.427 -11.04 0.94 -10.94
3 148 -10.047 1.231 -11.231 -10.638 0.427 -10.427 -10.503 1.016 -11.016
3 148 -9.743 1.554 -11.553 -10.638 0.427 -10.427 -10.047 1.231 -11.231
3 148 -6.629 5.094 -15.094 -10.638 0.427 -10.427 -9.743 1.554 -11.553
3 148 -8.317 4.491 -14.491 -10.047 2.635 -12.635 -10.251 2.732 -12.732
3 148 -8.317 4.491 -14.491 -9.743 2.313 -12.313 -10.047 2.635 -12.635
4 148 -9.636 1.933 -11.933 -9.743 2.313 -12.313 -8.317 4.491 -14.491 -6.629 5.094 -15.094
3 148 -6.629 5.094 -15.094 -9.743 1.554 -11.553 -9.636 1.933 -11.933
4 148 -10.466 0.427 -10.427 -6.085 5.288 -15.289 -4.96 5.69 -15.69 -8.579 0.427 -10.427
3 148 -6.336 1.148 -11.148 -6.721 0.427 -10.427 -6.513 1.231 -11.231
4 148 -6.817 1.554 -11.553 -6.513 1.231 -11.231 -6.721 0.427 -10.427 -8.403 0.427 -10.427
3 148 -6.817 1.554 -11.553 -8.403 0.427 -10.427 -6.924 1.933 -11.933
3 148 -6.924 1.933 -11.933 -8.403 0.427 -10.427 -6.817 2.313 -12.313
3 148 -6.817 2.313 -12.313 -8.403 0.427 -10.427 -4.497 5.78 -15.78
3 148 -6.513 2.635 -12.635 -6.817 2.313 -12.313 -4.497 5.78 -15.78
3 148 -6.057 2.85 -12.85 -6.513 2.635 -12.635 -4.497 5.78 -15.78
3 148 -5.52 2.926 -12.926 -6.057 2.85 -12.85 -4.497 5.78 -15.78
4 148 -5.395 2.908 -12.908 -5.52 2.926 -12.926 -4.497 5.78 -15.78 -3.862 5.78 -15.78
3 148 -6.057 1.016 -11.016 -6.522 0.427 -10.427 -6.158 1.063 -11.063
4 148 -6.522 0.427 -10.427 -6.057 1.016 -11.016 -5.52 0.94 -10.94 -4.989 0.427 -10.427
3 148 -4.983 1.016 -11.016 -4.989 0.427 -10.427 -5.52 0.94 -10.94
3 148 -4.708 1.146 -11.145 -4.989 0.427 -10.427 -4.983 1.016 -11.016
4 7 -4.223 2.313 -12.313 -4.244 2.336 -12.336 -2.899 5.78 -15.78 -2.51 5.78 -15.78
3 7 -2.51 5.78 -15.78 -4.126 1.967 -11.967 -4.223 2.313 -12.313
3 148 -3.468 5.78 -15.78 -4.983 2.85 -12.85 -5.128 2.871 -12.871
4 148 -4.527 2.635 -12.635 -4.983 2.85 -12.85 -3.468 5.78 -15.78 -2.899 5.78 -15.78
3 148 -2.899 5.78 -15.78 -4.244 2.336 -12.336 -4.527 2.635 -12.635
4 148 -3.303 0.427 -10.427 -4.771 0.427 -10.427 -4.36 1.408 -11.408 -4.223 1.554 -11.553
4 148 -3.303 0.427 -10.427 -4.223 1.554 -11.553 -4.116 1.933 -11.933 -1.992 5.78 -15.78
4 148 -1.992 5.78 -15.78 -4.116 1.933 -11.933 -4.126 1.967 -11.967 -2.51 5.78 -15.78
4 148 -3.118 0.427 -10.427 -1.606 5.78 -15.78 -1.117 5.78 -15.78 -1.711 0.427 -10.427
4 7 -3.303 0.427 -10.427 -1.992 5.78 -15.78 -1.606 5.78 -15.78 -3.118 0.427 -10.427
4 7 -0.171 0.427 -10.427 -0.178 0.959 -10.959 -0.05 0.94 -10.94 0.051 0.427 -10.427
3 7 0.061 0.956 -10.956 0.051 0.427 -10.427 -0.05 0.94 -10.94
4 7 -0.05 2.926 -12.926 -0.206 2.904 -12.904 -0.292 8.852 -18.852 0.2 8.82 -18.82
3 7 0.2 8.82 -18.82 0.095 2.905 -12.905 -0.05 2.926 -12.926
4 7 0.79 4.731 -14.73 0.2 8.82 -18.82 0.65 8.842 -18.842 0.79 7.59 -17.59
3 7 0.79 9.853 -19.853 0.79 8.343 -18.343 0.65 8.842 -18.842
4 7 0.79 9.853 -19.853 0.65 8.842 -18.842 0.2 8.82 -18.82 -0.69 9.853 -19.853
3 7 -0.69 9.853 -19.853 0.2 8.82 -18.82 -0.292 8.852 -18.852
3 7 -0.292 8.852 -18.852 -0.69 7.972 -17.972 -0.69 9.853 -19.853
3 7 -0.292 8.852 -18.852 -0.69 7.024 -17.024 -0.69 7.972 -17.972
3 7 -0.292 8.852 -18.852 -0.69 6.08 -16.08 -0.69 7.024 -17.024
3 7 -1.454 1.933 -11.933 -1.711 0.427 -10.427 -1.117 5.78 -15.78
3 7 -1.347 2.313 -12.313 -1.454 1.933 -11.933 -1.117 5.78 -15.78
4 7 -1.21 2.458 -12.458 -1.347 2.313 -12.313 -1.117 5.78 -15.78 -0.74 5.78 -15.78
3 0 -1.117 5.78 -15.78 -0.69 6.08 -16.08 -0.74 5.78 -15.78
3 0 -0.74 5.78 -15.78 -0.69 6.08 -16.08 -0.69 5.78 -15.78
3 0 -6.513 1.231 -11.231 -6.104 1.52 -11.52 -6.336 1.148 -11.148
3 0 -6.336 1.148 -11.148 -6.104 1.52 -11.52 -6.158 1.063 -11.063
3 0 -5.204 1.393 -11.393 -4.708 1.146 -11.145 -4.983 1.016 -11.016
3 0 -4.936 1.52 -11.52 -4.36 1.408 -11.408 -4.527 1.231 -11.231
3 0 -4.936 1.52 -11.52 -4.223 1.554 -11.553 -4.36 1.408 -11.408
4 0 -5.128 2.871 -12.871 -4.983 2.85 -12.85 -5.204 2.473 -12.473 -5.395 2.908 -12.908
3 7 -1.347 1.554 -11.553 -1.711 0.427 -10.427 -1.454 1.933 -11.933
3 7 -1.341 1.547 -11.547 -1.711 0.427 -10.427 -1.347 1.554 -11.553
3 7 -1.502 0.427 -10.427 -1.711 0.427 -10.427 -1.341 1.547 -11.547
3 0 -0.587 1.016 -11.016 -0.366 1.393 -11.393 -0.178 0.959 -10.959
3 0 -0.05 1.348 -11.348 0.061 0.956 -10.956 -0.05 0.94 -10.94
3 0 1.247 2.313 -12.313 0.714 2.157 -12.157 1.119 2.449 -12.449
3 0 0.487 2.85 -12.85 0.266 2.473 -12.473 0.095 2.905 -12.905
3 0 -0.05 2.926 -12.926 -0.05 2.518 -12.518 -0.206 2.904 -12.904
3 0 -1.043 2.635 -12.635 -0.634 2.347 -12.347 -1.21 2.458 -12.458
3 0 -0.814 1.71 -11.71 -1.341 1.547 -11.547 -1.347 1.554 -11.553
3 148 -1.043 1.231 -11.231 -1.502 0.427 -10.427 -1.341 1.547 -11.547
4 148 -1.502 0.427 -10.427 -1.043 1.231 -11.231 -0.587 1.016 -11.016 -0.171 0.427 -10.427
3 148 -0.178 0.959 -10.959 -0.171 0.427 -10.427 -0.587 1.016 -11.016
4 148 0.051 0.427 -10.427 0.061 0.956 -10.956 0.487 1.016 -11.016 1.411 0.427 -10.427
3 148 0.943 1.231 -11.231 1.411 0.427 -10.427 0.487 1.016 -11.016
3 148 1.2475 1.555 -11.5545 1.411 0.427 -10.427 0.943 1.231 -11.231
4 148 1.009 3.213 -13.213 1.119 2.449 -12.449 0.943 2.635 -12.635 0.79 3.213 -13.213
3 148 0.943 2.635 -12.635 0.487 2.85 -12.85 0.79 3.213 -13.213
4 148 0.79 4.731 -14.73 0.79 3.213 -13.213 0.487 2.85 -12.85 0.2 8.82 -18.82
3 148 0.487 2.85 -12.85 0.095 2.905 -12.905 0.2 8.82 -18.82
4 148 -1.043 2.635 -12.635 -1.21 2.458 -12.458 -0.74 5.78 -15.78 -0.69 5.78 -15.78
3 148 -1.043 2.635 -12.635 -0.69 5.78 -15.78 -0.587 2.85 -12.85
4 148 -0.206 2.904 -12.904 -0.587 2.85 -12.85 -0.69 5.78 -15.78 -0.292 8.852 -18.852
3 148 -0.69 5.78 -15.78 -0.69 6.08 -16.08 -0.292 8.852 -18.852
3 148 0.79 7.59 -17.59 0.65 8.842 -18.842 0.79 8.343 -18.343
3 0 1.42 5.695 -15.695 0.79 4.731 -14.73 0.79 7.59 -17.59
4 0 1.42 5.695 -15.695 0.79 7.59 -17.59 0.79 8.343 -18.343 1.42 9.103 -19.103
3 0 1.42 9.103 -19.103 0.79 8.343 -18.343 0.79 9.853 -19.853
3 0 -0.69 16.782 -26.782 -0.352 16.358 -26.358 -0.69 16.358 -26.358
3 0 -0.69 16.782 -26.782 -0.283 16.358 -26.358 -0.352 16.358 -26.358
4 0 0.192 16.358 -26.358 -0.283 16.358 -26.358 -0.69 16.782 -26.782 0.79 16.782 -26.782
3 0 0.79 16.782 -26.782 0.256 16.358 -26.358 0.192 16.358 -26.358
3 0 0.79 16.782 -26.782 0.705 16.358 -26.358 0.256 16.358 -26.358
3 0 0.79 16.782 -26.782 0.775 16.358 -26.358 0.705 16.358 -26.358
3 0 0.79 16.782 -26.782 0.79 16.358 -26.358 0.775 16.358 -26.358
3 148 -0.29 15.948 -25.948 -0.352 16.358 -26.358 -0.283 16.358 -26.358
3 148 0.2 15.962 -25.962 0.192 16.358 -26.358 0.256 16.358 -26.358
3 148 0.66 15.948 -25.948 0.705 16.358 -26.358 0.775 16.358 -26.358
4 7 0.66 15.948 -25.948 0.775 16.358 -26.358 0.79 16.358 -26.358 0.79 11.649 -21.649
4 7 0.79 11.649 -21.649 -0.69 11.649 -21.649 0.2 15.962 -25.962 0.66 15.948 -25.948
4 7 -0.29 15.948 -25.948 -0.283 16.358 -26.358 0.192 16.358 -26.358 0.2 15.962 -25.962
4 7 0.2 15.962 -25.962 0.256 16.358 -26.358 0.705 16.358 -26.358 0.66 15.948 -25.948
3 7 -0.69 18.612 -28.612 -0.621 18.154 -28.154 -0.69 18.154 -28.154
4 7 -0.254 18.154 -28.154 -0.231 19.519 -29.519 0.124 19.519 -29.519 0.153 18.154 -28.154
4 7 0.511 18.154 -28.154 0.704 19.519 -29.519 0.79 18.762 -28.762 0.79 18.154 -28.154
4 7 0.79 18.762 -28.762 0.704 19.519 -29.519 1.054 19.519 -29.519 0.97 18.762 -28.762
3 0 -0.69 18.612 -28.612 -0.69 18.154 -28.154 -1.35 19.045 -29.045
3 0 -0.69 19.519 -29.519 -0.69 18.612 -28.612 -1.35 19.045 -29.045
3 0 -0.621 18.154 -28.154 -0.69 17.73 -27.73 -0.69 18.154 -28.154
3 0 -0.254 18.154 -28.154 -0.69 17.73 -27.73 -0.621 18.154 -28.154
4 0 -0.69 17.73 -27.73 -0.254 18.154 -28.154 0.153 18.154 -28.154 0.79 17.73 -27.73
3 0 0.511 18.154 -28.154 0.79 17.73 -27.73 0.153 18.154 -28.154
3 0 0.79 18.154 -28.154 0.79 17.73 -27.73 0.511 18.154 -28.154
4 0 1.42 18.317 -28.317 0.79 18.154 -28.154 0.79 18.762 -28.762 0.97 18.762 -28.762
4 148 -0.254 18.154 -28.154 -0.621 18.154 -28.154 -0.69 18.612 -28.612 -0.231 19.519 -29.519
3 148 -0.69 18.612 -28.612 -0.69 19.519 -29.519 -0.231 19.519 -29.519
4 148 0.153 18.154 -28.154 0.124 19.519 -29.519 0.704 19.519 -29.519 0.511 18.154 -28.154
4 148 0.97 18.762 -28.762 1.054 19.519 -29.519 1.653 19.519 -29.519 1.448 18.762 -28.762
4 148 1.816 18.762 -28.762 2.009 19.519 -29.519 2.646 19.519 -29.519 2.299 18.762 -28.762
4 7 1.448 18.762 -28.762 1.653 19.519 -29.519 2.009 19.519 -29.519 1.816 18.762 -28.762
4 7 2.299 18.762 -28.762 2.646 19.519 -29.519 3.001 19.519 -29.519 2.702 18.762 -28.762
4 7 3.226 18.762 -28.762 3.659 19.519 -29.519 4.038 19.519 -29.519 3.634 18.762 -28.762
4 7 4.231 18.762 -28.762 4.774 19.519 -29.519 5.14 19.519 -29.519 4.613 18.762 -28.762
4 7 5.341 18.762 -28.762 6 19.519 -29.519 6.415 19.519 -29.519 5.718 18.762 -28.762
4 7 6.552 18.762 -28.762 7.403 19.519 -29.519 7.739 19.519 -29.519 6.965 18.762 -28.762
4 7 7.973 18.762 -28.762 8.947 19.519 -29.519 9.315 19.519 -29.519 8.362 18.762 -28.762
4 7 9.614 18.762 -28.762 10.838 19.519 -29.519 11.185 19.519 -29.519 10.042 18.762 -28.762
4 7 11.689 18.762 -28.762 13.128 19.519 -29.519 13.477 19.519 -29.519 12.073 18.762 -28.762
4 7 14.293 18.762 -28.762 16.02 19.519 -29.519 16.333 19.519 -29.519 14.693 18.762 -28.762
3 0 1.448 18.762 -28.762 1.42 18.317 -28.317 0.97 18.762 -28.762
3 0 1.816 18.762 -28.762 1.42 18.317 -28.317 1.448 18.762 -28.762
3 0 2.299 18.762 -28.762 1.42 18.317 -28.317 1.816 18.762 -28.762
3 0 2.702 18.762 -28.762 1.42 18.317 -28.317 2.299 18.762 -28.762
4 0 1.42 18.317 -28.317 2.702 18.762 -28.762 3.226 18.762 -28.762 5.03 18.317 -28.317
3 0 3.634 18.762 -28.762 5.03 18.317 -28.317 3.226 18.762 -28.762
3 0 4.231 18.762 -28.762 5.03 18.317 -28.317 3.634 18.762 -28.762
3 0 4.613 18.762 -28.762 5.03 18.317 -28.317 4.231 18.762 -28.762
3 0 5.341 18.762 -28.762 5.03 18.317 -28.317 4.613 18.762 -28.762
3 0 5.718 18.762 -28.762 5.03 18.317 -28.317 5.341 18.762 -28.762
3 0 6.552 18.762 -28.762 5.03 18.317 -28.317 5.718 18.762 -28.762
3 0 6.965 18.762 -28.762 5.03 18.317 -28.317 6.552 18.762 -28.762
3 0 7.973 18.762 -28.762 5.03 18.317 -28.317 6.965 18.762 -28.762
4 0 5.03 18.317 -28.317 7.973 18.762 -28.762 8.362 18.762 -28.762 11.84 18.317 -28.317
3 0 9.614 18.762 -28.762 11.84 18.317 -28.317 8.362 18.762 -28.762
3 0 10.042 18.762 -28.762 11.84 18.317 -28.317 9.614 18.762 -28.762
3 0 11.689 18.762 -28.762 11.84 18.317 -28.317 10.042 18.762 -28.762
3 0 12.073 18.762 -28.762 11.84 18.317 -28.317 11.689 18.762 -28.762
3 0 14.293 18.762 -28.762 11.84 18.317 -28.317 12.073 18.762 -28.762
4 0 11.84 18.317 -28.317 14.293 18.762 -28.762 14.693 18.762 -28.762 16.52 18.317 -28.317
3 0 17.16 18.762 -28.762 16.52 18.317 -28.317 14.693 18.762 -28.762
4 148 2.702 18.762 -28.762 3.001 19.519 -29.519 3.659 19.519 -29.519 3.226 18.762 -28.762
4 148 3.634 18.762 -28.762 4.038 19.519 -29.519 4.774 19.519 -29.519 4.231 18.762 -28.762
4 148 4.613 18.762 -28.762 5.14 19.519 -29.519 6 19.519 -29.519 5.341 18.762 -28.762
4 148 5.718 18.762 -28.762 6.415 19.519 -29.519 7.403 19.519 -29.519 6.552 18.762 -28.762
4 148 6.965 18.762 -28.762 7.739 19.519 -29.519 8.947 19.519 -29.519 7.973 18.762 -28.762
4 148 8.362 18.762 -28.762 9.315 19.519 -29.519 10.838 19.519 -29.519 9.614 18.762 -28.762
4 148 10.042 18.762 -28.762 11.185 19.519 -29.519 13.128 19.519 -29.519 11.689 18.762 -28.762
4 148 14.293 18.762 -28.762 12.073 18.762 -28.762 13.477 19.519 -29.519 16.02 19.519 -29.519
4 148 17.16 18.762 -28.762 14.693 18.762 -28.762 16.333 19.519 -29.519 19.28 19.519 -29.519
4 148 17.16 18.514 -28.514 17.16 18.762 -28.762 19.28 19.519 -29.519 19.28 19.254 -29.254
4 4 6.22 7.187 -17.187 5.44 5.653 -15.653 5.78 7.159 -17.159 5.97 7.314 -17.314
3 0 17.16 18.403 -28.403 16.52 16.288 -26.288 17.16 18.514 -28.514
3 0 17.159 17.173 -27.173 16.52 16.288 -26.288 17.16 18.403 -28.403
3 0 17.159 17.014 -27.014 16.52 16.288 -26.288 17.159 17.173 -27.173
3 0 17.159 17.014 -27.014 17.158 15.91 -25.91 16.52 16.288 -26.288
3 0 17.158 15.91 -25.91 17.158 15.771 -25.771 16.52 16.288 -26.288
3 0 17.158 15.771 -25.771 17.157 14.74 -24.74 16.52 16.288 -26.288
4 0 16.52 16.288 -26.288 17.157 14.74 -24.74 17.157 14.585 -24.585 16.52 12.695 -22.695
3 0 17.157 13.592 -23.592 16.52 12.695 -22.695 17.157 14.585 -24.585
3 0 17.157 13.442 -23.442 16.52 12.695 -22.695 17.157 13.592 -23.592
3 0 17.157 13.442 -23.442 17.156 12.467 -22.467 16.52 12.695 -22.695
3 0 17.156 12.467 -22.467 17.156 12.323 -22.323 16.52 12.695 -22.695
3 0 17.156 12.323 -22.323 17.155 11.335 -21.335 16.52 12.695 -22.695
3 0 17.155 11.335 -21.335 17.155 11.19 -21.19 16.52 12.695 -22.695
3 0 17.155 11.19 -21.19 17.154 10.184 -20.184 16.52 12.695 -22.695
4 0 16.52 12.695 -22.695 17.154 10.184 -20.184 17.154 10.057 -20.057 16.52 9.117 -19.117
3 0 17.154 10.057 -20.057 17.154 8.987 -18.987 16.52 9.117 -19.117
3 0 17.154 8.987 -18.987 17.154 8.871 -18.871 16.52 9.117 -19.117
3 0 17.154 8.871 -18.871 17.153 7.745 -17.745 16.52 9.117 -19.117
4 0 16.52 9.117 -19.117 17.153 7.745 -17.745 17.153 7.617 -17.617 16.52 5.709 -15.709
3 0 17.152 6.4 -16.4 16.52 5.709 -15.709 17.153 7.617 -17.617
3 0 17.152 6.283 -16.283 16.52 5.709 -15.709 17.152 6.4 -16.4
3 0 17.152 6.283 -16.283 17.151 4.924 -14.924 16.52 5.709 -15.709
4 0 16.52 5.709 -15.709 17.151 4.924 -14.924 17.151 4.794 -14.794 16.52 3.659 -13.659
3 0 17.151 4.794 -14.794 17.15 3.252 -13.252 16.52 3.659 -13.659
4 0 16.52 3.659 -13.659 17.15 3.252 -13.252 17.15 3.213 -13.213 17.065 3.213 -13.213
3 0 1.42 3.659 -13.659 1.009 3.213 -13.213 0.79 3.213 -13.213
3 0 1.42 3.659 -13.659 1.28 3.213 -13.213 1.009 3.213 -13.213
3 0 1.42 3.659 -13.659 2.23 3.213 -13.213 1.28 3.213 -13.213
3 0 1.42 3.659 -13.659 2.521 3.213 -13.213 2.23 3.213 -13.213
3 0 1.42 3.659 -13.659 3.493 3.213 -13.213 2.521 3.213 -13.213
4 0 3.788 3.213 -13.213 3.493 3.213 -13.213 1.42 3.659 -13.659 6.38 3.659 -13.659
3 0 6.38 3.659 -13.659 4.818 3.213 -13.213 3.788 3.213 -13.213
3 0 6.38 3.659 -13.659 5.116 3.213 -13.213 4.818 3.213 -13.213
3 0 6.38 3.659 -13.659 6.261 3.213 -13.213 5.116 3.213 -13.213
3 0 6.38 3.659 -13.659 6.544 3.213 -13.213 6.261 3.213 -13.213
3 0 6.38 3.659 -13.659 7.85 3.213 -13.213 6.544 3.213 -13.213
4 0 8.118 3.213 -13.213 7.85 3.213 -13.213 6.38 3.659 -13.659 11.69 3.659 -13.659
3 0 11.69 3.659 -13.659 9.619 3.213 -13.213 8.118 3.213 -13.213
3 0 11.69 3.659 -13.659 9.874 3.213 -13.213 9.619 3.213 -13.213
3 0 11.69 3.659 -13.659 11.672 3.213 -13.213 9.874 3.213 -13.213
3 0 11.69 3.659 -13.659 11.92 3.213 -13.213 11.672 3.213 -13.213
3 0 11.69 3.659 -13.659 14.083 3.213 -13.213 11.92 3.213 -13.213
4 0 14.315 3.213 -13.213 14.083 3.213 -13.213 11.69 3.659 -13.659 16.52 3.659 -13.659
3 0 16.52 3.659 -13.659 17.065 3.213 -13.213 14.315 3.213 -13.213
4 148 17.159 17.173 -27.173 17.16 18.403 -28.403 19.28 19.171 -29.171 19.28 17.734 -27.734
4 148 17.158 15.91 -25.91 17.159 17.014 -27.014 19.28 17.637 -27.637 19.28 16.345 -26.345
4 148 17.157 14.74 -24.74 17.158 15.771 -25.771 19.28 16.234 -26.234 19.28 15.013 -25.013
4 148 17.157 13.592 -23.592 17.157 14.585 -24.585 19.28 14.89 -24.89 19.28 13.718 -23.718
4 148 17.156 12.467 -22.467 17.157 13.442 -23.442 19.28 13.601 -23.601 19.28 12.437 -22.437
4 148 17.155 11.335 -21.335 17.156 12.323 -22.323 19.28 12.353 -22.353 19.28 11.168 -21.168
4 148 17.154 10.184 -20.184 17.155 11.19 -21.19 19.28 11.07 -21.07 19.28 9.881 -19.881
4 148 17.154 8.987 -18.987 17.154 10.057 -20.057 19.28 9.787 -19.787 19.28 8.552 -18.552
4 148 17.153 7.745 -17.745 17.154 8.871 -18.871 19.28 8.449 -18.449 19.28 7.145 -17.145
4 148 17.152 6.4 -16.4 17.153 7.617 -17.617 19.28 7.053 -17.053 19.28 5.626 -15.626
4 148 17.151 4.924 -14.924 17.152 6.283 -16.283 19.28 5.556 -15.556 19.28 3.963 -13.963
4 148 17.15 3.252 -13.252 17.151 4.794 -14.794 19.28 3.898 -13.898 19.28 2.094 -12.094
3 0 6.047 1.059 -11.059 5.957 1.016 -11.016 5.736 1.393 -11.393
3 0 6.219 1.14 -11.14 6.047 1.059 -11.059 5.736 1.393 -11.393
3 0 4.656 1.71 -11.71 4.427 1.231 -11.231 4.247 1.422 -11.422
3 0 4.656 1.71 -11.71 4.247 1.422 -11.422 4.123 1.554 -11.553
4 0 4.835 2.347 -12.347 4.123 2.313 -12.313 4.131 2.322 -12.322 4.427 2.635 -12.635
3 0 5.279 2.906 -12.906 5.42 2.518 -12.518 5.015 2.869 -12.869
3 0 5.42 2.926 -12.926 5.42 2.518 -12.518 5.279 2.906 -12.906
3 0 10.303 2.803 -12.803 10.624 2.473 -12.473 10.146 2.729 -12.729
3 0 10.403 2.85 -12.85 10.624 2.473 -12.473 10.303 2.803 -12.803
3 0 11.83 1.182 -11.182 11.477 1.016 -11.016 11.256 1.393 -11.393
3 0 11.939 1.238 -11.238 11.933 1.231 -11.231 11.524 1.52 -11.52
3 0 17.299 1.182 -11.182 16.947 1.016 -11.016 16.726 1.393 -11.393
3 0 17.351 1.206 -11.206 17.299 1.182 -11.182 16.726 1.393 -11.393
4 0 15.825 2.347 -12.347 15.261 2.469 -12.469 15.33 2.543 -12.543 15.417 2.635 -12.635
3 148 15.33 2.543 -12.543 14.315 3.213 -13.213 15.417 2.635 -12.635
3 148 15.417 2.635 -12.635 14.315 3.213 -13.213 15.873 2.85 -12.85
4 148 16.41 2.926 -12.926 15.873 2.85 -12.85 14.315 3.213 -13.213 17.065 3.213 -13.213
3 148 16.947 2.85 -12.85 16.41 2.926 -12.926 17.065 3.213 -13.213
4 148 17.403 2.635 -12.635 16.947 2.85 -12.85 17.065 3.213 -13.213 19.28 2.056 -12.056
3 148 19.28 2.056 -12.056 17.707 2.313 -12.313 17.403 2.635 -12.635
3 148 17.814 1.933 -11.933 17.707 2.313 -12.313 19.28 2.056 -12.056
3 148 17.707 1.554 -11.553 17.814 1.933 -11.933 19.28 2.056 -12.056
4 148 17.403 1.231 -11.231 17.707 1.554 -11.553 19.28 2.056 -12.056 18.53 0.427 -10.427
3 148 18.53 0.427 -10.427 17.351 1.206 -11.206 17.403 1.231 -11.231
3 148 19.28 0.427 -10.427 18.53 0.427 -10.427 19.28 2.056 -12.056
4 7 19.28 2.056 -12.056 17.065 3.213 -13.213 17.15 3.213 -13.213 19.28 2.094 -12.094
3 7 17.15 3.252 -13.252 19.28 2.094 -12.094 17.15 3.213 -13.213
4 7 17.16 18.403 -28.403 17.16 18.514 -28.514 19.28 19.254 -29.254 19.28 19.171 -29.171
4 7 17.159 17.014 -27.014 17.159 17.173 -27.173 19.28 17.734 -27.734 19.28 17.637 -27.637
4 7 17.158 15.771 -25.771 17.158 15.91 -25.91 19.28 16.345 -26.345 19.28 16.234 -26.234
4 7 17.157 14.585 -24.585 17.157 14.74 -24.74 19.28 15.013 -25.013 19.28 14.89 -24.89
4 7 17.157 13.442 -23.442 17.157 13.592 -23.592 19.28 13.718 -23.718 19.28 13.601 -23.601
4 7 17.156 12.323 -22.323 17.156 12.467 -22.467 19.28 12.437 -22.437 19.28 12.353 -22.353
4 7 17.155 11.19 -21.19 17.155 11.335 -21.335 19.28 11.168 -21.168 19.28 11.07 -21.07
4 7 17.154 10.057 -20.057 17.154 10.184 -20.184 19.28 9.881 -19.881 19.28 9.787 -19.787
4 7 17.154 8.871 -18.871 17.154 8.987 -18.987 19.28 8.552 -18.552 19.28 8.449 -18.449
4 7 17.153 7.617 -17.617 17.153 7.745 -17.745 19.28 7.145 -17.145 19.28 7.053 -17.053
4 7 17.152 6.283 -16.283 17.152 6.4 -16.4 19.28 5.626 -15.626 19.28 5.556 -15.556
4 7 17.151 4.794 -14.794 17.151 4.924 -14.924 19.28 3.963 -13.963 19.28 3.898 -13.898
4 7 15.261 2.469 -12.469 14.083 3.213 -13.213 14.315 3.213 -13.213 15.33 2.543 -12.543
4 7 18.488 0.427 -10.427 17.299 1.182 -11.182 17.351 1.206 -11.206 18.53 0.427 -10.427
4 7 15.32 0.427 -10.427 11.672 3.213 -13.213 11.92 3.213 -13.213 15.439 0.427 -10.427
3 148 18.488 0.427 -10.427 16.947 1.016 -11.016 17.299 1.182 -11.182
4 148 16.41 0.94 -10.94 16.947 1.016 -11.016 18.488 0.427 -10.427 15.439 0.427 -10.427
3 148 15.439 0.427 -10.427 15.873 1.016 -11.016 16.41 0.94 -10.94
3 148 15.439 0.427 -10.427 15.417 1.231 -11.231 15.873 1.016 -11.016
4 148 15.113 1.554 -11.553 15.417 1.231 -11.231 15.439 0.427 -10.427 11.92 3.213 -13.213
4 148 15.006 1.933 -11.933 15.113 1.554 -11.553 11.92 3.213 -13.213 14.083 3.213 -13.213
3 148 15.006 1.933 -11.933 14.083 3.213 -13.213 15.113 2.313 -12.313
3 148 15.113 2.313 -12.313 14.083 3.213 -13.213 15.261 2.469 -12.469
4 7 1.411 0.427 -10.427 1.2475 1.555 -11.5545 1.354 1.933 -11.933 1.591 0.427 -10.427
3 7 1.28 3.213 -13.213 1.591 0.427 -10.427 1.354 1.933 -11.933
4 7 1.28 3.213 -13.213 1.354 1.933 -11.933 1.247 2.313 -12.313 1.009 3.213 -13.213
3 7 1.009 3.213 -13.213 1.247 2.313 -12.313 1.119 2.449 -12.449
4 7 3.012 0.427 -10.427 2.23 3.213 -13.213 2.521 3.213 -13.213 3.212 0.427 -10.427
4 7 4.022 1.956 -11.956 3.493 3.213 -13.213 3.788 3.213 -13.213 4.123 2.313 -12.313
3 7 4.131 2.322 -12.322 4.123 2.313 -12.313 3.788 3.213 -13.213
4 7 5.015 2.869 -12.869 4.818 3.213 -13.213 5.116 3.213 -13.213 5.279 2.906 -12.906
3 7 4.427 1.231 -11.231 4.666 0.427 -10.427 4.247 1.422 -11.422
4 7 4.666 0.427 -10.427 4.427 1.231 -11.231 4.58 1.159 -11.159 4.862 0.427 -10.427
4 7 6.405 0.427 -10.427 6.047 1.059 -11.059 6.219 1.14 -11.14 6.597 0.427 -10.427
4 7 8.289 0.427 -10.427 6.261 3.213 -13.213 6.544 3.213 -13.213 8.461 0.427 -10.427
4 7 10.503 0.427 -10.427 10.333 0.427 -10.427 7.85 3.213 -13.213 8.118 3.213 -13.213
4 7 10.303 2.803 -12.803 10.146 2.729 -12.729 9.619 3.213 -13.213 9.874 3.213 -13.213
4 7 12.652 0.427 -10.427 11.83 1.182 -11.182 11.933 1.231 -11.231 12.787 0.427 -10.427
3 7 11.939 1.238 -11.238 12.787 0.427 -10.427 11.933 1.231 -11.231
4 148 1.591 0.427 -10.427 1.28 3.213 -13.213 2.23 3.213 -13.213 3.012 0.427 -10.427
4 148 3.212 0.427 -10.427 2.521 3.213 -13.213 3.493 3.213 -13.213 4.016 1.933 -11.933
3 148 4.016 1.933 -11.933 3.493 3.213 -13.213 4.022 1.956 -11.956
3 148 3.212 0.427 -10.427 4.016 1.933 -11.933 4.123 1.554 -11.553
4 148 3.212 0.427 -10.427 4.123 1.554 -11.553 4.247 1.422 -11.422 4.666 0.427 -10.427
3 148 4.862 0.427 -10.427 4.58 1.159 -11.159 4.883 1.016 -11.016
4 148 4.862 0.427 -10.427 4.883 1.016 -11.016 5.42 0.94 -10.94 6.405 0.427 -10.427
3 148 6.405 0.427 -10.427 5.42 0.94 -10.94 5.957 1.016 -11.016
3 148 6.405 0.427 -10.427 5.957 1.016 -11.016 6.047 1.059 -11.059
4 148 4.427 2.635 -12.635 4.131 2.322 -12.322 3.788 3.213 -13.213 4.818 3.213 -13.213
3 148 4.427 2.635 -12.635 4.818 3.213 -13.213 4.883 2.85 -12.85
3 148 4.883 2.85 -12.85 4.818 3.213 -13.213 5.015 2.869 -12.869
4 148 5.42 2.926 -12.926 5.279 2.906 -12.906 5.116 3.213 -13.213 6.261 3.213 -13.213
3 148 5.957 2.85 -12.85 5.42 2.926 -12.926 6.261 3.213 -13.213
3 148 6.413 2.635 -12.635 5.957 2.85 -12.85 6.261 3.213 -13.213
3 148 6.717 2.313 -12.313 6.413 2.635 -12.635 6.261 3.213 -13.213
3 148 8.289 0.427 -10.427 6.717 2.313 -12.313 6.261 3.213 -13.213
3 148 8.289 0.427 -10.427 6.824 1.933 -11.933 6.717 2.313 -12.313
4 148 6.717 1.554 -11.553 6.824 1.933 -11.933 8.289 0.427 -10.427 6.597 0.427 -10.427
3 148 6.597 0.427 -10.427 6.413 1.231 -11.231 6.717 1.554 -11.553
3 148 6.597 0.427 -10.427 6.219 1.14 -11.14 6.413 1.231 -11.231
4 148 8.461 0.427 -10.427 6.544 3.213 -13.213 7.85 3.213 -13.213 10.333 0.427 -10.427
3 148 10.503 0.427 -10.427 10.403 1.016 -11.016 10.94 0.94 -10.94
4 148 10.503 0.427 -10.427 10.94 0.94 -10.94 11.477 1.016 -11.016 12.652 0.427 -10.427
3 148 12.652 0.427 -10.427 11.477 1.016 -11.016 11.83 1.182 -11.182
3 148 10.503 0.427 -10.427 9.947 1.231 -11.231 10.403 1.016 -11.016
3 148 10.503 0.427 -10.427 9.643 1.554 -11.553 9.947 1.231 -11.231
3 148 10.503 0.427 -10.427 8.118 3.213 -13.213 9.643 1.554 -11.553
3 148 9.643 1.554 -11.553 8.118 3.213 -13.213 9.536 1.933 -11.933
4 148 9.643 2.313 -12.313 9.536 1.933 -11.933 8.118 3.213 -13.213 9.619 3.213 -13.213
3 148 9.643 2.313 -12.313 9.619 3.213 -13.213 9.947 2.635 -12.635
3 148 9.947 2.635 -12.635 9.619 3.213 -13.213 10.146 2.729 -12.729
3 148 10.303 2.803 -12.803 9.874 3.213 -13.213 10.403 2.85 -12.85
4 148 10.94 2.926 -12.926 10.403 2.85 -12.85 9.874 3.213 -13.213 11.672 3.213 -13.213
3 148 11.477 2.85 -12.85 10.94 2.926 -12.926 11.672 3.213 -13.213
3 148 11.933 2.635 -12.635 11.477 2.85 -12.85 11.672 3.213 -13.213
4 148 12.237 2.313 -12.313 11.933 2.635 -12.635 11.672 3.213 -13.213 15.32 0.427 -10.427
3 148 15.32 0.427 -10.427 12.344 1.933 -11.933 12.237 2.313 -12.313
4 148 12.237 1.554 -11.553 12.344 1.933 -11.933 15.32 0.427 -10.427 12.787 0.427 -10.427
3 148 12.787 0.427 -10.427 11.939 1.238 -11.238 12.237 1.554 -11.553
3 0 -14.38 16.846 -26.846 -14.38 16.404 -26.404 -14.88 16.577 -26.577
3 0 -14.38 16.404 -26.404 -14.38 16.226 -26.226 -14.88 16.577 -26.577
3 148 -17.567 15.983 -25.983 -18.65 16.224 -26.224 -14.38 16.226 -26.226
3 0 -4.756 2.157 -12.157 -4.244 2.336 -12.336 -4.223 2.313 -12.313
3 7 0.2 15.962 -25.962 -0.69 11.649 -21.649 -0.69 13.53 -23.53
4 7 0.2 15.962 -25.962 -0.69 13.53 -23.53 -0.69 14.477 -24.477 -0.29 15.948 -25.948
4 7 -0.29 15.948 -25.948 -0.69 14.477 -24.477 -0.69 16.358 -26.358 -0.352 16.358 -26.358
3 0 -14.38 18.211 -28.211 -14.38 18.642 -28.642 -14.183 18.642 -28.642
3 16 -18.666 0.427 -10.427 -20 0 -10 -19.38 0.427 -10.427
3 16 -18.566 0.427 -10.427 -20 0 -10 -18.666 0.427 -10.427
4 16 -20 0 -10 -18.566 0.427 -10.427 -15.522 0.427 -10.427 -12.96 0.191 -10.191
3 16 -15.437 0.427 -10.427 -12.96 0.191 -10.191 -15.522 0.427 -10.427
3 16 -12.896 0.427 -10.427 -12.96 0.191 -10.191 -15.437 0.427 -10.427
3 16 -12.784 0.427 -10.427 -12.96 0.191 -10.191 -12.896 0.427 -10.427
3 16 -10.638 0.427 -10.427 -12.96 0.191 -10.191 -12.784 0.427 -10.427
3 16 -10.466 0.427 -10.427 -12.96 0.191 -10.191 -10.638 0.427 -10.427
4 16 -12.96 0.191 -10.191 -10.466 0.427 -10.427 -8.579 0.427 -10.427 -7.63 0.191 -10.191
3 16 -8.403 0.427 -10.427 -7.63 0.191 -10.191 -8.579 0.427 -10.427
3 16 -6.721 0.427 -10.427 -7.63 0.191 -10.191 -8.403 0.427 -10.427
3 16 -6.522 0.427 -10.427 -7.63 0.191 -10.191 -6.721 0.427 -10.427
3 16 -4.989 0.427 -10.427 -7.63 0.191 -10.191 -6.522 0.427 -10.427
3 16 -4.771 0.427 -10.427 -7.63 0.191 -10.191 -4.989 0.427 -10.427
4 16 -7.63 0.191 -10.191 -4.771 0.427 -10.427 -3.303 0.427 -10.427 0 0.191 -10.191
3 16 -3.118 0.427 -10.427 0 0.191 -10.191 -3.303 0.427 -10.427
3 16 -1.711 0.427 -10.427 0 0.191 -10.191 -3.118 0.427 -10.427
3 16 -1.502 0.427 -10.427 0 0.191 -10.191 -1.711 0.427 -10.427
3 16 -0.171 0.427 -10.427 0 0.191 -10.191 -1.502 0.427 -10.427
3 16 0.051 0.427 -10.427 0 0.191 -10.191 -0.171 0.427 -10.427
3 16 1.411 0.427 -10.427 0 0.191 -10.191 0.051 0.427 -10.427
3 16 1.591 0.427 -10.427 0 0.191 -10.191 1.411 0.427 -10.427
3 16 3.012 0.427 -10.427 0 0.191 -10.191 1.591 0.427 -10.427
3 16 3.212 0.427 -10.427 0 0.191 -10.191 3.012 0.427 -10.427
4 16 0 0.191 -10.191 3.212 0.427 -10.427 4.666 0.427 -10.427 6.08 0.191 -10.191
3 16 4.862 0.427 -10.427 6.08 0.191 -10.191 4.666 0.427 -10.427
3 16 6.405 0.427 -10.427 6.08 0.191 -10.191 4.862 0.427 -10.427
3 16 6.597 0.427 -10.427 6.08 0.191 -10.191 6.405 0.427 -10.427
3 16 8.289 0.427 -10.427 6.08 0.191 -10.191 6.597 0.427 -10.427
3 16 8.461 0.427 -10.427 6.08 0.191 -10.191 8.289 0.427 -10.427
3 16 10.333 0.427 -10.427 6.08 0.191 -10.191 8.461 0.427 -10.427
3 16 10.503 0.427 -10.427 6.08 0.191 -10.191 10.333 0.427 -10.427
4 16 6.08 0.191 -10.191 10.503 0.427 -10.427 12.652 0.427 -10.427 16.28 0.191 -10.191
3 16 12.787 0.427 -10.427 16.28 0.191 -10.191 12.652 0.427 -10.427
3 16 15.32 0.427 -10.427 16.28 0.191 -10.191 12.787 0.427 -10.427
3 16 15.439 0.427 -10.427 16.28 0.191 -10.191 15.32 0.427 -10.427
3 16 18.488 0.427 -10.427 16.28 0.191 -10.191 15.439 0.427 -10.427
4 16 16.28 0.191 -10.191 18.488 0.427 -10.427 18.53 0.427 -10.427 20 0 -10
3 16 19.28 0.427 -10.427 20 0 -10 18.53 0.427 -10.427
3 16 19.28 2.056 -12.056 20 0 -10 19.28 0.427 -10.427
4 16 20 0 -10 19.28 2.056 -12.056 19.28 2.094 -12.094 19.66 3.51 -13.51
3 16 19.66 3.51 -13.51 19.28 2.094 -12.094 19.28 3.898 -13.898
4 16 19.66 3.51 -13.51 19.28 3.898 -13.898 19.28 3.963 -13.963 19.66 5.858 -15.858
3 16 19.66 5.858 -15.858 19.28 3.963 -13.963 19.28 5.556 -15.556
3 16 19.66 5.858 -15.858 19.28 5.556 -15.556 19.28 5.626 -15.626
3 16 19.66 5.858 -15.858 19.28 5.626 -15.626 19.28 7.053 -17.053
4 16 19.66 5.858 -15.858 19.28 7.053 -17.053 19.28 7.145 -17.145 19.66 8.347 -18.347
3 16 19.66 8.347 -18.347 19.28 7.145 -17.145 19.28 8.449 -18.449
3 16 19.28 8.552 -18.552 19.66 8.347 -18.347 19.28 8.449 -18.449
3 16 19.28 9.787 -19.787 19.66 8.347 -18.347 19.28 8.552 -18.552
4 16 19.66 8.347 -18.347 19.28 9.787 -19.787 19.28 9.881 -19.881 19.66 10.758 -20.758
3 16 19.66 10.758 -20.758 19.28 9.881 -19.881 19.28 11.07 -21.07
3 16 19.28 11.168 -21.168 19.66 10.758 -20.758 19.28 11.07 -21.07
3 16 19.28 12.353 -22.353 19.66 10.758 -20.758 19.28 11.168 -21.168
4 16 19.66 10.758 -20.758 19.28 12.353 -22.353 19.28 12.437 -22.437 19.66 13.707 -23.707
3 16 19.66 13.707 -23.707 19.28 12.437 -22.437 19.28 13.601 -23.601
4 16 19.66 13.707 -23.707 19.28 13.601 -23.601 19.28 13.718 -23.718 19.66 16.012 -26.012
3 16 19.66 16.012 -26.012 19.28 13.718 -23.718 19.28 14.89 -24.89
3 16 19.66 16.012 -26.012 19.28 14.89 -24.89 19.28 15.013 -25.013
3 16 19.66 16.012 -26.012 19.28 15.013 -25.013 19.28 16.234 -26.234
3 16 19.28 16.345 -26.345 19.66 16.012 -26.012 19.28 16.234 -26.234
3 16 19.28 17.637 -27.637 19.66 16.012 -26.012 19.28 16.345 -26.345
4 16 19.66 16.012 -26.012 19.28 17.637 -27.637 19.28 17.734 -27.734 20 20 -30
3 16 20 20 -30 19.28 17.734 -27.734 19.28 19.171 -29.171
3 16 20 20 -30 19.28 19.171 -29.171 19.28 19.254 -29.254
3 16 20 20 -30 19.28 19.254 -29.254 19.28 19.519 -29.519
4 16 15.29 19.788 -29.788 20 20 -30 19.28 19.519 -29.519 16.333 19.519 -29.519
3 16 15.29 19.788 -29.788 16.333 19.519 -29.519 16.02 19.519 -29.519
3 16 15.29 19.788 -29.788 16.02 19.519 -29.519 13.477 19.519 -29.519
3 16 15.29 19.788 -29.788 13.477 19.519 -29.519 13.128 19.519 -29.519
3 16 15.29 19.788 -29.788 13.128 19.519 -29.519 11.185 19.519 -29.519
4 16 15.29 19.788 -29.788 11.185 19.519 -29.519 10.838 19.519 -29.519 5.48 19.788 -29.788
3 16 5.48 19.788 -29.788 10.838 19.519 -29.519 9.315 19.519 -29.519
3 16 5.48 19.788 -29.788 9.315 19.519 -29.519 8.947 19.519 -29.519
3 16 5.48 19.788 -29.788 8.947 19.519 -29.519 7.739 19.519 -29.519
3 16 5.48 19.788 -29.788 7.739 19.519 -29.519 7.403 19.519 -29.519
3 16 5.48 19.788 -29.788 7.403 19.519 -29.519 6.415 19.519 -29.519
3 16 5.48 19.788 -29.788 6.415 19.519 -29.519 6 19.519 -29.519
3 16 5.48 19.788 -29.788 6 19.519 -29.519 5.14 19.519 -29.519
3 16 5.48 19.788 -29.788 5.14 19.519 -29.519 4.774 19.519 -29.519
3 16 5.48 19.788 -29.788 4.774 19.519 -29.519 4.038 19.519 -29.519
3 16 5.48 19.788 -29.788 4.038 19.519 -29.519 3.659 19.519 -29.519
3 16 5.48 19.788 -29.788 3.659 19.519 -29.519 3.001 19.519 -29.519
3 16 5.48 19.788 -29.788 3.001 19.519 -29.519 2.646 19.519 -29.519
3 16 5.48 19.788 -29.788 2.646 19.519 -29.519 2.009 19.519 -29.519
3 16 5.48 19.788 -29.788 2.009 19.519 -29.519 1.653 19.519 -29.519
4 16 5.48 19.788 -29.788 1.653 19.519 -29.519 1.054 19.519 -29.519 -0.05 19.788 -29.788
3 16 -0.05 19.788 -29.788 1.054 19.519 -29.519 0.704 19.519 -29.519
3 16 -0.05 19.788 -29.788 0.704 19.519 -29.519 0.124 19.519 -29.519
3 16 -0.05 19.788 -29.788 0.124 19.519 -29.519 -0.231 19.519 -29.519
3 16 -0.05 19.788 -29.788 -0.231 19.519 -29.519 -0.69 19.519 -29.519
4 16 -0.05 19.788 -29.788 -0.69 19.519 -29.519 -4.54 19.519 -29.519 -6.17 19.788 -29.788
4 16 -6.17 19.788 -29.788 -4.54 19.519 -29.519 -8.88 19.519 -29.519 -17 19.788 -29.788
3 16 -17 19.788 -29.788 -13.89 19.519 -29.519 -16.179 19.519 -29.519
3 16 -17 19.788 -29.788 -16.179 19.519 -29.519 -16.461 19.519 -29.519
4 16 -17 19.788 -29.788 -16.461 19.519 -29.519 -19.38 19.519 -29.519 -20 20 -30
3 16 -19.38 19.519 -29.519 -19.38 19.225 -29.225 -20 20 -30
3 16 -19.38 19.225 -29.225 -19.38 19.155 -29.155 -20 20 -30
3 16 -19.38 19.155 -29.155 -19.38 17.741 -27.741 -20 20 -30
4 16 -20 20 -30 -19.38 17.741 -27.741 -19.38 17.64 -27.64 -19.74 16.351 -26.351
3 16 -19.38 17.64 -27.64 -19.38 16.332 -26.332 -19.74 16.351 -26.351
3 16 -19.38 16.332 -26.332 -19.38 16.235 -26.235 -19.74 16.351 -26.351
3 16 -19.38 16.235 -26.235 -19.38 14.993 -24.994 -19.74 16.351 -26.351
3 16 -19.38 14.993 -24.994 -19.38 14.902 -24.902 -19.74 16.351 -26.351
4 16 -19.74 16.351 -26.351 -19.38 14.902 -24.902 -19.38 13.716 -23.716 -19.74 12.632 -22.632
3 16 -19.38 13.615 -23.615 -19.74 12.632 -22.632 -19.38 13.716 -23.716
3 16 -19.38 13.615 -23.615 -19.38 12.449 -22.449 -19.74 12.632 -22.632
3 16 -19.38 12.449 -22.449 -19.38 12.347 -22.347 -19.74 12.632 -22.632
3 16 -19.38 12.347 -22.347 -19.38 11.178 -21.178 -19.74 12.632 -22.632
3 16 -19.38 11.178 -21.178 -19.38 11.07 -21.07 -19.74 12.632 -22.632
4 16 -19.74 12.632 -22.632 -19.38 11.07 -21.07 -19.38 9.891 -19.891 -19.74 8.594 -18.594
3 16 -19.38 9.775 -19.775 -19.74 8.594 -18.594 -19.38 9.891 -19.891
3 16 -19.38 9.775 -19.775 -19.38 8.547 -18.547 -19.74 8.594 -18.594
3 16 -19.38 8.547 -18.547 -19.38 8.466 -18.466 -19.74 8.594 -18.594
3 16 -19.38 8.466 -18.466 -19.38 7.146 -17.146 -19.74 8.594 -18.594
3 16 -19.38 7.146 -17.146 -19.38 7.052 -17.052 -19.74 8.594 -18.594
4 16 -19.74 8.594 -18.594 -19.38 7.052 -17.052 -19.38 5.625 -15.625 -19.74 3.248 -13.248
3 16 -19.38 5.549 -15.549 -19.74 3.248 -13.248 -19.38 5.625 -15.625
3 16 -19.38 3.956 -13.956 -19.74 3.248 -13.248 -19.38 5.549 -15.549
3 16 -19.38 3.895 -13.895 -19.74 3.248 -13.248 -19.38 3.956 -13.956
3 16 -19.38 3.895 -13.895 -19.38 2.104 -12.104 -19.74 3.248 -13.248
4 16 -19.74 3.248 -13.248 -19.38 2.104 -12.104 -19.38 2.061 -12.061 -20 0 -10
3 16 -19.38 0.427 -10.427 -20 0 -10 -19.38 2.061 -12.061
3 16 -17 19.788 -29.788 -8.88 19.519 -29.519 -13.89 19.519 -29.519
3 16 -7.63 0.191 -10.191 -20 0 -10 -12.96 0.191 -10.191
4 16 -20 0 -10 -7.63 0.191 -10.191 0 0.191 -10.191 20 0 -10
3 16 6.08 0.191 -10.191 20 0 -10 0 0.191 -10.191
3 16 16.28 0.191 -10.191 20 0 -10 6.08 0.191 -10.191
3 16 19.66 5.858 -15.858 20 0 -10 19.66 3.51 -13.51
3 16 19.66 8.347 -18.347 20 0 -10 19.66 5.858 -15.858
4 16 20 0 -10 19.66 8.347 -18.347 19.66 10.758 -20.758 20 20 -30
3 16 20 20 -30 19.66 10.758 -20.758 19.66 13.707 -23.707
3 16 20 20 -30 19.66 13.707 -23.707 19.66 16.012 -26.012
3 16 -20 20 -30 -6.17 19.788 -29.788 -17 19.788 -29.788
4 16 -0.05 19.788 -29.788 -6.17 19.788 -29.788 -20 20 -30 20 20 -30
3 16 20 20 -30 5.48 19.788 -29.788 -0.05 19.788 -29.788
3 16 20 20 -30 15.29 19.788 -29.788 5.48 19.788 -29.788
4 16 -19.74 8.594 -18.594 -19.74 3.248 -13.248 -20 0 -10 -20 20 -30
3 16 -19.74 16.351 -26.351 -19.74 12.632 -22.632 -20 20 -30
3 16 -19.74 12.632 -22.632 -19.74 8.594 -18.594 -20 20 -30
