0 Slope Brick 45  2 x  1 with Targeting Screen Pattern
0 Name: 3040p58.dat
0 Author: Orion Pobursky [OrionP]
0 !LDRAW_ORG Part UPDATE 2013-02
0 !LICENSE Redistributable under CCAL version 2.0 : see CAreadme.txt

0 BFC CERTIFY CCW

0 !KEYWORDS Star Wars, Space, TIE Interceptor, computer, controls, crosshairs
0 !KEYWORDS Insectoids

0 !HISTORY 2004-03-02 [PTadmin] Official Update 2004-01
0 !HISTORY 2004-03-11 [cwdee]   Corrected title spelling
0 !HISTORY 2004-04-22 [PTadmin] Official Update 2004-02
0 !HISTORY 2007-06-09 [PTadmin] Header formatted for Contributor Agreement
0 !HISTORY 2008-07-01 [PTadmin] Official Update 2008-01
0 !HISTORY 2013-04-22 [MagFors] Color corrections, pattern rewrite
0 !HISTORY 2013-12-23 [PTadmin] Official Update 2013-02

1 16 0 0 0 1 0 0 0 1 0 0 0 1 s\3040s01.dat
1 16 7 2.121 -12.121 2 0 0 0 1.4142 1.4142 0 1.4142 -1.4142 4-4ndis.dat
1 16 7 5.657 -15.657 2 0 0 0 1.4142 1.4142 0 1.4142 -1.4142 4-4ndis.dat
1 80 7 2.121 -12.121 1 0 0 0 0.7071 0.7071 0 0.7071 -0.7071 4-4ring1.dat
1 80 7 5.657 -15.657 1 0 0 0 0.7071 0.7071 0 0.7071 -0.7071 4-4ring1.dat
1 82 7 2.121 -12.121 1 0 0 0 0.7071 0.7071 0 0.7071 -0.7071 4-4disc.dat
1 82 7 5.657 -15.657 1 0 0 0 0.7071 0.7071 0 0.7071 -0.7071 4-4disc.dat

4 0 -0.25 9.899 -19.899 -0.75 9.899 -19.899 -0.75 10.395 -20.395 -0.25 10.395 -20.395
4 0 -0.25 9.546 -19.546 -0.75 9.546 -19.546 -0.75 9.899 -19.899 -0.25 9.899 -19.899
4 0 -0.25 9.051 -19.051 -0.75 9.051 -19.051 -0.75 9.546 -19.546 -0.25 9.546 -19.546
4 0 -0.25 11.137 -21.137 -0.75 11.137 -21.137 -0.75 11.491 -21.491 -0.25 11.491 -21.491
4 0 -0.25 10.748 -20.748 -0.75 10.748 -20.748 -0.75 11.137 -21.137 -0.25 11.137 -21.137
4 0 -0.25 10.395 -20.395 -0.75 10.395 -20.395 -0.75 10.748 -20.748 -0.25 10.748 -20.748
4 0 -0.25 8.697 -18.697 -0.75 8.697 -18.697 -0.75 9.051 -19.051 -0.25 9.051 -19.051
4 0 -0.25 3.712 -13.712 -0.75 3.712 -13.712 -0.75 5.562 -15.562 -0.25 5.562 -15.562
4 0 -1.25 6.718 -16.718 -1.75 6.364 -16.364 -1.75 7.071 -17.071 -1.25 7.071 -17.071
4 0 -1.75 6.364 -16.364 -1.25 6.718 -16.718 -0.75 6.718 -16.718 -1.3 6.364 -16.364
4 0 -0.25 6.364 -16.364 -0.75 6.364 -16.364 -0.75 6.718 -16.718 -0.25 6.718 -16.718
4 0 -0.25 5.908 -15.908 -0.75 5.908 -15.908 -0.75 6.364 -16.364 -0.25 6.364 -16.364
4 0 -0.25 5.562 -15.562 -0.75 5.562 -15.562 -0.75 5.908 -15.908 -0.25 5.908 -15.908
3 0 -6.5 9.546 -19.546 -7.5 9.546 -19.546 -6.385 9.899 -19.899
3 0 -6.385 9.546 -19.546 -6.5 9.546 -19.546 -6.385 9.899 -19.899
4 0 -7.5 9.546 -19.546 -9 9.546 -19.546 -9 9.899 -19.899 -6.385 9.899 -19.899
4 0 -1.45 9.546 -19.546 -1.95 9.546 -19.546 -1.95 9.899 -19.899 -1.45 9.899 -19.899
4 0 -4.5 9.546 -19.546 -5 9.546 -19.546 -5 9.899 -19.899 -4.5 9.899 -19.899
4 0 -5.894 9.546 -19.546 -6.385 9.546 -19.546 -6.385 9.899 -19.899 -5.894 9.899 -19.899
4 0 -0.25 13.884 -23.884 -0.75 13.884 -23.884 -0.75 15.733 -25.733 -0.25 15.733 -25.733
4 0 -0.25 12.198 -22.198 -0.75 12.198 -22.198 -0.75 12.551 -22.551 -0.25 12.551 -22.551
4 0 -0.25 11.844 -21.844 -0.75 11.844 -21.844 -0.75 12.198 -22.198 -0.25 12.198 -22.198
4 0 -0.25 11.491 -21.491 -0.75 11.491 -21.491 -0.75 11.844 -21.844 -0.25 11.844 -21.844
4 0 -0.25 13.537 -23.537 -0.75 13.537 -23.537 -0.75 13.884 -23.884 -0.25 13.884 -23.884
4 0 -0.25 12.905 -22.905 -0.75 12.905 -22.905 -0.75 13.537 -23.537 -0.25 13.537 -23.537
4 0 -0.25 12.551 -22.551 -0.75 12.551 -22.551 -0.75 12.905 -22.905 -0.25 12.905 -22.905
4 0 -0.25 6.364 -16.364 -0.25 6.718 -16.718 0.25 6.718 -16.718 0.75 6.364 -16.364
4 0 -0.883 10.376 -20.376 -1.074 10.703 -20.703 -0.75 10.748 -20.748 -0.75 10.395 -20.395
4 0 0.573 13.537 -23.537 -0.25 13.537 -23.537 -0.25 13.884 -23.884 0.67 13.884 -23.884
4 0 0.25 12.551 -22.551 -0.25 12.551 -22.551 -0.25 12.905 -22.905 0.25 12.905 -22.905
4 0 -1.886 9.317 -19.317 -1.95 9.546 -19.546 -1.45 9.546 -19.546 -1.424 9.452 -19.452
4 0 -1.95 9.899 -19.899 -1.886 10.129 -20.129 -1.424 9.993 -19.993 -1.45 9.899 -19.899
4 0 0.074 10.703 -20.703 -0.117 10.376 -20.376 -0.25 10.395 -20.395 -0.096 10.727 -20.727
4 0 0.25 11.844 -21.844 -0.25 11.844 -21.844 -0.25 12.198 -22.198 0.25 12.198 -22.198
4 0 -0.75 11.137 -21.137 -1.25 11.137 -21.137 -1.25 11.491 -21.491 -0.75 11.491 -21.491
4 0 -5.894 8.964 -18.964 -6.385 8.895 -18.895 -6.385 9.546 -19.546 -5.894 9.546 -19.546
4 0 -6.385 9.899 -19.899 -6.385 10.55 -20.55 -5.894 10.481 -20.481 -5.894 9.899 -19.899
4 0 0.25 11.137 -21.137 -0.25 11.137 -21.137 -0.25 11.491 -21.491 0.25 11.491 -21.491
4 0 -0.75 12.551 -22.551 -1.25 12.551 -22.551 -1.25 12.905 -22.905 -0.75 12.905 -22.905
4 0 -0.75 11.844 -21.844 -1.25 11.844 -21.844 -1.25 12.198 -22.198 -0.75 12.198 -22.198
4 0 4.894 8.964 -18.964 4.894 9.546 -19.546 5.385 9.546 -19.546 5.385 8.895 -18.895
4 0 5.385 9.899 -19.899 4.894 9.899 -19.899 4.894 10.481 -20.481 5.385 10.55 -20.55
4 0 3 10.253 -20.253 3 10.607 -20.607 4 10.607 -20.607 3.5 10.253 -20.253
4 0 0.25 6.718 -16.718 0.25 7.071 -17.071 0.75 7.071 -17.071 0.75 6.364 -16.364
4 0 -0.25 5.562 -15.562 -0.25 5.908 -15.908 0.573 5.908 -15.908 0.2 5.562 -15.562
4 0 -0.75 5.562 -15.562 -1.671 5.562 -15.562 -1.573 5.908 -15.908 -1.2 5.908 -15.908
4 0 4 9.899 -19.899 3.5 9.899 -19.899 3.5 10.253 -20.253 4 10.607 -20.607
4 0 0.45 9.899 -19.899 0.424 9.993 -19.993 0.886 10.129 -20.129 0.95 9.899 -19.899
4 0 0.424 9.452 -19.452 0.45 9.546 -19.546 0.95 9.546 -19.546 0.886 9.317 -19.317
4 0 -1.074 8.743 -18.743 -0.883 9.069 -19.069 -0.75 9.051 -19.051 -0.75 8.697 -18.697
4 0 3.5 9.192 -19.192 3.5 9.546 -19.546 4 9.546 -19.546 4 8.839 -18.839
4 0 3 8.839 -18.839 3 9.192 -19.192 3.5 9.192 -19.192 4 8.839 -18.839
4 0 -0.25 8.697 -18.697 -0.25 9.051 -19.051 -0.117 9.069 -19.069 0.074 8.743 -18.743
4 0 0.67 5.562 -15.562 0.2 5.562 -15.562 0.573 5.908 -15.908 0.899 6.004 -16.004
3 0 3.308 6.53 -16.53 4.073 7.562 -17.562 4.489 7.366 -17.366
4 0 4.073 7.562 -17.562 3.308 6.53 -16.53 2.833 6.195 -16.195 2.932 6.755 -16.755
3 0 0.67 5.562 -15.562 0.899 6.004 -16.004 1.598 6.208 -16.208
3 0 1.499 5.804 -15.804 2.556 6.489 -16.489 2.29 6.036 -16.036
4 0 2.556 6.489 -16.489 1.499 5.804 -15.804 0.67 5.562 -15.562 1.598 6.208 -16.208
4 0 2.833 6.195 -16.195 2.29 6.036 -16.036 2.556 6.489 -16.489 2.932 6.755 -16.755
4 0 -1.573 13.537 -23.537 -1.4 13.884 -23.884 -0.75 13.884 -23.884 -1.3 13.537 -23.537
3 0 -3.556 12.956 -22.956 -3.513 13.344 -23.344 -2.484 13.646 -23.646
4 0 -1.573 13.537 -23.537 -2.41 13.333 -23.333 -1.671 13.884 -23.884 -1.4 13.884 -23.884
3 0 2.091 13.468 -23.468 0.573 13.537 -23.537 0.67 13.884 -23.884
4 0 2.091 13.468 -23.468 2.833 13.25 -23.25 2.005 13.118 -23.118 0.573 13.537 -23.537
4 0 2.833 13.25 -23.25 3.196 12.994 -22.994 2.556 12.956 -22.956 2.005 13.118 -23.118
3 0 -5.489 7.366 -17.366 -5.801 7.899 -17.899 -5.073 7.562 -17.562
3 0 -0.25 10.395 -20.395 -0.25 10.748 -20.748 -0.096 10.727 -20.727
4 0 0 9.899 -19.899 0.45 9.899 -19.899 0.45 9.546 -19.546 0 9.546 -19.546
3 0 -0.25 8.2 -18.2 -0.75 8.697 -18.697 -0.25 8.697 -18.697
3 0 -0.75 6.364 -16.364 -1.3 6.364 -16.364 -0.75 6.718 -16.718
3 0 -0.75 5.562 -15.562 -1.2 5.908 -15.908 -0.75 5.908 -15.908
4 0 0 9.546 -19.546 -0.25 9.546 -19.546 -0.25 9.899 -19.899 0 9.899 -19.899
4 0 2.5 9.546 -19.546 1.9 9.546 -19.546 2 9.899 -19.899 2.5 9.899 -19.899
4 0 1.9 9.546 -19.546 0.95 9.546 -19.546 0.95 9.899 -19.899 2 9.899 -19.899
4 0 3.5 9.899 -19.899 3.5 9.546 -19.546 3 9.546 -19.546 3 9.899 -19.899
3 0 -0.75 13.537 -23.537 -1.3 13.537 -23.537 -0.75 13.884 -23.884
4 0 -0.25 6.718 -16.718 -0.75 6.718 -16.718 -0.75 8.697 -18.697 -0.25 8.2 -18.2
4 0 3 9.546 -19.546 2.5 9.546 -19.546 2.5 9.899 -19.899 3 9.899 -19.899
4 0 -1.671 13.884 -23.884 -2.41 13.333 -23.333 -3.556 12.956 -22.956 -2.484 13.646 -23.646
4 0 -5.5 9.899 -19.899 -5 9.899 -19.899 -5 9.546 -19.546 -5.524 9.546 -19.546
4 0 -5 9.899 -19.899 -5 10.607 -20.607 -4.5 10.253 -20.253 -4.5 9.899 -19.899
4 0 -4.5 9.192 -19.192 -5.015 8.821 -18.821 -5 9.546 -19.546 -4.5 9.546 -19.546
3 0 -5.015 8.821 -18.821 -4.5 9.192 -19.192 -4.254 8.839 -18.839
4 0 -4 8.839 -18.839 -4.254 8.839 -18.839 -4.5 9.192 -19.192 -4.3 9.192 -19.192
4 0 -5.524 9.546 -19.546 -5.894 9.546 -19.546 -5.894 9.899 -19.899 -5.5 9.899 -19.899
4 0 -2.4 9.899 -19.899 -1.95 9.899 -19.899 -1.95 9.546 -19.546 -2.4 9.546 -19.546
4 0 4 9.546 -19.546 3.5 9.546 -19.546 3.5 9.899 -19.899 4 9.899 -19.899
4 0 0.95 9.546 -19.546 0.45 9.546 -19.546 0.45 9.899 -19.899 0.95 9.899 -19.899
4 0 -1.45 9.546 -19.546 -1.45 9.899 -19.899 -0.75 9.899 -19.899 -0.75 9.546 -19.546
4 0 8 9.546 -19.546 5.385 9.546 -19.546 5.385 9.899 -19.899 8 9.899 -19.899
4 0 5.385 9.546 -19.546 4.894 9.546 -19.546 4.894 9.899 -19.899 5.385 9.899 -19.899
4 0 4.894 9.546 -19.546 4 9.546 -19.546 4 9.899 -19.899 4.894 9.899 -19.899
3 0 -5.894 10.481 -20.481 -6.385 10.55 -20.55 -5.411 11.306 -21.306
4 0 -2.4 9.546 -19.546 -3.6 9.546 -19.546 -3.7 9.899 -19.899 -2.4 9.899 -19.899
4 0 -4.4 9.546 -19.546 -4.4 9.9 -19.9 -3.7 9.899 -19.899 -3.6 9.546 -19.546
3 0 -5.073 11.883 -21.883 -5.489 12.08 -22.08 -4.495 12.292 -22.292
4 0 -5.489 12.08 -22.08 -4.423 12.833 -22.833 -3.556 12.956 -22.956 -4.495 12.292 -22.292
4 0 -3.556 12.956 -22.956 -4.423 12.833 -22.833 -3.833 13.25 -23.25 -3.513 13.344 -23.344
3 0 -4.5 10.253 -20.253 -5 10.607 -20.607 -4.452 10.607 -20.607
4 0 -6.385 8.895 -18.895 -5.46 8.223 -18.223 -5.073 7.562 -17.562 -5.801 7.899 -17.899
3 0 -5.46 8.223 -18.223 -6.385 8.895 -18.895 -5.894 8.964 -18.964
3 0 -4 8.839 -18.839 -4.3 9.192 -19.192 -4 9.192 -19.192
4 0 -4 10.607 -20.607 -4.4 10.253 -20.253 -4.5 10.253 -20.253 -4.452 10.607 -20.607
3 0 -4 10.253 -20.253 -4.4 10.253 -20.253 -4 10.607 -20.607
4 0 -4.4 9.546 -19.546 -4.5 9.546 -19.546 -4.5 9.899 -19.899 -4.4 9.9 -19.9
4 0 -1.886 10.129 -20.129 -1.561 10.473 -20.473 -1.207 10.223 -20.223 -1.424 9.993 -19.993
4 0 -1.561 10.473 -20.473 -1.074 10.703 -20.703 -0.883 10.376 -20.376 -1.207 10.223 -20.223
4 0 0.886 9.317 -19.317 0.561 8.973 -18.973 0.207 9.223 -19.223 0.424 9.452 -19.452
4 0 0.561 8.973 -18.973 0.074 8.743 -18.743 -0.117 9.069 -19.069 0.207 9.223 -19.223
4 0 -0.117 10.376 -20.376 0.074 10.703 -20.703 0.561 10.473 -20.473 0.207 10.223 -20.223
4 0 0.886 10.129 -20.129 0.424 9.993 -19.993 0.207 10.223 -20.223 0.561 10.473 -20.473
4 0 -1.561 8.973 -18.973 -1.207 9.223 -19.223 -0.883 9.069 -19.069 -1.074 8.743 -18.743
4 0 -1.886 9.317 -19.317 -1.424 9.452 -19.452 -1.207 9.223 -19.223 -1.561 8.973 -18.973
4 0 -3.556 6.489 -16.489 -3.833 6.195 -16.195 -5.489 7.366 -17.366 -5.073 7.562 -17.562
4 0 4.489 12.08 -22.08 4.073 11.883 -21.883 2.556 12.956 -22.956 3.196 12.994 -22.994
4 0 -6.385 10.55 -20.55 -5.489 12.08 -22.08 -5.073 11.883 -21.883 -5.411 11.306 -21.306
4 0 4.073 11.883 -21.883 4.489 12.08 -22.08 5.385 10.55 -20.55 4.894 10.481 -20.481
4 0 -3.833 6.195 -16.195 -3.556 6.489 -16.489 -1.573 5.908 -15.908 -1.671 5.562 -15.562
4 0 5.385 8.895 -18.895 4.489 7.366 -17.366 4.073 7.562 -17.562 4.894 8.964 -18.964
3 2 -4.3 8.2 -18.2 -5.015 8.821 -18.821 -4.254 8.839 -18.839
4 2 -5.6 9 -19 -5.6 9.3 -19.3 -5.015 8.821 -18.821 -4.3 8.2 -18.2
4 2 -5 9.899 -19.899 -5.5 9.899 -19.899 -5.6 10.5 -20.5 -5 10.607 -20.607
4 2 3.6 14 -24 2.8 14 -24 2.9 14.4 -24.4 3.7 14.5 -24.5
4 2 -4.5 9.899 -19.899 -4.5 10.253 -20.253 -4.4 10.253 -20.253 -4.4 9.9 -19.9
3 2 -4.452 10.607 -20.607 -5 10.607 -20.607 -4.6 11.1 -21.1
4 2 3.7 14.5 -24.5 2.9 14.4 -24.4 3.1 14.7 -24.7 3.6 14.8 -24.8
3 2 -5.6 10.5 -20.5 -4.6 11.1 -21.1 -5 10.607 -20.607
4 2 -5.6 9.3 -19.3 -5.524 9.546 -19.546 -5 9.546 -19.546 -5.015 8.821 -18.821
4 2 -4.3 9.192 -19.192 -4.5 9.192 -19.192 -4.5 9.546 -19.546 -4.4 9.546 -19.546
4 2 -0.5 16.9 -26.9 -0.2 16.4 -26.4 -0.75 15.733 -25.733 -1 17 -27
4 2 -0.2 15.9 -25.9 -0.25 15.733 -25.733 -0.75 15.733 -25.733 -0.2 16.4 -26.4
4 2 -3.9 14.4 -24.4 -3.9 15 -25 -3.7 15.5 -25.5 -3.6 14 -24
4 2 -1.5 14.3 -24.3 -1.5 14.9 -24.9 -0.75 13.884 -23.884 -1.4 13.884 -23.884
4 2 -0.75 15.733 -25.733 -0.75 13.884 -23.884 -1.5 14.9 -24.9 -2 15.7 -25.7
4 2 -1.2 16.6 -26.6 -1 17 -27 -0.75 15.733 -25.733 -1.4 15.9 -25.9
3 2 -5.4 13.7 -23.7 -5.8 14.3 -24.3 -5.4 14.9 -24.9
4 2 -0.75 11.137 -21.137 -0.75 10.748 -20.748 -1.074 10.703 -20.703 -1.25 11.137 -21.137
4 2 -0.75 11.844 -21.844 -0.75 11.491 -21.491 -1.25 11.491 -21.491 -1.25 11.844 -21.844
4 2 -0.75 12.551 -22.551 -0.75 12.198 -22.198 -1.25 12.198 -22.198 -1.25 12.551 -22.551
4 2 -5.8 14.3 -24.3 -5.9 13.3 -23.3 -6.5 13.435 -23.435 -6.5 14.142 -24.142
4 2 -5.4 13.7 -23.7 -5.6 12.9 -22.9 -5.9 13.3 -23.3 -5.8 14.3 -24.3
4 2 -4.4 11.8 -21.8 -5.411 11.306 -21.306 -5.073 11.883 -21.883 -4.495 12.292 -22.292
4 2 -3.1 6.5 -16.5 -3.8 6.8 -16.8 -3.8 7.4 -17.4 -2.5 7.1 -17.1
4 2 -2.5 7.1 -17.1 -3.8 7.4 -17.4 -3.6 7.7 -17.7 -2.3 7.7 -17.7
4 2 1.5 16.4 -26.4 0.5 15.9 -25.9 0.5 16.4 -26.4 1.3 17.1 -27.1
3 2 0.5 16.4 -26.4 0.9 17 -27 1.3 17.1 -27.1
4 2 -2.3 8.9 -18.9 -3.7 8.7 -18.7 -3.6 9.546 -19.546 -2.4 9.546 -19.546
4 2 -2.4 9.899 -19.899 -3.7 9.899 -19.899 -3.803 10.612 -20.612 -2.3 11.1 -21.1
4 2 -2.3 7.7 -17.7 -3.6 7.7 -17.7 -3.7 8.1 -18.1 -2.3 8.4 -18.4
4 2 -2.3 8.4 -18.4 -3.7 8.1 -18.1 -3.7 8.7 -18.7 -2.3 8.9 -18.9
4 2 2 10.4 -20.4 0.886 10.129 -20.129 0.561 10.473 -20.473 2 11.2 -21.2
4 2 2 11.2 -21.2 0.561 10.473 -20.473 0.9 11.7 -21.7 1.8 11.8 -21.8
4 2 1.7 8.5 -18.5 1.6 8.2 -18.2 0.886 9.317 -19.317 1.8 9.1 -19.1
4 2 1.8 9.1 -19.1 0.886 9.317 -19.317 0.95 9.546 -19.546 1.9 9.546 -19.546
4 2 2.1 14.1 -24.1 0.67 13.884 -23.884 0.7 15.2 -25.2 1.6 15.7 -25.7
4 2 1.6 15.7 -25.7 0.7 15.2 -25.2 0.5 15.9 -25.9 1.5 16.4 -26.4
4 2 1.8 11.8 -21.8 0.9 11.7 -21.7 0.9 12.3 -22.3 1.9 12.7 -22.7
4 2 0.4 12.9 -22.9 2.005 13.118 -23.118 1.9 12.7 -22.7 0.53 12.525 -22.525
4 2 -2.3 11.7 -21.7 -2.3 11.1 -21.1 -3.9 11.5 -21.5 -3.7 12.2 -22.2
4 2 -4.3 14.2 -24.2 -5.4 13.7 -23.7 -5.4 14.9 -24.9 -4.3 14.9 -24.9
4 2 -4.3 14.9 -24.9 -5.4 14.9 -24.9 -5.3 15.2 -25.2 -4.9 15.3 -25.3
4 2 -4.423 12.833 -22.833 -5.489 12.08 -22.08 -5.6 12.9 -22.9 -4.3 13.5 -23.5
4 2 -4.3 13.5 -23.5 -5.6 12.9 -22.9 -5.4 13.7 -23.7 -4.3 14.2 -24.2
4 2 2.4 11.2 -21.2 2.7 11.6 -21.6 3.6 11.4 -21.4 3.591 11.069 -21.069
4 2 3.196 12.994 -22.994 2.833 13.25 -23.25 2.8 14 -24 3.6 14 -24
4 2 2.7 8.6 -18.6 2.3 9.1 -19.1 2.5 9.546 -19.546 3 9.192 -19.192
4 2 2.5 10.3 -20.3 2.4 11.2 -21.2 3 10.607 -20.607 3 10.253 -20.253
4 2 -2.484 13.646 -23.646 -3.513 13.344 -23.344 -3.6 14 -24 -2.347 14.103 -24.103
4 2 -2.4 14.9 -24.9 -3.6 14 -24 -3.7 15.5 -25.5 -2.3 15.8 -25.8
4 2 -2.4 12.8 -22.8 -2.3 11.7 -21.7 -3.7 12.2 -22.2 -3.556 12.956 -22.956
3 2 -2.4 12.8 -22.8 -3.556 12.956 -22.956 -2.41 13.333 -23.333
4 2 -4.7 7.8 -17.8 -5.46 8.223 -18.223 -5.6 9 -19 -4.3 8.2 -18.2
4 2 -4.6 11.1 -21.1 -5.6 10.5 -20.5 -5.411 11.306 -21.306 -4.4 11.8 -21.8
4 2 -2.3 15.8 -25.8 -3.7 15.5 -25.5 -3.8 15.9 -25.9 -2.5 16.2 -26.2
3 2 -3.8 15.9 -25.9 -3.6 16.2 -26.2 -2.5 16.2 -26.2
3 2 3 10.607 -20.607 2.4 11.2 -21.2 3.591 11.069 -21.069
3 2 0.55 8 -18 0.482 8.29 -18.29 1.6 8.2 -18.2
4 2 0.3 7.5 -17.5 0.3 7.7 -17.7 0.55 8 -18 0.5 7.4 -17.4
4 2 3.6 11.4 -21.4 2.7 11.6 -21.6 2.99 11.83 -21.83 3.3 11.8 -21.8
3 2 -5.073 7.562 -17.562 -5.46 8.223 -18.223 -4.7 7.8 -17.8
3 2 -5.489 7.366 -17.366 -5.799 7.601 -17.601 -5.801 7.899 -17.899
4 2 1.5 16.4 -26.4 1.3 17.1 -27.1 1.7 17 -27 1.8 16.7 -26.7
4 2 -0.25 9.899 -19.899 -0.25 10.395 -20.395 -0.117 10.376 -20.376 0 9.899 -19.899
3 2 -0.25 9.051 -19.051 -0.25 9.546 -19.546 0 9.546 -19.546
3 2 2.2 7.4 -17.4 3.64 7.674 -17.674 4.073 7.562 -17.562
3 2 -1.25 11.491 -21.491 -1.6 11.9 -21.9 -1.25 11.844 -21.844
3 2 -0.096 10.727 -20.727 -0.25 10.748 -20.748 -0.25 11.137 -21.137
3 2 -3.556 6.489 -16.489 -3.8 6.8 -16.8 -3.1 6.5 -16.5
3 2 -1.25 11.137 -21.137 -1.6 11.9 -21.9 -1.25 11.491 -21.491
3 2 2.7 8.6 -18.6 3 9.192 -19.192 3 8.839 -18.839
4 2 2.833 13.25 -23.25 2.091 13.468 -23.468 2.5 13.9 -23.9 2.8 14 -24
3 2 -3.6 14 -24 -2.4 14.9 -24.9 -2.347 14.103 -24.103
4 2 3 9.192 -19.192 3 9.546 -19.546 3.5 9.546 -19.546 3.5 9.192 -19.192
4 2 -0.25 8.2 -18.2 -0.25 8.697 -18.697 0.074 8.743 -18.743 0.482 8.29 -18.29
4 2 -6 17.678 -27.678 -6 16.2635 -26.2635 -8 16.2635 -26.2635 -8 17.678 -27.678
4 2 3 9.899 -19.899 3 10.253 -20.253 3.5 10.253 -20.253 3.5 9.899 -19.899
3 2 -0.75 6.718 -16.718 -1.25 6.718 -16.718 -1.25 7.071 -17.071
4 2 -1.2 5.908 -15.908 -1.3 6.364 -16.364 -0.75 6.364 -16.364 -0.75 5.908 -15.908
4 2 -1.5 2.828 -12.828 -1.5 1.414 -11.414 -3.5 1.414 -11.414 -3.5 2.828 -12.828
4 2 -1.5 8.5 -18.5 -1.074 8.743 -18.743 -0.75 8.697 -18.697 -1.6 8.1 -18.1
3 2 -1.5 14.9 -24.9 -1.9 15 -25 -2 15.7 -25.7
4 2 -1.9 15 -25 -2.4 14.9 -24.9 -2.3 15.8 -25.8 -2 15.7 -25.7
3 2 -0.75 6.718 -16.718 -1.6 8.1 -18.1 -0.75 8.697 -18.697
3 2 2.2 7.4 -17.4 3.5 8 -18 3.64 7.674 -17.674
4 2 2.5 8.2 -18.2 2.2 7.4 -17.4 1.7 7.4 -17.4 2.1 8.3 -18.3
3 2 -3.803 10.612 -20.612 -3.9 11.5 -21.5 -2.3 11.1 -21.1
4 2 2 9.899 -19.899 0.95 9.899 -19.899 0.886 10.129 -20.129 2 10.4 -20.4
4 2 -2.3 11.7 -21.7 -2.4 12.8 -22.8 -2 12.8 -22.8 -2.1 11.9 -21.9
3 2 -1.25 11.844 -21.844 -1.6 11.9 -21.9 -1.25 12.198 -22.198
3 2 -1.6 11.9 -21.9 -1.25 12.551 -22.551 -1.25 12.198 -22.198
4 2 -1.6 11.9 -21.9 -1.4 12.9 -22.9 -1.25 12.905 -22.905 -1.25 12.551 -22.551
4 2 -0.75 6.718 -16.718 -1.25 7.071 -17.071 -1.6 7.5 -17.5 -1.6 8.1 -18.1
4 2 2.091 13.468 -23.468 0.67 13.884 -23.884 2.1 14.1 -24.1 2.5 13.9 -23.9
3 2 -2 15.7 -25.7 -1.4 15.9 -25.9 -0.75 15.733 -25.733
4 2 3.8 3.6 -13.6 3.6 3.7 -13.7 3.6 4.6 -14.6 3.8 4.4 -14.4
4 2 2.5 9.899 -19.899 2.5 10.3 -20.3 3 10.253 -20.253 3 9.899 -19.899
3 2 3 9.192 -19.192 2.5 9.546 -19.546 3 9.546 -19.546
3 2 2.5 4 -14 2.3 4.2 -14.2 2.5 5 -15
4 2 0.423 13.173 -23.173 0.573 13.537 -23.537 2.005 13.118 -23.118 0.4 12.9 -22.9
3 2 0.9 12.3 -22.3 0.53 12.525 -22.525 1.9 12.7 -22.7
4 2 0.5 10.8 -20.8 0.5 11.3 -21.3 0.9 11.7 -21.7 0.561 10.473 -20.473
3 2 -0.75 9.899 -19.899 -0.883 10.376 -20.376 -0.75 10.395 -20.395
3 2 1.7 7.4 -17.4 1.6 8.2 -18.2 2.1 8.3 -18.3
4 2 2.447 7.031 -17.031 2.2 7.4 -17.4 4.073 7.562 -17.562 2.932 6.755 -16.755
3 2 -0.75 9.051 -19.051 -0.883 9.069 -19.069 -0.75 9.546 -19.546
4 2 2 10.4 -20.4 2 11.2 -21.2 2.4 11.2 -21.2 2.5 10.3 -20.3
4 2 -0.75 13.537 -23.537 -1.25 12.905 -22.905 -1.4 12.9 -22.9 -1.3 13.537 -23.537
3 2 -0.75 12.905 -22.905 -1.25 12.905 -22.905 -0.75 13.537 -23.537
4 2 0.074 8.743 -18.743 0.561 8.973 -18.973 1.6 8.2 -18.2 0.482 8.29 -18.29
3 2 0.9 7.1 -17.1 0.5 7.4 -17.4 0.55 8 -18
4 2 -1.6 11.9 -21.9 -2.1 11.9 -21.9 -2 12.8 -22.8 -1.4 12.9 -22.9
3 2 1.6 8.2 -18.2 0.561 8.973 -18.973 0.886 9.317 -19.317
4 2 3.4 3 -13 2.2 3 -13 2.2 3.4 -13.4 3.4 3.4 -13.4
4 2 3.4 3.4 -13.4 2.2 3.4 -13.4 2.4 3.7 -13.7 3.6 3.7 -13.7
4 2 3.8 2.4 -12.4 2.4 2.5 -12.5 2.3 2.7 -12.7 3.7 2.7 -12.7
4 2 3.7 2.7 -12.7 2.3 2.7 -12.7 2.2 3 -13 3.4 3 -13
4 2 3.6 3.7 -13.7 2.4 3.7 -13.7 2.5 4 -14 3.6 4.6 -14.6
4 2 3.9 5.6 -15.6 2.6 5.3 -15.3 2.2 5.7 -15.7 3.5 6 -16
4 2 3.5 6 -16 2.2 5.7 -15.7 2.29 6.036 -16.036 2.833 6.195 -16.195
4 2 3.6 4.6 -14.6 2.5 4 -14 2.5 5 -15 3.9 5.1 -15.1
4 2 3.9 5.1 -15.1 2.5 5 -15 2.6 5.3 -15.3 3.9 5.6 -15.6
4 2 3.7 2 -12 2.5 2.2 -12.2 2.4 2.5 -12.5 3.8 2.4 -12.4
4 2 1.7 1.2 -11.2 1.4 1 -11 1.2 1.7 -11.7 1.7 1.8 -11.8
4 2 2 1.1 -11.1 1.7 1.2 -11.2 1.7 1.8 -11.8 2.2 1.7 -11.7
4 2 1 1 -11 0.6 1 -11 0.6 1.3 -11.3 0.9 1.5 -11.5
4 2 1.4 1 -11 1 1 -11 0.9 1.5 -11.5 1.2 1.7 -11.7
4 2 2.6 0.9 -10.9 2 1.1 -11.1 2.2 1.7 -11.7 2.4 1.6 -11.6
3 2 3.2 1.1 -11.1 2.7 1.9 -11.9 3.3 1.6 -11.6
4 2 3.3 1.6 -11.6 2.7 1.9 -11.9 2.5 2.2 -12.2 3.7 2 -12
4 2 3 1 -11 2.6 0.9 -10.9 2.4 1.6 -11.6 2.6 1.7 -11.7
4 2 3.2 1.1 -11.1 3 1 -11 2.6 1.7 -11.7 2.7 1.9 -11.9
4 2 4.1 6.5 -16.5 3.5 6.4 -16.4 3.308 6.53 -16.53 4.489 7.366 -17.366
4 2 4.8 6.7 -16.7 4.1 6.5 -16.5 4.489 7.366 -17.366 5 7.0712 -17.0712
4 2 3.8 8.4 -18.4 2.5 8.2 -18.2 2.8 8.5 -18.5 4 8.839 -18.839
4 2 3 8.839 -18.839 4 8.839 -18.839 2.8 8.5 -18.5 2.7 8.6 -18.6
4 2 0.2 5.1 -15.1 0.2 5.562 -15.562 0.67 5.562 -15.562 0.7 5 -15
4 2 1.8 6.8 -16.8 0.9 6.7 -16.7 0.9 7.1 -17.1 1.7 7.4 -17.4
4 2 1.7 7.4 -17.4 0.9 7.1 -17.1 0.55 8 -18 1.6 8.2 -18.2
4 2 1.3 5.1 -15.1 0.7 5 -15 0.67 5.562 -15.562 1.499 5.804 -15.804
4 2 1.598 6.208 -16.208 0.899 6.004 -16.004 0.9 6.7 -16.7 1.8 6.8 -16.8
4 2 3.5 8 -18 2.2 7.4 -17.4 2.5 8.2 -18.2 3.8 8.4 -18.4
4 2 1.1 4.7 -14.7 1.6 4 -14 1.4 3.8 -13.8 0.6 4.3 -14.3
4 2 0.6 4.3 -14.3 1.4 3.8 -13.8 1.1 3.6 -13.6 0.3 3.8 -13.8
4 2 2.5 5 -15 2.3 4.2 -14.2 2 4.2 -14.2 1.8 4.9 -14.9
4 2 1.8 4.9 -14.9 2 4.2 -14.2 1.6 4 -14 1.1 4.7 -14.7
4 2 0.3 3.8 -13.8 1.1 3.6 -13.6 0.9 3.3 -13.3 0.5 3.3 -13.3
4 2 4.9 3.6 -13.6 4.6 3.5 -13.5 4.7 4.2 -14.2 5 4 -14
3 2 4.9 3.6 -13.6 5 4 -14 5.1 3.8 -13.8
4 2 4.6 3.5 -13.5 4.2 3.5 -13.5 4.3 4.2 -14.2 4.7 4.2 -14.2
4 2 4.2 3.5 -13.5 3.8 3.6 -13.6 3.8 4.4 -14.4 4.3 4.2 -14.2
4 80 -8 17.678 -27.678 -9 18.385 -28.385 -5 18.385 -28.385 -6 17.678 -27.678
4 80 -8 16.2635 -26.2635 -9 15.556 -25.556 -9 18.385 -28.385 -8 17.678 -27.678
4 80 -9 3.5355 -13.5355 -8 2.828 -12.828 -8 1.414 -11.414 -9 0.707 -10.707
4 80 -5 15.556 -25.556 -6 16.2635 -26.2635 -6 17.678 -27.678 -5 18.385 -28.385
4 80 -6.5 13.081 -23.081 -6.5 12.374 -22.374 -7.5 12.374 -22.374 -7.5 13.081 -23.081
4 80 -6.5 12.021 -22.021 -6.5 11.314 -21.314 -7.5 11.314 -21.314 -7.5 12.021 -22.021
4 80 -6.5 15.203 -25.203 -6.5 14.496 -24.496 -7.5 14.496 -24.496 -7.5 15.203 -25.203
4 80 -7.5 13.435 -23.435 -7.5 14.142 -24.142 -6.5 14.142 -24.142 -6.5 13.435 -23.435
4 80 -6.5 10.96 -20.96 -6.5 10.253 -20.253 -7.5 10.253 -20.253 -7.5 10.96 -20.96
4 80 -6 16.2635 -26.2635 -5 15.556 -25.556 -9 15.556 -25.556 -8 16.2635 -26.2635
4 80 -6.5 7.778 -17.778 -6.5 7.071 -17.071 -7.5 7.071 -17.071 -7.5 7.778 -17.778
4 80 -7.5 9.192 -19.192 -7.5 9.546 -19.546 -6.5 9.546 -19.546 -6.5 9.192 -19.192
4 80 -6.5 8.839 -18.839 -6.5 8.132 -18.132 -7.5 8.132 -18.132 -7.5 8.839 -18.839
4 80 -6.5 6.718 -16.718 -6.5 6.01 -16.01 -7.5 6.01 -16.01 -7.5 6.718 -16.718
4 80 -0.5 3.5355 -13.5355 -1.5 2.828 -12.828 -3.5 2.828 -12.828 -4.5 3.5355 -13.5355
4 80 -3.5 1.414 -11.414 -4.5 0.707 -10.707 -4.5 3.5355 -13.5355 -3.5 2.828 -12.828
4 80 -4.5 0.707 -10.707 -3.5 1.414 -11.414 -1.5 1.414 -11.414 -0.5 0.707 -10.707
4 80 -0.5 3.5355 -13.5355 -0.5 0.707 -10.707 -1.5 1.414 -11.414 -1.5 2.828 -12.828
4 80 -6 2.828 -12.828 -8 2.828 -12.828 -9 3.5355 -13.5355 -5 3.5355 -13.5355
4 80 -6.5 4.596 -14.596 -6.5 3.889 -13.889 -7.5 3.889 -13.889 -7.5 4.596 -14.596
4 80 -6.5 5.657 -15.657 -6.5 4.95 -14.95 -7.5 4.95 -14.95 -7.5 5.657 -15.657
4 80 -5 3.5355 -13.5355 -5 0.707 -10.707 -6 1.414 -11.414 -6 2.828 -12.828
4 80 -8 1.414 -11.414 -6 1.414 -11.414 -5 0.707 -10.707 -9 0.707 -10.707
4 82 -8 1.414 -11.414 -8 2.828 -12.828 -6 2.828 -12.828 -6 1.414 -11.414
4 82 4.5 17.324 -27.324 7.5 17.324 -27.324 7.5 16.971 -26.971 4.5 16.971 -26.971
4 82 4.5 15.556 -25.556 4.5 15.91 -25.91 7.5 15.91 -25.91 7.5 15.556 -25.556
4 82 5 16.2635 -26.2635 5 16.617 -26.617 8 16.617 -26.617 8 16.2635 -26.2635
4 16 0.3 7.7 -17.7 -0.25 8.2 -18.2 0.482 8.29 -18.29 0.55 8 -18
4 16 2.556 6.489 -16.489 1.598 6.208 -16.208 1.8 6.8 -16.8 2.447 7.031 -17.031
3 16 0.25 6.718 -16.718 -0.25 6.718 -16.718 0.25 7.071 -17.071
4 16 0.3 7.7 -17.7 0.3 7.5 -17.5 -0.25 6.718 -16.718 -0.25 8.2 -18.2
4 16 2.1 8.3 -18.3 1.6 8.2 -18.2 1.7 8.5 -18.5 2.3 9.1 -19.1
4 16 2.1 8.3 -18.3 2.7 8.6 -18.6 2.8 8.5 -18.5 2.5 8.2 -18.2
4 16 1.8 6.8 -16.8 1.7 7.4 -17.4 2.2 7.4 -17.4 2.447 7.031 -17.031
3 16 2.556 6.489 -16.489 2.447 7.031 -17.031 2.932 6.755 -16.755
4 16 0.3 7.5 -17.5 0.5 7.4 -17.4 0.25 7.071 -17.071 -0.25 6.718 -16.718
4 16 -3.556 6.489 -16.489 -3.1 6.5 -16.5 -1.75 6.364 -16.364 -1.573 5.908 -15.908
4 16 -1.573 5.908 -15.908 -1.75 6.364 -16.364 -1.3 6.364 -16.364 -1.2 5.908 -15.908
3 16 -1.75 7.071 -17.071 -2.5 7.1 -17.1 -2.3 7.7 -17.7
4 16 -3.1 6.5 -16.5 -2.5 7.1 -17.1 -1.75 7.071 -17.071 -1.75 6.364 -16.364
4 16 0.75 6.364 -16.364 0.75 7.071 -17.071 0.9 7.1 -17.1 0.9 6.7 -16.7
4 16 0.75 7.071 -17.071 0.25 7.071 -17.071 0.5 7.4 -17.4 0.9 7.1 -17.1
4 16 0.573 5.908 -15.908 -0.25 5.908 -15.908 -0.25 6.364 -16.364 0.75 6.364 -16.364
4 16 0.899 6.004 -16.004 0.573 5.908 -15.908 0.75 6.364 -16.364 0.9 6.7 -16.7
4 16 4.073 11.883 -21.883 3.6 11.4 -21.4 3.3 11.8 -21.8 2.556 12.956 -22.956
3 16 3.3 11.8 -21.8 2.99 11.83 -21.83 2.556 12.956 -22.956
4 16 4.073 11.883 -21.883 4.894 10.481 -20.481 4 10.607 -20.607 3.591 11.069 -21.069
3 16 3.591 11.069 -21.069 3.6 11.4 -21.4 4.073 11.883 -21.883
4 16 2.99 11.83 -21.83 2.7 11.6 -21.6 1.8 11.8 -21.8 2.556 12.956 -22.956
4 16 0.5 10.8 -20.8 0.561 10.473 -20.473 0.074 10.703 -20.703 0.25 11.137 -21.137
4 16 1.9 12.7 -22.7 2.005 13.118 -23.118 2.556 12.956 -22.956 1.8 11.8 -21.8
4 16 2 11.2 -21.2 1.8 11.8 -21.8 2.7 11.6 -21.6 2.4 11.2 -21.2
3 16 4 10.607 -20.607 3 10.607 -20.607 3.591 11.069 -21.069
3 16 2.3 9.1 -19.1 1.9 9.546 -19.546 2.5 9.546 -19.546
4 16 2 9.899 -19.899 2 10.4 -20.4 2.5 10.3 -20.3 2.5 9.899 -19.899
4 16 2.3 9.1 -19.1 1.7 8.5 -18.5 1.8 9.1 -19.1 1.9 9.546 -19.546
3 16 2.1 8.3 -18.3 2.3 9.1 -19.1 2.7 8.6 -18.6
4 16 4.894 8.964 -18.964 4 8.839 -18.839 4 9.546 -19.546 4.894 9.546 -19.546
4 16 4 9.899 -19.899 4 10.607 -20.607 4.894 10.481 -20.481 4.894 9.899 -19.899
4 16 3.64 7.674 -17.674 3.5 8 -18 3.8 8.4 -18.4 4.073 7.562 -17.562
4 16 3.8 8.4 -18.4 4 8.839 -18.839 4.894 8.964 -18.964 4.073 7.562 -17.562
4 16 -1.6 7.5 -17.5 -1.25 7.071 -17.071 -1.75 7.071 -17.071 -2.3 7.7 -17.7
3 16 -3.7 9.899 -19.899 -4 10.253 -20.253 -3.803 10.612 -20.612
4 16 -5.894 9.899 -19.899 -5.894 10.481 -20.481 -5.6 10.5 -20.5 -5.5 9.899 -19.899
4 16 -4 10.607 -20.607 -3.9 11.5 -21.5 -3.803 10.612 -20.612 -4 10.253 -20.253
4 16 -4.4 9.9 -19.9 -4.4 10.253 -20.253 -4 10.253 -20.253 -3.7 9.899 -19.899
4 16 -1.95 9.899 -19.899 -2.4 9.899 -19.899 -2.3 11.1 -21.1 -1.886 10.129 -20.129
3 16 -1.886 10.129 -20.129 -2.3 11.1 -21.1 -1.561 10.473 -20.473
3 16 -5.894 10.481 -20.481 -5.411 11.306 -21.306 -5.6 10.5 -20.5
4 16 -1.25 11.137 -21.137 -1.074 10.703 -20.703 -1.561 10.473 -20.473 -2.3 11.1 -21.1
4 16 -4.452 10.607 -20.607 -4.6 11.1 -21.1 -3.9 11.5 -21.5 -4 10.607 -20.607
4 16 -1.9 15 -25 -1.5 14.9 -24.9 -1.5 14.3 -24.3 -2.347 14.103 -24.103
3 16 -2.347 14.103 -24.103 -2.4 14.9 -24.9 -1.9 15 -25
4 16 -1.5 14.3 -24.3 -1.4 13.884 -23.884 -1.671 13.884 -23.884 -2.347 14.103 -24.103
3 16 -2.484 13.646 -23.646 -2.347 14.103 -24.103 -1.671 13.884 -23.884
4 16 -4.495 12.292 -22.292 -3.556 12.956 -22.956 -3.7 12.2 -22.2 -4.4 11.8 -21.8
4 16 -4.4 11.8 -21.8 -3.7 12.2 -22.2 -3.9 11.5 -21.5 -4.6 11.1 -21.1
4 16 -1.4 12.9 -22.9 -2 12.8 -22.8 -1.573 13.537 -23.537 -1.3 13.537 -23.537
4 16 -2.4 12.8 -22.8 -2.41 13.333 -23.333 -1.573 13.537 -23.537 -2 12.8 -22.8
4 16 -3.8 6.8 -16.8 -4.7 7.8 -17.8 -4.3 8.2 -18.2 -3.8 7.4 -17.4
4 16 -1.561 8.973 -18.973 -1.074 8.743 -18.743 -1.5 8.5 -18.5 -2.3 8.9 -18.9
3 16 -3.8 7.4 -17.4 -3.7 8.1 -18.1 -3.6 7.7 -17.7
4 16 -3.8 6.8 -16.8 -3.556 6.489 -16.489 -5.073 7.562 -17.562 -4.7 7.8 -17.8
4 16 -2.3 8.4 -18.4 -2.3 8.9 -18.9 -1.5 8.5 -18.5 -1.6 8.1 -18.1
4 16 -2.3 7.7 -17.7 -2.3 8.4 -18.4 -1.6 8.1 -18.1 -1.6 7.5 -17.5
4 16 -2.3 8.9 -18.9 -2.4 9.546 -19.546 -1.95 9.546 -19.546 -1.886 9.317 -19.317
3 16 -2.3 8.9 -18.9 -1.886 9.317 -19.317 -1.561 8.973 -18.973
4 16 -4.3 8.2 -18.2 -3.7 8.7 -18.7 -3.7 8.1 -18.1 -3.8 7.4 -17.4
4 16 -5.894 9.546 -19.546 -5.524 9.546 -19.546 -5.6 9.3 -19.3 -5.894 8.964 -18.964
3 16 -5.894 8.964 -18.964 -5.6 9.3 -19.3 -5.6 9 -19
4 16 -2.3 11.1 -21.1 -2.3 11.7 -21.7 -2.1 11.9 -21.9 -1.6 11.9 -21.9
3 16 -2.3 11.1 -21.1 -1.6 11.9 -21.9 -1.25 11.137 -21.137
4 16 -4 8.839 -18.839 -4 9.192 -19.192 -3.6 9.546 -19.546 -3.7 8.7 -18.7
4 16 -4.3 8.2 -18.2 -4.254 8.839 -18.839 -4 8.839 -18.839 -3.7 8.7 -18.7
3 16 -5.46 8.223 -18.223 -5.894 8.964 -18.964 -5.6 9 -19
4 16 -4.3 9.192 -19.192 -4.4 9.546 -19.546 -3.6 9.546 -19.546 -4 9.192 -19.192
4 16 0.5 11.3 -21.3 0.5 10.8 -20.8 0.25 11.137 -21.137 0.25 11.491 -21.491
4 16 1.4 1 -11 2.6 0.9 -10.9 -0.5 0.707 -10.707 1 1 -11
3 16 -0.5 0.707 -10.707 0.6 1 -11 1 1 -11
3 16 1.4 1 -11 1.7 1.2 -11.2 2 1.1 -11.1
3 16 2.6 0.9 -10.9 1.4 1 -11 2 1.1 -11.1
4 16 2.4 3.7 -13.7 2 4.2 -14.2 2.3 4.2 -14.2 2.5 4 -14
4 16 2.2 3.4 -13.4 1.6 4 -14 2 4.2 -14.2 2.4 3.7 -13.7
4 16 0.6 1.3 -11.3 0.6 1 -11 -0.5 0.707 -10.707 -0.25 3.712 -13.712
3 16 -0.5 0.707 -10.707 -0.5 3.5355 -13.5355 -0.25 3.712 -13.712
3 16 5 0.7068 -10.7068 2.6 0.9 -10.9 3 1 -11
4 16 3.4 3 -13 3.8 3.6 -13.6 4.2 3.5 -13.5 3.7 2.7 -12.7
4 16 3.7 2.7 -12.7 4.2 3.5 -13.5 4.6 3.5 -13.5 3.8 2.4 -12.4
4 16 4.6 3.5 -13.5 4.9 3.6 -13.6 5 3.5352 -13.5352 5 2.121 -12.121
4 16 3.4 3.4 -13.4 3.6 3.7 -13.7 3.8 3.6 -13.6 3.4 3 -13
3 16 5 0.7068 -10.7068 3.2 1.1 -11.1 3.3 1.6 -11.6
3 16 5 0.7068 -10.7068 3 1 -11 3.2 1.1 -11.1
4 16 3.8 2.4 -12.4 4.6 3.5 -13.5 5 2.121 -12.121 3.7 2 -12
4 16 3.3 1.6 -11.6 3.7 2 -12 5 2.121 -12.121 5 0.7068 -10.7068
4 16 -0.25 3.712 -13.712 0.2 5.1 -15.1 0.6 4.3 -14.3 0.3 3.8 -13.8
4 16 0.6 4.3 -14.3 0.2 5.1 -15.1 0.7 5 -15 1.1 4.7 -14.7
4 16 0.5 3.3 -13.3 0.6 1.3 -11.3 -0.25 3.712 -13.712 0.3 3.8 -13.8
4 16 -0.25 5.562 -15.562 0.2 5.562 -15.562 0.2 5.1 -15.1 -0.25 3.712 -13.712
4 16 1.499 5.804 -15.804 2.29 6.036 -16.036 2.2 5.7 -15.7 1.3 5.1 -15.1
3 16 1.8 4.9 -14.9 1.3 5.1 -15.1 2.2 5.7 -15.7
4 16 1.1 4.7 -14.7 0.7 5 -15 1.3 5.1 -15.1 1.8 4.9 -14.9
4 16 1.8 4.9 -14.9 2.2 5.7 -15.7 2.6 5.3 -15.3 2.5 5 -15
4 16 0.6 1.3 -11.3 0.5 3.3 -13.3 0.9 3.3 -13.3 0.9 1.5 -11.5
4 16 2.2 1.7 -11.7 1.7 1.8 -11.8 2.5 2.2 -12.2 2.7 1.9 -11.9
4 16 2.4 2.5 -12.5 2.5 2.2 -12.2 1.7 1.8 -11.8 1.2 1.7 -11.7
4 16 2.2 3 -13 1.4 3.8 -13.8 1.6 4 -14 2.2 3.4 -13.4
4 16 2.4 1.6 -11.6 2.2 1.7 -11.7 2.7 1.9 -11.9 2.6 1.7 -11.7
3 16 2.3 2.7 -12.7 0.9 3.3 -13.3 2.2 3 -13
3 16 0.9 1.5 -11.5 0.9 3.3 -13.3 1.2 1.7 -11.7
4 16 2.3 2.7 -12.7 2.4 2.5 -12.5 1.2 1.7 -11.7 0.9 3.3 -13.3
4 16 0.9 3.3 -13.3 1.1 3.6 -13.6 1.4 3.8 -13.8 2.2 3 -13
4 16 5 3.5352 -13.5352 4.9 3.6 -13.6 5.1 3.8 -13.8 7 3.5352 -13.5352
4 16 2.5 13.9 -23.9 2.1 14.1 -24.1 2.9 14.4 -24.4 2.8 14 -24
4 16 2.9 14.4 -24.4 2.1 14.1 -24.1 1.6 15.7 -25.7 3.1 14.7 -24.7
4 16 3.6 14.8 -24.8 4.5 15.91 -25.91 4.5 15.556 -25.556 3.7 14.5 -24.5
4 16 3.1 14.7 -24.7 4.5 16.971 -26.971 4.5 15.91 -25.91 3.6 14.8 -24.8
4 16 1.8 16.7 -26.7 1.7 17 -27 4.5 17.324 -27.324 4.5 16.971 -26.971
3 16 1.7 17 -27 1.3 17.1 -27.1 4.5 17.324 -27.324
4 16 1.6 15.7 -25.7 1.5 16.4 -26.4 1.8 16.7 -26.7 4.5 16.971 -26.971
3 16 3.1 14.7 -24.7 1.6 15.7 -25.7 4.5 16.971 -26.971
3 16 4.489 12.08 -22.08 3.6 14 -24 3.7 14.5 -24.5
4 16 0.25 12.198 -22.198 0.25 12.551 -22.551 0.53 12.525 -22.525 0.9 12.3 -22.3
4 16 0.25 12.551 -22.551 0.25 12.905 -22.905 0.4 12.9 -22.9 0.53 12.525 -22.525
4 16 0.25 11.491 -21.491 0.25 11.844 -21.844 0.9 11.7 -21.7 0.5 11.3 -21.3
4 16 0.25 11.844 -21.844 0.25 12.198 -22.198 0.9 12.3 -22.3 0.9 11.7 -21.7
4 16 4.5 15.556 -25.556 7.5 15.556 -25.556 4.489 12.08 -22.08 3.7 14.5 -24.5
3 16 4.489 12.08 -22.08 3.196 12.994 -22.994 3.6 14 -24
3 16 0.4 12.9 -22.9 0.25 12.905 -22.905 0.423 13.173 -23.173
3 16 0.423 13.173 -23.173 -0.25 13.537 -23.537 0.573 13.537 -23.537
4 16 3.5 6 -16 3.5 6.4 -16.4 4.1 6.5 -16.5 3.9 5.6 -15.6
4 16 3.9 5.1 -15.1 3.9 5.6 -15.6 5 5.657 -15.657 5 4.2428 -14.2428
4 16 4.1 6.5 -16.5 4.8 6.7 -16.7 5 5.657 -15.657 3.9 5.6 -15.6
4 16 2.833 6.195 -16.195 3.308 6.53 -16.53 3.5 6.4 -16.4 3.5 6 -16
3 16 4.7 4.2 -14.2 4.3 4.2 -14.2 3.9 5.1 -15.1
3 16 5.1 3.8 -13.8 5 4 -14 5 4.2428 -14.2428
4 16 5 4.2428 -14.2428 5 4 -14 4.7 4.2 -14.2 3.9 5.1 -15.1
4 16 3.8 4.4 -14.4 3.6 4.6 -14.6 3.9 5.1 -15.1 4.3 4.2 -14.2
3 16 5 5.657 -15.657 4.8 6.7 -16.7 5 7.0712 -17.0712
4 16 -0.2 16.4 -26.4 -0.5 16.9 -26.9 0.9 17 -27 0.5 16.4 -26.4
4 16 0.5 15.9 -25.9 -0.2 15.9 -25.9 -0.2 16.4 -26.4 0.5 16.4 -26.4
4 16 -5 18.385 -28.385 4.5 17.324 -27.324 1.3 17.1 -27.1 -1 17 -27
4 16 -0.5 16.9 -26.9 -1 17 -27 1.3 17.1 -27.1 0.9 17 -27
4 16 4.489 7.366 -17.366 5.385 8.895 -18.895 8 9.546 -19.546 5 7.0712 -17.0712
3 16 7 7.0712 -17.0712 5 7.0712 -17.0712 8 9.546 -19.546
4 16 -0.25 15.733 -25.733 -0.2 15.9 -25.9 0.5 15.9 -25.9 0.7 15.2 -25.2
4 16 -0.25 13.884 -23.884 -0.25 15.733 -25.733 0.7 15.2 -25.2 0.67 13.884 -23.884
3 16 -2.5 16.2 -26.2 -1 17 -27 -1.2 16.6 -26.6
4 16 -10 20 -30 10 20 -30 -5 18.385 -28.385 -9 18.385 -28.385
4 16 10 20 -30 7.5 17.324 -27.324 4.5 17.324 -27.324 -5 18.385 -28.385
4 16 10 20 -30 8 16.617 -26.617 7.5 16.971 -26.971 7.5 17.324 -27.324
3 16 -9 15.556 -25.556 -10 20 -30 -9 18.385 -28.385
3 16 -10 0 -10 -9 3.5355 -13.5355 -9 0.707 -10.707
3 16 -10 0 -10 -9 9.546 -19.546 -9 3.5355 -13.5355
3 16 -10 20 -30 -9 15.556 -25.556 -9 9.899 -19.899
4 16 -10 20 -30 -9 9.899 -19.899 -9 9.546 -19.546 -10 0 -10
4 16 9 3.5352 -13.5352 7 3.5352 -13.5352 7 4.2428 -14.2428 9 4.2428 -14.2428
4 16 5 4.2428 -14.2428 7 4.2428 -14.2428 7 3.5352 -13.5352 5.1 3.8 -13.8
3 16 10 0 -10 9 3.5352 -13.5352 9 4.2428 -14.2428
4 16 -7.5 4.95 -14.95 -6.5 4.95 -14.95 -6.5 4.596 -14.596 -7.5 4.596 -14.596
3 16 8 16.2635 -26.2635 8 16.617 -26.617 10 20 -30
4 16 10 0 -10 9 5.657 -15.657 9 7.0712 -17.0712 10 20 -30
3 16 10 0 -10 9 4.2428 -14.2428 9 5.657 -15.657
4 16 4.5 15.91 -25.91 4.5 16.971 -26.971 5 16.617 -26.617 5 16.2635 -26.2635
4 16 5 16.617 -26.617 4.5 16.971 -26.971 7.5 16.971 -26.971 8 16.617 -26.617
4 16 4.5 15.91 -25.91 5 16.2635 -26.2635 8 16.2635 -26.2635 7.5 15.91 -25.91
4 16 -5.489 12.08 -22.08 -6.5 12.021 -22.021 -6.5 12.374 -22.374 -5.6 12.9 -22.9
3 16 -0.75 9.899 -19.899 -1.207 10.223 -20.223 -0.883 10.376 -20.376
3 16 -0.883 9.069 -19.069 -1.207 9.223 -19.223 -0.75 9.546 -19.546
3 16 -6.5 11.314 -21.314 -6.5 12.021 -22.021 -5.489 12.08 -22.08
4 16 8 9.546 -19.546 8 9.899 -19.899 10 20 -30 9 7.0712 -17.0712
3 16 8 9.899 -19.899 8 16.2635 -26.2635 10 20 -30
3 16 9 7.0712 -17.0712 7 7.0712 -17.0712 8 9.546 -19.546
4 16 7.5 15.556 -25.556 7.5 15.91 -25.91 8 16.2635 -26.2635 8 9.899 -19.899
4 16 8 9.899 -19.899 5.385 10.55 -20.55 4.489 12.08 -22.08 7.5 15.556 -25.556
3 16 8 9.899 -19.899 5.385 9.899 -19.899 5.385 10.55 -20.55
4 16 0.207 10.223 -20.223 0.424 9.993 -19.993 0.45 9.899 -19.899 0 9.899 -19.899
4 16 0.45 9.546 -19.546 0.424 9.452 -19.452 0.207 9.223 -19.223 0 9.546 -19.546
4 16 0.207 9.223 -19.223 -0.117 9.069 -19.069 -0.25 9.051 -19.051 0 9.546 -19.546
3 16 -10 0 -10 -9 0.707 -10.707 -5 0.707 -10.707
3 16 10 0 -10 7 0.7068 -10.7068 9 0.7068 -10.7068
4 16 -10 0 -10 -4.5 0.707 -10.707 -0.5 0.707 -10.707 10 0 -10
3 16 -10 0 -10 -5 0.707 -10.707 -4.5 0.707 -10.707
4 16 -1.671 5.562 -15.562 -0.75 5.562 -15.562 -0.75 3.712 -13.712 -4.5 3.5355 -13.5355
3 16 5.385 8.895 -18.895 5.385 9.546 -19.546 8 9.546 -19.546
4 16 0.25 12.905 -22.905 -0.25 12.905 -22.905 -0.25 13.537 -23.537 0.423 13.173 -23.173
4 16 -0.25 11.844 -21.844 0.25 11.844 -21.844 0.25 11.491 -21.491 -0.25 11.491 -21.491
4 16 -1.45 9.899 -19.899 -1.424 9.993 -19.993 -1.207 10.223 -20.223 -0.75 9.899 -19.899
4 16 -1.207 9.223 -19.223 -1.424 9.452 -19.452 -1.45 9.546 -19.546 -0.75 9.546 -19.546
4 16 -0.25 12.551 -22.551 0.25 12.551 -22.551 0.25 12.198 -22.198 -0.25 12.198 -22.198
4 16 -6.5 10.253 -20.253 -6.385 9.899 -19.899 -9 9.899 -19.899 -7.5 10.253 -20.253
3 16 10 0 -10 9 2.121 -12.121 9 3.5352 -13.5352
3 16 10 0 -10 9 0.7068 -10.7068 9 2.121 -12.121
4 16 -7.5 9.192 -19.192 -6.5 9.192 -19.192 -6.5 8.839 -18.839 -7.5 8.839 -18.839
4 16 -7.5 6.01 -16.01 -6.5 6.01 -16.01 -6.5 5.657 -15.657 -7.5 5.657 -15.657
4 16 -7.5 7.071 -17.071 -6.5 7.071 -17.071 -6.5 6.718 -16.718 -7.5 6.718 -16.718
4 16 -7.5 8.132 -18.132 -6.5 8.132 -18.132 -6.5 7.778 -17.778 -7.5 7.778 -17.778
4 16 -6.5 14.496 -24.496 -6.5 14.142 -24.142 -7.5 14.142 -24.142 -7.5 14.496 -24.496
4 16 -5 15.556 -25.556 -6.5 15.203 -25.203 -7.5 15.203 -25.203 -9 15.556 -25.556
3 16 10 0 -10 5 0.7068 -10.7068 7 0.7068 -10.7068
4 16 5 0.7068 -10.7068 10 0 -10 -0.5 0.707 -10.707 2.6 0.9 -10.9
4 16 -6.5 11.314 -21.314 -6.5 10.96 -20.96 -7.5 10.96 -20.96 -7.5 11.314 -21.314
4 16 -6.5 12.374 -22.374 -6.5 12.021 -22.021 -7.5 12.021 -22.021 -7.5 12.374 -22.374
4 16 -6.5 13.435 -23.435 -6.5 13.081 -23.081 -7.5 13.081 -23.081 -7.5 13.435 -23.435
3 16 -9 9.899 -19.899 -7.5 11.314 -21.314 -7.5 10.96 -20.96
3 16 -9 9.899 -19.899 -7.5 10.96 -20.96 -7.5 10.253 -20.253
3 16 -9 9.899 -19.899 -7.5 13.081 -23.081 -7.5 12.374 -22.374
3 16 -9 9.899 -19.899 -7.5 12.021 -22.021 -7.5 11.314 -21.314
3 16 -6.5 12.374 -22.374 -6.5 13.081 -23.081 -5.6 12.9 -22.9
4 16 -6.5 13.081 -23.081 -6.5 13.435 -23.435 -5.9 13.3 -23.3 -5.6 12.9 -22.9
3 16 -9 9.899 -19.899 -7.5 12.374 -22.374 -7.5 12.021 -22.021
4 16 -5.489 7.366 -17.366 -6.5 7.071 -17.071 -6.5 7.778 -17.778 -5.799 7.601 -17.601
4 16 -6.5 6.718 -16.718 -6.5 7.071 -17.071 -5.489 7.366 -17.366 -3.833 6.195 -16.195
3 16 -6.5 6.01 -16.01 -6.5 6.718 -16.718 -3.833 6.195 -16.195
4 16 -6.5 8.132 -18.132 -6.5 8.839 -18.839 -6.385 8.895 -18.895 -5.799 7.601 -17.601
4 16 -9 15.556 -25.556 -7.5 13.435 -23.435 -7.5 13.081 -23.081 -9 9.899 -19.899
4 16 -6.5 9.192 -19.192 -6.5 9.546 -19.546 -6.385 9.546 -19.546 -6.385 8.895 -18.895
3 16 -6.5 8.839 -18.839 -6.5 9.192 -19.192 -6.385 8.895 -18.895
4 16 -4.9 15.3 -25.3 -5 15.556 -25.556 -3.8 15.9 -25.9 -3.7 15.5 -25.5
4 16 -4.3 14.9 -24.9 -4.9 15.3 -25.3 -3.7 15.5 -25.5 -3.9 15 -25
4 16 -3.9 14.4 -24.4 -4.3 14.2 -24.2 -4.3 14.9 -24.9 -3.9 15 -25
4 16 -3.8 15.9 -25.9 -5 15.556 -25.556 -5 18.385 -28.385 -3.6 16.2 -26.2
3 16 -1.4 15.9 -25.9 -2.5 16.2 -26.2 -1.2 16.6 -26.6
4 16 -2 15.7 -25.7 -2.3 15.8 -25.8 -2.5 16.2 -26.2 -1.4 15.9 -25.9
4 16 -2.5 16.2 -26.2 -3.6 16.2 -26.2 -5 18.385 -28.385 -1 17 -27
3 16 -5.8 14.3 -24.3 -5.3 15.2 -25.2 -5.4 14.9 -24.9
4 16 -5.8 14.3 -24.3 -6.5 14.496 -24.496 -6.5 15.203 -25.203 -5.3 15.2 -25.2
3 16 -6.5 14.142 -24.142 -6.5 14.496 -24.496 -5.8 14.3 -24.3
4 16 -5.3 15.2 -25.2 -6.5 15.203 -25.203 -5 15.556 -25.556 -4.9 15.3 -25.3
4 16 -4.3 13.5 -23.5 -4.3 14.2 -24.2 -3.9 14.4 -24.4 -3.6 14 -24
3 16 -3.833 13.25 -23.25 -3.6 14 -24 -3.513 13.344 -23.344
4 16 -3.833 13.25 -23.25 -4.423 12.833 -22.833 -4.3 13.5 -23.5 -3.6 14 -24
3 16 -7.5 7.778 -17.778 -9 9.546 -19.546 -7.5 8.132 -18.132
3 16 -7.5 8.132 -18.132 -9 9.546 -19.546 -7.5 8.839 -18.839
3 16 -7.5 8.839 -18.839 -9 9.546 -19.546 -7.5 9.192 -19.192
3 16 -7.5 7.071 -17.071 -9 9.546 -19.546 -7.5 7.778 -17.778
4 16 -7.5 6.718 -16.718 -7.5 6.01 -16.01 -9 3.5355 -13.5355 -9 9.546 -19.546
4 16 0.25 11.137 -21.137 0.074 10.703 -20.703 -0.096 10.727 -20.727 -0.25 11.137 -21.137
3 16 -7.5 6.718 -16.718 -9 9.546 -19.546 -7.5 7.071 -17.071
3 16 -7.5 14.496 -24.496 -9 15.556 -25.556 -7.5 15.203 -25.203
4 16 -6.5 10.96 -20.96 -6.5 11.314 -21.314 -5.489 12.08 -22.08 -6.385 10.55 -20.55
4 16 -6.385 10.55 -20.55 -6.385 9.899 -19.899 -6.5 10.253 -20.253 -6.5 10.96 -20.96
3 16 -7.5 14.142 -24.142 -9 15.556 -25.556 -7.5 14.496 -24.496
3 16 0 9.899 -19.899 -0.117 10.376 -20.376 0.207 10.223 -20.223
3 16 -7.5 9.192 -19.192 -9 9.546 -19.546 -7.5 9.546 -19.546
3 16 -7.5 13.435 -23.435 -9 15.556 -25.556 -7.5 14.142 -24.142
3 16 -6.5 5.657 -15.657 -6.5 6.01 -16.01 -3.833 6.195 -16.195
3 16 -5.799 7.601 -17.601 -6.385 8.895 -18.895 -5.801 7.899 -17.899
4 16 -0.5 3.5355 -13.5355 -4.5 3.5355 -13.5355 -0.75 3.712 -13.712 -0.25 3.712 -13.712
4 16 -4.5 0.707 -10.707 -5 0.707 -10.707 -5 3.5355 -13.5355 -4.5 3.5355 -13.5355
4 16 -6.5 3.889 -13.889 -6.5 4.596 -14.596 -3.833 6.195 -16.195 -5 3.5355 -13.5355
3 16 -6.5 4.596 -14.596 -6.5 4.95 -14.95 -3.833 6.195 -16.195
3 16 -6.5 4.95 -14.95 -6.5 5.657 -15.657 -3.833 6.195 -16.195
3 16 -9 3.5355 -13.5355 -7.5 4.95 -14.95 -7.5 4.596 -14.596
3 16 -9 3.5355 -13.5355 -7.5 4.596 -14.596 -7.5 3.889 -13.889
3 16 -9 3.5355 -13.5355 -7.5 6.01 -16.01 -7.5 5.657 -15.657
3 16 -9 3.5355 -13.5355 -7.5 5.657 -15.657 -7.5 4.95 -14.95
4 16 -9 3.5355 -13.5355 -7.5 3.889 -13.889 -6.5 3.889 -13.889 -5 3.5355 -13.5355
4 16 -3.833 6.195 -16.195 -1.671 5.562 -15.562 -4.5 3.5355 -13.5355 -5 3.5355 -13.5355
3 16 -5.799 7.601 -17.601 -6.5 7.778 -17.778 -6.5 8.132 -18.132

