0 Support  2 x 16 x  2 Girder Triangular
0 Name: 30518.dat
0 Author: Ross Crawford [rosco]
0 !LDRAW_ORG Part UPDATE 2010-01
0 !LICENSE Redistributable under CCAL version 2.0 : see CAreadme.txt

0 BFC CERTIFY CW
0 !KEYWORDS Truss, Girder, Beam

0 !HISTORY 2004-11-07 [guyvivan] Replace axleho11.dat with axl2hole, axl2hol3 and axl2hol2.dat
0 !HISTORY 2010-04-05 [PTadmin] Official Update 2010-01

1 16 150 4 10 1 0 0 0 2 0 0 0 1 stud2.dat
1 16 130 4 10 1 0 0 0 2 0 0 0 1 stud2.dat
1 16 110 4 10 1 0 0 0 2 0 0 0 1 stud2a.dat
1 16 90 4 10 1 0 0 0 2 0 0 0 1 stud2a.dat
1 16 70 4 10 1 0 0 0 2 0 0 0 1 stud2a.dat
1 16 50 4 10 1 0 0 0 2 0 0 0 1 stud2a.dat
1 16 30 4 10 1 0 0 0 2 0 0 0 1 stud2a.dat
1 16 10 4 10 1 0 0 0 2 0 0 0 1 stud2a.dat
1 16 -10 4 10 1 0 0 0 2 0 0 0 1 stud2a.dat
1 16 -30 4 10 1 0 0 0 2 0 0 0 1 stud2a.dat
1 16 -50 4 10 1 0 0 0 2 0 0 0 1 stud2a.dat
1 16 -70 4 10 1 0 0 0 2 0 0 0 1 stud2a.dat
1 16 -90 4 10 1 0 0 0 2 0 0 0 1 stud2a.dat
1 16 -110 4 10 1 0 0 0 2 0 0 0 1 stud2a.dat
1 16 -130 4 10 1 0 0 0 2 0 0 0 1 stud2.dat
1 16 -150 4 10 1 0 0 0 2 0 0 0 1 stud2.dat
1 16 150 4 -10 1 0 0 0 2 0 0 0 1 stud2.dat
1 16 130 4 -10 1 0 0 0 2 0 0 0 1 stud2.dat
1 16 110 4 -10 1 0 0 0 2 0 0 0 1 stud2a.dat
1 16 90 4 -10 1 0 0 0 2 0 0 0 1 stud2a.dat
1 16 70 4 -10 1 0 0 0 2 0 0 0 1 stud2a.dat
1 16 50 4 -10 1 0 0 0 2 0 0 0 1 stud2a.dat
1 16 30 4 -10 1 0 0 0 2 0 0 0 1 stud2a.dat
1 16 10 4 -10 1 0 0 0 2 0 0 0 1 stud2a.dat
1 16 -10 4 -10 1 0 0 0 2 0 0 0 1 stud2a.dat
1 16 -30 4 -10 1 0 0 0 2 0 0 0 1 stud2a.dat
1 16 -50 4 -10 1 0 0 0 2 0 0 0 1 stud2a.dat
1 16 -70 4 -10 1 0 0 0 2 0 0 0 1 stud2a.dat
1 16 -90 4 -10 1 0 0 0 2 0 0 0 1 stud2a.dat
1 16 -110 4 -10 1 0 0 0 2 0 0 0 1 stud2a.dat
1 16 -130 4 -10 1 0 0 0 2 0 0 0 1 stud2.dat
1 16 -150 4 -10 1 0 0 0 2 0 0 0 1 stud2.dat
1 16 110 4 10 5.543 0 -2.296 0 12 0 -2.296 0 -5.543 3-8cyli.dat
1 16 90 4 10 5.543 0 -2.296 0 12 0 -2.296 0 -5.543 3-8cyli.dat
1 16 70 4 10 5.543 0 -2.296 0 12 0 -2.296 0 -5.543 3-8cyli.dat
1 16 50 4 10 5.543 0 -2.296 0 12 0 -2.296 0 -5.543 3-8cyli.dat
1 16 30 4 10 5.543 0 -2.296 0 12 0 -2.296 0 -5.543 3-8cyli.dat
1 16 10 4 10 5.543 0 -2.296 0 12 0 -2.296 0 -5.543 3-8cyli.dat
1 16 -10 4 10 5.543 0 -2.296 0 12 0 -2.296 0 -5.543 3-8cyli.dat
1 16 -30 4 10 5.543 0 -2.296 0 12 0 -2.296 0 -5.543 3-8cyli.dat
1 16 -50 4 10 5.543 0 -2.296 0 12 0 -2.296 0 -5.543 3-8cyli.dat
1 16 -70 4 10 5.543 0 -2.296 0 12 0 -2.296 0 -5.543 3-8cyli.dat
1 16 -90 4 10 5.543 0 -2.296 0 12 0 -2.296 0 -5.543 3-8cyli.dat
1 16 -110 4 10 5.543 0 -2.296 0 12 0 -2.296 0 -5.543 3-8cyli.dat
1 16 110 4 -10 5.543 0 -2.296 0 12 0 2.296 0 5.543 3-8cyli.dat
1 16 90 4 -10 5.543 0 -2.296 0 12 0 2.296 0 5.543 3-8cyli.dat
1 16 70 4 -10 5.543 0 -2.296 0 12 0 2.296 0 5.543 3-8cyli.dat
1 16 50 4 -10 5.543 0 -2.296 0 12 0 2.296 0 5.543 3-8cyli.dat
1 16 30 4 -10 5.543 0 -2.296 0 12 0 2.296 0 5.543 3-8cyli.dat
1 16 10 4 -10 5.543 0 -2.296 0 12 0 2.296 0 5.543 3-8cyli.dat
1 16 -10 4 -10 5.543 0 -2.296 0 12 0 2.296 0 5.543 3-8cyli.dat
1 16 -30 4 -10 5.543 0 -2.296 0 12 0 2.296 0 5.543 3-8cyli.dat
1 16 -50 4 -10 5.543 0 -2.296 0 12 0 2.296 0 5.543 3-8cyli.dat
1 16 -70 4 -10 5.543 0 -2.296 0 12 0 2.296 0 5.543 3-8cyli.dat
1 16 -90 4 -10 5.543 0 -2.296 0 12 0 2.296 0 5.543 3-8cyli.dat
1 16 -110 4 -10 5.543 0 -2.296 0 12 0 2.296 0 5.543 3-8cyli.dat
1 16 110 16 10 5.543 0 -2.296 0 1 0 -2.296 0 -5.543 3-8edge.dat
1 16 90 16 10 5.543 0 -2.296 0 1 0 -2.296 0 -5.543 3-8edge.dat
1 16 70 16 10 5.543 0 -2.296 0 1 0 -2.296 0 -5.543 3-8edge.dat
1 16 50 16 10 5.543 0 -2.296 0 1 0 -2.296 0 -5.543 3-8edge.dat
1 16 30 16 10 5.543 0 -2.296 0 1 0 -2.296 0 -5.543 3-8edge.dat
1 16 10 16 10 5.543 0 -2.296 0 1 0 -2.296 0 -5.543 3-8edge.dat
1 16 -10 16 10 5.543 0 -2.296 0 1 0 -2.296 0 -5.543 3-8edge.dat
1 16 -30 16 10 5.543 0 -2.296 0 1 0 -2.296 0 -5.543 3-8edge.dat
1 16 -50 16 10 5.543 0 -2.296 0 1 0 -2.296 0 -5.543 3-8edge.dat
1 16 -70 16 10 5.543 0 -2.296 0 1 0 -2.296 0 -5.543 3-8edge.dat
1 16 -90 16 10 5.543 0 -2.296 0 1 0 -2.296 0 -5.543 3-8edge.dat
1 16 -110 16 10 5.543 0 -2.296 0 1 0 -2.296 0 -5.543 3-8edge.dat
1 16 110 16 -10 5.543 0 -2.296 0 1 0 2.296 0 5.543 3-8edge.dat
1 16 90 16 -10 5.543 0 -2.296 0 1 0 2.296 0 5.543 3-8edge.dat
1 16 70 16 -10 5.543 0 -2.296 0 1 0 2.296 0 5.543 3-8edge.dat
1 16 50 16 -10 5.543 0 -2.296 0 1 0 2.296 0 5.543 3-8edge.dat
1 16 30 16 -10 5.543 0 -2.296 0 1 0 2.296 0 5.543 3-8edge.dat
1 16 10 16 -10 5.543 0 -2.296 0 1 0 2.296 0 5.543 3-8edge.dat
1 16 -10 16 -10 5.543 0 -2.296 0 1 0 2.296 0 5.543 3-8edge.dat
1 16 -30 16 -10 5.543 0 -2.296 0 1 0 2.296 0 5.543 3-8edge.dat
1 16 -50 16 -10 5.543 0 -2.296 0 1 0 2.296 0 5.543 3-8edge.dat
1 16 -70 16 -10 5.543 0 -2.296 0 1 0 2.296 0 5.543 3-8edge.dat
1 16 -90 16 -10 5.543 0 -2.296 0 1 0 2.296 0 5.543 3-8edge.dat
1 16 -110 16 -10 5.543 0 -2.296 0 1 0 2.296 0 5.543 3-8edge.dat
1 16 110 4 10 4 0 0 0 1 0 0 0 4 4-4edge.dat
1 16 90 4 10 4 0 0 0 1 0 0 0 4 4-4edge.dat
1 16 70 4 10 4 0 0 0 1 0 0 0 4 4-4edge.dat
1 16 50 4 10 4 0 0 0 1 0 0 0 4 4-4edge.dat
1 16 30 4 10 4 0 0 0 1 0 0 0 4 4-4edge.dat
1 16 10 4 10 4 0 0 0 1 0 0 0 4 4-4edge.dat
1 16 -10 4 10 4 0 0 0 1 0 0 0 4 4-4edge.dat
1 16 -30 4 10 4 0 0 0 1 0 0 0 4 4-4edge.dat
1 16 -50 4 10 4 0 0 0 1 0 0 0 4 4-4edge.dat
1 16 -70 4 10 4 0 0 0 1 0 0 0 4 4-4edge.dat
1 16 -90 4 10 4 0 0 0 1 0 0 0 4 4-4edge.dat
1 16 -110 4 10 4 0 0 0 1 0 0 0 4 4-4edge.dat
1 16 110 4 -10 4 0 0 0 1 0 0 0 4 4-4edge.dat
1 16 90 4 -10 4 0 0 0 1 0 0 0 4 4-4edge.dat
1 16 70 4 -10 4 0 0 0 1 0 0 0 4 4-4edge.dat
1 16 50 4 -10 4 0 0 0 1 0 0 0 4 4-4edge.dat
1 16 30 4 -10 4 0 0 0 1 0 0 0 4 4-4edge.dat
1 16 10 4 -10 4 0 0 0 1 0 0 0 4 4-4edge.dat
1 16 -10 4 -10 4 0 0 0 1 0 0 0 4 4-4edge.dat
1 16 -30 4 -10 4 0 0 0 1 0 0 0 4 4-4edge.dat
1 16 -50 4 -10 4 0 0 0 1 0 0 0 4 4-4edge.dat
1 16 -70 4 -10 4 0 0 0 1 0 0 0 4 4-4edge.dat
1 16 -90 4 -10 4 0 0 0 1 0 0 0 4 4-4edge.dat
1 16 -110 4 -10 4 0 0 0 1 0 0 0 4 4-4edge.dat
1 16 110 4 10 4.243 0 4.243 0 1 0 -4.243 0 4.243 3-4edge.dat
1 16 90 4 10 4.243 0 4.243 0 1 0 -4.243 0 4.243 3-4edge.dat
1 16 70 4 10 4.243 0 4.243 0 1 0 -4.243 0 4.243 3-4edge.dat
1 16 50 4 10 4.243 0 4.243 0 1 0 -4.243 0 4.243 3-4edge.dat
1 16 30 4 10 4.243 0 4.243 0 1 0 -4.243 0 4.243 3-4edge.dat
1 16 10 4 10 4.243 0 4.243 0 1 0 -4.243 0 4.243 3-4edge.dat
1 16 -10 4 10 4.243 0 4.243 0 1 0 -4.243 0 4.243 3-4edge.dat
1 16 -30 4 10 4.243 0 4.243 0 1 0 -4.243 0 4.243 3-4edge.dat
1 16 -50 4 10 4.243 0 4.243 0 1 0 -4.243 0 4.243 3-4edge.dat
1 16 -70 4 10 4.243 0 4.243 0 1 0 -4.243 0 4.243 3-4edge.dat
1 16 -90 4 10 4.243 0 4.243 0 1 0 -4.243 0 4.243 3-4edge.dat
1 16 -110 4 10 4.243 0 4.243 0 1 0 -4.243 0 4.243 3-4edge.dat
1 16 110 4 -10 4.243 0 4.243 0 1 0 4.243 0 -4.243 3-4edge.dat
1 16 90 4 -10 4.243 0 4.243 0 1 0 4.243 0 -4.243 3-4edge.dat
1 16 70 4 -10 4.243 0 4.243 0 1 0 4.243 0 -4.243 3-4edge.dat
1 16 50 4 -10 4.243 0 4.243 0 1 0 4.243 0 -4.243 3-4edge.dat
1 16 30 4 -10 4.243 0 4.243 0 1 0 4.243 0 -4.243 3-4edge.dat
1 16 10 4 -10 4.243 0 4.243 0 1 0 4.243 0 -4.243 3-4edge.dat
1 16 -10 4 -10 4.243 0 4.243 0 1 0 4.243 0 -4.243 3-4edge.dat
1 16 -30 4 -10 4.243 0 4.243 0 1 0 4.243 0 -4.243 3-4edge.dat
1 16 -50 4 -10 4.243 0 4.243 0 1 0 4.243 0 -4.243 3-4edge.dat
1 16 -70 4 -10 4.243 0 4.243 0 1 0 4.243 0 -4.243 3-4edge.dat
1 16 -90 4 -10 4.243 0 4.243 0 1 0 4.243 0 -4.243 3-4edge.dat
1 16 -110 4 -10 4.243 0 4.243 0 1 0 4.243 0 -4.243 3-4edge.dat
0 top - internal
4 16 158 4 13 158 4 6 -158 4 6 -158 4 13
4 16 158 4 18 158 4 13 146 4 13 146 4 18
4 16 134 4 18 134 4 13 -134 4 13 -134 4 18
4 16 -146 4 13 -158 4 13 -158 4 18 -146 4 18
4 16 -158 4 -6 158 4 -6 158 4 -13 -158 4 -13
4 16 146 4 -13 158 4 -13 158 4 -18 146 4 -18
4 16 -134 4 -13 134 4 -13 134 4 -18 -134 4 -18
4 16 -158 4 -18 -158 4 -13 -146 4 -13 -146 4 -18
4 16 153 4 6 153 4 -6 146 4 -6 146 4 6
4 16 -146 4 -6 -153 4 -6 -153 4 6 -146 4 6
4 16 134 4 6 134 4 -6 116 4 -6 116 4 6
4 16 -116 4 -6 -134 4 -6 -134 4 6 -116 4 6
2 24 146 4 18 158 4 18
2 24 158 4 18 158 4 6
2 24 158 4 -6 158 4 -18
2 24 146 4 -18 158 4 -18
2 24 -146 4 18 -158 4 18
2 24 -158 4 18 -158 4 6
2 24 -158 4 -6 -158 4 -18
2 24 -146 4 -18 -158 4 -18
2 24 -134 4 -18 134 4 -18
2 24 -134 4 18 134 4 18
2 24 116 4 6 116 4 -6
2 24 -116 4 6 -116 4 -6
2 24 116 16 6 116 16 -6
2 24 -116 16 6 -116 16 -6
4 16 116 4 6 116 4 -6 116 16 -6 116 16 6
4 16 -116 16 -6 -116 4 -6 -116 4 6 -116 16 6
4 16 116 16 6 116 16 -6 -116 16 -6 -116 16 6
1 16 -115.25 10 6 0.75 0 0 0 0 6 0 1 0 rect.dat
1 16 -100 10 6 5.5 0 0 0 0 6 0 1 0 rect.dat
1 16 -80 10 6 5.5 0 0 0 0 6 0 1 0 rect.dat
1 16 -60 10 6 5.5 0 0 0 0 6 0 1 0 rect.dat
1 16 -40 10 6 5.5 0 0 0 0 6 0 1 0 rect.dat
1 16 -20 10 6 5.5 0 0 0 0 6 0 1 0 rect.dat
1 16 0 10 6 5.5 0 0 0 0 6 0 1 0 rect.dat
1 16 20 10 6 5.5 0 0 0 0 6 0 1 0 rect.dat
1 16 40 10 6 5.5 0 0 0 0 6 0 1 0 rect.dat
1 16 60 10 6 5.5 0 0 0 0 6 0 1 0 rect.dat
1 16 80 10 6 5.5 0 0 0 0 6 0 1 0 rect.dat
1 16 100 10 6 5.5 0 0 0 0 6 0 1 0 rect.dat
1 16 115.25 10 6 0.75 0 0 0 0 6 0 1 0 rect.dat
1 16 -115.25 10 -6 0.75 0 0 0 0 6 0 -1 0 rect.dat
1 16 -100 10 -6 5.5 0 0 0 0 6 0 -1 0 rect.dat
1 16 -80 10 -6 5.5 0 0 0 0 6 0 -1 0 rect.dat
1 16 -60 10 -6 5.5 0 0 0 0 6 0 -1 0 rect.dat
1 16 -40 10 -6 5.5 0 0 0 0 6 0 -1 0 rect.dat
1 16 -20 10 -6 5.5 0 0 0 0 6 0 -1 0 rect.dat
1 16 0 10 -6 5 0.5 0 0 0 6 0 -1 0 rect.dat
1 16 20 10 -6 5.5 0 0 0 0 6 0 -1 0 rect.dat
1 16 40 10 -6 5.5 0 0 0 0 6 0 -1 0 rect.dat
1 16 60 10 -6 5.5 0 0 0 0 6 0 -1 0 rect.dat
1 16 80 10 -6 5.5 0 0 0 0 6 0 -1 0 rect.dat
1 16 100 10 -6 5.5 0 0 0 0 6 0 -1 0 rect.dat
1 16 115.25 10 -6 0.75 0 0 0 0 6 0 -1 0 rect.dat
1 16 -140 2 -13 4.95 0 0 0 0 2 0 -1 0 rect.dat
1 16 -140 2 13 4.95 0 0 0 0 2 0 1 0 rect.dat
1 16 -153 2 0 0 -1 0 0 0 2 4.95 0 0 rect.dat
1 16 140 2 -13 4.95 0 0 0 0 2 0 -1 0 rect.dat
1 16 140 2 13 4.95 0 0 0 0 2 0 1 0 rect.dat
1 16 153 2 0 0 1 0 0 0 2 4.95 0 0 rect.dat
1 16 -146 2 -16.23 0 1 0 0 0 2 1.77 0 0 rect.dat
1 16 -134 2 -16.23 0 -1 0 0 0 2 1.77 0 0 rect.dat
1 16 -146 2 16.23 0 1 0 0 0 2 1.77 0 0 rect.dat
1 16 -134 2 16.23 0 -1 0 0 0 2 1.77 0 0 rect.dat
1 16 -156.23 2 -6 1.77 0 0 0 0 2 0 1 0 rect.dat
1 16 -156.23 2 6 1.77 0 0 0 0 2 0 -1 0 rect.dat
1 16 146 2 -16.23 0 -1 0 0 0 2 1.77 0 0 rect.dat
1 16 134 2 -16.23 0 1 0 0 0 2 1.77 0 0 rect.dat
1 16 146 2 16.23 0 -1 0 0 0 2 1.77 0 0 rect.dat
1 16 134 2 16.23 0 1 0 0 0 2 1.77 0 0 rect.dat
1 16 156.23 2 -6 1.77 0 0 0 0 2 0 1 0 rect.dat
1 16 156.23 2 6 1.77 0 0 0 0 2 0 -1 0 rect.dat
4 16 158 0 18 158 0 6 158 4 6 158 4 18
4 16 158 4 -6 158 0 -6 158 0 -18 158 4 -18
4 16 146 0 18 158 0 18 158 4 18 146 4 18
4 16 158 4 -18 158 0 -18 146 0 -18 146 4 -18
2 24 158 4 18 158 0 18
2 24 158 4 -18 158 0 -18
2 24 158 0 18 158 0 13
2 24 158 0 18 146 0 18
2 24 158 0 -18 158 0 -13
2 24 158 0 -18 146 0 -18
4 16 -158 4 6 -158 0 6 -158 0 18 -158 4 18
4 16 -158 0 -18 -158 0 -6 -158 4 -6 -158 4 -18
4 16 -158 4 18 -158 0 18 -146 0 18 -146 4 18
4 16 -146 0 -18 -158 0 -18 -158 4 -18 -146 4 -18
2 24 -158 4 18 -158 0 18
2 24 -158 4 -18 -158 0 -18
2 24 -158 0 18 -158 0 13
2 24 -158 0 18 -146 0 18
2 24 -158 0 -18 -158 0 -13
2 24 -158 0 -18 -146 0 -18
4 16 -134 0 18 134 0 18 134 4 18 -134 4 18
4 16 134 4 -18 134 0 -18 -134 0 -18 -134 4 -18
2 24 134 0 18 -134 0 18
2 24 134 0 -18 -134 0 -18
4 16 -136 0 20 136 0 20 134 0 18 -134 0 18
4 16 134 0 -18 136 0 -20 -136 0 -20 -134 0 -18
4 16 134 0 18 136 0 20 136 0 15 134 0 13
4 16 134 0 13 136 0 15 144 0 15 146 0 13
4 16 144 0 15 144 0 20 146 0 18 146 0 13
4 16 146 0 18 144 0 20 160 0 20 158 0 18
4 16 160 0 20 160 0 4 158 0 6 158 0 18
4 16 158 0 6 160 0 4 155 0 4 153 0 6
4 16 136 0 -15 136 0 -20 134 0 -18 134 0 -13
4 16 144 0 -15 136 0 -15 134 0 -13 146 0 -13
4 16 146 0 -18 144 0 -20 144 0 -15 146 0 -13
4 16 160 0 -20 144 0 -20 146 0 -18 158 0 -18
4 16 158 0 -6 160 0 -4 160 0 -20 158 0 -18
4 16 155 0 -4 160 0 -4 158 0 -6 153 0 -6
4 16 153 0 6 155 0 4 155 0 -4 153 0 -6
4 16 -136 0 15 -136 0 20 -134 0 18 -134 0 13
4 16 -144 0 15 -136 0 15 -134 0 13 -146 0 13
4 16 -146 0 18 -144 0 20 -144 0 15 -146 0 13
4 16 -160 0 20 -144 0 20 -146 0 18 -158 0 18
4 16 -158 0 6 -160 0 4 -160 0 20 -158 0 18
4 16 -155 0 4 -160 0 4 -158 0 6 -153 0 6
4 16 -134 0 -18 -136 0 -20 -136 0 -15 -134 0 -13
4 16 -134 0 -13 -136 0 -15 -144 0 -15 -146 0 -13
4 16 -144 0 -15 -144 0 -20 -146 0 -18 -146 0 -13
4 16 -146 0 -18 -144 0 -20 -160 0 -20 -158 0 -18
4 16 -160 0 -20 -160 0 -4 -158 0 -6 -158 0 -18
4 16 -158 0 -6 -160 0 -4 -155 0 -4 -153 0 -6
4 16 -155 0 -4 -155 0 4 -153 0 6 -153 0 -6
2 24 136 0 20 -136 0 20
2 24 136 0 -20 -136 0 -20
2 24 136 0 20 136 0 15
2 24 144 0 15 136 0 15
2 24 144 0 15 144 0 20
2 24 160 0 20 144 0 20
2 24 160 0 20 160 0 4
2 24 155 0 4 160 0 4
2 24 136 0 -20 136 0 -15
2 24 144 0 -15 136 0 -15
2 24 144 0 -15 144 0 -20
2 24 160 0 -20 144 0 -20
2 24 160 0 -20 160 0 -4
2 24 155 0 -4 160 0 -4
2 24 155 0 -4 155 0 4
2 24 -136 0 20 -136 0 16
2 24 -144 0 15 -136 0 15
2 24 -144 0 16 -144 0 20
2 24 -160 0 20 -144 0 20
2 24 -160 0 20 -160 0 5
2 24 -155 0 5 -160 0 5
2 24 -136 0 -20 -136 0 -16
2 24 -144 0 -15 -136 0 -15
2 24 -144 0 -16 -144 0 -20
2 24 -160 0 -20 -144 0 -20
2 24 -160 0 -20 -160 0 -5
2 24 -155 0 -5 -160 0 -5
2 24 -155 0 -5 -155 0 5
2 24 135.05 0 13 134.35 0 14.32
2 24 134.35 0 14.32 134 0 14.46
2 24 135.05 0 -13 134.35 0 -14.32
2 24 134.35 0 -14.32 134 0 -14.46
2 24 144.95 0 13 145.65 0 14.32
2 24 145.65 0 14.32 146 0 14.46
2 24 144.95 0 -13 145.65 0 -14.32
2 24 145.65 0 -14.32 146 0 -14.46
2 24 153 0 4.95 154.32 0 5.65
2 24 154.32 0 5.65 154.46 0 6
2 24 153 0 -4.95 154.32 0 -5.65
2 24 154.32 0 -5.65 154.46 0 -6
2 24 -135.05 0 13 -134.35 0 14.32
2 24 -134.35 0 14.32 -134 0 14.46
2 24 -135.05 0 -13 -134.35 0 -14.32
2 24 -134.35 0 -14.32 -134 0 -14.46
2 24 -144.95 0 13 -145.65 0 14.32
2 24 -145.65 0 14.32 -146 0 14.46
2 24 -144.95 0 -13 -145.65 0 -14.32
2 24 -145.65 0 -14.32 -146 0 -14.46
2 24 -153 0 4.95 -154.32 0 5.65
2 24 -154.32 0 5.65 -154.46 0 6
2 24 -153 0 -4.95 -154.32 0 -5.65
2 24 -154.32 0 -5.65 -154.46 0 -6
0 axleholes
1 16 140 4 0 6 0 0 0 2 0 0 0 6 4-4ndis.dat
1 16 140 4 0 1 0 0 0 14 0 0 0 1 axl2hole.dat
1 16 140 4 0 1 0 0 0 1 0 0 0 1 axl2hol2.dat
1 16 140 18 0 1 0 0 0 1 0 0 0 1 axl2hol3.dat
0 BFC INVERTNEXT
1 16 140 18 0 6 0 0 0 6 0 0 0 6 4-4cyli.dat
1 16 140 8 0 7 0 0 0 16 0 0 0 7 4-4cyli.dat
1 16 140 24 0 1 0 0 0 -1 0 0 0 1 4-4ring6.dat
1 16 140 24 0 6 0 0 0 1 0 0 0 6 4-4edge.dat
1 16 140 24 0 7 0 0 0 1 0 0 0 7 4-4edge.dat
1 16 140 8 0 7 0 0 0 -1 0 0 0 7 4-4ndis.dat
1 16 140 8 0 7 0 0 0 1 0 0 0 7 4-4edge.dat
1 16 -140 4 0 6 0 0 0 2 0 0 0 6 4-4ndis.dat
1 16 -140 4 0 1 0 0 0 14 0 0 0 1 axl2hole.dat
1 16 -140 4 0 1 0 0 0 1 0 0 0 1 axl2hol2.dat
1 16 -140 18 0 1 0 0 0 1 0 0 0 1 axl2hol3.dat
0 BFC INVERTNEXT
1 16 -140 18 0 6 0 0 0 6 0 0 0 6 4-4cyli.dat
1 16 -140 8 0 7 0 0 0 16 0 0 0 7 4-4cyli.dat
1 16 -140 24 0 1 0 0 0 -1 0 0 0 1 4-4ring6.dat
1 16 -140 24 0 6 0 0 0 1 0 0 0 6 4-4edge.dat
1 16 -140 24 0 7 0 0 0 1 0 0 0 7 4-4edge.dat
1 16 -140 8 0 7 0 0 0 -1 0 0 0 7 4-4ndis.dat
1 16 -140 8 0 7 0 0 0 1 0 0 0 7 4-4edge.dat
0 ends - internal
4 16 153 8 -6 153 8 6 147 8 6 147 8 -6
3 16 153 8 3 156 8 6 153 8 6
3 16 153 8 -6 156 8 -6 153 8 -3
1 16 153 16 0 0 1 0 0 0 8 3 0 0 rect.dat
4 16 156 24 6 156 8 6 153 8 3 153 24 3
4 16 153 8 -3 156 8 -6 156 24 -6 153 24 -3
2 24 156 24 6 153 24 3
2 24 156 24 -6 153 24 -3
1 16 149.8 14 6 6.2 0 0 0 0 6 0 1 0 rect.dat
1 16 149.8 14 -6 6.2 0 0 0 0 6 0 -1 0 rect.dat
4 16 133 8 6 120 8 7 120 8 -7 133 8 -7
1 16 128.2 14 6 8.2 0 0 0 0 6 0 1 0 rect.dat
1 16 128.2 14 -6 8.2 0 0 0 0 6 0 -1 0 rect.dat
2 24 120 8 6 120 8 -6
4 16 120 8 6 120 20 6 120 20 -6 120 8 -6
4 16 156 20 13 120 20 13 120 20 6 156 20 6
4 16 134 20 16 120 20 16 120 20 13 137 20 13
4 16 156 20 13 156 20 16 146 20 16 143 20 13
4 16 120 20 -6 120 20 -13 156 20 -13 156 20 -6
4 16 120 20 -13 120 20 -16 134 20 -16 137 20 -13
4 16 146 20 -16 156 20 -16 156 20 -13 143 20 -13
1 16 140 20 0 4.95 0 -4.95 0 1 0 -4.95 0 -4.95 1-4edge.dat
1 16 140 20 0 4.95 0 -4.95 0 1 0 4.95 0 4.95 1-4edge.dat
1 16 127 22 16 7 0 0 0 0 2 0 1 0 rect.dat
4 16 137 24 13 134 24 16 134 20 16 137 20 13
2 24 134 24 16 137 24 13
2 24 134 20 16 137 20 13
1 16 140 22 13 3 0 0 0 0 2 0 1 0 rect.dat
4 16 146 20 16 146 24 16 143 24 13 143 20 13
2 24 146 24 16 143 24 13
2 24 146 20 16 143 20 13
1 16 151 22 16 5 0 0 0 0 2 0 1 0 rect.dat
4 16 156 24 6 156 24 16 156 20 16 156 20 6
2 24 156 24 16 156 24 6
2 24 156 20 6 156 24 6
1 16 127 22 -16 7 0 0 0 0 2 0 -1 0 rect.dat
4 16 134 20 -16 134 24 -16 137 24 -13 137 20 -13
2 24 134 24 -16 137 24 -13
2 24 134 20 -16 137 20 -13
1 16 140 22 -13 3 0 0 0 0 2 0 -1 0 rect.dat
4 16 143 24 -13 146 24 -16 146 20 -16 143 20 -13
2 24 146 24 -16 143 24 -13
2 24 146 20 -16 143 20 -13
1 16 151 22 -16 5 0 0 0 0 2 0 -1 0 rect.dat
4 16 156 20 -16 156 24 -16 156 24 -6 156 20 -6
2 24 156 24 -16 156 24 -6
2 24 156 20 -6 156 24 -6
4 16 120 24 16 120 24 -16 120 20 -16 120 20 16
2 24 120 20 16 120 20 6
2 24 120 20 -16 120 20 -6
1 16 122 20 9 0 0 2 0 4 0 -1 0 0 box4-1.dat
1 16 122 20 -9 0 0 2 0 4 0 -1 0 0 box4-1.dat
4 16 -147 8 6 -153 8 6 -153 8 -6 -147 8 -6
3 16 -153 8 6 -156 8 6 -153 8 3
3 16 -153 8 -3 -156 8 -6 -153 8 -6
1 16 -153 16 0 0 -1 0 0 0 8 3 0 0 rect.dat
4 16 -153 8 3 -156 8 6 -156 24 6 -153 24 3
4 16 -156 24 -6 -156 8 -6 -153 8 -3 -153 24 -3
2 24 -156 24 6 -153 24 3
2 24 -156 24 -6 -153 24 -3
1 16 -149.8 14 6 6.2 0 0 0 0 6 0 1 0 rect.dat
1 16 -149.8 14 -6 6.2 0 0 0 0 6 0 -1 0 rect.dat
4 16 -120 8 -7 -120 8 7 -133 8 6 -133 8 -7
1 16 -128.2 14 6 8.2 0 0 0 0 6 0 1 0 rect.dat
1 16 -128.2 14 -6 8.2 0 0 0 0 6 0 -1 0 rect.dat
2 24 -120 8 6 -120 8 -6
4 16 -120 20 -6 -120 20 6 -120 8 6 -120 8 -6
4 16 -120 20 6 -120 20 13 -156 20 13 -156 20 6
4 16 -120 20 13 -120 20 16 -134 20 16 -137 20 13
4 16 -146 20 16 -156 20 16 -156 20 13 -143 20 13
4 16 -156 20 -13 -120 20 -13 -120 20 -6 -156 20 -6
4 16 -134 20 -16 -120 20 -16 -120 20 -13 -137 20 -13
4 16 -156 20 -13 -156 20 -16 -146 20 -16 -143 20 -13
1 16 -140 20 0 4.95 0 -4.95 0 1 0 -4.95 0 -4.95 1-4edge.dat
1 16 -140 20 0 4.95 0 -4.95 0 1 0 4.95 0 4.95 1-4edge.dat
1 16 -127 22 16 7 0 0 0 0 2 0 1 0 rect.dat
4 16 -134 20 16 -134 24 16 -137 24 13 -137 20 13
2 24 -134 24 16 -137 24 13
2 24 -134 20 16 -137 20 13
1 16 -140 22 13 3 0 0 0 0 2 0 1 0 rect.dat
4 16 -143 24 13 -146 24 16 -146 20 16 -143 20 13
2 24 -146 24 16 -143 24 13
2 24 -146 20 16 -143 20 13
1 16 -151 22 16 5 0 0 0 0 2 0 1 0 rect.dat
4 16 -156 20 16 -156 24 16 -156 24 6 -156 20 6
2 24 -156 24 16 -156 24 6
2 24 -156 20 6 -156 24 6
1 16 -127 22 -16 7 0 0 0 0 2 0 -1 0 rect.dat
4 16 -137 24 -13 -134 24 -16 -134 20 -16 -137 20 -13
2 24 -134 24 -16 -137 24 -13
2 24 -134 20 -16 -137 20 -13
1 16 -140 22 -13 3 0 0 0 0 2 0 -1 0 rect.dat
4 16 -146 20 -16 -146 24 -16 -143 24 -13 -143 20 -13
2 24 -146 24 -16 -143 24 -13
2 24 -146 20 -16 -143 20 -13
1 16 -151 22 -16 5 0 0 0 0 2 0 -1 0 rect.dat
4 16 -156 24 -6 -156 24 -16 -156 20 -16 -156 20 -6
2 24 -156 24 -16 -156 24 -6
2 24 -156 20 -6 -156 24 -6
4 16 -120 20 -16 -120 24 -16 -120 24 16 -120 20 16
2 24 -120 20 16 -120 20 6
2 24 -120 20 -16 -120 20 -6
1 16 -122 20 9 0 0 -2 0 4 0 1 0 0 box4-1.dat
1 16 -122 20 -9 0 0 -2 0 4 0 1 0 0 box4-1.dat
0 ends - outside
1 16 157.5 12 4 2.5 0 0 0 0 12 0 1 0 rect.dat
1 16 157.5 12 -4 2.5 0 0 0 0 12 0 -1 0 rect.dat
4 16 155 0 4 155 24 4 155 24 -4 155 0 -4
2 24 155 24 4 155 24 -4
4 16 160 8 20 160 8 4 160 0 4 160 0 20
4 16 160 24 20 160 24 4 160 16 4 160 16 20
4 16 160 16 10 160 16 4 160 8 4 160 8 10
2 24 160 8 10 160 8 20
2 24 160 16 10 160 16 20
2 24 160 24 4 160 24 20
4 16 160 0 -4 160 8 -4 160 8 -20 160 0 -20
4 16 160 16 -4 160 24 -4 160 24 -20 160 16 -20
4 16 160 8 -4 160 16 -4 160 16 -10 160 8 -10
2 24 160 8 -10 160 8 -20
2 24 160 16 -10 160 16 -20
2 24 160 24 -4 160 24 -20
1 16 -157.5 12 4 2.5 0 0 0 0 12 0 1 0 rect.dat
1 16 -157.5 12 -4 2.5 0 0 0 0 12 0 -1 0 rect.dat
4 16 -155 24 -4 -155 24 4 -155 0 4 -155 0 -4
2 24 -155 24 4 -155 24 -4
4 16 -160 0 4 -160 8 4 -160 8 20 -160 0 20
4 16 -160 16 4 -160 24 4 -160 24 20 -160 16 20
4 16 -160 8 4 -160 16 4 -160 16 10 -160 8 10
2 24 -160 8 10 -160 8 20
2 24 -160 16 10 -160 16 20
2 24 -160 24 4 -160 24 20
4 16 -160 8 -20 -160 8 -4 -160 0 -4 -160 0 -20
4 16 -160 24 -20 -160 24 -4 -160 16 -4 -160 16 -20
4 16 -160 16 -10 -160 16 -4 -160 8 -4 -160 8 -10
2 24 -160 8 -10 -160 8 -20
2 24 -160 16 -10 -160 16 -20
2 24 -160 24 -4 -160 24 -20
0 side 1
1 16 152 4 20 8 0 0 0 0 4 0 -1 0 rect.dat
1 16 152 20 20 8 0 0 0 0 4 0 -1 0 rect.dat
1 16 140 4 15 4 0 0 0 0 4 0 -1 0 rect.dat
1 16 140 20 15 4 0 0 0 0 4 0 -1 0 rect.dat
1 16 0 4 20 136 0 0 0 0 4 0 -1 0 rect.dat
4 16 116 24 20 136 24 20 136 16 20 116 16 20
4 16 -116 20 20 116 20 20 116 16 20 -116 16 20
4 16 -136 16 20 -136 24 20 -116 24 20 -116 16 20
2 24 136 16 20 136 24 20
2 24 -136 16 20 -136 24 20
2 24 136 16 20 -136 16 20
2 24 136 24 20 116 24 20
2 24 116 24 20 116 20 20
2 24 -136 24 20 -116 24 20
2 24 -116 24 20 -116 20 20
2 24 116 20 20 -116 20 20
1 16 -152 4 20 8 0 0 0 0 4 0 -1 0 rect.dat
1 16 -152 20 20 8 0 0 0 0 4 0 -1 0 rect.dat
1 16 -140 4 15 4 0 0 0 0 4 0 -1 0 rect.dat
1 16 -140 20 15 4 0 0 0 0 4 0 -1 0 rect.dat
4 16 144 8 15 144 8 20 144 0 20 144 0 15
4 16 144 24 15 144 24 20 144 16 20 144 16 15
4 16 136 0 20 136 8 20 136 8 15 136 0 15
4 16 136 16 20 136 24 20 136 24 15 136 16 15
2 24 144 8 20 144 8 15
2 24 144 16 20 144 16 15
2 24 144 24 20 144 24 15
2 24 136 8 20 136 8 15
2 24 136 16 20 136 16 15
2 24 136 24 20 136 24 15
4 16 -144 0 20 -144 8 20 -144 8 15 -144 0 15
4 16 -144 16 20 -144 24 20 -144 24 15 -144 16 15
4 16 -136 8 15 -136 8 20 -136 0 20 -136 0 15
4 16 -136 24 15 -136 24 20 -136 16 20 -136 16 15
1 16 0 12 10 160 0 0 0 0 4 0 -1 0 rect.dat
4 16 144 8 10 160 8 10 160 8 20 144 8 20
4 16 136 8 10 144 8 10 144 8 15 136 8 15
4 16 -136 8 10 136 8 10 136 8 20 -136 8 20
4 16 -144 8 10 -136 8 10 -136 8 15 -144 8 15
4 16 -160 8 10 -144 8 10 -144 8 20 -160 8 20
4 16 160 16 20 160 16 10 144 16 10 144 16 20
4 16 144 16 15 144 16 10 136 16 10 136 16 15
4 16 136 16 20 136 16 10 -136 16 10 -136 16 20
4 16 -136 16 15 -136 16 10 -144 16 10 -144 16 15
4 16 -144 16 20 -144 16 10 -160 16 10 -160 16 20
0 side 2
1 16 152 4 -20 8 0 0 0 0 4 0 1 0 rect.dat
1 16 152 20 -20 8 0 0 0 0 4 0 1 0 rect.dat
1 16 140 4 -15 4 0 0 0 0 4 0 1 0 rect.dat
1 16 140 20 -15 4 0 0 0 0 4 0 1 0 rect.dat
1 16 0 4 -20 136 0 0 0 0 4 0 1 0 rect.dat
4 16 136 16 -20 136 24 -20 116 24 -20 116 16 -20
4 16 116 16 -20 116 20 -20 -116 20 -20 -116 16 -20
4 16 -116 24 -20 -136 24 -20 -136 16 -20 -116 16 -20
2 24 136 16 -20 136 24 -20
2 24 -136 16 -20 -136 24 -20
2 24 136 16 -20 -136 16 -20
2 24 136 24 -20 116 24 -20
2 24 116 24 -20 116 20 -20
2 24 -136 24 -20 -116 24 -20
2 24 -116 24 -20 -116 20 -20
2 24 116 20 -20 -116 20 -20
1 16 -152 4 -20 8 0 0 0 0 4 0 1 0 rect.dat
1 16 -152 20 -20 8 0 0 0 0 4 0 1 0 rect.dat
1 16 -140 4 -15 4 0 0 0 0 4 0 1 0 rect.dat
1 16 -140 20 -15 4 0 0 0 0 4 0 1 0 rect.dat
4 16 144 0 -20 144 8 -20 144 8 -15 144 0 -15
4 16 144 16 -20 144 24 -20 144 24 -15 144 16 -15
4 16 136 8 -15 136 8 -20 136 0 -20 136 0 -15
4 16 136 24 -15 136 24 -20 136 16 -20 136 16 -15
2 24 144 8 -20 144 8 -15
2 24 144 16 -20 144 16 -15
2 24 144 24 -20 144 24 -15
2 24 136 8 -20 136 8 -15
2 24 136 16 -20 136 16 -15
2 24 136 24 -20 136 24 -15
4 16 -144 8 -15 -144 8 -20 -144 0 -20 -144 0 -15
4 16 -144 24 -15 -144 24 -20 -144 16 -20 -144 16 -15
4 16 -136 0 -20 -136 8 -20 -136 8 -15 -136 0 -15
4 16 -136 16 -20 -136 24 -20 -136 24 -15 -136 16 -15
2 24 -144 0 -20 -144 0 -15
2 24 -144 8 -20 -144 8 -15
2 24 -144 16 -20 -144 16 -15
2 24 -144 24 -20 -144 24 -15
2 24 -136 0 -20 -136 0 -15
2 24 -136 8 -20 -136 8 -15
2 24 -136 16 -20 -136 16 -15
2 24 -136 24 -20 -136 24 -15
1 16 0 12 -10 160 0 0 0 0 4 0 1 0 rect.dat
4 16 160 8 -20 160 8 -10 144 8 -10 144 8 -20
4 16 144 8 -15 144 8 -10 136 8 -10 136 8 -15
4 16 136 8 -20 136 8 -10 -136 8 -10 -136 8 -20
4 16 -136 8 -15 -136 8 -10 -144 8 -10 -144 8 -15
4 16 -144 8 -20 -144 8 -10 -160 8 -10 -160 8 -20
4 16 144 16 -10 160 16 -10 160 16 -20 144 16 -20
4 16 136 16 -10 144 16 -10 144 16 -15 136 16 -15
4 16 -136 16 -10 136 16 -10 136 16 -20 -136 16 -20
4 16 -144 16 -10 -136 16 -10 -136 16 -15 -144 16 -15
4 16 -160 16 -10 -144 16 -10 -144 16 -20 -160 16 -20
0 ends - bottom
4 16 120 24 20 120 24 16 136 24 16 136 24 20
4 16 144 24 20 144 24 16 156 24 16 160 24 20
4 16 156 24 16 156 24 4 160 24 4 160 24 20
4 16 136 24 -16 120 24 -16 120 24 -20 136 24 -20
4 16 156 24 -16 144 24 -16 144 24 -20 160 24 -20
4 16 160 24 -4 156 24 -4 156 24 -16 160 24 -20
3 16 156 24 4 156 24 6 154 24 4
3 16 154 24 -4 156 24 -6 156 24 -4
4 16 154 24 -4 155 24 -4 155 24 4 154 24 4
4 16 153 24 3 153 24 -3 154 24 -4 154 24 4
3 16 144 24 14 146 24 16 144 24 16
3 16 136 24 16 134 24 16 136 24 14
4 16 144 24 14 144 24 15 136 24 15 136 24 14
4 16 143 24 13 144 24 14 136 24 14 137 24 13
3 16 144 24 -16 146 24 -16 144 24 -14
3 16 136 24 -14 134 24 -16 136 24 -16
4 16 136 24 -15 144 24 -15 144 24 -14 136 24 -14
4 16 136 24 -14 144 24 -14 143 24 -13 137 24 -13
2 24 120 24 20 120 24 16
2 24 120 24 -20 120 24 -16
4 16 -136 24 16 -120 24 16 -120 24 20 -136 24 20
4 16 -156 24 16 -144 24 16 -144 24 20 -160 24 20
4 16 -160 24 4 -156 24 4 -156 24 16 -160 24 20
4 16 -120 24 -20 -120 24 -16 -136 24 -16 -136 24 -20
4 16 -144 24 -20 -144 24 -16 -156 24 -16 -160 24 -20
4 16 -156 24 -16 -156 24 -4 -160 24 -4 -160 24 -20
3 16 -154 24 4 -156 24 6 -156 24 4
3 16 -156 24 -4 -156 24 -6 -154 24 -4
4 16 -155 24 4 -155 24 -4 -154 24 -4 -154 24 4
4 16 -154 24 -4 -153 24 -3 -153 24 3 -154 24 4
3 16 -144 24 16 -146 24 16 -144 24 14
3 16 -136 24 14 -134 24 16 -136 24 16
4 16 -136 24 15 -144 24 15 -144 24 14 -136 24 14
4 16 -136 24 14 -144 24 14 -143 24 13 -137 24 13
3 16 -144 24 -14 -146 24 -16 -144 24 -16
3 16 -136 24 -16 -134 24 -16 -136 24 -14
4 16 -144 24 -14 -144 24 -15 -136 24 -15 -136 24 -14
4 16 -143 24 -13 -144 24 -14 -136 24 -14 -137 24 -13
2 24 -120 24 20 -120 24 16
2 24 -120 24 -20 -120 24 -16
0 truss
1 16 -116 41 0 0 232 0 0 0 4 4 0 0 4-4cyli.dat
0 end 1
1 16 116 41 0 0 1 0 0 0 -4 4 0 0 2-4edge.dat
1 16 116 41 0 0 4 0 0 0 4 4 0 0 2-4cyli.dat
4 16 116 24 20 116 43.8 2.8 120 43.8 2.8 120 24 20
2 24 116 24 20 116 43.8 2.8
2 24 120 24 20 120 43.8 2.8
4 16 120 43.8 -2.8 116 43.8 -2.8 116 24 -20 120 24 -20
2 24 116 24 -20 116 43.8 -2.8
2 24 120 24 -20 120 43.8 -2.8
3 16 116 41 0 116 43.8 2.8 116 24 20
3 16 116 24 -20 116 43.8 -2.8 116 41 0
3 16 116 24 20 116 24 -20 116 41 0
3 16 120 24 20 120 43.8 2.8 120 41 0
3 16 120 41 0 120 43.8 -2.8 120 24 -20
3 16 120 41 0 120 24 -20 120 24 20
1 16 120 41 0 0 -1 0 0 0 4 4 0 0 2-4disc.dat
1 16 116 41 0 0 1 0 2.82843 0 -2.82843 2.82843 0 2.82843 3-4edge.dat
1 16 120 41 0 0 1 0 2.82843 0 2.82843 -2.82843 0 2.82843 1-4edge.dat
3 16 116 20 20 113 20 20 116 22 18.5
3 16 116 22 -18.5 113 20 -20 116 20 -20
2 24 116 20 20 116 22 18.5
2 24 116 20 -20 116 22 -18.5
2 24 116 22 18.5 116 22 -18.5
3 16 116 22 18.5 116 22 20 116 20 20
3 16 116 20 -20 116 22 -20 116 22 -18.5
4 16 116 22 20 116 22 -20 116 24 -20 116 24 20
0 end 2
1 16 -116 41 0 0 1 0 0 0 -4 4 0 0 2-4edge.dat
1 16 -116 41 0 0 -4 0 0 0 4 4 0 0 2-4cyli.dat
4 16 -120 43.8 2.8 -116 43.8 2.8 -116 24 20 -120 24 20
2 24 -116 24 20 -116 43.8 2.8
2 24 -120 24 20 -120 43.8 2.8
4 16 -116 24 -20 -116 43.8 -2.8 -120 43.8 -2.8 -120 24 -20
2 24 -116 24 -20 -116 43.8 -2.8
2 24 -120 24 -20 -120 43.8 -2.8
3 16 -116 24 20 -116 43.8 2.8 -116 41 0
3 16 -116 41 0 -116 43.8 -2.8 -116 24 -20
3 16 -116 41 0 -116 24 -20 -116 24 20
3 16 -120 41 0 -120 43.8 2.8 -120 24 20
3 16 -120 24 -20 -120 43.8 -2.8 -120 41 0
3 16 -120 24 20 -120 24 -20 -120 41 0
1 16 -120 41 0 0 1 0 0 0 4 4 0 0 2-4disc.dat
1 16 -116 41 0 0 1 0 2.82843 0 -2.82843 2.82843 0 2.82843 3-4edge.dat
1 16 -120 41 0 0 1 0 2.82843 0 2.82843 -2.82843 0 2.82843 1-4edge.dat
3 16 -116 22 18.5 -113 20 20 -116 20 20
3 16 -116 20 -20 -113 20 -20 -116 22 -18.5
2 24 -116 20 20 -116 22 18.5
2 24 -116 20 -20 -116 22 -18.5
2 24 -116 22 18.5 -116 22 -18.5
3 16 -116 20 20 -116 22 20 -116 22 18.5
3 16 -116 22 -18.5 -116 22 -20 -116 20 -20
4 16 -116 24 -20 -116 22 -20 -116 22 20 -116 24 20
4 16 113 20 -20 113 20 20 61 20 20 61 20 -20
4 16 55 20 -20 55 20 20 3 20 20 3 20 -20
4 16 -3 20 -20 -3 20 20 -55 20 20 -55 20 -20
4 16 -61 20 -20 -61 20 20 -113 20 20 -113 20 -20
2 24 113 20 -20 113 20 20
2 24 61 20 20 61 20 -20
2 24 55 20 -20 55 20 20
2 24 3 20 20 3 20 -20
2 24 -3 20 -20 -3 20 20
2 24 -55 20 20 -55 20 -20
2 24 -61 20 -20 -61 20 20
2 24 -113 20 -20 -113 20 20
0 truss 1
4 16 89.74 37 7.026 113 20 20 113 20 -20 89.74 37 -7.026
4 16 116 22 -18.5 116 22 18.5 90 41 4 90 41 -4
4 16 84.26 37 -7.026 61 20 -20 61 20 20 84.26 37 7.026
4 16 58 22 18.5 58 22 -18.5 84 41 -4 84 41 4
1 16 87 37 0 2.74 0 0 0 1 0 0 0 7.026 rect.dat
2 24 116 22 18.5 90 41 4
2 24 58 22 18.5 84 41 4
2 24 116 22 -18.5 90 41 -4
2 24 58 22 -18.5 84 41 -4
2 24 113 20 20 89.74 37 7.026
2 24 61 20 20 84.26 37 7.026
2 24 113 20 -20 89.74 37 -7.026
2 24 61 20 -20 84.26 37 -7.026
2 24 84 41 4 90 41 4
2 24 84 41 -4 90 41 -4
1 16 90 41 0 0 1 5.474 0 0 -4 4 0 0 2-4edge.dat
1 16 84 41 0 0 1 -5.474 0 0 -4 4 0 0 2-4edge.dat
4 16 116 22 18.5 113 20 20 89.74 37 7.026 90 41 4
4 16 89.74 37 -7.026 113 20 -20 116 22 -18.5 90 41 -4
4 16 84.26 37 7.026 61 20 20 58 22 18.5 84 41 4
4 16 58 22 -18.5 61 20 -20 84.26 37 -7.026 84 41 -4
4 16 90 41 4 89.74 37 7.026 84.26 37 7.026 84 41 4
4 16 84 41 -4 84.26 37 -7.026 89.74 37 -7.026 90 41 -4
0 join 1
3 16 58 22 18.5 61 20 20 55 20 20
3 16 55 20 -20 61 20 -20 58 22 -18.5
2 24 58 22 18.5 58 22 -18.5
0 truss 2
4 16 31.74 37 7.026 55 20 20 55 20 -20 31.74 37 -7.026
4 16 58 22 -18.5 58 22 18.5 32 41 4 32 41 -4
4 16 26.26 37 -7.026 3 20 -20 3 20 20 26.26 37 7.026
4 16 0 22 18.5 0 22 -18.5 26 41 -4 26 41 4
1 16 29 37 0 2.74 0 0 0 1 0 0 0 7.026 rect.dat
2 24 58 22 18.5 32 41 4
2 24 0 22 18.5 26 41 4
2 24 58 22 -18.5 32 41 -4
2 24 0 22 -18.5 26 41 -4
2 24 55 20 20 31.74 37 7.026
2 24 3 20 20 26.26 37 7.026
2 24 55 20 -20 31.74 37 -7.026
2 24 3 20 -20 26.26 37 -7.026
2 24 26 41 4 32 41 4
2 24 26 41 -4 32 41 -4
1 16 32 41 0 0 1 5.474 0 0 -4 4 0 0 2-4edge.dat
1 16 26 41 0 0 1 -5.474 0 0 -4 4 0 0 2-4edge.dat
4 16 58 22 18.5 55 20 20 31.74 37 7.026 32 41 4
4 16 31.74 37 -7.026 55 20 -20 58 22 -18.5 32 41 -4
4 16 26.26 37 7.026 3 20 20 0 22 18.5 26 41 4
4 16 0 22 -18.5 3 20 -20 26.26 37 -7.026 26 41 -4
4 16 32 41 4 31.74 37 7.026 26.26 37 7.026 26 41 4
4 16 26 41 -4 26.26 37 -7.026 31.74 37 -7.026 32 41 -4
0 join 2
3 16 0 22 18.5 3 20 20 -3 20 20
3 16 -3 20 -20 3 20 -20 0 22 -18.5
2 24 0 22 18.5 0 22 -18.5
0 truss 3
4 16 -26.26 37 7.026 -3 20 20 -3 20 -20 -26.26 37 -7.026
4 16 0 22 -18.5 0 22 18.5 -26 41 4 -26 41 -4
4 16 -31.74 37 -7.026 -55 20 -20 -55 20 20 -31.74 37 7.026
4 16 -58 22 18.5 -58 22 -18.5 -32 41 -4 -32 41 4
1 16 -29 37 0 2.74 0 0 0 1 0 0 0 7.026 rect.dat
2 24 0 22 18.5 -26 41 4
2 24 -58 22 18.5 -32 41 4
2 24 0 22 -18.5 -26 41 -4
2 24 -58 22 -18.5 -32 41 -4
2 24 -3 20 20 -26.26 37 7.026
2 24 -55 20 20 -31.74 37 7.026
2 24 -3 20 -20 -26.26 37 -7.026
2 24 -55 20 -20 -31.74 37 -7.026
2 24 -32 41 4 -26 41 4
2 24 -32 41 -4 -26 41 -4
1 16 -26 41 0 0 1 5.474 0 0 -4 4 0 0 2-4edge.dat
1 16 -32 41 0 0 1 -5.474 0 0 -4 4 0 0 2-4edge.dat
4 16 0 22 18.5 -3 20 20 -26.26 37 7.026 -26 41 4
4 16 -26.26 37 -7.026 -3 20 -20 0 22 -18.5 -26 41 -4
4 16 -31.74 37 7.026 -55 20 20 -58 22 18.5 -32 41 4
4 16 -58 22 -18.5 -55 20 -20 -31.74 37 -7.026 -32 41 -4
4 16 -26 41 4 -26.26 37 7.026 -31.74 37 7.026 -32 41 4
4 16 -32 41 -4 -31.74 37 -7.026 -26.26 37 -7.026 -26 41 -4
0 join 3
3 16 -58 22 18.5 -55 20 20 -61 20 20
3 16 -61 20 -20 -55 20 -20 -58 22 -18.5
2 24 -58 22 18.5 -58 22 -18.5
0 truss 4
4 16 -84.26 37 7.026 -61 20 20 -61 20 -20 -84.26 37 -7.026
4 16 -58 22 -18.5 -58 22 18.5 -84 41 4 -84 41 -4
4 16 -89.74 37 -7.026 -113 20 -20 -113 20 20 -89.74 37 7.026
4 16 -116 22 18.5 -116 22 -18.5 -90 41 -4 -90 41 4
1 16 -87 37 0 2.74 0 0 0 1 0 0 0 7.026 rect.dat
2 24 -58 22 18.5 -84 41 4
2 24 -116 22 18.5 -90 41 4
2 24 -58 22 -18.5 -84 41 -4
2 24 -116 22 -18.5 -90 41 -4
2 24 -61 20 20 -84.26 37 7.026
2 24 -113 20 20 -89.74 37 7.026
2 24 -61 20 -20 -84.26 37 -7.026
2 24 -113 20 -20 -89.74 37 -7.026
2 24 -90 41 4 -84 41 4
2 24 -90 41 -4 -84 41 -4
1 16 -84 41 0 0 1 5.474 0 0 -4 4 0 0 2-4edge.dat
1 16 -90 41 0 0 1 -5.474 0 0 -4 4 0 0 2-4edge.dat
4 16 -58 22 18.5 -61 20 20 -84.26 37 7.026 -84 41 4
4 16 -84.26 37 -7.026 -61 20 -20 -58 22 -18.5 -84 41 -4
4 16 -89.74 37 7.026 -113 20 20 -116 22 18.5 -90 41 4
4 16 -116 22 -18.5 -113 20 -20 -89.74 37 -7.026 -90 41 -4
4 16 -84 41 4 -84.26 37 7.026 -89.74 37 7.026 -90 41 4
4 16 -90 41 -4 -89.74 37 -7.026 -84.26 37 -7.026 -84 41 -4
0
