0 Slope Brick  2 x  2 x  1.667 with Angled Blocks
0 Name: 30601.dat
0 Author: Philippe Hurbain [Philo]
0 !LDRAW_ORG Part UPDATE 2013-01
0 !LICENSE Redistributable under CCAL version 2.0 : see CAreadme.txt

0 BFC CERTIFY CCW

0 !HISTORY 2007-08-25 {LEGO Universe Team} Original part shape
0 !HISTORY 2008-06-21 [Philo] File preparation for LDraw Parts Tracker
0 !HISTORY 2013-07-21 [PTadmin] Official Update 2013-01

0 // Created with stl2dat conversion tool

1 16 0 0 0 -1 0 0 0 1 0 0 0 1 s\30601s01.dat
1 16 0 0 0 1 0 0 0 1 0 0 0 1 s\30601s01.dat
1 16 0 0 0 1 0 0 0 -6 0 0 0 1 STUD4A.dat
1 16 0 0 0 0 0 1 0 2.75 0 -1 0 0 STUD4s.dat
0 // Top surface
4 16 -25.6 0.09 -20 -25.6 -16.05 20 -33.59 -7.89 20 -33.59 8.24 -20
4 16 -18.842 -9.42 20 -18.842 6.71 -20 -12.076 -0.19 -20 -12.076 -16.32 20
4 16 -25.6 -16.05 20 -25.6 0.09 -20 -18.842 6.71 -20 -18.842 -9.42 20
4 16 -12.076 -16.32 20 -12.076 -0.19 -20 -11.813 0.07 -20 -9.287 -13.53 20
4 16 9.287 -13.53 20 11.813 0.07 -20 12.076 -0.19 -20 12.076 -16.32 20
4 16 25.6 0.09 -20 33.59 8.24 -20 33.59 -7.89 20 25.6 -16.05 20
4 16 18.84 -9.42 20 12.08 -16.32 20 12.08 -0.19 -20 18.84 6.71 -20
4 16 25.6 -16.05 20 18.84 -9.42 20 18.84 6.71 -20 25.6 0.09 -20
4 16 -6.25 -13.36 19.5 -11.813 0.07 -20 11.81 0.07 -20 6.25 -13.36 19.5
3 16 9.29 -13.53 20 6.25 -13.36 19.5 11.81 0.07 -20
3 16 -11.81 0.07 -20 -6.25 -13.36 19.5 -9.29 -13.53 20
3 16 -6.25 -13.53 20 -9.287 -13.53 20 -6.25 -13.36 19.5
3 16 6.25 -13.53 20 6.25 -13.36 19.5 9.29 -13.53 20
2 24 -25.6 -16.05 20 -25.6 0.09 -20
2 24 -18.842 6.71 -20 -18.842 -9.42 20
2 24 -12.076 -16.32 20 -12.076 -0.19 -20
2 24 -9.287 -13.53 20 -11.813 0.07 -20
2 24 25.6 0.09 -20 25.6 -16.05 20
2 24 12.08 -0.19 -20 12.08 -16.32 20
2 24 18.84 -9.42 20 18.84 6.71 -20
2 24 11.81 0.07 -20 9.29 -13.53 20
0 // Top knobs
1 16 -30.384 -4.814 -0.506 1.726 0.695 0 -1.546 0.667 -0.898 -0.624 0.269 2.226 4-4disc.dat
1 16 -30.384 -4.814 -0.506 1.726 0.695 0 -1.546 0.667 -0.898 -0.624 0.269 2.226 4-4edge.dat
1 16 -29.516 -3.98 -0.169 2.59 0.695 0 -2.319 0.667 -1.346 -0.935 0.269 3.339 4-4edge.dat
1 16 -29.516 -3.98 -0.169 0.863 -0.868 0 -0.773 -0.834 -0.449 -0.312 -0.336 1.113 4-4con2.dat
1 16 -30.384 -8.554 8.768 1.726 0.695 0 -1.546 0.667 -0.898 -0.624 0.269 2.226 4-4disc.dat
1 16 -30.384 -8.554 8.768 1.726 0.695 0 -1.546 0.667 -0.898 -0.624 0.269 2.226 4-4edge.dat
1 16 -29.516 -7.72 9.105 2.59 0.695 0 -2.319 0.667 -1.346 -0.935 0.269 3.339 4-4edge.dat
1 16 -29.516 -7.72 9.105 0.863 -0.868 0 -0.773 -0.834 -0.449 -0.312 -0.336 1.113 4-4con2.dat
1 16 -30.384 -1.074 -9.779 1.726 0.695 0 -1.546 0.667 -0.898 -0.624 0.269 2.226 4-4disc.dat
1 16 -30.384 -1.074 -9.779 1.726 0.695 0 -1.546 0.667 -0.898 -0.624 0.269 2.226 4-4edge.dat
1 16 -29.516 -0.24 -9.444 2.59 0.695 0 -2.319 0.667 -1.346 -0.935 0.269 3.339 4-4edge.dat
1 16 -29.516 -0.24 -9.444 0.863 -0.868 0 -0.773 -0.834 -0.449 -0.312 -0.336 1.113 4-4con2.dat
1 16 30.384 -4.814 -0.506 -1.726 -0.695 0 -1.546 0.667 -0.898 -0.624 0.269 2.226 4-4disc.dat
1 16 30.384 -4.814 -0.506 -1.726 -0.695 0 -1.546 0.667 -0.898 -0.624 0.269 2.226 4-4edge.dat
1 16 29.516 -3.98 -0.169 -2.59 -0.695 0 -2.319 0.667 -1.346 -0.935 0.269 3.339 4-4edge.dat
1 16 29.516 -3.98 -0.169 -0.863 0.868 0 -0.773 -0.834 -0.449 -0.312 -0.336 1.113 4-4con2.dat
1 16 30.384 -8.554 8.768 -1.726 -0.695 0 -1.546 0.667 -0.898 -0.624 0.269 2.226 4-4disc.dat
1 16 30.384 -8.554 8.768 -1.726 -0.695 0 -1.546 0.667 -0.898 -0.624 0.269 2.226 4-4edge.dat
1 16 29.516 -7.72 9.105 -2.59 -0.695 0 -2.319 0.667 -1.346 -0.935 0.269 3.339 4-4edge.dat
1 16 29.516 -7.72 9.105 -0.863 0.868 0 -0.773 -0.834 -0.449 -0.312 -0.336 1.113 4-4con2.dat
1 16 30.384 -1.074 -9.779 -1.726 -0.695 0 -1.546 0.667 -0.898 -0.624 0.269 2.226 4-4disc.dat
1 16 30.384 -1.074 -9.779 -1.726 -0.695 0 -1.546 0.667 -0.898 -0.624 0.269 2.226 4-4edge.dat
1 16 29.516 -0.24 -9.444 -2.59 -0.695 0 -2.319 0.667 -1.346 -0.935 0.269 3.339 4-4edge.dat
1 16 29.516 -0.24 -9.444 -0.863 0.868 0 -0.773 -0.834 -0.449 -0.312 -0.336 1.113 4-4con2.dat
