0 Tile  2 x  2 with Ship Portrait Pattern
0 Name: 3068bp71.dat
0 Author: Howard Lande [HowardLande]
0 !LDRAW_ORG Part UPDATE 2012-01
0 !LICENSE Redistributable under CCAL version 2.0 : see CAreadme.txt

0 BFC CERTIFY CW

0 !HISTORY 2012-03-30 [PTadmin] Official Update 2012-01

0 // BASE
1 16 0 0 0 1 0 0 0 1 0 0 0 1 s\3068bs01.dat
0 // PATTERN
4 15 8.3 0 10.28 10.88 0 10.28 10.841 0 9.832 10.724 0 9.398
4 15 8.3 0 10.28 10.724 0 9.398 10.534 0 8.99 10.276 0 8.622
4 15 8.3 0 10.28 10.276 0 8.622 9.958 0 8.304 9.59 0 8.046
4 15 8.3 0 10.28 9.59 0 8.046 9.182 0 7.856 8.748 0 7.739
4 15 8.3 0 10.28 8.748 0 7.739 8.3 0 7.7 7.852 0 7.739
4 15 8.3 0 10.28 7.852 0 7.739 7.418 0 7.856 7.01 0 8.046
4 15 8.3 0 10.28 7.01 0 8.046 6.642 0 8.304 6.324 0 8.622
4 15 8.3 0 10.28 6.324 0 8.622 6.066 0 8.99 5.876 0 9.398
4 15 8.3 0 10.28 5.876 0 9.398 5.759 0 9.832 5.72 0 10.28
4 15 8.3 0 10.28 5.72 0 10.28 5.759 0 10.728 5.876 0 11.162
4 15 8.3 0 10.28 5.876 0 11.162 6.066 0 11.57 6.324 0 11.938
4 15 8.3 0 10.28 6.324 0 11.938 6.642 0 12.256 7.01 0 12.514
4 15 8.3 0 10.28 7.01 0 12.514 7.418 0 12.704 7.852 0 12.821
4 15 8.3 0 10.28 7.852 0 12.821 8.3 0 12.86 8.748 0 12.821
4 15 8.3 0 10.28 8.748 0 12.821 9.182 0 12.704 9.59 0 12.514
4 15 8.3 0 10.28 9.59 0 12.514 9.958 0 12.256 10.276 0 11.938
4 15 8.3 0 10.28 10.276 0 11.938 10.534 0 11.57 10.724 0 11.162
4 15 8.3 0 10.28 10.724 0 11.162 10.841 0 10.728 10.88 0 10.28
4 272 10.88 0 7.7 10.841 0 9.832 10.88 0 10.28 16.33 0 -1.37
3 272 10.88 0 7.7 10.724 0 9.398 10.841 0 9.832
3 272 10.88 0 7.7 10.534 0 8.99 10.724 0 9.398
3 272 10.88 0 7.7 10.276 0 8.622 10.534 0 8.99
3 272 10.88 0 7.7 9.958 0 8.304 10.276 0 8.622
3 272 10.88 0 7.7 9.59 0 8.046 9.958 0 8.304
3 272 10.88 0 7.7 9.182 0 7.856 9.59 0 8.046
3 272 10.88 0 7.7 8.748 0 7.739 9.182 0 7.856
4 272 8.3 0 7.7 8.748 0 7.739 10.88 0 7.7 14.28 0 -0.74
4 272 5.72 0 7.7 7.852 0 7.739 8.3 0 7.7 13.25 0 -1.09
3 272 7.418 0 7.856 7.852 0 7.739 5.72 0 7.7
3 272 7.01 0 8.046 7.418 0 7.856 5.72 0 7.7
3 272 6.642 0 8.304 7.01 0 8.046 5.72 0 7.7
3 272 6.324 0 8.622 6.642 0 8.304 5.72 0 7.7
3 272 6.066 0 8.99 6.324 0 8.622 5.72 0 7.7
3 272 5.876 0 9.398 6.066 0 8.99 5.72 0 7.7
3 272 5.759 0 9.832 5.876 0 9.398 5.72 0 7.7
4 272 5.72 0 10.28 5.759 0 9.832 5.72 0 7.7 -2.04 0 8.73
3 272 5.72 0 10.28 5.72 0 12.86 5.759 0 10.728
3 272 5.759 0 10.728 5.72 0 12.86 5.876 0 11.162
3 272 5.876 0 11.162 5.72 0 12.86 6.066 0 11.57
3 272 6.066 0 11.57 5.72 0 12.86 6.324 0 11.938
3 272 6.324 0 11.938 5.72 0 12.86 6.642 0 12.256
3 272 6.642 0 12.256 5.72 0 12.86 7.01 0 12.514
3 272 7.01 0 12.514 5.72 0 12.86 7.418 0 12.704
3 272 7.418 0 12.704 5.72 0 12.86 7.852 0 12.821
3 272 7.852 0 12.821 5.72 0 12.86 8.3 0 12.86
4 272 10.88 0 12.86 8.748 0 12.821 8.3 0 12.86 16.33 0 15.843
3 272 8.748 0 12.821 10.88 0 12.86 9.182 0 12.704
3 272 9.182 0 12.704 10.88 0 12.86 9.59 0 12.514
3 272 9.59 0 12.514 10.88 0 12.86 9.958 0 12.256
3 272 9.958 0 12.256 10.88 0 12.86 10.276 0 11.938
3 272 10.276 0 11.938 10.88 0 12.86 10.534 0 11.57
3 272 10.534 0 11.57 10.88 0 12.86 10.724 0 11.162
3 272 10.724 0 11.162 10.88 0 12.86 10.841 0 10.728
4 272 10.88 0 10.28 10.841 0 10.728 10.88 0 12.86 16.33 0 15.843
4 15 -9.74 0 13.71 -6.56 0 13.88 -6.5 0 12.12 -9.44 0 12.3
4 0 -10.35 0 14.21 -6.55 0 14.58 -6.56 0 13.88 -9.74 0 13.71
4 0 -10.35 0 14.21 -9.74 0 13.71 -9.44 0 12.3 -9.93 0 11.9
4 0 -9.93 0 11.9 -9.44 0 12.3 -6.5 0 12.12 -6.69 0 11.52
4 0 -6.69 0 11.52 -6.5 0 12.12 -5.62 0 12.09 -5.65 0 11.33
4 0 -6.56 0 13.88 -5.78 0 13.81 -5.62 0 12.09 -6.5 0 12.12
4 0 -6.56 0 13.88 -6.55 0 14.58 -5.83 0 14.65 -5.78 0 13.81
4 0 -6.55 0 14.58 -6.54 0 14.76 -5.84 0 14.81 -5.83 0 14.65
4 0 -6.69 0 11.52 -5.65 0 11.33 -5.52 0 10.25 -6.66 0 10.26
4 0 -6.66 0 10.26 -5.52 0 10.25 -5.53 0 9.61 -6.65 0 9.7
4 0 -7.68 0 10.25 -6.66 0 10.26 -6.65 0 9.7 -7.67 0 9.73
4 0 -9.24 0 9.63 -9.08 0 10.18 -7.68 0 10.25 -7.67 0 9.73
4 0 -10.28 0 10.01 -9.08 0 10.18 -9.24 0 9.63 -9.59 0 9.61
4 0 -10.28 0 10.01 -9.59 0 9.61 -9.63 0 8.64 -10.04 0 8.64
4 0 -10.04 0 8.64 -9.63 0 8.64 -9.63 0 7.83 -10.04 0 7.87
4 0 -10.08 0 6.98 -10.04 0 7.87 -9.63 0 7.83 -9.65 0 7.06
4 0 -10.32 0 5.73 -10.08 0 6.98 -9.65 0 7.06 -9.65 0 6.25
4 0 -5.53 0 9.61 -5.52 0 10.25 -4.12 0 10 -4.19 0 9.46
4 0 -4.19 0 9.46 -4.12 0 10 -3.08 0 9.79 -3.31 0 9.33
4 0 -3.31 0 9.33 -3.08 0 9.79 -2.38 0 9.62 -2.75 0 9.24
4 0 -2.75 0 9.24 -2.38 0 9.62 -2.04 0 8.73 -2.55 0 8.53
4 0 -2.55 0 8.53 -2.04 0 8.73 -1.94 0 7.72 -2.43 0 7.66
4 0 -2.43 0 7.66 -1.94 0 7.72 -1.84 0 6.71 -2.37 0 6.73
4 0 -2.37 0 6.22 -2.37 0 6.73 -1.84 0 6.71 -1.82 0 5.78
4 0 -10.32 0 5.73 -9.65 0 6.25 -9.33 0 6.26 -9.64 0 5.22
4 0 -9.64 0 5.22 -9.33 0 6.26 -7.79 0 6.31 -7.82 0 5.47
4 0 -7.82 0 5.47 -7.79 0 6.31 -6.67 0 6.38 -6.66 0 5.5
4 0 -6.67 0 6.38 -5.23 0 6.41 -5.22 0 5.53 -6.66 0 5.5
4 0 -5.23 0 6.41 -3.95 0 6.32 -3.98 0 5.44 -5.22 0 5.53
4 0 -3.98 0 5.44 -3.95 0 6.32 -2.37 0 6.22 -1.82 0 5.78
4 16 -18.03 0 17.8 17.98 0 17.8 16.69 0 16.5 -16.71 0 16.5
4 0 -18.12 0 17.18 -18.03 0 17.8 -16.71 0 16.5 -16.77 0 16
4 16 16.97 0 16.05 18.27 0 17.33 18.27 0 -17.88 16.97 0 -16.7
4 0 16.69 0 16.5 17.98 0 17.8 18.27 0 17.33 16.97 0 16.05
4 0 -18.733 0 18.41 18.9 0 18.41 17.98 0 17.8 -18.03 0 17.8
4 0 -16.232 0 15.843 -16.77 0 16 -16.71 0 16.5 -5.84 0 15.843
4 0 16.69 0 16.5 16.97 0 16.05 16.33 0 15.843 -5.84 0 15.843
4 15 -9.24 0 9.63 -7.67 0 9.73 -2.37 0 6.22 -3.95 0 6.32
4 15 -7.67 0 9.73 -6.65 0 9.7 -2.37 0 6.73 -2.37 0 6.22
4 15 -6.65 0 9.7 -5.53 0 9.61 -2.43 0 7.66 -2.37 0 6.73
4 15 -5.53 0 9.61 -4.19 0 9.46 -2.55 0 8.53 -2.43 0 7.66
4 15 -4.19 0 9.46 -3.31 0 9.33 -2.75 0 9.24 -2.55 0 8.53
4 0 -11.79 0 5.33 -10.32 0 5.73 -9.64 0 5.22 -10.81 0 5.04
3 0 -10.81 0 5.04 -11.249 0 4.974 -11.79 0 5.33
4 0 -11.79 0 5.33 -11.249 0 4.974 -11.165 0 3.673 -11.686 0 3.669
4 0 -11.686 0 3.669 -11.165 0 3.673 -11.109 0 2.454 -11.63 0 2.47
4 0 -11.63 0 2.47 -11.109 0 2.454 -11.125 0 1.193 -11.606 0 1.209
4 0 -11.63 0 0.01 -11.606 0 1.209 -11.125 0 1.193 -11.149 0 0.014
4 0 -11.766 0 -1.751 -11.63 0 0.01 -11.149 0 0.014 -11.265 0 -1.767
4 0 -11.97 0 -3.53 -11.766 0 -1.751 -11.265 0 -1.767 -11.469 0 -3.566
4 0 -12.286 0 -6.131 -11.97 0 -3.53 -11.469 0 -3.566 -11.825 0 -6.207
4 0 -12.29 0 -6.79 -12.286 0 -6.131 -11.825 0 -6.207 -11.909 0 -6.806
4 0 -12.306 0 -7.171 -12.29 0 -6.79 -11.909 0 -6.806 -12.005 0 -7.527
4 0 -12.99 0 -7.31 -12.306 0 -7.171 -12.005 0 -7.527 -12.709 0 -8.186
4 0 -12.709 0 -8.186 -12.005 0 -7.527 -11.624 0 -7.504 -10.948 0 -7.803
3 0 -10.57 0 -7.718 -10.948 0 -7.803 -11.624 0 -7.504
4 16 -12.005 0 -7.527 -11.909 0 -6.806 -11.528 0 -6.783 -11.624 0 -7.504
4 16 -11.909 0 -6.806 -11.825 0 -6.207 -11.444 0 -6.184 -11.528 0 -6.783
4 16 -11.825 0 -6.207 -11.469 0 -3.566 -11.088 0 -3.543 -11.444 0 -6.184
4 16 -11.469 0 -3.566 -11.265 0 -1.767 -10.884 0 -1.744 -11.088 0 -3.543
4 16 -11.265 0 -1.767 -11.149 0 0.014 -10.768 0 0.037 -10.884 0 -1.744
4 16 -11.149 0 0.014 -11.125 0 1.193 -10.744 0 1.216 -10.768 0 0.037
4 16 -11.125 0 1.193 -11.109 0 2.454 -10.728 0 2.477 -10.744 0 1.216
4 16 -11.165 0 3.673 -10.784 0 3.696 -10.728 0 2.477 -11.109 0 2.454
4 16 -11.249 0 4.974 -10.81 0 5.04 -10.784 0 3.696 -11.165 0 3.673
4 0 -11.624 0 -7.504 -9.619 0 -7.117 -9.465 0 -7.452 -10.57 0 -7.718
4 0 -9.619 0 -7.117 -8.404 0 -6.904 -8.39 0 -7.418 -9.465 0 -7.452
4 0 -8.404 0 -6.904 -7.319 0 -6.717 -7.265 0 -7.492 -8.39 0 -7.418
4 0 -7.319 0 -6.717 -6.894 0 -6.664 -6.88 0 -7.028 -7.265 0 -7.492
4 0 -6.894 0 -6.664 -6.269 0 -6.577 -6.265 0 -7.012 -6.88 0 -7.028
4 0 -6.269 0 -6.577 -5.904 0 -6.524 -5.87 0 -6.928 -6.265 0 -7.012
4 0 -5.904 0 -6.524 -5.419 0 -6.467 -5.365 0 -6.802 -5.87 0 -6.928
4 0 -5.419 0 -6.467 -4.944 0 -6.434 -4.94 0 -6.808 -5.365 0 -6.802
4 0 -4.944 0 -6.434 -4.329 0 -6.377 -4.315 0 -6.782 -4.94 0 -6.808
4 0 -4.329 0 -6.377 -3.064 0 -6.294 -3.04 0 -6.698 -4.315 0 -6.782
4 0 -3.064 0 -6.294 -2.419 0 -5.457 -2.465 0 -6.272 -3.04 0 -6.698
4 0 -2.465 0 -6.272 -2.419 0 -5.457 -2.034 0 -5.004 -1.67 0 -5.328
4 0 -3.47 0 -5.018 -2.034 0 -5.004 -2.419 0 -5.457 -3.455 0 -5.412
4 0 -4.739 0 -5.477 -4.724 0 -5.054 -3.47 0 -5.018 -3.455 0 -5.412
4 0 -5.655 0 -5.128 -4.724 0 -5.054 -4.739 0 -5.477 -5.655 0 -5.542
4 0 -6.709 0 -5.667 -6.709 0 -5.254 -5.655 0 -5.128 -5.655 0 -5.542
4 0 -7.575 0 -5.792 -7.49 0 -5.368 -6.709 0 -5.254 -6.709 0 -5.667
4 0 -8.479 0 -5.997 -7.914 0 -5.434 -7.49 0 -5.368 -7.575 0 -5.792
4 0 -8.479 0 -5.997 -8.105 0 -4.122 -7.58 0 -4.108 -7.914 0 -5.434
4 0 -8.105 0 -4.122 -7.939 0 -3.157 -7.394 0 -3.184 -7.58 0 -4.108
4 0 -7.939 0 -3.157 -7.785 0 -2.162 -7.26 0 -2.158 -7.394 0 -3.184
4 0 -7.785 0 -2.162 -7.669 0 -1.157 -7.184 0 -1.124 -7.26 0 -2.158
4 0 -7.669 0 -1.157 -7.585 0 -0.382 -7.17 0 -0.338 -7.184 0 -1.124
4 0 -7.585 0 -0.382 -7.549 0 0.493 -7.174 0 0.506 -7.17 0 -0.338
4 0 -7.655 0 1.908 -7.28 0 1.512 -7.174 0 0.506 -7.549 0 0.493
4 0 -7.655 0 1.908 -6.949 0 2.073 -6.904 0 1.626 -7.28 0 1.512
4 0 -6.949 0 2.073 -5.885 0 2.218 -5.88 0 1.782 -6.904 0 1.626
4 0 -5.885 0 2.218 -4.799 0 2.273 -4.784 0 1.866 -5.88 0 1.782
4 0 -4.799 0 2.273 -3.735 0 2.278 -3.76 0 1.882 -4.784 0 1.866
4 0 -3.76 0 1.882 -3.735 0 2.278 -2.679 0 2.293 -2.704 0 1.886
4 0 -2.704 0 1.886 -2.679 0 2.293 -1.675 0 2.238 -1.75 0 1.822
4 0 -1.75 0 1.822 -1.675 0 2.238 -0.559 0 2.103 -0.624 0 1.676
4 0 -0.624 0 1.676 -0.559 0 2.103 0.235 0 1.958 0.13 0 1.552
4 0 0.13 0 1.552 0.235 0 1.958 1.201 0 1.703 1.256 0 1.256
4 16 -17.75 0 -18.38 -16.49 0 -17.06 16.74 0 -17.06 17.92 0 -18.38
4 0 16.74 0 -17.06 16.97 0 -16.7 18.27 0 -17.88 17.92 0 -18.38
4 0 -18.12 0 -17.94 -16.77 0 -16.8 -16.49 0 -17.06 -17.75 0 -18.38
3 0 -18.12 0 -17.94 -17.75 0 -18.38 -18.733 0 -18.977
4 0 -16.232 0 -16.442 -16.49 0 -17.06 -16.77 0 -16.8 -16.232 0 -16.22
3 0 18.9 0 -18.977 17.92 0 -18.38 18.27 0 -17.88
4 0 16.97 0 -16.7 16.74 0 -17.06 16.33 0 -16.442 16.33 0 -13.26
4 0 -18.733 0 -18.977 -17.75 0 -18.38 17.92 0 -18.38 18.9 0 -18.977
4 16 -20 0 -20 -18.733 0 -18.977 18.9 0 -18.977 20 0 -20
4 16 18.9 0 -18.977 18.9 0 18.41 20 0 20 20 0 -20
4 16 -20 0 20 20 0 20 18.9 0 18.41 -18.733 0 18.41
4 0 6.83 0 -15 7.35 0 -14.7 7.35 0 -15.1 6.83 0 -15.26
4 0 7.35 0 -14.7 7.83 0 -14.4 7.83 0 -14.9 7.35 0 -15.1
4 0 7.83 0 -14.9 7.83 0 -14.4 8.34 0 -13.99 8.34 0 -14.68
4 0 8.34 0 -13.99 8.91 0 -13.99 9.07 0 -14.68 8.34 0 -14.68
4 0 8.34 0 -13.99 8.48 0 -13.9 8.79 0 -13.9 8.91 0 -13.99
4 0 6.46 0 -15.3 6.46 0 -15.18 6.83 0 -15 6.83 0 -15.26
4 0 8.34 0 -14.68 9.07 0 -14.68 9.17 0 -14.82 8.66 0 -15.18
4 0 8.66 0 -15.18 9.17 0 -14.82 9.38 0 -14.92 9.13 0 -15.55
4 0 9.13 0 -15.55 9.38 0 -14.92 9.68 0 -14.92 9.68 0 -15.63
4 0 9.68 0 -14.92 10.19 0 -14.86 10.19 0 -15.57 9.68 0 -15.63
4 0 10.19 0 -15.57 10.19 0 -14.86 10.78 0 -14.66 10.78 0 -15.37
4 0 10.78 0 -14.66 11.29 0 -14.38 11.29 0 -15.09 10.78 0 -15.37
4 0 11.29 0 -15.09 11.29 0 -14.38 12 0 -13.94 12 0 -14.65
4 0 12 0 -13.94 12.61 0 -13.58 12.56 0 -14.46 12 0 -14.65
4 0 12.56 0 -14.46 12.61 0 -13.58 12.94 0 -13.49 13.3 0 -13.86
4 0 12.56 0 -14.46 13.3 0 -13.86 13.25 0 -14.38 12.68 0 -14.67
4 0 12.68 0 -14.67 13.25 0 -14.38 13.25 0 -14.66 12.87 0 -15.05
4 0 12.87 0 -15.05 13.25 0 -14.66 13.38 0 -14.8 13.17 0 -15.26
4 0 13.17 0 -15.26 13.38 0 -14.8 13.7 0 -14.81 13.7 0 -15.33
4 0 13.7 0 -15.33 13.7 0 -14.81 14.22 0 -14.79 14.22 0 -15.23
4 0 14.22 0 -14.79 14.78 0 -14.79 14.78 0 -15.11 14.22 0 -15.23
4 0 14.78 0 -15.11 14.78 0 -14.79 15.24 0 -14.83 15.24 0 -14.99
3 0 15.24 0 -14.83 15.461 0 -14.87 15.24 0 -14.99
4 379 8.91 0 -13.99 9.11 0 -13.62 10.78 0 -14.66 10.19 0 -14.86
4 379 8.91 0 -13.99 10.19 0 -14.86 9.68 0 -14.92 9.07 0 -14.68
4 379 9.07 0 -14.68 9.68 0 -14.92 9.38 0 -14.92 9.17 0 -14.82
4 379 9.11 0 -13.62 10.26 0 -12.64 11.29 0 -14.38 10.78 0 -14.66
4 379 10.26 0 -12.64 11.92 0 -12.82 12 0 -13.94 11.29 0 -14.38
4 379 11.92 0 -12.82 12.94 0 -12.5 12.61 0 -13.58 12 0 -13.94
4 379 13.25 0 -14.38 13.3 0 -13.86 15.861 0 -13.82 13.7 0 -14.81
4 379 13.25 0 -14.66 13.25 0 -14.38 13.7 0 -14.81 13.38 0 -14.8
3 379 14.22 0 -14.79 13.7 0 -14.81 15.861 0 -13.82
3 379 14.78 0 -14.79 14.22 0 -14.79 15.861 0 -13.82
3 379 15.24 0 -14.83 14.78 0 -14.79 15.861 0 -13.82
3 379 15.461 0 -14.87 15.24 0 -14.83 15.861 0 -13.82
4 379 11.29 0 -15.09 12 0 -14.65 12.56 0 -14.46 12.68 0 -14.67
4 379 14.42 0 -15.97 14.78 0 -15.11 15.24 0 -14.99 15.861 0 -16.19
3 379 15.861 0 -16.19 15.24 0 -14.99 15.461 0 -14.87
4 16 -7.28 0 1.512 -6.904 0 1.626 -6.798 0 0.621 -7.174 0 0.506
4 16 -7.174 0 0.506 -6.798 0 0.621 -6.794 0 -0.224 -7.17 0 -0.338
4 16 -7.184 0 -1.124 -7.17 0 -0.338 -6.794 0 -0.224 -6.808 0 -1.009
4 16 -7.26 0 -2.158 -7.184 0 -1.124 -6.808 0 -1.009 -6.884 0 -2.044
4 16 -7.394 0 -3.184 -7.26 0 -2.158 -6.884 0 -2.044 -7.018 0 -3.069
4 16 -7.58 0 -4.108 -7.394 0 -3.184 -7.018 0 -3.069 -7.204 0 -3.994
4 16 -7.914 0 -5.434 -7.58 0 -4.108 -7.204 0 -3.994 -7.49 0 -5.368
4 15 -4.329 0 -6.377 -3.455 0 -5.412 -2.419 0 -5.457 -3.064 0 -6.294
4 15 -4.944 0 -6.434 -4.739 0 -5.477 -3.455 0 -5.412 -4.329 0 -6.377
4 15 -5.655 0 -5.542 -4.739 0 -5.477 -4.944 0 -6.434 -5.419 0 -6.467
3 15 -5.655 0 -5.542 -5.419 0 -6.467 -5.904 0 -6.524
4 15 -6.709 0 -5.667 -5.655 0 -5.542 -5.904 0 -6.524 -6.269 0 -6.577
4 15 -7.575 0 -5.792 -6.709 0 -5.667 -6.269 0 -6.577 -6.894 0 -6.664
3 15 -6.894 0 -6.664 -7.319 0 -6.717 -7.575 0 -5.792
4 15 -8.479 0 -5.997 -7.575 0 -5.792 -7.319 0 -6.717 -8.404 0 -6.904
4 15 -11.624 0 -7.504 -11.528 0 -6.783 -11.444 0 -6.184 -9.619 0 -7.117
4 15 -11.444 0 -6.184 -8.479 0 -5.997 -8.404 0 -6.904 -9.619 0 -7.117
4 15 -11.444 0 -6.184 -11.088 0 -3.543 -8.105 0 -4.122 -8.479 0 -5.997
3 15 -7.939 0 -3.157 -8.105 0 -4.122 -11.088 0 -3.543
4 15 -11.088 0 -3.543 -10.884 0 -1.744 -7.785 0 -2.162 -7.939 0 -3.157
4 15 -10.884 0 -1.744 -10.768 0 0.037 -7.669 0 -1.157 -7.785 0 -2.162
4 15 -10.768 0 0.037 -7.549 0 0.493 -7.585 0 -0.382 -7.669 0 -1.157
4 15 -10.768 0 0.037 -10.744 0 1.216 -7.655 0 1.908 -7.549 0 0.493
3 15 -10.728 0 2.477 -7.655 0 1.908 -10.744 0 1.216
3 15 -7.655 0 1.908 -10.728 0 2.477 -10.784 0 3.696
4 15 -10.81 0 5.04 -9.64 0 5.22 -7.655 0 1.908 -10.784 0 3.696
4 15 -9.64 0 5.22 -7.82 0 5.47 -6.949 0 2.073 -7.655 0 1.908
4 15 -7.82 0 5.47 -6.66 0 5.5 -5.885 0 2.218 -6.949 0 2.073
4 15 -6.66 0 5.5 -5.22 0 5.53 -4.799 0 2.273 -5.885 0 2.218
4 15 -5.22 0 5.53 -3.98 0 5.44 -3.735 0 2.278 -4.799 0 2.273
3 15 -7.204 0 -3.994 -6.709 0 -5.254 -7.49 0 -5.368
4 15 -7.204 0 -3.994 -7.018 0 -3.069 -5.655 0 -5.128 -6.709 0 -5.254
3 15 -5.88 0 1.782 -6.798 0 0.621 -6.904 0 1.626
4 15 -6.798 0 0.621 -5.88 0 1.782 -4.784 0 1.866 -6.794 0 -0.224
4 15 -6.808 0 -1.009 -6.794 0 -0.224 -4.784 0 1.866 -3.76 0 1.882
4 15 -7.018 0 -3.069 -6.884 0 -2.044 -4.724 0 -5.054 -5.655 0 -5.128
4 379 2.5 0 -10.82 3.15 0 -9.84 3.47 0 -9.8 3.52 0 -10.74
4 379 3.52 0 -10.74 3.47 0 -9.8 3.99 0 -9.64 4.05 0 -10.55
4 379 4.05 0 -10.55 3.99 0 -9.64 4.47 0 -9.44 4.47 0 -10.36
4 379 4.47 0 -10.36 4.47 0 -9.44 4.98 0 -9.22 4.98 0 -10.36
4 379 4.98 0 -10.36 4.98 0 -9.22 5.3 0 -9.72 5.3 0 -10.36
4 379 5.3 0 -10.36 5.3 0 -9.72 5.77 0 -10.09 5.77 0 -10.36
4 379 5.77 0 -10.36 5.77 0 -10.09 6.32 0 -10.17 6.32 0 -10.36
3 379 12.681 0 -10.48 11.88 0 -9.53 12.101 0 -9.41
4 379 8.74 0 -10.58 9.51 0 -9.59 9.81 0 -9.8 10.67 0 -10.8
4 379 7.93 0 -9.63 9.32 0 -9.21 9.51 0 -9.59 8.74 0 -10.58
4 379 7.93 0 -9.63 8.64 0 -9.19 9.2 0 -9 9.32 0 -9.21
4 379 7.42 0 -9.91 7.93 0 -9.63 8.74 0 -10.58 7.42 0 -10.36
4 379 6.83 0 -10.36 6.83 0 -10.11 7.42 0 -9.91 7.42 0 -10.36
4 379 6.32 0 -10.36 6.32 0 -10.17 6.83 0 -10.11 6.83 0 -10.36
3 379 12.101 0 -9.41 11.88 0 -9.37 12.101 0 -7.8
3 379 11.88 0 -9.37 11.42 0 -9.33 12.101 0 -7.8
3 379 11.42 0 -9.33 10.86 0 -9.33 12.101 0 -7.8
3 379 10.86 0 -9.33 10.34 0 -9.35 12.101 0 -7.8
4 379 9.89 0 -9.2 9.89 0 -8.92 10.34 0 -9.35 10.02 0 -9.34
4 379 9.89 0 -8.92 9.94 0 -8.4 12.101 0 -7.8 10.34 0 -9.35
4 379 10.22 0 -7.32 12.101 0 -7.8 9.94 0 -8.4 9.58 0 -8.03
4 379 9.25 0 -8.12 8.73 0 -7.48 10.22 0 -7.32 9.58 0 -8.03
4 379 5.71 0 -9.22 6.32 0 -9.46 6.02 0 -9.46 5.81 0 -9.36
4 379 5.55 0 -8.53 6.83 0 -9.4 6.32 0 -9.46 5.71 0 -9.22
3 0 11.88 0 -9.37 12.101 0 -9.41 11.88 0 -9.53
4 0 11.42 0 -9.33 11.88 0 -9.37 11.88 0 -9.53 11.42 0 -9.65
4 0 10.86 0 -9.77 10.86 0 -9.33 11.42 0 -9.33 11.42 0 -9.65
4 0 10.34 0 -9.35 10.86 0 -9.33 10.86 0 -9.77 10.34 0 -9.87
4 0 9.81 0 -9.8 10.02 0 -9.34 10.34 0 -9.35 10.34 0 -9.87
4 0 9.51 0 -9.59 9.89 0 -9.2 10.02 0 -9.34 9.81 0 -9.8
4 0 9.32 0 -9.21 9.89 0 -8.92 9.89 0 -9.2 9.51 0 -9.59
4 0 9.2 0 -9 9.94 0 -8.4 9.89 0 -8.92 9.32 0 -9.21
4 0 9.2 0 -9 9.25 0 -8.12 9.58 0 -8.03 9.94 0 -8.4
4 0 8.64 0 -9.19 8.64 0 -8.48 9.25 0 -8.12 9.2 0 -9
4 0 7.93 0 -8.92 8.64 0 -8.48 8.64 0 -9.19 7.93 0 -9.63
4 0 7.42 0 -9.91 7.42 0 -9.2 7.93 0 -8.92 7.93 0 -9.63
4 0 6.83 0 -9.4 7.42 0 -9.2 7.42 0 -9.91 6.83 0 -10.11
4 0 6.32 0 -10.17 6.32 0 -9.46 6.83 0 -9.4 6.83 0 -10.11
4 0 5.77 0 -10.09 6.02 0 -9.46 6.32 0 -9.46 6.32 0 -10.17
4 0 5.3 0 -9.72 5.81 0 -9.36 6.02 0 -9.46 5.77 0 -10.09
4 0 4.98 0 -9.22 5.71 0 -9.22 5.81 0 -9.36 5.3 0 -9.72
4 0 3.16 0 -9.69 3.47 0 -9.54 3.47 0 -9.8 3.15 0 -9.84
4 0 4.98 0 -8.53 5.12 0 -8.44 5.43 0 -8.44 5.55 0 -8.53
4 0 4.98 0 -9.22 4.98 0 -8.53 5.55 0 -8.53 5.71 0 -9.22
4 0 4.47 0 -8.94 4.98 0 -8.53 4.98 0 -9.22 4.47 0 -9.44
4 0 3.99 0 -9.64 3.99 0 -9.24 4.47 0 -8.94 4.47 0 -9.44
4 0 3.47 0 -9.8 3.47 0 -9.54 3.99 0 -9.24 3.99 0 -9.64
4 0 -16.232 0 -15.32 -15.67 0 -15.26 -15.67 0 -15.97 -16.232 0 -16.03
4 0 -15.67 0 -15.97 -15.67 0 -15.26 -15.08 0 -15.06 -15.08 0 -15.77
4 0 -15.08 0 -15.06 -14.57 0 -14.78 -14.57 0 -15.49 -15.08 0 -15.77
4 0 -14.57 0 -15.49 -14.57 0 -14.78 -13.86 0 -14.34 -13.86 0 -15.05
4 0 -13.86 0 -14.34 -13.25 0 -13.98 -13.3 0 -14.86 -13.86 0 -15.05
4 0 -13.3 0 -14.86 -13.25 0 -13.98 -12.92 0 -13.89 -12.56 0 -14.26
4 0 -13.3 0 -14.86 -12.56 0 -14.26 -12.61 0 -14.78 -13.18 0 -15.07
4 0 -13.18 0 -15.07 -12.61 0 -14.78 -12.61 0 -15.06 -12.99 0 -15.45
4 0 -12.99 0 -15.45 -12.61 0 -15.06 -12.48 0 -15.2 -12.69 0 -15.66
4 0 -12.69 0 -15.66 -12.48 0 -15.2 -12.16 0 -15.21 -12.16 0 -15.73
4 0 -12.16 0 -15.73 -12.16 0 -15.21 -11.64 0 -15.19 -11.64 0 -15.63
4 0 -11.64 0 -15.19 -11.08 0 -15.19 -11.08 0 -15.51 -11.64 0 -15.63
4 0 -11.08 0 -15.51 -11.08 0 -15.19 -10.62 0 -15.23 -10.62 0 -15.39
3 0 -10.62 0 -15.23 -10.399 0 -15.27 -10.62 0 -15.39
4 379 -12.92 0 -13.89 -13.12 0 -13.14 -10.029 0 -14.39 -12.56 0 -14.26
4 379 -12.61 0 -14.78 -12.56 0 -14.26 -10.029 0 -14.39 -12.16 0 -15.21
4 379 -12.61 0 -15.06 -12.61 0 -14.78 -12.16 0 -15.21 -12.48 0 -15.2
3 379 -11.64 0 -15.19 -12.16 0 -15.21 -10.029 0 -14.39
3 379 -11.08 0 -15.19 -11.64 0 -15.19 -10.029 0 -14.39
3 379 -10.62 0 -15.23 -11.08 0 -15.19 -10.029 0 -14.39
3 379 -10.399 0 -15.27 -10.62 0 -15.23 -10.029 0 -14.39
4 379 -14.57 0 -15.49 -13.86 0 -15.05 -13.3 0 -14.86 -13.18 0 -15.07
4 379 -10.749 0 -16.21 -10.62 0 -15.39 -10.399 0 -15.27 -9.799 0 -16.442
4 0 -3.98 0 5.44 -1.82 0 5.78 -0.67 0 5.52 -1.68 0 5.15
4 0 -1.68 0 5.15 -0.67 0 5.52 0.9 0 5.2 0.38 0 4.74
4 0 0.38 0 4.74 0.9 0 5.2 1.29 0 4.01 0.66 0 3.86
4 0 0.66 0 3.86 1.29 0 4.01 1.59 0 2.65 1.01 0 2.57
4 0 1.01 0 2.57 1.59 0 2.65 1.831 0 1.603 1.201 0 1.703
4 0 1.201 0 1.703 1.831 0 1.603 2.047 0 0.959 1.256 0 1.256
3 0 1.831 0 1.603 2.532 0 1.424 2.047 0 0.959
4 0 2.047 0 0.959 2.532 0 1.424 2.907 0 0.329 2.442 0 -0.346
3 0 2.442 0 -0.346 2.907 0 0.329 3.12 0 -0.176
4 0 -2.034 0 -5.004 2.442 0 -0.346 3.12 0 -0.176 -1.67 0 -5.328
4 15 -3.98 0 5.44 -1.68 0 5.15 -2.679 0 2.293 -3.735 0 2.278
4 15 -2.679 0 2.293 -1.68 0 5.15 0.38 0 4.74 -1.675 0 2.238
4 15 -1.675 0 2.238 0.38 0 4.74 0.66 0 3.86 -0.559 0 2.103
4 15 -0.559 0 2.103 0.66 0 3.86 1.01 0 2.57 0.235 0 1.958
3 15 1.01 0 2.57 1.201 0 1.703 0.235 0 1.958
4 15 -6.884 0 -2.044 -6.808 0 -1.009 -3.76 0 1.882 -4.724 0 -5.054
4 15 -4.724 0 -5.054 -3.76 0 1.882 -2.704 0 1.886 -3.47 0 -5.018
4 15 -3.47 0 -5.018 -2.704 0 1.886 -1.75 0 1.822 -2.034 0 -5.004
4 15 -2.034 0 -5.004 -1.75 0 1.822 -0.624 0 1.676 2.442 0 -0.346
4 15 -0.624 0 1.676 0.13 0 1.552 1.256 0 1.256 2.442 0 -0.346
3 15 2.047 0 0.959 2.442 0 -0.346 1.256 0 1.256
4 272 -16.232 0 -1.751 -11.766 0 -1.751 -11.97 0 -3.53 -16.232 0 -3.53
4 272 -16.232 0 0.01 -11.63 0 0.01 -11.766 0 -1.751 -16.232 0 -1.751
4 272 -16.232 0 1.209 -11.606 0 1.209 -11.63 0 0.01 -16.232 0 0.01
4 272 -16.232 0 1.209 -16.232 0 2.47 -11.63 0 2.47 -11.606 0 1.209
4 272 -16.232 0 2.47 -16.232 0 3.669 -11.686 0 3.669 -11.63 0 2.47
4 272 -16.232 0 3.669 -16.232 0 5.33 -11.79 0 5.33 -11.686 0 3.669
4 272 -16.232 0 5.33 -10.08 0 6.98 -10.32 0 5.73 -11.79 0 5.33
4 272 -16.232 0 5.33 -10.04 0 8.64 -10.04 0 7.87 -10.08 0 6.98
4 272 -16.232 0 5.33 -16.232 0 10.01 -10.28 0 10.01 -10.04 0 8.64
4 272 -9.93 0 11.9 -6.69 0 11.52 -6.66 0 10.26 -7.68 0 10.25
3 272 -7.68 0 10.25 -9.08 0 10.18 -9.93 0 11.9
3 272 -9.93 0 11.9 -9.08 0 10.18 -10.28 0 10.01
4 272 -16.232 0 10.01 -16.232 0 15.843 -9.93 0 11.9 -10.28 0 10.01
3 272 -10.35 0 14.21 -9.93 0 11.9 -16.232 0 15.843
4 272 -16.232 0 15.843 -6.54 0 14.76 -6.55 0 14.58 -10.35 0 14.21
4 272 -16.232 0 15.843 -5.84 0 15.843 -5.84 0 14.81 -6.54 0 14.76
4 272 -5.84 0 14.81 -5.84 0 15.843 5.72 0 12.86 -5.83 0 14.65
4 272 -5.83 0 14.65 5.72 0 12.86 -5.62 0 12.09 -5.78 0 13.81
4 272 -5.65 0 11.33 -5.62 0 12.09 -4.12 0 10 -5.52 0 10.25
4 272 -5.62 0 12.09 5.72 0 12.86 -3.08 0 9.79 -4.12 0 10
3 272 5.72 0 12.86 -2.38 0 9.62 -3.08 0 9.79
3 272 -0.67 0 5.52 -1.82 0 5.78 -1.84 0 6.71
4 272 -1.94 0 7.72 0.9 0 5.2 -0.67 0 5.52 -1.84 0 6.71
4 272 -2.04 0 8.73 5.72 0 7.7 0.9 0 5.2 -1.94 0 7.72
4 0 15.11 0 -1.27 16.33 0 -1.37 16.33 0 -5.23 15.28 0 -5.28
4 0 15.13 0 -6.17 15.28 0 -5.28 16.33 0 -5.23 16.33 0 -6.3
3 0 14.354 0 -5.875 15.28 0 -5.28 15.13 0 -6.17
4 0 13.65 0 -4.95 14.28 0 -0.74 15.11 0 -1.27 15.28 0 -5.28
4 0 12.3 0 -4.9 13.25 0 -1.09 14.28 0 -0.74 13.65 0 -4.95
4 0 11.45 0 -4.93 11.88 0 -1.98 13.25 0 -1.09 12.3 0 -4.9
4 0 10.46 0 -4.9 10.69 0 -2.73 11.88 0 -1.98 11.45 0 -4.93
4 0 9.11 0 -4.89 9.14 0 -3.48 10.69 0 -2.73 10.46 0 -4.9
4 0 7.94 0 -4.94 7.99 0 -3.89 9.14 0 -3.48 9.11 0 -4.89
4 0 6.59 0 -4.93 7.22 0 -4.34 7.99 0 -3.89 7.94 0 -4.94
4 272 16.33 0 -1.37 15.11 0 -1.27 14.28 0 -0.74 10.88 0 7.7
4 272 0.9 0 5.2 5.72 0 7.7 13.25 0 -1.09 1.29 0 4.01
4 272 1.29 0 4.01 2.532 0 1.424 1.831 0 1.603 1.59 0 2.65
4 0 2.907 0 0.329 3.962 0 0.427 3.655 0 -0.138 3.12 0 -0.176
4 0 3.655 0 -0.138 3.962 0 0.427 4.767 0 0.609 4.14 0 -0.446
4 0 2.548 0 -1.713 3.655 0 -0.138 4.14 0 -0.446 3.203 0 -1.85
4 0 2.548 0 -1.713 3.203 0 -1.85 2.71 0 -2.246 2.575 0 -2.248
4 0 2.71 0 -2.246 3.203 0 -1.85 3.387 0 -2.818 2.795 0 -2.823
4 0 2.795 0 -2.823 3.387 0 -2.818 3.443 0 -3.48 2.83 0 -3.48
4 0 0.023 0 -5.13 2.548 0 -1.713 2.575 0 -2.248 0.33 0 -5.226
4 272 1.29 0 4.01 13.25 0 -1.09 4.767 0 0.609 2.532 0 1.424
4 272 2.532 0 1.424 4.767 0 0.609 3.962 0 0.427 2.907 0 0.329
4 272 4.14 0 -0.446 4.767 0 0.609 13.25 0 -1.09 11.88 0 -1.98
4 272 3.203 0 -1.85 4.14 0 -0.446 11.88 0 -1.98 10.69 0 -2.73
4 272 3.387 0 -2.818 10.69 0 -2.73 9.14 0 -3.48 3.443 0 -3.48
3 272 10.69 0 -2.73 3.387 0 -2.818 3.203 0 -1.85
4 0 2.83 0 -3.48 3.443 0 -3.48 3.463 0 -4.227 2.85 0 -4.207
4 0 2.77 0 -5.54 2.85 0 -4.207 3.463 0 -4.227 3.313 0 -5.59
4 0 1.92 0 -6.207 2.77 0 -5.54 3.313 0 -5.59 3.183 0 -6.427
4 0 1.413 0 -5.797 1.553 0 -5.36 2.77 0 -5.54 1.92 0 -6.207
4 0 -0.243 0 -5.473 0.023 0 -5.13 0.33 0 -5.226 0.11 0 -5.548
4 0 0.29 0 -5.567 0.61 0 -5.25 1.553 0 -5.36 1.413 0 -5.797
4 0 0.11 0 -5.548 0.33 0 -5.226 0.61 0 -5.25 0.29 0 -5.567
4 16 0.33 0 -5.226 2.575 0 -2.248 2.71 0 -2.246 0.61 0 -5.25
4 15 0.61 0 -5.25 2.71 0 -2.246 2.795 0 -2.823 1.553 0 -5.36
4 15 1.553 0 -5.36 2.795 0 -2.823 2.83 0 -3.48 2.85 0 -4.207
3 15 2.85 0 -4.207 2.77 0 -5.54 1.553 0 -5.36
4 0 1.313 0 -6.66 1.413 0 -5.797 1.92 0 -6.207 1.76 0 -7.43
3 0 1.219 0 -7.352 1.313 0 -6.66 1.76 0 -7.43
4 0 -0.38 0 -6.387 1.313 0 -6.66 1.219 0 -7.352 0.757 0 -7.719
4 0 0.7 0 -8.577 0.757 0 -7.719 1.219 0 -7.352 1.243 0 -8.19
4 0 0.657 0 -8.989 0.7 0 -8.577 1.243 0 -8.19 1.259 0 -8.992
4 0 0.6 0 -9.617 0.657 0 -8.989 1.259 0 -8.992 1.183 0 -9.62
4 0 0.497 0 -10.299 0.6 0 -9.617 1.183 0 -9.62 1.079 0 -10.282
4 0 0.34 0 -11.067 0.497 0 -10.299 1.079 0 -10.282 0.903 0 -11.14
4 0 0.097 0 -12.059 0.34 0 -11.067 0.903 0 -11.14 0.609 0 -12.142
4 0 -0.19 0 -12.917 0.097 0 -12.059 0.609 0 -12.142 1.323 0 -12.28
4 0 -0.19 0 -12.917 1.323 0 -12.28 0.799 0 -13.322 0.537 0 -13.679
4 0 0.537 0 -13.679 0.799 0 -13.322 1.093 0 -13.77 0.89 0 -14.017
4 0 0.89 0 -14.017 1.093 0 -13.77 1.529 0 -14.122 1.377 0 -14.309
4 0 1.377 0 -14.309 1.529 0 -14.122 1.823 0 -14.26 1.74 0 -14.417
3 0 1.74 0 -14.417 1.823 0 -14.26 2.147 0 -14.43
4 0 -0.732 0 -13.834 -0.19 0 -12.917 0.537 0 -13.679 -0.025 0 -14.376
4 0 -1.12 0 -14.337 -0.732 0 -13.834 -0.025 0 -14.376 -0.613 0 -14.819
4 0 -1.652 0 -14.604 -1.12 0 -14.337 -0.613 0 -14.819 -1.365 0 -15.226
4 0 -2.08 0 -14.637 -1.652 0 -14.604 -1.365 0 -15.226 -2.043 0 -15.409
4 0 -2.635 0 -15.266 -2.522 0 -14.644 -2.08 0 -14.637 -2.043 0 -15.409
4 0 -3.103 0 -14.889 -2.79 0 -14.357 -2.522 0 -14.644 -2.635 0 -15.266
4 0 -3.585 0 -14.276 -3.232 0 -14.074 -2.79 0 -14.357 -3.103 0 -14.889
4 0 -3.912 0 -14.604 -3.585 0 -14.276 -3.103 0 -14.889 -3.63 0 -15.177
4 0 -4.255 0 -14.696 -3.912 0 -14.604 -3.63 0 -15.177 -4.133 0 -15.369
4 0 -4.81 0 -15.297 -4.642 0 -14.574 -4.255 0 -14.696 -4.133 0 -15.369
4 0 -5.303 0 -15.049 -5.065 0 -14.366 -4.642 0 -14.574 -4.81 0 -15.297
4 0 -5.77 0 -14.617 -5.412 0 -14.034 -5.065 0 -14.366 -5.303 0 -15.049
4 0 -6.253 0 -14.009 -5.765 0 -13.436 -5.412 0 -14.034 -5.77 0 -14.617
4 0 -6.8 0 -12.837 -6.122 0 -12.804 -5.765 0 -13.436 -6.253 0 -14.009
4 0 -6.897 0 -13.68 -6.8 0 -12.837 -6.253 0 -14.009 -6.461 0 -14.352
4 0 -7.11 0 -13.657 -6.897 0 -13.68 -6.461 0 -14.352 -6.783 0 -14.639
4 0 -7.547 0 -13.71 -7.11 0 -13.657 -6.783 0 -14.639 -7.131 0 -14.752
4 0 -7.76 0 -13.667 -7.547 0 -13.71 -7.131 0 -14.752 -7.733 0 -14.599
4 0 -8.301 0 -14.132 -7.977 0 -13.54 -7.76 0 -13.667 -7.733 0 -14.599
4 0 -8.813 0 -13.599 -8.45 0 -13.117 -7.977 0 -13.54 -8.301 0 -14.132
4 0 -9.371 0 -12.982 -8.947 0 -12.56 -8.45 0 -13.117 -8.813 0 -13.599
4 0 -10.103 0 -12.129 -9.66 0 -11.757 -8.947 0 -12.56 -9.371 0 -12.982
4 0 -10.103 0 -12.129 -10.101 0 -11.492 -9.867 0 -11.51 -9.66 0 -11.757
4 0 -10.526 0 -11.711 -10.324 0 -11.535 -10.101 0 -11.492 -10.103 0 -12.129
4 0 -10.969 0 -12.288 -10.526 0 -11.711 -10.103 0 -12.129 -10.505 0 -12.326
4 0 -11.305 0 -12.146 -11.083 0 -11.739 -10.526 0 -11.711 -10.969 0 -12.288
4 0 -11.709 0 -11.828 -11.396 0 -11.531 -11.083 0 -11.739 -11.305 0 -12.146
4 0 -11.985 0 -11.526 -11.693 0 -11.279 -11.396 0 -11.531 -11.709 0 -11.828
4 0 -12.249 0 -11.138 -12.036 0 -10.801 -11.693 0 -11.279 -11.985 0 -11.526
4 0 -12.625 0 -11.096 -12.273 0 -10.789 -12.036 0 -10.801 -12.249 0 -11.138
4 0 -13.063 0 -11.329 -12.625 0 -11.096 -12.249 0 -11.138 -12.926 0 -11.461
4 0 -13.595 0 -11.536 -13.063 0 -11.329 -12.926 0 -11.461 -13.579 0 -11.658
4 0 -13.266 0 -10.831 -12.869 0 -10.698 -12.625 0 -11.096 -13.063 0 -11.329
4 0 -13.543 0 -10.189 -13.025 0 -10.036 -12.869 0 -10.698 -13.266 0 -10.831
4 0 -13.576 0 -7.371 -12.99 0 -7.31 -12.709 0 -8.186 -13.225 0 -8.077
3 0 -13.649 0 -7.999 -13.576 0 -7.371 -13.225 0 -8.077
4 0 -13.576 0 -7.371 -13.527 0 -6.505 -13.051 0 -6.944 -12.99 0 -7.31
4 0 -13.527 0 -6.505 -12.286 0 -6.131 -12.29 0 -6.79 -13.051 0 -6.944
4 0 -13.225 0 -8.077 -12.709 0 -8.186 -12.74 0 -8.56 -13.206 0 -8.401
4 0 -13.206 0 -8.401 -12.74 0 -8.56 -12.659 0 -9.026 -13.155 0 -8.967
4 0 -13.703 0 -8.382 -13.206 0 -8.401 -13.155 0 -8.967 -13.681 0 -9.029
4 0 -13.681 0 -9.029 -13.155 0 -8.967 -13.136 0 -9.521 -13.653 0 -9.582
4 0 -13.653 0 -9.582 -13.136 0 -9.521 -13.025 0 -10.036 -13.543 0 -10.189
4 379 -16.232 0 -3.53 -11.97 0 -3.53 -12.286 0 -6.131 -13.527 0 -6.505
4 379 -16.232 0 -3.53 -13.527 0 -6.505 -13.576 0 -7.371 -16.232 0 -7.371
4 379 -13.703 0 -8.382 -13.649 0 -7.999 -13.225 0 -8.077 -13.206 0 -8.401
4 379 -16.232 0 -10.831 -13.266 0 -10.831 -13.063 0 -11.329 -13.595 0 -11.536
4 379 -16.232 0 -10.831 -13.595 0 -11.536 -13.579 0 -11.658 -16.232 0 -13.66
4 379 -16.232 0 -13.66 -13.579 0 -11.658 -12.926 0 -11.461 -13.12 0 -13.14
4 379 -12.926 0 -11.461 -12.249 0 -11.138 -11.985 0 -11.526 -13.12 0 -13.14
3 379 -13.12 0 -13.14 -11.985 0 -11.526 -11.709 0 -11.828
3 379 -13.12 0 -13.14 -11.709 0 -11.828 -11.305 0 -12.146
4 379 -13.12 0 -13.14 -11.305 0 -12.146 -10.969 0 -12.288 -10.029 0 -14.39
3 379 -10.969 0 -12.288 -10.505 0 -12.326 -10.029 0 -14.39
4 379 -10.505 0 -12.326 -10.103 0 -12.129 -9.371 0 -12.982 -10.029 0 -14.39
4 379 -10.029 0 -14.39 -9.371 0 -12.982 -8.813 0 -13.599 -9.799 0 -16.442
4 379 -9.799 0 -16.442 -8.813 0 -13.599 -8.301 0 -14.132 -6.341 0 -16.442
3 379 -6.461 0 -14.352 -6.253 0 -14.009 -5.77 0 -14.617
4 379 -6.783 0 -14.639 -6.461 0 -14.352 -5.77 0 -14.617 -5.303 0 -15.049
4 379 -7.131 0 -14.752 -6.783 0 -14.639 -5.303 0 -15.049 -4.81 0 -15.297
3 379 -3.63 0 -15.177 -3.103 0 -14.889 -2.635 0 -15.266
4 379 -4.133 0 -15.369 -3.63 0 -15.177 -2.635 0 -15.266 -2.043 0 -15.409
3 379 -0.025 0 -14.376 0.537 0 -13.679 0.89 0 -14.017
4 379 -0.613 0 -14.819 -0.025 0 -14.376 0.89 0 -14.017 1.377 0 -14.309
4 379 -1.365 0 -15.226 -0.613 0 -14.819 1.377 0 -14.309 1.74 0 -14.417
4 379 5.89 0 -16.23 15.861 0 -16.19 16.33 0 -16.442 5.06 0 -16.442
4 379 15.861 0 -16.19 15.861 0 -13.82 16.33 0 -13.26 16.33 0 -16.442
4 379 12.101 0 -7.8 15.13 0 -6.17 16.33 0 -6.3 16.33 0 -13.26
4 379 12.94 0 -12.5 12.681 0 -10.48 16.33 0 -13.26 15.861 0 -13.82
4 379 12.101 0 -7.8 16.33 0 -13.26 12.681 0 -10.48 12.101 0 -9.41
4 379 0.799 0 -13.322 1.323 0 -12.28 1.529 0 -14.122 1.093 0 -13.77
3 379 1.529 0 -14.122 1.323 0 -12.28 1.823 0 -14.26
4 379 1.323 0 -12.28 2.5 0 -10.82 2.147 0 -14.43 1.823 0 -14.26
4 379 2.147 0 -14.43 2.5 0 -10.82 5.85 0 -12.33 5.89 0 -16.23
4 379 0.609 0 -12.142 0.903 0 -11.14 2.5 0 -10.82 1.323 0 -12.28
4 379 0.903 0 -11.14 1.079 0 -10.282 2.84 0 -7.87 2.5 0 -10.82
3 379 2.84 0 -7.87 1.079 0 -10.282 1.183 0 -9.62
3 379 2.84 0 -7.87 1.183 0 -9.62 1.259 0 -8.992
3 379 1.243 0 -8.19 1.219 0 -7.352 1.76 0 -7.43
4 379 1.243 0 -8.19 1.76 0 -7.43 2.84 0 -7.87 1.259 0 -8.992
4 379 1.76 0 -7.43 1.92 0 -6.207 3.183 0 -6.427 2.84 0 -7.87
3 379 7.99 0 -3.89 3.443 0 -3.48 9.14 0 -3.48
4 379 3.443 0 -3.48 7.99 0 -3.89 7.22 0 -4.34 3.463 0 -4.227
4 379 3.313 0 -5.59 3.463 0 -4.227 7.22 0 -4.34 6.59 0 -4.93
3 379 6.59 0 -4.93 2.84 0 -7.87 3.183 0 -6.427
3 379 6.59 0 -4.93 3.183 0 -6.427 3.313 0 -5.59
4 379 2.84 0 -7.87 6.59 0 -4.93 7.94 0 -4.94 6.85 0 -7.41
4 379 6.85 0 -7.41 7.94 0 -4.94 9.11 0 -4.89 8.73 0 -7.48
4 379 9.11 0 -4.89 10.46 0 -4.9 10.22 0 -7.32 8.73 0 -7.48
4 379 10.22 0 -7.32 10.46 0 -4.9 11.45 0 -4.93 12.101 0 -7.8
3 379 12.101 0 -7.8 11.45 0 -4.93 12.3 0 -4.9
3 379 15.13 0 -6.17 12.101 0 -7.8 14.354 0 -5.875
3 379 14.354 0 -5.875 13.65 0 -4.95 15.28 0 -5.28
4 379 12.101 0 -7.8 12.3 0 -4.9 13.65 0 -4.95 14.354 0 -5.875
4 0 -12.74 0 -8.56 -10.946 0 -8.721 -10.975 0 -9.207 -12.659 0 -9.026
4 0 -10.975 0 -9.207 -10.946 0 -8.721 -10.61 0 -8.75 -10.609 0 -9.246
4 0 -10.948 0 -7.803 -10.57 0 -7.718 -10.61 0 -8.75 -10.946 0 -8.721
4 0 -10.61 0 -8.75 -9.406 0 -8.851 -9.425 0 -9.267 -10.609 0 -9.246
4 0 -9.425 0 -9.267 -9.406 0 -8.851 -8.91 0 -8.84 -8.819 0 -9.206
4 0 -13.136 0 -9.521 -11.042 0 -9.8 -11.121 0 -10.185 -13.025 0 -10.036
4 0 -11.121 0 -10.185 -11.042 0 -9.8 -9.646 0 -9.901 -9.705 0 -10.286
4 0 -9.705 0 -10.286 -9.646 0 -9.901 -8.582 0 -9.87 -8.581 0 -10.195
4 0 -8.582 0 -9.87 -8.096 0 -9.781 -8.005 0 -10.116 -8.581 0 -10.195
4 0 -8.581 0 -10.195 -8.005 0 -10.116 -7.796 0 -11.521 -8.262 0 -11.56
4 0 -8.262 0 -11.56 -7.796 0 -11.521 -7.495 0 -12.646 -7.931 0 -12.775
4 0 -7.931 0 -12.775 -7.495 0 -12.646 -7.11 0 -13.657 -7.547 0 -13.71
4 0 -8.91 0 -8.84 -7.276 0 -8.441 -7.795 0 -8.957 -8.819 0 -9.206
4 0 -7.795 0 -8.957 -7.276 0 -8.441 -6.83 0 -8.16 -6.849 0 -8.656
4 0 -7.276 0 -8.441 -7.265 0 -7.492 -6.88 0 -7.028 -6.83 0 -8.16
4 0 -6.849 0 -8.656 -6.83 0 -8.16 -6.266 0 -7.941 -6.125 0 -8.367
4 0 -6.266 0 -7.941 -6.265 0 -7.012 -5.87 0 -6.928 -5.731 0 -7.365
4 0 -6.266 0 -7.941 -5.731 0 -7.365 -5.39 0 -8.051 -6.125 0 -8.367
4 0 -5.731 0 -7.365 -5.287 0 -7.276 -4.886 0 -7.762 -5.39 0 -8.051
4 0 -5.365 0 -6.802 -4.94 0 -6.808 -4.912 0 -7.259 -5.287 0 -7.276
3 0 -5.287 0 -7.276 -4.912 0 -7.259 -4.886 0 -7.762
4 0 -4.912 0 -7.259 -4.429 0 -7.214 -4.453 0 -7.686 -4.886 0 -7.762
4 0 -4.429 0 -7.214 -4.315 0 -6.782 -3.04 0 -6.698 -3.984 0 -7.247
4 0 -4.453 0 -7.686 -4.429 0 -7.214 -3.984 0 -7.247 -4.099 0 -7.724
4 0 -4.461 0 -8.44 -4.453 0 -7.686 -4.099 0 -7.724 -4.127 0 -8.438
4 0 -8.096 0 -9.781 -6.982 0 -9.47 -6.931 0 -9.765 -8.005 0 -10.116
4 0 -6.982 0 -9.47 -5.906 0 -9.061 -5.805 0 -9.356 -6.931 0 -9.765
4 0 -5.906 0 -9.061 -4.461 0 -8.44 -4.622 0 -8.956 -5.805 0 -9.356
4 0 -4.461 0 -8.44 -4.127 0 -8.438 -4.208 0 -8.844 -4.622 0 -8.956
4 0 -4.208 0 -8.844 -4.127 0 -8.438 -2.563 0 -9.257 -2.914 0 -9.463
4 0 -2.948 0 -11.344 -2.914 0 -9.463 -2.563 0 -9.257 -2.567 0 -11.328
4 0 -3.034 0 -12.523 -2.948 0 -11.344 -2.567 0 -11.328 -2.623 0 -12.557
4 0 -3.232 0 -14.074 -3.034 0 -12.523 -2.623 0 -12.557 -2.79 0 -14.357
4 0 -0.857 0 -6.312 -0.243 0 -5.473 0.11 0 -5.548 -0.38 0 -6.387
4 0 -0.857 0 -6.312 -0.38 0 -6.387 0.757 0 -7.719 -0.33 0 -7.424
3 0 -0.857 0 -6.312 -0.33 0 -7.424 -0.797 0 -7.104
4 0 -1.359 0 -7.132 -0.857 0 -6.312 -0.797 0 -7.104 -1.099 0 -7.344
4 0 -1.587 0 -7.442 -1.359 0 -7.132 -1.099 0 -7.344 -1.397 0 -7.704
4 0 -2.239 0 -7.462 -1.587 0 -7.442 -1.397 0 -7.704 -2.199 0 -7.614
4 0 -0.797 0 -7.104 -0.33 0 -7.424 -0.35 0 -8.327 -0.707 0 -8.437
4 0 -0.367 0 -8.745 -0.35 0 -8.327 0.7 0 -8.577 0.657 0 -8.989
3 0 -0.707 0 -8.437 -0.35 0 -8.327 -0.367 0 -8.745
4 0 -1.715 0 -9.327 -0.707 0 -8.437 -0.367 0 -8.745 -1.275 0 -9.465
4 0 -1.715 0 -9.327 -1.275 0 -9.465 -1.247 0 -10.745 -1.697 0 -10.767
4 0 -1.715 0 -12.197 -1.697 0 -10.767 -1.247 0 -10.745 -1.315 0 -12.175
4 0 -1.797 0 -13.297 -1.715 0 -12.197 -1.315 0 -12.175 -1.407 0 -13.345
4 0 -2.08 0 -14.637 -1.797 0 -13.297 -1.407 0 -13.345 -1.652 0 -14.604
4 16 -13.051 0 -6.944 -12.29 0 -6.79 -12.306 0 -7.171 -12.99 0 -7.31
4 16 -12.74 0 -8.56 -12.709 0 -8.186 -10.948 0 -7.803 -10.946 0 -8.721
4 16 -10.61 0 -8.75 -10.57 0 -7.718 -9.465 0 -7.452 -9.406 0 -8.851
4 16 -9.465 0 -7.452 -8.39 0 -7.418 -8.91 0 -8.84 -9.406 0 -8.851
4 16 -8.91 0 -8.84 -8.39 0 -7.418 -7.265 0 -7.492 -7.276 0 -8.441
4 16 -6.88 0 -7.028 -6.265 0 -7.012 -6.266 0 -7.941 -6.83 0 -8.16
4 16 -5.87 0 -6.928 -5.365 0 -6.802 -5.287 0 -7.276 -5.731 0 -7.365
4 16 -4.94 0 -6.808 -4.315 0 -6.782 -4.429 0 -7.214 -4.912 0 -7.259
4 16 -4.886 0 -7.762 -4.453 0 -7.686 -4.461 0 -8.44 -5.39 0 -8.051
4 16 -6.125 0 -8.367 -5.39 0 -8.051 -4.461 0 -8.44 -5.906 0 -9.061
4 16 -6.982 0 -9.47 -6.849 0 -8.656 -6.125 0 -8.367 -5.906 0 -9.061
4 16 -8.096 0 -9.781 -7.795 0 -8.957 -6.849 0 -8.656 -6.982 0 -9.47
4 16 -8.819 0 -9.206 -7.795 0 -8.957 -8.096 0 -9.781 -8.582 0 -9.87
4 16 -9.646 0 -9.901 -9.425 0 -9.267 -8.819 0 -9.206 -8.582 0 -9.87
4 16 -11.042 0 -9.8 -10.609 0 -9.246 -9.425 0 -9.267 -9.646 0 -9.901
3 16 -10.609 0 -9.246 -11.042 0 -9.8 -10.975 0 -9.207
4 16 -13.136 0 -9.521 -12.659 0 -9.026 -10.975 0 -9.207 -11.042 0 -9.8
3 16 -13.136 0 -9.521 -13.155 0 -8.967 -12.659 0 -9.026
4 16 -13.025 0 -10.036 -12.273 0 -10.789 -12.625 0 -11.096 -12.869 0 -10.698
4 16 -13.025 0 -10.036 -11.121 0 -10.185 -12.036 0 -10.801 -12.273 0 -10.789
4 16 -7.977 0 -13.54 -7.931 0 -12.775 -7.547 0 -13.71 -7.76 0 -13.667
3 16 -7.977 0 -13.54 -8.45 0 -13.117 -7.931 0 -12.775
4 16 -8.947 0 -12.56 -8.262 0 -11.56 -7.931 0 -12.775 -8.45 0 -13.117
4 16 -9.66 0 -11.757 -8.581 0 -10.195 -8.262 0 -11.56 -8.947 0 -12.56
4 16 -9.867 0 -11.51 -9.705 0 -10.286 -8.581 0 -10.195 -9.66 0 -11.757
3 16 -9.867 0 -11.51 -10.101 0 -11.492 -9.705 0 -10.286
4 16 -11.121 0 -10.185 -9.705 0 -10.286 -10.101 0 -11.492 -10.324 0 -11.535
4 16 -11.121 0 -10.185 -10.324 0 -11.535 -10.526 0 -11.711 -11.083 0 -11.739
4 16 -11.693 0 -11.279 -11.121 0 -10.185 -11.083 0 -11.739 -11.396 0 -11.531
3 16 -11.693 0 -11.279 -12.036 0 -10.801 -11.121 0 -10.185
4 16 -7.495 0 -12.646 -6.8 0 -12.837 -6.897 0 -13.68 -7.11 0 -13.657
3 16 -2.522 0 -14.644 -2.79 0 -14.357 -2.08 0 -14.637
4 16 -2.79 0 -14.357 -2.623 0 -12.557 -1.797 0 -13.297 -2.08 0 -14.637
4 16 -2.623 0 -12.557 -2.567 0 -11.328 -1.715 0 -12.197 -1.797 0 -13.297
3 16 -1.715 0 -12.197 -2.567 0 -11.328 -1.697 0 -10.767
4 16 -2.567 0 -11.328 -2.563 0 -9.257 -1.715 0 -9.327 -1.697 0 -10.767
4 16 -1.652 0 -14.604 -1.407 0 -13.345 -0.732 0 -13.834 -1.12 0 -14.337
4 16 -1.407 0 -13.345 -1.315 0 -12.175 -0.19 0 -12.917 -0.732 0 -13.834
4 16 -1.315 0 -12.175 -1.247 0 -10.745 0.097 0 -12.059 -0.19 0 -12.917
4 16 -1.275 0 -9.465 -0.367 0 -8.745 0.657 0 -8.989 0.6 0 -9.617
4 16 -1.275 0 -9.465 0.6 0 -9.617 0.497 0 -10.299 -1.247 0 -10.745
4 16 -1.247 0 -10.745 0.497 0 -10.299 0.34 0 -11.067 0.097 0 -12.059
4 16 -0.35 0 -8.327 -0.33 0 -7.424 0.757 0 -7.719 0.7 0 -8.577
4 16 -0.38 0 -6.387 0.29 0 -5.567 1.413 0 -5.797 1.313 0 -6.66
3 16 0.29 0 -5.567 -0.38 0 -6.387 0.11 0 -5.548
4 16 -1.67 0 -5.328 3.12 0 -0.176 3.655 0 -0.138 2.548 0 -1.713
4 16 -1.67 0 -5.328 2.548 0 -1.713 0.023 0 -5.13 -0.243 0 -5.473
4 16 -2.465 0 -6.272 -1.67 0 -5.328 -0.243 0 -5.473 -0.857 0 -6.312
3 16 -1.359 0 -7.132 -2.465 0 -6.272 -0.857 0 -6.312
4 16 -2.465 0 -6.272 -1.359 0 -7.132 -1.587 0 -7.442 -2.239 0 -7.462
4 16 -1.397 0 -7.704 -1.099 0 -7.344 -0.797 0 -7.104 -0.707 0 -8.437
4 16 -2.199 0 -7.614 -1.397 0 -7.704 -0.707 0 -8.437 -1.715 0 -9.327
4 16 -4.127 0 -8.438 -2.199 0 -7.614 -1.715 0 -9.327 -2.563 0 -9.257
4 16 -4.127 0 -8.438 -4.099 0 -7.724 -2.239 0 -7.462 -2.199 0 -7.614
4 16 -2.239 0 -7.462 -4.099 0 -7.724 -3.984 0 -7.247 -3.04 0 -6.698
3 16 -2.239 0 -7.462 -3.04 0 -6.698 -2.465 0 -6.272
4 16 -4.642 0 -14.574 -3.585 0 -14.276 -3.912 0 -14.604 -4.255 0 -14.696
4 16 -5.412 0 -14.034 -3.034 0 -12.523 -3.232 0 -14.074 -3.585 0 -14.276
4 16 -5.765 0 -13.436 -2.948 0 -11.344 -3.034 0 -12.523 -5.412 0 -14.034
4 16 -6.122 0 -12.804 -2.914 0 -9.463 -2.948 0 -11.344 -5.765 0 -13.436
4 16 -6.8 0 -12.837 -4.622 0 -8.956 -2.914 0 -9.463 -6.122 0 -12.804
4 16 -7.495 0 -12.646 -5.805 0 -9.356 -4.622 0 -8.956 -6.8 0 -12.837
4 16 -7.796 0 -11.521 -6.931 0 -9.765 -5.805 0 -9.356 -7.495 0 -12.646
3 16 -7.796 0 -11.521 -8.005 0 -10.116 -6.931 0 -9.765
4 16 -9.63 0 8.64 -9.59 0 9.61 -9.24 0 9.63 -9.28 0 8.66
4 16 -9.63 0 8.64 -9.28 0 8.66 -9.3 0 7.81 -9.63 0 7.83
4 16 -9.65 0 7.06 -9.63 0 7.83 -9.3 0 7.81 -9.32 0 7.02
4 16 -9.65 0 6.25 -9.65 0 7.06 -9.32 0 7.02 -9.33 0 6.26
4 15 -9.28 0 8.66 -9.24 0 9.63 -3.95 0 6.32 -5.23 0 6.41
4 15 -9.3 0 7.81 -9.28 0 8.66 -5.23 0 6.41 -6.67 0 6.38
4 15 -9.32 0 7.02 -9.3 0 7.81 -6.67 0 6.38 -7.79 0 6.31
3 15 -9.32 0 7.02 -7.79 0 6.31 -9.33 0 6.26
4 0 -16.77 0 10.01 -16.77 0 16 -16.232 0 15.843 -16.232 0 10.01
4 0 -16.77 0 10.01 -16.232 0 10.01 -16.232 0 5.33 -16.77 0 5.33
4 0 -16.77 0 5.33 -16.232 0 5.33 -16.232 0 3.669 -16.77 0 3.669
4 0 -16.77 0 -1.751 -16.232 0 -1.751 -16.232 0 -3.53 -16.77 0 -3.53
4 0 -16.77 0 -7.371 -16.77 0 -3.53 -16.232 0 -3.53 -16.232 0 -7.371
4 0 -16.77 0 -10.831 -16.77 0 -7.371 -16.232 0 -7.371 -16.232 0 -10.831
4 0 -16.77 0 -13.66 -16.77 0 -10.831 -16.232 0 -10.831 -16.232 0 -13.66
4 0 -16.77 0 -15.32 -16.77 0 -13.66 -16.232 0 -13.66 -16.232 0 -15.32
4 0 -16.77 0 -15.32 -16.232 0 -15.32 -16.232 0 -16.03 -16.77 0 -16.03
4 0 -16.77 0 -16.03 -16.232 0 -16.03 -16.232 0 -16.22 -16.77 0 -16.8
4 379 -16.232 0 -7.371 -13.576 0 -7.371 -13.649 0 -7.999 -13.703 0 -8.382
4 379 -16.232 0 -7.371 -13.703 0 -8.382 -13.681 0 -9.029 -16.232 0 -10.831
3 379 -13.653 0 -9.582 -16.232 0 -10.831 -13.681 0 -9.029
3 379 -13.543 0 -10.189 -16.232 0 -10.831 -13.653 0 -9.582
3 379 -13.266 0 -10.831 -16.232 0 -10.831 -13.543 0 -10.189
3 16 -16.77 0 10.01 -18.12 0 17.18 -16.77 0 16
3 16 -16.77 0 5.33 -18.12 0 17.18 -16.77 0 10.01
4 16 -18.12 0 -17.94 -18.12 0 17.18 -16.77 0 5.33 -16.77 0 3.669
3 16 -16.77 0 -16.8 -18.12 0 -17.94 -16.77 0 -16.03
3 16 -16.77 0 -16.03 -18.12 0 -17.94 -16.77 0 -15.32
3 16 -16.77 0 -15.32 -18.12 0 -17.94 -16.77 0 -13.66
3 16 -16.77 0 -13.66 -18.12 0 -17.94 -16.77 0 -10.831
3 16 -16.77 0 -10.831 -18.12 0 -17.94 -16.77 0 -7.371
3 16 -16.77 0 -7.371 -18.12 0 -17.94 -16.77 0 -3.53
3 16 -16.77 0 -3.53 -18.12 0 -17.94 -16.77 0 -1.751
3 16 -16.77 0 -1.751 -18.12 0 -17.94 -16.77 0 3.669
3 0 -5.84 0 15.843 -16.71 0 16.5 16.69 0 16.5
4 0 16.33 0 -1.37 16.33 0 15.843 16.97 0 16.05 16.97 0 -16.7
3 0 16.33 0 -5.23 16.33 0 -1.37 16.97 0 -16.7
3 0 16.33 0 -6.3 16.33 0 -5.23 16.97 0 -16.7
3 0 16.33 0 -13.26 16.33 0 -6.3 16.97 0 -16.7
3 379 12.681 0 -10.48 11.42 0 -9.65 11.88 0 -9.53
3 379 12.681 0 -10.48 10.86 0 -9.77 11.42 0 -9.65
3 379 12.681 0 -10.48 10.34 0 -9.87 10.86 0 -9.77
4 379 9.81 0 -9.8 10.34 0 -9.87 12.681 0 -10.48 10.67 0 -10.8
4 379 10.67 0 -10.8 12.681 0 -10.48 12.94 0 -12.5 11.92 0 -12.82
4 379 8.74 0 -10.58 10.67 0 -10.8 11.92 0 -12.82 10.26 0 -12.64
4 379 7.42 0 -10.36 8.74 0 -10.58 10.26 0 -12.64 9.11 0 -13.62
3 379 8.91 0 -13.99 8.79 0 -13.9 9.11 0 -13.62
4 379 6.83 0 -15 6.46 0 -15.18 5.85 0 -12.33 7.35 0 -14.7
4 379 7.83 0 -14.4 7.35 0 -14.7 5.85 0 -12.33 8.34 0 -13.99
3 379 8.34 0 -13.99 5.85 0 -12.33 8.48 0 -13.9
4 379 5.85 0 -12.33 9.11 0 -13.62 8.79 0 -13.9 8.48 0 -13.9
4 379 5.85 0 -12.33 6.83 0 -10.36 7.42 0 -10.36 9.11 0 -13.62
3 379 6.83 0 -10.36 5.85 0 -12.33 6.32 0 -10.36
3 379 5.85 0 -12.33 5.77 0 -10.36 6.32 0 -10.36
3 379 5.85 0 -12.33 5.3 0 -10.36 5.77 0 -10.36
3 379 5.85 0 -12.33 4.98 0 -10.36 5.3 0 -10.36
4 379 4.47 0 -10.36 4.98 0 -10.36 5.85 0 -12.33 4.05 0 -10.55
3 379 5.85 0 -12.33 3.52 0 -10.74 4.05 0 -10.55
3 379 5.85 0 -12.33 2.5 0 -10.82 3.52 0 -10.74
4 379 5.89 0 -16.23 8.66 0 -15.18 9.13 0 -15.55 8.75 0 -15.94
4 379 5.89 0 -16.23 7.83 0 -14.9 8.34 0 -14.68 8.66 0 -15.18
3 379 7.83 0 -14.9 5.89 0 -16.23 7.35 0 -15.1
3 379 7.35 0 -15.1 5.89 0 -16.23 6.83 0 -15.26
3 379 6.83 0 -15.26 5.89 0 -16.23 6.46 0 -15.3
4 379 5.85 0 -12.33 6.46 0 -15.18 6.46 0 -15.3 5.89 0 -16.23
3 379 15.861 0 -16.19 15.461 0 -14.87 15.861 0 -13.82
4 379 10.78 0 -15.37 11.29 0 -15.09 12.68 0 -14.67 12.87 0 -15.05
4 379 10.19 0 -15.57 10.78 0 -15.37 12.87 0 -15.05 13.17 0 -15.26
3 379 14.42 0 -15.97 14.22 0 -15.23 14.78 0 -15.11
3 379 14.42 0 -15.97 13.7 0 -15.33 14.22 0 -15.23
4 379 10.19 0 -15.57 13.17 0 -15.26 13.7 0 -15.33 14.42 0 -15.97
3 379 9.68 0 -15.63 8.75 0 -15.94 9.13 0 -15.55
4 379 5.89 0 -16.23 8.75 0 -15.94 14.42 0 -15.97 15.861 0 -16.19
4 379 8.75 0 -15.94 9.68 0 -15.63 10.19 0 -15.57 14.42 0 -15.97
3 379 12.94 0 -13.49 12.61 0 -13.58 12.94 0 -12.5
4 379 12.94 0 -12.5 15.861 0 -13.82 13.3 0 -13.86 12.94 0 -13.49
4 379 8.64 0 -8.48 7.93 0 -8.92 6.85 0 -7.41 8.73 0 -7.48
3 379 8.73 0 -7.48 9.25 0 -8.12 8.64 0 -8.48
4 379 6.83 0 -9.4 6.85 0 -7.41 7.93 0 -8.92 7.42 0 -9.2
4 379 5.43 0 -8.44 6.85 0 -7.41 6.83 0 -9.4 5.55 0 -8.53
4 379 2.84 0 -7.87 6.85 0 -7.41 5.43 0 -8.44 5.12 0 -8.44
3 379 5.12 0 -8.44 4.98 0 -8.53 2.84 0 -7.87
4 379 3.99 0 -9.24 2.84 0 -7.87 4.98 0 -8.53 4.47 0 -8.94
4 379 3.16 0 -9.69 2.84 0 -7.87 3.99 0 -9.24 3.47 0 -9.54
4 379 2.5 0 -10.82 2.84 0 -7.87 3.16 0 -9.69 3.15 0 -9.84
3 379 -10.399 0 -15.27 -10.029 0 -14.39 -9.799 0 -16.442
3 379 -16.232 0 -16.22 -16.232 0 -16.03 -15.67 0 -15.97
4 379 -16.232 0 -16.442 -16.232 0 -16.22 -15.67 0 -15.97 -15.08 0 -15.77
4 379 -16.232 0 -16.442 -15.08 0 -15.77 -10.749 0 -16.21 -9.799 0 -16.442
4 379 -15.08 0 -15.77 -14.57 0 -15.49 -13.18 0 -15.07 -12.99 0 -15.45
3 379 -12.69 0 -15.66 -15.08 0 -15.77 -12.99 0 -15.45
4 379 -15.08 0 -15.77 -12.69 0 -15.66 -12.16 0 -15.73 -10.749 0 -16.21
3 379 -10.749 0 -16.21 -12.16 0 -15.73 -11.64 0 -15.63
3 379 -10.749 0 -16.21 -11.64 0 -15.63 -11.08 0 -15.51
3 379 -10.749 0 -16.21 -11.08 0 -15.51 -10.62 0 -15.39
4 379 -16.232 0 -13.66 -15.08 0 -15.06 -15.67 0 -15.26 -16.232 0 -15.32
4 379 -16.232 0 -13.66 -13.86 0 -14.34 -14.57 0 -14.78 -15.08 0 -15.06
3 379 -13.86 0 -14.34 -16.232 0 -13.66 -13.25 0 -13.98
4 379 -16.232 0 -13.66 -13.12 0 -13.14 -12.92 0 -13.89 -13.25 0 -13.98
4 0 -16.49 0 -17.06 5.06 0 -16.442 16.33 0 -16.442 16.74 0 -17.06
3 0 5.06 0 -16.442 -16.49 0 -17.06 -6.341 0 -16.442
3 0 -6.341 0 -16.442 -16.49 0 -17.06 -9.799 0 -16.442
3 0 -9.799 0 -16.442 -16.49 0 -17.06 -16.232 0 -16.442
3 379 -6.341 0 -16.442 -8.301 0 -14.132 -7.733 0 -14.599
3 379 -6.341 0 -16.442 -7.733 0 -14.599 -7.131 0 -14.752
3 379 -6.341 0 -16.442 -7.131 0 -14.752 -4.81 0 -15.297
3 379 -4.133 0 -15.369 -6.341 0 -16.442 -4.81 0 -15.297
4 379 -6.341 0 -16.442 -4.133 0 -15.369 5.89 0 -16.23 5.06 0 -16.442
3 379 5.89 0 -16.23 -4.133 0 -15.369 -2.043 0 -15.409
4 379 5.89 0 -16.23 -2.043 0 -15.409 -1.365 0 -15.226 1.74 0 -14.417
3 379 5.89 0 -16.23 1.74 0 -14.417 2.147 0 -14.43
3 0 -16.232 0 2.47 -16.77 0 3.669 -16.232 0 3.669
4 0 -16.77 0 3.669 -16.232 0 2.47 -16.232 0 1.209 -16.77 0 -1.751
3 0 -16.232 0 0.01 -16.77 0 -1.751 -16.232 0 1.209
3 0 -16.232 0 -1.751 -16.77 0 -1.751 -16.232 0 0.01
3 16 -2.914 0 -9.463 -4.622 0 -8.956 -4.208 0 -8.844
4 272 -2.38 0 9.62 5.72 0 12.86 5.72 0 10.28 -2.04 0 8.73
4 272 -5.84 0 15.843 16.33 0 15.843 8.3 0 12.86 5.72 0 12.86
3 272 10.88 0 10.28 16.33 0 15.843 16.33 0 -1.37
3 272 13.25 0 -1.09 8.3 0 7.7 14.28 0 -0.74
3 0 -18.12 0 17.18 -18.733 0 18.41 -18.03 0 17.8
4 0 -18.733 0 18.41 -18.12 0 17.18 -18.12 0 -17.94 -18.733 0 -18.977
4 16 -18.733 0 -18.977 -20 0 -20 -20 0 20 -18.733 0 18.41
3 0 18.27 0 17.33 17.98 0 17.8 18.9 0 18.41
4 0 18.9 0 -18.977 18.27 0 -17.88 18.27 0 17.33 18.9 0 18.41
4 16 -3.585 0 -14.276 -4.642 0 -14.574 -5.065 0 -14.366 -5.412 0 -14.034
