0 Tile  1 x  2 with Dynamite Pattern
0 Name: 3069bp03.dat
0 Author: Dennis Osborn
0 !LDRAW_ORG Part UPDATE 2010-03
0 !LICENSE Redistributable under CCAL version 2.0 : see CAreadme.txt

0 BFC CERTIFY CCW

0 !HISTORY 2002-01-31 [sbliss] Converted to grooved-tile
0 !HISTORY 2002-06-11 [PTadmin] Official Update 2002-03
0 !HISTORY 2007-06-13 [PTadmin] Header formatted for Contributor Agreement
0 !HISTORY 2008-07-01 [PTadmin] Official Update 2008-01
0 !HISTORY 2009-08-14 [anathema] BFC'd
0 !HISTORY 2010-12-31 [PTadmin] Official Update 2010-03

0 // Basic Box

1 16 0 0 0 1 0 0 0 1 0 0 0 1 s\3069bs01.dat
0 //Top of sticks
4 8 -6.273 0 -6 -6.727 0 -5.636 -7.909 0 -6.4 -7.036 0 -7.418
4 8 -6.727 0 -5.636 -7.091 0 -4.727 -8.364 0 -5.091 -7.909 0 -6.4
4 8 -7.091 0 -4.727 -7 0 -4 -8.454 0 -4 -8.364 0 -5.091
4 8 -7 0 -4 -8 0 -2.546 -9.273 0 -3.146 -8.454 0 -4
4 8 -8 0 -2.546 -8.4 0 -2 -9.727 0 -2 -9.273 0 -3.146
4 8 -8.4 0 -2 -8.727 0 -1.054 -9.854 0 -1.818 -9.727 0 -2
3 8 -8.727 0 -1.054 -9.854 0 -1.454 -9.854 0 -1.818
4 8 -8.727 0 -1.054 -8.818 0 0 -9.927 0 0 -9.854 0 -1.454
4 8 -8.818 0 0 -8.727 0 1 -9.927 0 0.382 -9.927 0 0
4 8 -8.727 0 1 -8.454 0 2.182 -9.727 0 1.909 -9.927 0 0.382
4 8 -8.454 0 2.182 -7.818 0 2.546 -9.273 0 3.182 -9.727 0 1.909
3 8 -7.818 0 2.546 -7.818 0 3.909 -9.273 0 3.182
4 8 -7.818 0 3.909 -8.091 0 4.182 -9.418 0 4.545 -9.273 0 3.182
4 8 -8.091 0 4.182 -8 0 5.091 -9.364 0 5.909 -9.418 0 4.545
4 8 -8 0 5.091 -7.909 0 6.218 -8.964 0 7.364 -9.364 0 5.909
4 8 -7.909 0 6.218 -7.364 0 7.4 -8.182 0 8.491 -8.964 0 7.364
4 8 -0.545 0 -7.091 -1.273 0 -6.182 -6.273 0 -6 -7.036 0 -7.418
3 8 -0.273 0 -7.364 -0.545 0 -7.091 -7.036 0 -7.418
4 4 -1.273 0 -6.182 -1.818 0 -5.091 -6.727 0 -5.636 -6.273 0 -6
4 4 -1.818 0 -5.091 -2.454 0 -4 -7.091 0 -4.727 -6.727 0 -5.636
3 4 -2.454 0 -4 -7 0 -4 -7.091 0 -4.727
4 8 -2.454 0 -4 -2.873 0 -2.727 -8 0 -2.546 -7 0 -4
4 4 -2.873 0 -2.727 -3.091 0 0 -8.4 0 -2 -8 0 -2.546
4 4 -3.091 0 0 -8.818 0 0 -8.727 0 -1.054 -8.4 0 -2
4 4 -3.091 0 0 -8.454 0 2.182 -8.727 0 1 -8.818 0 0
4 4 -3.091 0 0 -3.091 0 2.364 -7.818 0 2.546 -8.454 0 2.182
4 8 -3.091 0 2.364 -3.091 0 3.818 -7.818 0 3.909 -7.818 0 2.546
4 4 -3.091 0 3.818 -2.909 0 5.636 -8.091 0 4.182 -7.818 0 3.909
3 4 -2.909 0 5.636 -7.909 0 6.218 -8 0 5.091
3 4 -2.909 0 5.636 -8 0 5.091 -8.091 0 4.182
4 4 -2.909 0 5.636 -2.691 0 7.364 -7.364 0 7.4 -7.909 0 6.218
4 8 -2.691 0 7.364 -2 0 8.545 -8.182 0 8.491 -7.364 0 7.4
0 //First black band
4 0 0.727 0 -7.364 0.509 0 -7.091 -0.545 0 -7.091 -0.273 0 -7.364
4 0 0.509 0 -7.091 0 0 -6.182 -1.273 0 -6.182 -0.545 0 -7.091
4 0 0 0 -6.182 -0.909 0 -4.727 -1.818 0 -5.091 -1.273 0 -6.182
4 0 -0.909 0 -4.727 -1.236 0 -4.054 -2.454 0 -4 -1.818 0 -5.091
4 0 -1.236 0 -4.054 -1.491 0 -3.273 -2.873 0 -2.727 -2.454 0 -4
3 0 -1.655 0 -2.673 -1.909 0 -1.273 -2.873 0 -2.727
3 0 -2.873 0 -2.727 -1.491 0 -3.273 -1.655 0 -2.673
4 0 -1.909 0 -1.273 -2 0 0 -3.091 0 0 -2.873 0 -2.727
4 0 -2 0 0 -2 0 1.546 -3.091 0 2.364 -3.091 0 0
3 0 -2 0 1.546 -2 0 2.364 -3.091 0 2.364
4 0 -2 0 2.364 -2 0 3.782 -3.091 0 3.818 -3.091 0 2.364
4 0 -2 0 3.782 -1.909 0 5.636 -2.909 0 5.636 -3.091 0 3.818
4 0 -1.909 0 5.636 -1.454 0 7.182 -2.691 0 7.364 -2.909 0 5.636
4 0 -1.454 0 7.182 -0.909 0 8.545 -2 0 8.545 -2.691 0 7.364
0 //Middle of sticks
4 8 9.545 0 -7.091 9.145 0 -6.182 0 0 -6.182 0.509 0 -7.091
4 8 9.673 0 -7.455 9.545 0 -7.091 0.509 0 -7.091 0.727 0 -7.364
4 4 9.145 0 -6.182 8.545 0 -4.218 -0.909 0 -4.727 0 0 -6.182
3 4 8.545 0 -4.218 -1.236 0 -4.054 -0.909 0 -4.727
4 8 8.545 0 -4.218 8.182 0 -2.818 -1.491 0 -3.273 -1.236 0 -4.054
3 8 8.182 0 -2.818 -1.655 0 -2.673 -1.491 0 -3.273
4 4 8.182 0 -2.818 7.818 0 -1.091 -1.909 0 -1.273 -1.655 0 -2.673
4 4 7.818 0 -1.091 7.636 0 0 -2 0 0 -1.909 0 -1.273
4 4 7.636 0 0 7.691 0 1.6 -2 0 1.546 -2 0 0
4 4 7.691 0 1.6 7.636 0 2.364 -2 0 2.364 -2 0 1.546
4 8 7.636 0 2.364 7.727 0 3.636 -2 0 3.782 -2 0 2.364
4 4 7.727 0 3.636 8 0 5.273 -1.909 0 5.636 -2 0 3.782
4 4 8 0 5.273 8.218 0 6.455 -1.454 0 7.182 -1.909 0 5.636
3 4 8.218 0 6.455 8.454 0 7.273 -1.454 0 7.182
4 8 8.454 0 7.273 8.673 0 8.545 -0.909 0 8.545 -1.454 0 7.182
0 //Second black band
4 0 10.636 0 -7.455 10.545 0 -7.054 9.545 0 -7.091 9.673 0 -7.455
4 0 10.545 0 -7.054 10.273 0 -6.091 9.145 0 -6.182 9.545 0 -7.091
4 0 10.273 0 -6.091 9.909 0 -5.236 8.545 0 -4.218 9.145 0 -6.182
3 0 8.545 0 -4.218 9.909 0 -5.236 9.673 0 -4.218
4 0 9.673 0 -4.218 9.182 0 -2.818 8.182 0 -2.818 8.545 0 -4.218
4 0 9.182 0 -2.818 8.854 0 -1.127 7.818 0 -1.091 8.182 0 -2.818
4 0 8.854 0 -1.127 8.727 0 0 7.636 0 0 7.818 0 -1.091
4 0 8.727 0 0 8.727 0 1.091 7.691 0 1.6 7.636 0 0
4 0 8.727 0 1.091 8.727 0 2.364 7.636 0 2.364 7.691 0 1.6
4 0 8.727 0 2.364 8.909 0 3.636 7.727 0 3.636 7.636 0 2.364
4 0 8.909 0 3.636 9.236 0 5.636 8 0 5.273 7.727 0 3.636
4 0 9.236 0 5.636 9.509 0 7.273 8.218 0 6.455 8 0 5.273
3 0 9.509 0 7.273 8.454 0 7.273 8.218 0 6.455
4 0 9.509 0 7.273 9.727 0 8.545 8.673 0 8.545 8.454 0 7.273
0 //Bottom of sticks
4 8 17.364 0 -7.509 15.364 0 -6.145 10.273 0 -6.091 10.545 0 -7.054
3 8 10.636 0 -7.455 17.364 0 -7.509 10.545 0 -7.054
4 4 15.364 0 -6.145 15.145 0 -5.127 9.909 0 -5.236 10.273 0 -6.091
4 4 15.145 0 -5.127 15.055 0 -4.182 9.673 0 -4.218 9.909 0 -5.236
4 8 15.055 0 -4.182 13.891 0 -2.727 9.182 0 -2.818 9.673 0 -4.218
4 4 13.891 0 -2.727 13.582 0 -1.273 8.854 0 -1.127 9.182 0 -2.818
4 4 13.582 0 -1.273 13.545 0 0 8.727 0 0 8.854 0 -1.127
4 4 13.545 0 0 13.6 0 1.182 8.727 0 1.091 8.727 0 0
4 4 13.6 0 1.182 13.818 0 2.273 8.727 0 2.364 8.727 0 1.091
4 8 13.818 0 2.273 14.127 0 3.655 8.909 0 3.636 8.727 0 2.364
4 4 14.127 0 3.655 14.218 0 5.418 9.236 0 5.636 8.909 0 3.636
4 4 14.218 0 5.418 14.545 0 7.182 9.509 0 7.273 9.236 0 5.636
4 8 14.545 0 7.182 16.545 0 8.545 9.727 0 8.545 9.509 0 7.273
4 4 17.364 0 -5.273 17.6 0 -4.509 16.545 0 -5.127 16.909 0 -6
4 4 17.6 0 -4.509 17.636 0 -3.091 16.418 0 -3.854 16.545 0 -5.127
3 4 17.636 0 -3.091 16.945 0 -2.945 16.418 0 -3.854
3 4 17.636 0 -3.091 17.364 0 -1.818 16.945 0 -2.945
4 4 15.727 0 -2.4 15.964 0 -1.691 14.964 0 -1.454 15.454 0 -2.636
4 4 15.964 0 -1.691 16.091 0 -0.636 14.873 0 -0.164 14.964 0 -1.454
4 4 16.091 0 -0.636 16 0 0.436 15 0 0.909 14.873 0 -0.164
4 4 16 0 0.436 15.818 0 1.546 15.236 0 1.782 15 0 0.909
3 4 15.818 0 1.546 15.454 0 2.182 15.236 0 1.782
4 4 16.782 0 3.909 16.818 0 5 15.6 0 4.636 15.454 0 3.636
4 4 16.818 0 5 16.673 0 6.182 15.636 0 5.818 15.6 0 4.636
4 4 16.673 0 6.182 16.182 0 7.091 16 0 6.818 15.636 0 5.818
4 4 16.782 0 3.454 16.782 0 3.909 16.036 0 3.546 16.4 0 3.182
3 4 16.036 0 3.546 16.782 0 3.909 15.454 0 3.636
4 8 17.818 0 -7.382 16.909 0 -6 15.364 0 -6.145 17.364 0 -7.509
4 8 16.909 0 -6 16.545 0 -5.127 15.145 0 -5.127 15.364 0 -6.145
4 8 16.545 0 -5.127 16.418 0 -3.854 15.055 0 -4.182 15.145 0 -5.127
3 8 16.418 0 -3.854 15.454 0 -2.636 15.055 0 -4.182
3 8 15.454 0 -2.636 13.891 0 -2.727 15.055 0 -4.182
4 8 15.454 0 -2.636 14.964 0 -1.454 13.582 0 -1.273 13.891 0 -2.727
4 8 14.964 0 -1.454 14.873 0 -0.164 13.545 0 0 13.582 0 -1.273
4 8 14.873 0 -0.164 15 0 0.909 13.6 0 1.182 13.545 0 0
4 8 15 0 0.909 15.236 0 1.782 13.818 0 2.273 13.6 0 1.182
3 8 13.818 0 2.273 15.236 0 1.782 15.454 0 2.182
4 8 15.454 0 2.182 15.454 0 3.636 14.127 0 3.655 13.818 0 2.273
4 8 15.454 0 3.636 15.6 0 4.636 14.218 0 5.418 14.127 0 3.655
3 8 14.218 0 5.418 15.6 0 4.636 15.636 0 5.818
4 8 15.636 0 5.818 16 0 6.818 14.545 0 7.182 14.218 0 5.418
3 8 16 0 6.818 16.182 0 7.091 14.545 0 7.182
3 8 16.182 0 7.091 16.545 0 8.545 14.545 0 7.182
4 8 16.418 0 -3.854 16.945 0 -2.945 15.727 0 -2.4 15.454 0 -2.636
4 8 16.945 0 -2.945 17.364 0 -1.818 15.964 0 -1.691 15.727 0 -2.4
4 8 17.364 0 -1.818 17.418 0 0.327 16.091 0 -0.636 15.964 0 -1.691
4 8 17.418 0 0.327 17.273 0 0.909 16 0 0.436 16.091 0 -0.636
4 8 17.273 0 0.909 16.4 0 3.182 15.818 0 1.546 16 0 0.436
4 8 16.4 0 3.182 16.036 0 3.546 15.454 0 2.182 15.818 0 1.546
3 8 15.454 0 2.182 16.036 0 3.546 15.454 0 3.636
4 8 17.818 0 -7.382 18.091 0 -7.054 17.364 0 -5.273 16.909 0 -6
3 8 18.091 0 -7.054 18.6 0 -5.909 17.364 0 -5.273
4 8 18.6 0 -5.909 18.818 0 -4.455 17.6 0 -4.509 17.364 0 -5.273
4 8 18.818 0 -4.455 18.909 0 -3.309 17.636 0 -3.091 17.6 0 -4.509
4 8 18.909 0 -3.309 18.818 0 -2.182 17.364 0 -1.818 17.636 0 -3.091
4 8 18.818 0 -2.182 18.545 0 -1.036 18.091 0 -0.218 17.364 0 -1.818
3 8 17.364 0 -1.818 18.091 0 -0.218 17.418 0 0.327
4 8 17.454 0 1.582 16.782 0 3.454 16.4 0 3.182 17.273 0 0.909
4 8 17.454 0 1.582 18 0 3.091 16.782 0 3.909 16.782 0 3.454
4 8 18 0 3.091 18.127 0 4.673 16.818 0 5 16.782 0 3.909
4 8 18.127 0 4.673 17.982 0 6.091 16.673 0 6.182 16.818 0 5
4 8 17.982 0 6.091 17.364 0 7.727 16.182 0 7.091 16.673 0 6.182
3 8 16.182 0 7.091 17.364 0 7.727 16.545 0 8.545
0 //Fuse
4 0 -9.854 0 -1.818 -9.854 0 -1.454 -10.727 0 -1.364 -10.909 0 -1.818
4 0 -10.909 0 -1.818 -10.727 0 -1.364 -11.636 0 -1.091 -11.727 0 -1.491
4 0 -11.727 0 -1.491 -11.636 0 -1.091 -12 0 -0.636 -12.364 0 -0.873
4 0 -12.364 0 -0.873 -12 0 -0.636 -12.6 0 0.182 -12.818 0 -0.091
4 0 -12.818 0 -0.091 -12.6 0 0.182 -13.091 0 0.945 -13.454 0 0.818
4 0 -13.454 0 0.818 -13.091 0 0.945 -13.6 0 2 -14 0 1.818
4 0 -14 0 1.818 -13.6 0 2 -14 0 2.909 -14.364 0 2.691
4 0 -14.364 0 2.691 -14 0 2.909 -14.691 0 3.454 -15 0 3.091
4 0 -15 0 3.091 -14.691 0 3.454 -15.273 0 3.727 -15.636 0 3.091
3 0 -15.854 0 3.546 -15.636 0 3.091 -15.273 0 3.727
4 0 -15.636 0 3.091 -15.854 0 3.546 -16.454 0 2.727 -16 0 2.546
4 0 -16 0 2.546 -16.454 0 2.727 -16.909 0 1.454 -16.454 0 1.273
4 0 -16.454 0 1.273 -16.909 0 1.454 -17.055 0 0.509 -16.6 0 0.364
4 0 -16.6 0 0.364 -17.055 0 0.509 -16.945 0 -0.818 -16.545 0 -0.727
4 0 -16.545 0 -0.727 -16.945 0 -0.818 -16.545 0 -1.636 -16.182 0 -1.454
4 0 -16.182 0 -1.454 -16.545 0 -1.636 -16.182 0 -2.273 -15.818 0 -1.909
4 0 -9.927 0 0 -9.927 0 0.382 -10.636 0 0.545 -10.727 0 0.145
4 0 -10.727 0 0.145 -10.636 0 0.545 -11.055 0 0.909 -11.273 0 0.545
4 0 -11.273 0 0.545 -11.055 0 0.909 -11.454 0 1.546 -11.909 0 1.454
4 0 -11.909 0 1.454 -11.454 0 1.546 -12 0 2.546 -12.364 0 2.364
4 0 -12.364 0 2.364 -12 0 2.546 -12.509 0 3.6 -12.909 0 3.364
4 0 -12.909 0 3.364 -12.509 0 3.6 -13.055 0 4.418 -13.309 0 4.091
4 0 -13.309 0 4.091 -13.055 0 4.418 -13.818 0 5.091 -14.182 0 4.691
4 0 -14.182 0 4.691 -13.818 0 5.091 -15 0 5.455 -15.091 0 5
4 0 -15.091 0 5 -15 0 5.455 -16.018 0 5.364 -16.091 0 4.909
4 0 -16.091 0 4.909 -16.018 0 5.364 -17.036 0 4.836 -17 0 4.182
4 0 -17.636 0 4.182 -17.545 0 3.454 -17 0 4.182 -17.036 0 4.836
3 0 -18 0 3.636 -17.545 0 3.454 -17.636 0 4.182
4 0 -17.545 0 3.454 -18 0 3.636 -18.491 0 2.454 -18 0 2.418
4 0 -18 0 2.418 -18.491 0 2.454 -18.782 0 1.273 -18.364 0 1.127
4 0 -18.364 0 1.127 -18.782 0 1.273 -18.873 0 0.091 -18.4 0 0.145
4 0 -18.4 0 0.145 -18.873 0 0.091 -18.727 0 -0.636 -18.364 0 0.091
4 0 -18.364 0 0.091 -18.727 0 -0.636 -18.327 0 -1.546 -18.182 0 -0.727
4 0 -18.182 0 -0.727 -18.327 0 -1.546 -18 0 -2.364 -17.873 0 -1.636
4 0 -17.873 0 -1.636 -18 0 -2.364 -17 0 -3.818 -17.055 0 -3
4 0 -16.454 0 -4.036 -16.764 0 -3.454 -17.055 0 -3 -17 0 -3.818
3 0 -16.454 0 -4.036 -15.818 0 -3.818 -16.364 0 -3.636
3 0 -16.454 0 -4.036 -16.364 0 -3.636 -16.764 0 -3.454
4 0 -15.818 0 -3.818 -15.418 0 -3.182 -15.818 0 -3.273 -16.364 0 -3.636
4 0 -15.418 0 -3.182 -15.454 0 -2.546 -15.836 0 -2.691 -15.818 0 -3.273
4 0 -15.454 0 -2.546 -15.818 0 -1.909 -16.182 0 -2.273 -15.836 0 -2.691
4 0 -16.273 0 -3.182 -16.545 0 -2.873 -17.055 0 -3 -16.764 0 -3.454
4 0 -15.836 0 -2.691 -16.182 0 -2.273 -16.545 0 -2.873 -16.273 0 -3.182
0 //Fill the fuse
4 8 -9.854 0 -1.454 -9.927 0 0 -10.727 0 0.145 -10.727 0 -1.364
4 8 -10.727 0 -1.364 -10.727 0 0.145 -11.273 0 0.545 -11.636 0 -1.091
3 8 -11.636 0 -1.091 -11.273 0 0.545 -12 0 -0.636
4 8 -12 0 -0.636 -11.273 0 0.545 -11.909 0 1.454 -12.6 0 0.182
4 8 -12.6 0 0.182 -11.909 0 1.454 -12.364 0 2.364 -13.091 0 0.945
4 8 -13.091 0 0.945 -12.364 0 2.364 -12.909 0 3.364 -13.6 0 2
4 8 -13.6 0 2 -12.909 0 3.364 -13.309 0 4.091 -14 0 2.909
4 8 -14 0 2.909 -13.309 0 4.091 -14.182 0 4.691 -14.691 0 3.454
4 8 -14.691 0 3.454 -14.182 0 4.691 -15.091 0 5 -15.273 0 3.727
3 8 -15.273 0 3.727 -15.091 0 5 -16.091 0 4.909
4 8 -15.273 0 3.727 -16.091 0 4.909 -17 0 4.182 -15.854 0 3.546
4 8 -15.854 0 3.546 -17 0 4.182 -17.545 0 3.454 -16.454 0 2.727
4 8 -16.454 0 2.727 -17.545 0 3.454 -18 0 2.418 -16.909 0 1.454
4 8 -16.909 0 1.454 -18 0 2.418 -18.364 0 1.127 -17.055 0 0.509
4 8 -17.055 0 0.509 -18.364 0 1.127 -18.4 0 0.145 -18.364 0 0.091
4 8 -17.055 0 0.509 -18.364 0 0.091 -18.182 0 -0.727 -16.945 0 -0.818
4 8 -16.945 0 -0.818 -18.182 0 -0.727 -17.873 0 -1.636 -16.545 0 -1.636
4 8 -16.545 0 -1.636 -17.873 0 -1.636 -17.055 0 -3 -16.182 0 -2.273
3 8 -17.055 0 -3 -16.545 0 -2.873 -16.182 0 -2.273
4 8 -16.764 0 -3.454 -16.364 0 -3.636 -15.818 0 -3.273 -16.273 0 -3.182
3 8 -15.836 0 -2.691 -16.273 0 -3.182 -15.818 0 -3.273
0 //Sparks
3 0 -14.545 0 -0.909 -15.091 0 -0.727 -14.364 0 -2.546
3 0 -14 0 -0.727 -14.545 0 -0.909 -14.364 0 -2.546
3 0 -13.182 0 -2.909 -13.182 0 -2.364 -13.582 0 -2.818
3 0 -13.182 0 -4 -11.309 0 -3.636 -11.182 0 -3.273
3 0 -13.182 0 -4 -11.145 0 -4.364 -11.309 0 -3.636
3 0 -12.545 0 -4.727 -13 0 -4.909 -12.691 0 -5.273
3 0 -12.636 0 -6.364 -13.964 0 -5.818 -13.309 0 -6.636
3 0 -13.964 0 -5.818 -13.454 0 -6.945 -13.309 0 -6.636
3 0 -15.091 0 -7.273 -15.091 0 -6.818 -15.454 0 -7.127
3 0 -17.127 0 -8.273 -16.509 0 -6 -17.509 0 -7.273
3 0 -17.509 0 -7.273 -16.509 0 -6 -18.673 0 -7.273
3 0 -16.855 0 -4.364 -18.364 0 -3.673 -18 0 -4.182
3 0 -16.855 0 -4.364 -18 0 -4.182 -18.364 0 -4.727
0 //Red glow
4 4 -14.636 0 -4.146 -15.273 0 -3.909 -15.764 0 -4.146 -16 0 -4.691
4 4 -15.273 0 -5.545 -14.691 0 -5.327 -14.454 0 -4.691 -14.636 0 -4.146
4 4 -16 0 -4.691 -15.764 0 -5.327 -15.273 0 -5.545 -14.636 0 -4.146
0 //Yellow glow
4 14 -16 0 -4.691 -15.764 0 -4.146 -16.273 0 -4.182 -16.654 0 -5.091
4 14 -15.764 0 -4.146 -15.273 0 -3.909 -15.273 0 -3.727 -16.273 0 -4.182
4 14 -15.273 0 -3.909 -14.636 0 -4.146 -14.273 0 -4.182 -15.273 0 -3.727
4 14 -14.636 0 -4.146 -14.454 0 -4.691 -13.873 0 -5.091 -14.273 0 -4.182
4 14 -14.454 0 -4.691 -14.691 0 -5.327 -14.273 0 -6 -13.873 0 -5.091
4 14 -14.691 0 -5.327 -15.273 0 -5.545 -15.273 0 -6.455 -14.273 0 -6
4 14 -15.273 0 -5.545 -15.764 0 -5.327 -16.273 0 -6 -15.273 0 -6.455
4 14 -15.764 0 -5.327 -16 0 -4.691 -16.654 0 -5.091 -16.273 0 -6
0 //Main color background
4 16 -17.127 0 -8.273 -17.509 0 -7.273 -18.673 0 -7.273 -20 0 -10
3 16 -20 0 -10 -17.273 0 -10 -17.127 0 -8.273
4 16 -17.273 0 -10 -15.454 0 -7.127 -16.509 0 -6 -17.127 0 -8.273
4 16 -17.273 0 -10 -14 0 -10 -15.091 0 -7.273 -15.454 0 -7.127
4 16 -14 0 -10 -13.273 0 -10 -13.454 0 -6.945 -15.091 0 -7.273
4 16 -13.273 0 -10 -12.727 0 -10 -13.309 0 -6.636 -13.454 0 -6.945
4 16 -9.091 0 -10 -12.636 0 -6.364 -13.309 0 -6.636 -12.727 0 -10
4 16 -7.036 0 -7.418 -7.909 0 -6.4 -12.636 0 -6.364 -9.091 0 -10
3 16 -6.727 0 -10 -7.036 0 -7.418 -9.091 0 -10
4 16 -6.727 0 -10 0.727 0 -10 -0.273 0 -7.364 -7.036 0 -7.418
3 16 0.727 0 -7.364 -0.273 0 -7.364 0.727 0 -10
4 16 0.727 0 -10 10.364 0 -10 9.673 0 -7.455 0.727 0 -7.364
3 16 10.636 0 -7.455 9.673 0 -7.455 10.364 0 -10
4 16 10.364 0 -10 20 0 -10 17.364 0 -7.509 10.636 0 -7.455
3 16 17.818 0 -7.382 17.364 0 -7.509 20 0 -10
3 16 18.091 0 -7.054 17.818 0 -7.382 20 0 -10
3 16 18.6 0 -5.909 18.091 0 -7.054 20 0 -10
3 16 18.818 0 -4.455 18.6 0 -5.909 20 0 -10
4 16 20 0 -10 20 0 -3.818 18.909 0 -3.309 18.818 0 -4.455
4 16 20 0 -1.454 18.818 0 -2.182 18.909 0 -3.309 20 0 -3.818
4 16 20 0 0.727 18.545 0 -1.036 18.818 0 -2.182 20 0 -1.454
3 16 18.091 0 -0.218 18.545 0 -1.036 20 0 0.727
3 16 20 0 0.727 17.418 0 0.327 18.091 0 -0.218
4 16 17.454 0 1.582 17.273 0 0.909 17.418 0 0.327 20 0 0.727
4 16 20 0 3.818 18 0 3.091 17.454 0 1.582 20 0 0.727
3 16 18.127 0 4.673 18 0 3.091 20 0 3.818
4 16 20 0 6.909 17.982 0 6.091 18.127 0 4.673 20 0 3.818
4 16 20 0 10 17.364 0 7.727 17.982 0 6.091 20 0 6.909
4 16 16.545 0 10 16.545 0 8.545 17.364 0 7.727 20 0 10
4 16 9.454 0 10 9.727 0 8.545 16.545 0 8.545 16.545 0 10
3 16 8.673 0 8.545 9.727 0 8.545 9.454 0 10
4 16 -0.909 0 10 -0.909 0 8.545 8.673 0 8.545 9.454 0 10
3 16 -2 0 8.545 -0.909 0 8.545 -0.909 0 10
4 16 -8 0 10 -8.182 0 8.491 -2 0 8.545 -0.909 0 10
4 16 -11.454 0 10 -8.964 0 7.364 -8.182 0 8.491 -8 0 10
4 16 -9.927 0 0.382 -9.727 0 1.909 -11.055 0 0.909 -10.636 0 0.545
4 16 -9.727 0 1.909 -9.273 0 3.182 -11.454 0 1.546 -11.055 0 0.909
4 16 -9.273 0 3.182 -9.418 0 4.545 -12 0 2.546 -11.454 0 1.546
4 16 -9.418 0 4.545 -9.364 0 5.909 -12.509 0 3.6 -12 0 2.546
4 16 -9.364 0 5.909 -8.964 0 7.364 -13.055 0 4.418 -12.509 0 3.6
4 16 -13.055 0 4.418 -8.964 0 7.364 -11.454 0 10 -13.818 0 5.091
4 16 -13.818 0 5.091 -11.454 0 10 -15.091 0 10 -15 0 5.455
4 16 -15 0 5.455 -15.091 0 10 -20 0 10 -16.018 0 5.364
4 16 -16.018 0 5.364 -20 0 10 -20 0 6.909 -17.036 0 4.836
3 16 -17.036 0 4.836 -20 0 6.909 -17.636 0 4.182
4 16 -20 0 6.909 -20 0 3.273 -18 0 3.636 -17.636 0 4.182
3 16 -18.491 0 2.454 -18 0 3.636 -20 0 3.273
3 16 -18.782 0 1.273 -18.491 0 2.454 -20 0 3.273
4 16 -20 0 3.273 -20 0 -2.364 -18.873 0 0.091 -18.782 0 1.273
3 16 -18.727 0 -0.636 -18.873 0 0.091 -20 0 -2.364
3 16 -18.327 0 -1.546 -18.727 0 -0.636 -20 0 -2.364
4 16 -20 0 -4.909 -18 0 -2.364 -18.327 0 -1.546 -20 0 -2.364
3 16 -18.364 0 -3.673 -18 0 -2.364 -20 0 -4.909
4 16 -18.364 0 -4.727 -18 0 -4.182 -18.364 0 -3.673 -20 0 -4.909
4 16 -20 0 -4.909 -20 0 -7.273 -18.673 0 -7.273 -18.364 0 -4.727
3 16 -20 0 -10 -18.673 0 -7.273 -20 0 -7.273
4 16 -14.364 0 -2.546 -15.091 0 -0.727 -15.818 0 -1.909 -15.454 0 -2.546
4 16 -16.545 0 -0.727 -16.182 0 -1.454 -15.818 0 -1.909 -15.091 0 -0.727
4 16 -16.454 0 1.273 -16.6 0 0.364 -16.545 0 -0.727 -15.091 0 -0.727
4 16 -14.545 0 -0.909 -16 0 2.546 -16.454 0 1.273 -15.091 0 -0.727
4 16 -15 0 3.091 -15.636 0 3.091 -16 0 2.546 -14.545 0 -0.909
3 16 -14.364 0 2.691 -15 0 3.091 -14.545 0 -0.909
4 16 -14 0 -0.727 -14 0 1.818 -14.364 0 2.691 -14.545 0 -0.909
3 16 -13.454 0 0.818 -14 0 1.818 -14 0 -0.727
3 16 -14 0 -0.727 -12.818 0 -0.091 -13.454 0 0.818
4 16 -12.364 0 -0.873 -12.818 0 -0.091 -14 0 -0.727 -14.364 0 -2.546
4 16 -14.364 0 -2.546 -13.582 0 -2.818 -13.182 0 -2.364 -12.364 0 -0.873
4 16 -13.182 0 -2.364 -13.182 0 -2.909 -11.727 0 -1.491 -12.364 0 -0.873
3 16 -13.182 0 -2.909 -10.909 0 -1.818 -11.727 0 -1.491
4 16 -9.727 0 -2 -9.854 0 -1.818 -10.909 0 -1.818 -13.182 0 -2.909
4 16 -9.273 0 -3.146 -9.727 0 -2 -13.182 0 -2.909 -11.182 0 -3.273
4 16 -8.454 0 -4 -9.273 0 -3.146 -11.182 0 -3.273 -11.309 0 -3.636
4 16 -8.364 0 -5.091 -8.454 0 -4 -11.309 0 -3.636 -11.145 0 -4.364
4 16 -8.364 0 -5.091 -11.145 0 -4.364 -12.545 0 -4.727 -12.691 0 -5.273
4 16 -7.909 0 -6.4 -8.364 0 -5.091 -12.691 0 -5.273 -12.636 0 -6.364
4 16 -16.654 0 -5.091 -16.855 0 -4.364 -18.364 0 -4.727 -18.673 0 -7.273
3 16 -16.509 0 -6 -16.654 0 -5.091 -18.673 0 -7.273
4 16 -16.855 0 -4.364 -17 0 -3.818 -18 0 -2.364 -18.364 0 -3.673
3 16 -16.454 0 -4.036 -17 0 -3.818 -16.855 0 -4.364
4 16 -16.273 0 -4.182 -15.818 0 -3.818 -16.454 0 -4.036 -16.855 0 -4.364
3 16 -15.273 0 -3.727 -15.418 0 -3.182 -15.818 0 -3.818
3 16 -15.818 0 -3.818 -16.273 0 -4.182 -15.273 0 -3.727
4 16 -15.273 0 -3.727 -14.273 0 -4.182 -13.182 0 -4 -15.418 0 -3.182
4 16 -13.182 0 -4 -14.364 0 -2.546 -15.454 0 -2.546 -15.418 0 -3.182
3 16 -13.582 0 -2.818 -14.364 0 -2.546 -13.182 0 -4
3 16 -13.182 0 -2.909 -13.582 0 -2.818 -13.182 0 -4
3 16 -11.182 0 -3.273 -13.182 0 -2.909 -13.182 0 -4
4 16 -14.273 0 -4.182 -13.873 0 -5.091 -13 0 -4.909 -13.182 0 -4
3 16 -13 0 -4.909 -12.545 0 -4.727 -13.182 0 -4
3 16 -11.145 0 -4.364 -13.182 0 -4 -12.545 0 -4.727
3 16 -16.273 0 -6 -16.654 0 -5.091 -16.509 0 -6
3 16 -16.273 0 -6 -16.509 0 -6 -15.454 0 -7.127
4 16 -15.454 0 -7.127 -15.091 0 -6.818 -15.273 0 -6.455 -16.273 0 -6
3 16 -13.454 0 -6.945 -15.091 0 -6.818 -15.091 0 -7.273
3 16 -16.855 0 -4.364 -16.654 0 -5.091 -16.273 0 -4.182
4 16 -14.273 0 -6 -13.964 0 -5.818 -13 0 -4.909 -13.873 0 -5.091
4 16 -12.636 0 -6.364 -12.691 0 -5.273 -13 0 -4.909 -13.964 0 -5.818
4 16 -15.091 0 -6.818 -13.454 0 -6.945 -13.964 0 -5.818 -14.273 0 -6
3 16 -15.091 0 -6.818 -14.273 0 -6 -15.273 0 -6.455
