0 Tile  1 x  1 with Black Bold "3" Pattern
0 Name: 3070bp08.dat
0 Author: John Riley [jriley]
0 !LDRAW_ORG Part UPDATE 2009-03
0 !LICENSE Redistributable under CCAL version 2.0 : see CAreadme.txt

0 BFC CERTIFY CCW
0 !KEYWORDS thick

0 !HISTORY 2003-07-02 [Steffen] fixed BFC errors
0 !HISTORY 2004-09-15 [PTadmin] Official Update 2004-03
0 !HISTORY 2007-10-13 [PTadmin] Header formatted for Contributor Agreement
0 !HISTORY 2008-07-01 [PTadmin] Official Update 2008-01
0 !HISTORY 2009-08-12 [anathema] Corrected pattern
0 !HISTORY 2009-12-29 [PTadmin] Official Update 2009-03

1 16 0 0 0 1 0 0 0 1 0 0 0 1 s\3070bs01.dat
4 0 -4.36 0 -4.751 -4.173 0 -5.139 -0.293 0 -3.201 -4.508 0 -4.338
4 0 -4.616 0 -3.905 -4.508 0 -4.338 -0.336 0 -3.095 -4.681 0 -3.451
4 0 -0.293 0 -3.201 -4.173 0 -5.139 -3.949 0 -5.503 -3.689 0 -5.841
4 0 -3.07 0 -6.429 -2.714 0 -6.676 -0.229 0 -3.263 -3.396 0 -6.15
4 0 -3.689 0 -5.841 -3.396 0 -6.15 -0.229 0 -3.263 -0.293 0 -3.201
4 0 -0.229 0 -3.263 -2.714 0 -6.676 -2.329 0 -6.891 -1.916 0 -7.069
4 0 -0.375 0 -2.709 -0.537 0 -1.86 -4.569 0 -2 -4.703 0 -2.609
3 0 -4.699 0 -2.344 -4.569 0 -2 -4.687 0 -2.167
3 0 -4.703 0 -2.609 -4.569 0 -2 -4.699 0 -2.344
4 0 -0.375 0 -2.709 -4.703 0 -2.609 -4.704 0 -2.98 -0.362 0 -2.935
3 0 -4.626 0 -2.013 -4.664 0 -2.063 -4.569 0 -2
4 0 -0.362 0 -2.935 -4.704 0 -2.98 -4.681 0 -3.451 -0.336 0 -3.095
3 0 -4.664 0 -2.063 -4.687 0 -2.167 -4.569 0 -2
4 0 -1.657 0 -0.9 -1.644 0 -0.993 -1.592 0 -1.055 -1.478 0 -1.093
4 0 -0.14 0 -3.293 -1.477 0 -7.211 -1.014 0 -7.315 -0.529 0 -7.378
3 0 -0.38 0 -2.408 -0.537 0 -1.86 -0.375 0 -2.709
4 0 -0.022 0 -3.3 -0.14 0 -3.293 -0.529 0 -7.378 -0.022 0 -7.4
4 0 -0.14 0 -3.293 -0.229 0 -3.263 -1.916 0 -7.069 -1.477 0 -7.211
4 0 -0.022 0 -3.3 -0.022 0 -7.4 0.492 0 -7.378 0.984 0 -7.313
3 0 -4.508 0 -4.338 -0.293 0 -3.201 -0.336 0 -3.095
4 0 -1.657 0 -0.9 -1.478 0 -1.093 -1.282 0 -1.112 -0.983 0 -1.119
4 0 -0.537 0 -1.86 -0.38 0 -2.02 -0.396 0 -1.934 -0.447 0 -1.879
4 0 -0.317 0 -1.13 -0.122 0 -1.165 -0.341 0 1.775 -0.56 0 1.76
3 0 -0.38 0 -2.02 -0.537 0 -1.86 -0.38 0 -2.408
4 0 -0.983 0 -1.119 -0.56 0 -1.12 -1.657 0 1.46 -1.657 0 -0.9
4 0 -0.122 0 -1.165 2.375 0 0.24 -0.147 0 1.819 -0.341 0 1.775
4 0 -0.56 0 -1.12 -0.317 0 -1.13 -0.56 0 1.76 -1.657 0 1.46
4 0 -4.345 0 2.56 -4.524 0 2.998 -4.524 0 2.72 -4.508 0 2.634
4 0 -4.517 0 3.306 -4.524 0 2.998 -4.345 0 2.56 -0.627 0 2.42
4 0 -0.372 0 3.212 -4.5 0 3.637 -4.517 0 3.306 -0.627 0 2.42
4 0 -1.648 0 1.571 -1.657 0 1.46 -1.405 0 1.736 -1.536 0 1.704
3 0 -4.451 0 2.579 -4.345 0 2.56 -4.508 0 2.634
4 0 -4.466 0 3.986 -4.5 0 3.637 -0.352 0 3.391 -4.41 0 4.347
4 0 -4.326 0 4.713 -4.41 0 4.347 -0.314 0 3.51 -4.21 0 5.08
4 0 -4.055 0 5.439 -4.21 0 5.08 -0.314 0 3.51 -3.856 0 5.787
4 0 -0.25 0 3.579 -3.305 0 6.42 -3.608 0 6.116 -3.856 0 5.787
4 0 -2.941 0 6.695 -3.305 0 6.42 -0.25 0 3.579 -2.511 0 6.933
4 0 -2.01 0 7.128 -2.511 0 6.933 -0.25 0 3.579 -1.431 0 7.275
3 0 -1.612 0 1.651 -1.648 0 1.571 -1.536 0 1.704
4 0 -1.208 0 1.753 -1.405 0 1.736 -1.657 0 1.46 -0.931 0 1.759
3 0 -0.931 0 1.759 -1.657 0 1.46 -0.56 0 1.76
4 0 -0.38 0 2.62 -0.627 0 2.42 -0.522 0 2.437 -0.445 0 2.482
3 0 -0.38 0 2.62 -0.379 0 2.959 -0.627 0 2.42
4 0 -0.771 0 7.368 -1.431 0 7.275 -0.155 0 3.612 -0.022 0 7.4
3 0 -0.627 0 2.42 -0.379 0 2.959 -0.372 0 3.212
3 0 -0.372 0 3.212 -0.352 0 3.391 -4.5 0 3.637
3 0 -0.445 0 2.482 -0.397 0 2.547 -0.38 0 2.62
3 0 -3.856 0 5.787 -0.314 0 3.51 -0.25 0 3.579
3 0 -4.41 0 4.347 -0.352 0 3.391 -0.314 0 3.51
3 0 -0.25 0 3.579 -0.155 0 3.612 -1.431 0 7.275
4 0 -0.022 0 7.4 -0.155 0 3.612 -0.022 0 3.62 0.468 0 7.383
4 0 2.31 0 -6.881 0.182 0 -3.234 0.084 0 -3.283 1.894 0 -7.063
4 0 4.488 0 -4.302 0.316 0 -3.041 0.262 0 -3.153 4.341 0 -4.717
4 0 4.658 0 -2.523 0.335 0 -2.495 0.336 0 -2.9 4.682 0 -2.94
4 0 0.262 0 -3.153 0.182 0 -3.234 3.673 0 -5.817 3.932 0 -5.476
4 0 0.084 0 -3.283 0.984 0 -7.313 1.452 0 -7.208 1.894 0 -7.063
3 0 0.084 0 -3.283 -0.022 0 -3.3 0.984 0 -7.313
4 0 0.336 0 -2.9 0.316 0 -3.041 4.66 0 -3.412 4.682 0 -2.94
4 0 2.875 0 0.023 2.666 0 0.1 0.279 0 -1.643 3.095 0 -0.089
4 0 0.143 0 -1.326 0.224 0 -1.462 2.41 0 0.199 2.375 0 0.24
3 0 0.029 0 -1.228 0.143 0 -1.326 2.375 0 0.24
4 0 2.511 0 0.154 0.224 0 -1.462 0.279 0 -1.643 2.666 0 0.1
4 0 0.312 0 -1.872 0.329 0 -2.154 3.976 0 -0.865 3.767 0 -0.623
4 0 0.329 0 -2.154 0.335 0 -2.495 4.48 0 -1.773 4.339 0 -1.441
3 0 2.41 0 0.199 0.224 0 -1.462 2.511 0 0.154
4 0 3.321 0 -0.234 0.279 0 -1.643 0.312 0 -1.872 3.547 0 -0.413
3 0 2.375 0 0.24 0.019 0 1.887 -0.147 0 1.819
4 0 0.182 0 -3.234 2.31 0 -6.881 2.697 0 -6.664 3.054 0 -6.413
4 0 0.182 0 -3.234 3.054 0 -6.413 3.38 0 -6.13 3.673 0 -5.817
4 0 0.262 0 -3.153 3.932 0 -5.476 4.155 0 -5.109 4.341 0 -4.717
4 0 0.316 0 -3.041 4.488 0 -4.302 4.595 0 -3.867 4.66 0 -3.412
3 0 0.279 0 -1.643 3.321 0 -0.234 3.095 0 -0.089
3 0 0.312 0 -1.872 3.767 0 -0.623 3.547 0 -0.413
4 0 0.329 0 -2.154 4.339 0 -1.441 4.169 0 -1.138 3.976 0 -0.865
4 0 4.589 0 -2.134 4.48 0 -1.773 0.335 0 -2.495 4.658 0 -2.523
4 0 0.153 0 1.977 0.019 0 1.887 2.375 0 0.24 2.409 0 0.281
4 0 2.497 0 0.332 0.315 0 2.207 0.253 0 2.085 2.409 0 0.281
3 0 0.153 0 1.977 2.409 0 0.281 0.253 0 2.085
4 0 3.487 0 1.013 0.336 0 2.34 0.315 0 2.207 3.274 0 0.817
4 0 4.053 0 1.764 0.336 0 2.728 0.336 0 2.34 3.881 0 1.488
4 0 0.331 0 3.029 0.336 0 2.728 4.328 0 2.394 4.422 0 2.746
4 0 4.482 0 3.121 0.317 0 3.255 0.331 0 3.029 4.422 0 2.746
4 0 0.292 0 3.415 0.317 0 3.255 4.503 0 3.52 4.481 0 3.959
4 0 0.185 0 3.583 2.925 0 6.597 2.581 0 6.805 2.209 0 6.984
4 0 0.468 0 7.383 -0.022 0 3.62 0.096 0 3.613 0.938 0 7.332
4 0 1.385 0 7.248 0.096 0 3.613 0.185 0 3.583 1.809 0 7.131
4 0 3.523 0 6.095 0.185 0 3.583 0.249 0 3.521 3.774 0 5.802
3 0 0.185 0 3.583 2.209 0 6.984 1.809 0 7.131
3 0 0.096 0 3.613 1.385 0 7.248 0.938 0 7.332
4 0 4.418 0 4.376 0.249 0 3.521 0.292 0 3.415 4.481 0 3.959
3 0 2.621 0 0.4 0.315 0 2.207 2.497 0 0.332
4 0 0.315 0 2.207 2.837 0 0.51 3.056 0 0.649 3.274 0 0.817
4 0 0.336 0 2.34 3.487 0 1.013 3.691 0 1.237 3.881 0 1.488
4 0 0.336 0 2.728 4.053 0 1.764 4.204 0 2.067 4.328 0 2.394
4 0 3.24 0 6.36 2.925 0 6.597 0.185 0 3.583 3.523 0 6.095
4 0 3.99 0 5.483 3.774 0 5.802 0.249 0 3.521 4.171 0 5.139
4 0 0.249 0 3.521 4.418 0 4.376 4.314 0 4.769 4.171 0 5.139
3 0 4.482 0 3.121 4.503 0 3.52 0.317 0 3.255
3 0 2.837 0 0.51 0.315 0 2.207 2.621 0 0.4
3 0 -0.122 0 -1.165 0.029 0 -1.228 2.375 0 0.24
3 16 -10 0 -10 -3.949 0 -5.503 -4.173 0 -5.139
3 16 -3.949 0 -5.503 -10 0 -10 -3.689 0 -5.841
3 16 -4.36 0 -4.751 -4.508 0 -4.338 -10 0 -10
3 16 -4.173 0 -5.139 -4.36 0 -4.751 -10 0 -10
3 16 -10 0 -10 -4.508 0 -4.338 -4.616 0 -3.905
3 16 -2.329 0 -6.891 -2.714 0 -6.676 -10 0 -10
3 16 -1.916 0 -7.069 -2.329 0 -6.891 -10 0 -10
3 16 -3.396 0 -6.15 -3.689 0 -5.841 -10 0 -10
3 16 -3.07 0 -6.429 -3.396 0 -6.15 -10 0 -10
3 16 -2.714 0 -6.676 -3.07 0 -6.429 -10 0 -10
3 16 -10 0 -10 -1.477 0 -7.211 -1.916 0 -7.069
3 16 -4.681 0 -3.451 -4.704 0 -2.98 -10 0 -10
4 16 -10 0 -10 -4.699 0 -2.344 -4.687 0 -2.167 -10 0 10
3 16 -4.703 0 -2.609 -4.699 0 -2.344 -10 0 -10
3 16 -4.704 0 -2.98 -4.703 0 -2.609 -10 0 -10
4 16 -4.508 0 2.634 -4.664 0 -2.063 -4.626 0 -2.013 -4.451 0 2.579
3 16 -4.569 0 -2 -1.592 0 -1.055 -1.644 0 -0.993
4 16 -4.451 0 2.579 -4.626 0 -2.013 -4.569 0 -2 -4.345 0 2.56
4 16 -4.569 0 -2 -1.644 0 -0.993 -1.657 0 -0.9 -4.345 0 2.56
3 16 -4.681 0 -3.451 -10 0 -10 -4.616 0 -3.905
4 16 -10 0 10 -4.687 0 -2.167 -4.664 0 -2.063 -4.508 0 2.634
3 16 -0.529 0 -7.378 -1.014 0 -7.315 -10 0 -10
4 16 0.336 0 -2.9 -0.375 0 -2.709 -0.362 0 -2.935 0.316 0 -3.041
3 16 -1.014 0 -7.315 -1.477 0 -7.211 -10 0 -10
4 16 -0.14 0 -3.293 -0.022 0 -3.3 -0.336 0 -3.095 -0.293 0 -3.201
3 16 -0.293 0 -3.201 -0.229 0 -3.263 -0.14 0 -3.293
4 16 0.316 0 -3.041 -0.362 0 -2.935 -0.336 0 -3.095 0.262 0 -3.153
4 16 -0.022 0 -7.4 -0.529 0 -7.378 -10 0 -10 10 0 -10
4 16 0.335 0 -2.495 -0.38 0 -2.408 -0.375 0 -2.709 0.336 0 -2.9
4 16 -0.537 0 -1.86 -0.317 0 -1.13 -0.56 0 -1.12 -0.983 0 -1.119
3 16 -1.282 0 -1.112 -1.478 0 -1.093 -0.537 0 -1.86
3 16 -0.983 0 -1.119 -1.282 0 -1.112 -0.537 0 -1.86
4 16 -0.537 0 -1.86 -1.478 0 -1.093 -1.592 0 -1.055 -4.569 0 -2
4 16 -0.38 0 -2.02 -0.38 0 -2.408 0.329 0 -2.154 0.312 0 -1.872
4 16 -0.447 0 -1.879 -0.396 0 -1.934 0.279 0 -1.643 0.224 0 -1.462
4 16 -0.122 0 -1.165 -0.317 0 -1.13 -0.447 0 -1.879 0.029 0 -1.228
3 16 -0.447 0 -1.879 -0.317 0 -1.13 -0.537 0 -1.86
4 16 -0.396 0 -1.934 -0.38 0 -2.02 0.312 0 -1.872 0.279 0 -1.643
3 16 -4.508 0 2.634 -4.524 0 2.72 -10 0 10
3 16 -4.517 0 3.306 -4.5 0 3.637 -10 0 10
3 16 -4.524 0 2.998 -4.517 0 3.306 -10 0 10
3 16 -4.524 0 2.72 -4.524 0 2.998 -10 0 10
3 16 -1.657 0 1.46 -1.648 0 1.571 -4.345 0 2.56
3 16 -1.657 0 -0.9 -1.657 0 1.46 -4.345 0 2.56
4 16 -0.627 0 2.42 -4.345 0 2.56 -1.536 0 1.704 -1.405 0 1.736
3 16 -4.5 0 3.637 -4.466 0 3.986 -10 0 10
3 16 -4.41 0 4.347 -4.326 0 4.713 -10 0 10
3 16 -10 0 10 -4.21 0 5.08 -4.055 0 5.439
3 16 -4.21 0 5.08 -10 0 10 -4.326 0 4.713
3 16 -10 0 10 -4.055 0 5.439 -3.856 0 5.787
3 16 -4.41 0 4.347 -10 0 10 -4.466 0 3.986
3 16 -3.608 0 6.116 -3.305 0 6.42 -10 0 10
3 16 -3.856 0 5.787 -3.608 0 6.116 -10 0 10
3 16 -2.511 0 6.933 -2.01 0 7.128 -10 0 10
3 16 -2.941 0 6.695 -2.511 0 6.933 -10 0 10
3 16 -3.305 0 6.42 -2.941 0 6.695 -10 0 10
3 16 -10 0 10 -2.01 0 7.128 -1.431 0 7.275
3 16 -4.345 0 2.56 -1.648 0 1.571 -1.612 0 1.651
3 16 -1.208 0 1.753 -0.931 0 1.759 -0.627 0 2.42
3 16 -1.405 0 1.736 -1.208 0 1.753 -0.627 0 2.42
4 16 -0.522 0 2.437 -0.56 0 1.76 -0.341 0 1.775 -0.147 0 1.819
4 16 -0.56 0 1.76 -0.522 0 2.437 -0.627 0 2.42 -0.931 0 1.759
4 16 -0.445 0 2.482 -0.522 0 2.437 -0.147 0 1.819 0.019 0 1.887
4 16 -0.397 0 2.547 -0.445 0 2.482 0.315 0 2.207 0.336 0 2.34
4 16 -0.38 0 2.62 -0.397 0 2.547 0.336 0 2.34 0.336 0 2.728
3 16 -1.431 0 7.275 -0.771 0 7.368 -10 0 10
4 16 -0.372 0 3.212 -0.379 0 2.959 0.331 0 3.029 0.317 0 3.255
4 16 -0.314 0 3.51 -0.352 0 3.391 -0.155 0 3.612 -0.25 0 3.579
4 16 -0.352 0 3.391 0.292 0 3.415 -0.022 0 3.62 -0.155 0 3.612
4 16 -0.352 0 3.391 -0.372 0 3.212 0.317 0 3.255 0.292 0 3.415
4 16 -0.379 0 2.959 -0.38 0 2.62 0.336 0 2.728 0.331 0 3.029
3 16 -1.612 0 1.651 -1.536 0 1.704 -4.345 0 2.56
4 16 -10 0 10 -0.771 0 7.368 -0.022 0 7.4 10 0 10
4 16 -0.336 0 -3.095 -0.022 0 -3.3 0.182 0 -3.234 0.262 0 -3.153
3 16 0.984 0 -7.313 0.492 0 -7.378 10 0 -10
3 16 1.452 0 -7.208 0.984 0 -7.313 10 0 -10
3 16 2.31 0 -6.881 1.894 0 -7.063 10 0 -10
3 16 2.697 0 -6.664 2.31 0 -6.881 10 0 -10
3 16 1.452 0 -7.208 10 0 -10 1.894 0 -7.063
4 16 0.143 0 -1.326 0.029 0 -1.228 -0.447 0 -1.879 0.224 0 -1.462
3 16 2.409 0 0.281 2.375 0 0.24 2.41 0 0.199
4 16 2.409 0 0.281 2.41 0 0.199 2.511 0 0.154 2.497 0 0.332
4 16 2.511 0 0.154 2.666 0 0.1 2.621 0 0.4 2.497 0 0.332
3 16 0.335 0 -2.495 0.329 0 -2.154 -0.38 0 -2.408
3 16 0.084 0 -3.283 0.182 0 -3.234 -0.022 0 -3.3
3 16 3.38 0 -6.13 3.054 0 -6.413 10 0 -10
3 16 3.932 0 -5.476 3.673 0 -5.817 10 0 -10
3 16 4.155 0 -5.109 3.932 0 -5.476 10 0 -10
3 16 3.38 0 -6.13 10 0 -10 3.673 0 -5.817
3 16 4.341 0 -4.717 10 0 -10 4.488 0 -4.302
3 16 10 0 -10 4.341 0 -4.717 4.155 0 -5.109
3 16 4.488 0 -4.302 10 0 -10 4.595 0 -3.867
3 16 4.66 0 -3.412 4.595 0 -3.867 10 0 -10
3 16 4.682 0 -2.94 4.66 0 -3.412 10 0 -10
3 16 10 0 -10 4.658 0 -2.523 4.682 0 -2.94
3 16 3.054 0 -6.413 2.697 0 -6.664 10 0 -10
4 16 3.547 0 -0.413 3.767 0 -0.623 3.691 0 1.237 3.487 0 1.013
4 16 3.274 0 0.817 3.095 0 -0.089 3.321 0 -0.234 3.487 0 1.013
4 16 2.875 0 0.023 3.095 0 -0.089 3.056 0 0.649 2.837 0 0.51
3 16 3.547 0 -0.413 3.487 0 1.013 3.321 0 -0.234
4 16 4.589 0 -2.134 4.658 0 -2.523 10 0 -10 10 0 10
4 16 4.48 0 -1.773 4.589 0 -2.134 4.422 0 2.746 4.328 0 2.394
4 16 4.169 0 -1.138 4.339 0 -1.441 4.204 0 2.067 4.053 0 1.764
4 16 3.976 0 -0.865 4.169 0 -1.138 4.053 0 1.764 3.881 0 1.488
4 16 4.339 0 -1.441 4.48 0 -1.773 4.328 0 2.394 4.204 0 2.067
4 16 3.767 0 -0.623 3.976 0 -0.865 3.881 0 1.488 3.691 0 1.237
3 16 0.492 0 -7.378 -0.022 0 -7.4 10 0 -10
4 16 2.666 0 0.1 2.875 0 0.023 2.837 0 0.51 2.621 0 0.4
4 16 -0.445 0 2.482 0.153 0 1.977 0.253 0 2.085 0.315 0 2.207
4 16 0.096 0 3.613 0.292 0 3.415 0.249 0 3.521 0.185 0 3.583
3 16 0.096 0 3.613 -0.022 0 3.62 0.292 0 3.415
3 16 2.209 0 6.984 2.581 0 6.805 10 0 10
3 16 1.809 0 7.131 2.209 0 6.984 10 0 10
3 16 0.938 0 7.332 1.385 0 7.248 10 0 10
3 16 0.468 0 7.383 0.938 0 7.332 10 0 10
3 16 1.809 0 7.131 10 0 10 1.385 0 7.248
3 16 -0.022 0 7.4 0.468 0 7.383 10 0 10
3 16 -0.445 0 2.482 0.019 0 1.887 0.153 0 1.977
3 16 3.056 0 0.649 3.095 0 -0.089 3.274 0 0.817
4 16 10 0 10 4.482 0 3.121 4.422 0 2.746 4.589 0 -2.134
3 16 3.774 0 5.802 3.99 0 5.483 10 0 10
3 16 3.24 0 6.36 3.523 0 6.095 10 0 10
3 16 2.925 0 6.597 3.24 0 6.36 10 0 10
3 16 3.774 0 5.802 10 0 10 3.523 0 6.095
3 16 4.481 0 3.959 4.503 0 3.52 10 0 10
3 16 4.418 0 4.376 4.481 0 3.959 10 0 10
3 16 4.171 0 5.139 4.314 0 4.769 10 0 10
3 16 10 0 10 4.314 0 4.769 4.418 0 4.376
3 16 4.171 0 5.139 10 0 10 3.99 0 5.483
3 16 4.503 0 3.52 4.482 0 3.121 10 0 10
3 16 2.925 0 6.597 10 0 10 2.581 0 6.805
0
