0 Duplo Primo Plate  3 x  3
0 Name: 31012.dat
0 Author: Tony Hafner [hafhead]
0 !LDRAW_ORG Part UPDATE 2004-04
0 !LICENSE Redistributable under CCAL version 2.0 : see CAreadme.txt

0 BFC CERTIFY CW

0 !HISTORY 2004-11-06 [PTadmin] Official Update 2004-04
0 !HISTORY 2007-06-24 [PTadmin] Header formatted for Contributor Agreement
0 !HISTORY 2008-07-01 [PTadmin] Official Update 2008-01

1 16 0 0 0 1 0 0 0 1 0 0 0 1 primotop.dat
1 16 0 4 0 1 0 0 0 44 0 0 0 1 primobot.dat
1 16 120 0 0 1 0 0 0 1 0 0 0 1 primotop.dat
1 16 120 4 0 1 0 0 0 44 0 0 0 1 primobot.dat
1 16 -120 0 0 1 0 0 0 1 0 0 0 1 primotop.dat
1 16 -120 4 0 1 0 0 0 44 0 0 0 1 primobot.dat
1 16 0 0 120 1 0 0 0 1 0 0 0 1 primotop.dat
1 16 0 4 120 1 0 0 0 44 0 0 0 1 primobot.dat
1 16 120 0 120 1 0 0 0 1 0 0 0 1 primotop.dat
1 16 120 4 120 1 0 0 0 44 0 0 0 1 primobot.dat
1 16 -120 0 120 1 0 0 0 1 0 0 0 1 primotop.dat
1 16 -120 4 120 1 0 0 0 44 0 0 0 1 primobot.dat
1 16 0 0 -120 1 0 0 0 1 0 0 0 1 primotop.dat
1 16 0 4 -120 1 0 0 0 44 0 0 0 1 primobot.dat
1 16 120 0 -120 1 0 0 0 1 0 0 0 1 primotop.dat
1 16 120 4 -120 1 0 0 0 44 0 0 0 1 primobot.dat
1 16 -120 0 -120 1 0 0 0 1 0 0 0 1 primotop.dat
1 16 -120 4 -120 1 0 0 0 44 0 0 0 1 primobot.dat
3 16 166 0 -166 80 0 -160 160 0 -160
3 16 166 0 -166 40 0 -160 80 0 -160
4 16 166 0 -166 -166 0 -166 -40 0 -160 40 0 -160
3 16 -166 0 -166 -160 0 -160 -80 0 -160
3 16 -166 0 -166 -80 0 -160 -40 0 -160
3 16 -166 0 166 -80 0 160 -160 0 160
3 16 -166 0 166 -40 0 160 -80 0 160
4 16 -166 0 166 166 0 166 40 0 160 -40 0 160
3 16 166 0 166 160 0 160 80 0 160
3 16 166 0 166 80 0 160 40 0 160
3 16 -166 0 -166 -160 0 -80 -160 0 -160
3 16 -166 0 -166 -160 0 -40 -160 0 -80
4 16 -166 0 -166 -166 0 166 -160 0 40 -160 0 -40
3 16 -166 0 166 -160 0 160 -160 0 80
3 16 -166 0 166 -160 0 80 -160 0 40
3 16 166 0 166 160 0 80 160 0 160
3 16 166 0 166 160 0 40 160 0 80
4 16 166 0 166 166 0 -166 160 0 -40 160 0 40
3 16 166 0 -166 160 0 -160 160 0 -80
3 16 166 0 -166 160 0 -80 160 0 -40
4 16 -80 0 160 -40 0 160 -40 0 80 -80 0 80
4 16 40 0 160 80 0 160 80 0 80 40 0 80
4 16 80 0 -160 40 0 -160 40 0 -80 80 0 -80
4 16 -40 0 -160 -80 0 -160 -80 0 -80 -40 0 -80
4 16 -160 0 80 -80 0 80 -80 0 40 -160 0 40
4 16 -160 0 -40 -80 0 -40 -80 0 -80 -160 0 -80
4 16 160 0 -80 80 0 -80 80 0 -40 160 0 -40
4 16 160 0 40 80 0 40 80 0 80 160 0 80
4 16 -40 0 80 40 0 80 40 0 40 -40 0 40
4 16 40 0 -80 -40 0 -80 -40 0 -40 40 0 -40
4 16 -80 0 -40 -80 0 40 -40 0 40 -40 0 -40
4 16 80 0 40 80 0 -40 40 0 -40 40 0 40
4 16 -80 0 80 -40 0 80 -40 0 40 -80 0 40
4 16 40 0 80 80 0 80 80 0 40 40 0 40
4 16 80 0 -80 40 0 -80 40 0 -40 80 0 -40
4 16 -40 0 -80 -80 0 -80 -80 0 -40 -40 0 -40
3 16 -166 4 -166 -76 4 -164 -164 4 -164
3 16 -166 4 -166 -44 4 -164 -76 4 -164
4 16 -166 4 -166 166 4 -166 44 4 -164 -44 4 -164
3 16 166 4 -166 164 4 -164 76 4 -164
3 16 166 4 -166 76 4 -164 44 4 -164
3 16 166 4 166 76 4 164 164 4 164
3 16 166 4 166 44 4 164 76 4 164
4 16 166 4 166 -166 4 166 -44 4 164 44 4 164
3 16 -166 4 166 -164 4 164 -76 4 164
3 16 -166 4 166 -76 4 164 -44 4 164
3 16 166 4 -166 164 4 -76 164 4 -164
3 16 166 4 -166 164 4 -44 164 4 -76
4 16 166 4 -166 166 4 166 164 4 44 164 4 -44
3 16 166 4 166 164 4 164 164 4 76
3 16 166 4 166 164 4 76 164 4 44
3 16 -166 4 166 -164 4 76 -164 4 164
3 16 -166 4 166 -164 4 44 -164 4 76
4 16 -166 4 166 -166 4 -166 -164 4 -44 -164 4 44
3 16 -166 4 -166 -164 4 -164 -164 4 -76
3 16 -166 4 -166 -164 4 -76 -164 4 -44
4 16 76 4 164 44 4 164 44 4 76 76 4 76
4 16 -44 4 164 -76 4 164 -76 4 76 -44 4 76
4 16 -76 4 -164 -44 4 -164 -44 4 -76 -76 4 -76
4 16 44 4 -164 76 4 -164 76 4 -76 44 4 -76
4 16 164 4 76 76 4 76 76 4 44 164 4 44
4 16 164 4 -44 76 4 -44 76 4 -76 164 4 -76
4 16 -164 4 -76 -76 4 -76 -76 4 -44 -164 4 -44
4 16 -164 4 44 -76 4 44 -76 4 76 -164 4 76
4 16 44 4 76 -44 4 76 -44 4 44 44 4 44
4 16 -44 4 -76 44 4 -76 44 4 -44 -44 4 -44
4 16 76 4 -44 76 4 44 44 4 44 44 4 -44
4 16 -76 4 44 -76 4 -44 -44 4 -44 -44 4 44
4 16 76 4 76 44 4 76 44 4 44 76 4 44
4 16 -44 4 76 -76 4 76 -76 4 44 -44 4 44
4 16 -76 4 -76 -44 4 -76 -44 4 -44 -76 4 -44
4 16 44 4 -76 76 4 -76 76 4 -44 44 4 -44
4 16 -166 10 -180 166 10 -180 166 34 -180 -166 34 -180
4 16 -166 10 180 -166 34 180 166 34 180 166 10 180
4 16 -180 10 166 -180 10 -166 -180 34 -166 -180 34 166
4 16 180 10 -166 180 10 166 180 34 166 180 34 -166
4 16 -166 10 176 166 10 176 166 34 176 -166 34 176
4 16 -166 10 -176 -166 34 -176 166 34 -176 166 10 -176
4 16 176 10 166 176 10 -166 176 34 -166 176 34 166
4 16 -176 10 -166 -176 10 166 -176 34 166 -176 34 -166
2 24 166 34 -180 -166 34 -180
2 24 166 34 180 -166 34 180
2 24 -180 34 -166 -180 34 166
2 24 180 34 166 180 34 -166
2 24 166 34 -176 -166 34 -176
2 24 166 34 176 -166 34 176
2 24 -176 34 -166 -176 34 166
2 24 176 34 166 176 34 -166
4 16 -166 34 -176 -166 34 -180 166 34 -180 166 34 -176
4 16 166 34 176 166 34 180 -166 34 180 -166 34 176
4 16 -176 34 166 -180 34 166 -180 34 -166 -176 34 -166
4 16 176 34 -166 180 34 -166 180 34 166 176 34 166
1 16 -166 10 -166 0 332 0 0 0 -10 -14 0 0 1-4cyli.dat
1 16 166 10 166 0 -332 0 0 0 -10 14 0 0 1-4cyli.dat
1 16 -166 10 -166 -14 0 0 0 0 -10 0 332 0 1-4cyli.dat
1 16 166 10 166 14 0 0 0 0 -10 0 -332 0 1-4cyli.dat
0 BFC INVERTNEXT
1 16 -166 10 -166 0 332 0 0 0 -6 -10 0 0 1-4cyli.dat
0 BFC INVERTNEXT
1 16 166 10 166 0 -332 0 0 0 -6 10 0 0 1-4cyli.dat
0 BFC INVERTNEXT
1 16 -166 10 -166 -10 0 0 0 0 -6 0 332 0 1-4cyli.dat
0 BFC INVERTNEXT
1 16 166 10 166 10 0 0 0 0 -6 0 -332 0 1-4cyli.dat
1 16 166 10 166 14 0 0 0 -10 0 0 0 14 1-8sphe.dat
1 16 -166 10 -166 -14 0 0 0 -10 0 0 0 -14 1-8sphe.dat
1 16 166 10 -166 0 0 14 0 -10 0 -14 0 0 1-8sphe.dat
1 16 -166 10 166 0 0 -14 0 -10 0 14 0 0 1-8sphe.dat
0 BFC INVERTNEXT
1 16 166 10 166 10 0 0 0 -6 0 0 0 10 1-8sphe.dat
0 BFC INVERTNEXT
1 16 -166 10 -166 -10 0 0 0 -6 0 0 0 -10 1-8sphe.dat
0 BFC INVERTNEXT
1 16 166 10 -166 0 0 10 0 -6 0 -10 0 0 1-8sphe.dat
0 BFC INVERTNEXT
1 16 -166 10 166 0 0 -10 0 -6 0 10 0 0 1-8sphe.dat
1 16 166 10 166 14 0 0 0 24 0 0 0 14 1-4cyli.dat
1 16 -166 10 -166 -14 0 0 0 24 0 0 0 -14 1-4cyli.dat
1 16 166 10 -166 0 0 14 0 24 0 -14 0 0 1-4cyli.dat
1 16 -166 10 166 0 0 -14 0 24 0 14 0 0 1-4cyli.dat
0 BFC INVERTNEXT
1 16 166 10 166 10 0 0 0 24 0 0 0 10 1-4cyli.dat
0 BFC INVERTNEXT
1 16 -166 10 -166 -10 0 0 0 24 0 0 0 -10 1-4cyli.dat
0 BFC INVERTNEXT
1 16 166 10 -166 0 0 10 0 24 0 -10 0 0 1-4cyli.dat
0 BFC INVERTNEXT
1 16 -166 10 166 0 0 -10 0 24 0 10 0 0 1-4cyli.dat
1 16 166 34 166 2 0 0 0 -1 0 0 0 2 1-4ring5.dat
1 16 -166 34 -166 -2 0 0 0 -1 0 0 0 -2 1-4ring5.dat
1 16 166 34 -166 0 0 2 0 -1 0 -2 0 0 1-4ring5.dat
1 16 -166 34 166 0 0 -2 0 -1 0 2 0 0 1-4ring5.dat
1 16 166 34 166 2 0 0 0 -1 0 0 0 2 1-4ring6.dat
1 16 -166 34 -166 -2 0 0 0 -1 0 0 0 -2 1-4ring6.dat
1 16 166 34 -166 0 0 2 0 -1 0 -2 0 0 1-4ring6.dat
1 16 -166 34 166 0 0 -2 0 -1 0 2 0 0 1-4ring6.dat
1 16 166 34 166 10 0 0 0 1 0 0 0 10 1-4edge.dat
1 16 -166 34 -166 -10 0 0 0 1 0 0 0 -10 1-4edge.dat
1 16 166 34 -166 0 0 10 0 1 0 -10 0 0 1-4edge.dat
1 16 -166 34 166 0 0 -10 0 1 0 10 0 0 1-4edge.dat
1 16 166 34 166 14 0 0 0 1 0 0 0 14 1-4edge.dat
1 16 -166 34 -166 -14 0 0 0 1 0 0 0 -14 1-4edge.dat
1 16 166 34 -166 0 0 14 0 1 0 -14 0 0 1-4edge.dat
1 16 -166 34 166 0 0 -14 0 1 0 14 0 0 1-4edge.dat
0
