0 ~Brick  2 x  4 with Wheels Holder Top
0 Name: 3109.dat
0 Author: James Jessiman
0 !LDRAW_ORG Part UPDATE 2009-01
0 !LICENSE Redistributable under CCAL version 2.0 : see CAreadme.txt

0 BFC CERTIFY CW

0 !HISTORY 2007-06-25 [PTadmin] Header formatted for Contributor Agreement
0 !HISTORY 2008-07-01 [PTadmin] Official Update 2008-01
0 !HISTORY 2008-07-07 [mkennedy] Completed header, BFC'ed, Optimized
0 !HISTORY 2008-08-23 [PTadmin] Renamed from 34a
0 !HISTORY 2009-05-02 [PTadmin] Official Update 2009-01

2 24 36 24 16 -36 24 16 
2 24 -36 24 16 -36 24 -16 
2 24 -36 24 -16 36 24 -16 
2 24 36 24 -16 36 24 16 
2 24 40 24 20 -40 24 20 
2 24 -40 24 20 -40 24 -20 
2 24 -40 24 -20 40 24 -20 
2 24 40 24 -20 40 24 20 
2 24 8 16 16 6 16 16 
2 24 6 16 -16 8 16 -16 
2 24 36 16 -8 36 16 -6 
2 24 36 16 6 36 16 8 
2 24 -8 16 16 -6 16 16 
2 24 -6 16 -16 -8 16 -16 
2 24 -36 16 -8 -36 16 -6 
2 24 -36 16 6 -36 16 8 
2 24 36 4 16 36 24 16 
2 24 -36 4 16 -36 24 16 
2 24 36 4 -16 36 24 -16 
2 24 -36 4 -16 -36 24 -16 
2 24 40 0 20 40 24 20 
2 24 -40 0 20 -40 24 20 
2 24 40 0 -20 40 24 -20 
2 24 -40 0 -20 -40 24 -20 
0
4 16 -36 24 -16 -36 24 16 -40 24 20 -40 24 -20 
4 16 36 24 -16 -36 24 -16 -40 24 -20 40 24 -20 
4 16 36 24 16 36 24 -16 40 24 -20 40 24 20 
4 16 -36 24 16 36 24 16 40 24 20 -40 24 20 
0
4 16 8 16 6 36 16 6 36 16 8 8 16 8
4 16 -36 16 8 -36 16 6 -8 16 6 -8 16 8 
4 16 36 16 -8 36 16 -6 8 16 -6 8 16 -8 
4 16 -8 16 -6 -36 16 -6 -36 16 -8 -8 16 -8
4 16 6 16 -16 8 16 -16 8 16 16 6 16 16
4 16 -8 16 16 -8 16 -16 -6 16 -16 -6 16 16 
0
1 16 -40 10 0 0 1 0 4 0 0 0 0 4 4-4ndis.dat
4 16 -40 6 4 -40 14 4 -40 24 20 -40 0 20 
4 16 -40 6 -4 -40 6 4 -40 0 20 -40 0 -20 
4 16 -40 24 -20 -40 14 -4 -40 6 -4 -40 0 -20 
4 16 -40 24 20 -40 14 4 -40 14 -4 -40 24 -20 
0
1 16 -36 10 0 0 -1 0 4 0 0 0 0 4 4-4ndis.dat
4 16 -36 24 16 -36 14 4 -36 6 4 -36 4 16 
4 16 -36 4 16 -36 6 4 -36 6 -4 -36 4 -16 
4 16 -36 14 -4 -36 14 4 -36 24 16 -36 24 -16 
4 16 -36 6 -4 -36 14 -4 -36 24 -16 -36 4 -16 
0
1 16 36 10 0 0 1 0 4 0 0 0 0 4 4-4ndis.dat
4 16 36 6 4 36 14 4 36 24 16 36 4 16 
4 16 36 6 -4 36 6 4 36 4 16 36 4 -16 
4 16 36 24 16 36 14 4 36 14 -4 36 24 -16 
4 16 36 24 -16 36 14 -4 36 6 -4 36 4 -16 
0
1 16 40 10 0 0 -1 0 4 0 0 0 0 4 4-4ndis.dat
4 16 40 24 20 40 14 4 40 6 4 40 0 20 
4 16 40 0 20 40 6 4 40 6 -4 40 0 -20 
4 16 40 14 -4 40 14 4 40 24 20 40 24 -20 
4 16 40 6 -4 40 14 -4 40 24 -20 40 0 -20 
0
1 16 0 10 20 4 0 0 0 0 4 0 -1 0 4-4ndis.dat
4 16 40 24 20 4 14 20 -4 14 20 -40 24 20 
4 16 -40 24 20 -4 14 20 -4 6 20 -40 0 20 
4 16 4 6 20 4 14 20 40 24 20 40 0 20 
4 16 -4 6 20 4 6 20 40 0 20 -40 0 20 
0
1 16 0 10 16 4 0 0 0 0 4 0 1 0 4-4ndis.dat
4 16 36 24 16 4 14 16 4 6 16 36 4 16 
4 16 36 4 16 4 6 16 -4 6 16 -36 4 16 
4 16 -4 14 16 4 14 16 36 24 16 -36 24 16 
4 16 -4 6 16 -4 14 16 -36 24 16 -36 4 16 
0
1 16 0 10 -16 4 0 0 0 0 4 0 -1 0 4-4ndis.dat
4 16 36 24 -16 4 14 -16 -4 14 -16 -36 24 -16 
4 16 -36 24 -16 -4 14 -16 -4 6 -16 -36 4 -16 
4 16 4 6 -16 4 14 -16 36 24 -16 36 4 -16 
4 16 -4 6 -16 4 6 -16 36 4 -16 -36 4 -16 
0
1 16 0 10 -20 4 0 0 0 0 4 0 1 0 4-4ndis.dat
4 16 40 24 -20 4 14 -20 4 6 -20 40 0 -20 
4 16 40 0 -20 4 6 -20 -4 6 -20 -40 0 -20 
4 16 -4 14 -20 4 14 -20 40 24 -20 -40 24 -20 
4 16 -4 6 -20 -4 14 -20 -40 24 -20 -40 0 -20 
0
0 BFC INVERTNEXT
1 16 40 10 0 0 -4 0 4 0 0 0 0 4 4-4cyli.dat
0 BFC INVERTNEXT
1 16 -40 10 0 0 4 0 4 0 0 0 0 4 4-4cyli.dat
0 BFC INVERTNEXT
1 16 0 10 20 4 0 0 0 0 4 0 -4 0 4-4cyli.dat
0 BFC INVERTNEXT
1 16 0 10 -20 4 0 0 0 0 4 0 4 0 4-4cyli.dat
0
1 16 30 0 10 1 0 0 0 1 0 0 0 1 stud.dat
1 16 10 0 10 1 0 0 0 1 0 0 0 1 stud.dat
1 16 -10 0 10 1 0 0 0 1 0 0 0 1 stud.dat
1 16 -30 0 10 1 0 0 0 1 0 0 0 1 stud.dat
1 16 30 0 -10 1 0 0 0 1 0 0 0 1 stud.dat
1 16 10 0 -10 1 0 0 0 1 0 0 0 1 stud.dat
1 16 -10 0 -10 1 0 0 0 1 0 0 0 1 stud.dat
1 16 -30 0 -10 1 0 0 0 1 0 0 0 1 stud.dat
0
1 16 0 0 0 40 0 0 0 1 0 0 0 20 rect.dat
1 16 40 10 0 0 1 0 4 0 0 0 0 4 4-4edge.dat
1 16 36 10 0 0 1 0 4 0 0 0 0 4 4-4edge.dat
1 16 -36 10 0 0 1 0 4 0 0 0 0 4 4-4edge.dat
1 16 -40 10 0 0 1 0 4 0 0 0 0 4 4-4edge.dat
1 16 0 10 20 4 0 0 0 0 4 0 1 0 4-4edge.dat
1 16 0 10 16 4 0 0 0 0 4 0 1 0 4-4edge.dat
1 16 0 10 -16 4 0 0 0 0 4 0 1 0 4-4edge.dat
1 16 0 10 -20 4 0 0 0 0 4 0 1 0 4-4edge.dat
0
0 BFC INVERTNEXT
1 16 22 10 12 -14 0 0 0 -6 0 0 0 -4 box3-3.dat
0 BFC INVERTNEXT
1 16 -22 10 12 14 0 0 0 -6 0 0 0 -4 box3-3.dat
0 BFC INVERTNEXT
1 16 22 10 -12 -14 0 0 0 -6 0 0 0 4 box3-3.dat
0 BFC INVERTNEXT
1 16 -22 10 -12 14 0 0 0 -6 0 0 0 4 box3-3.dat
0 BFC INVERTNEXT
1 16 -22 16 0 0 0 14 0 -12 0 6 0 0 box4-1.dat
0 BFC INVERTNEXT
1 16 22 16 0 0 0 -14 0 -12 0 6 0 0 box4-1.dat
0 BFC INVERTNEXT
1 16 0 16 0 0 0 6 0 -12 0 16 0 0 box3u2p.dat
0
