0 Technic Connector Block  3 x  3 with Ball Socket
0 Name: 32172.dat
0 Author: Marc Klein [marckl]
0 !LDRAW_ORG Part UPDATE 2014-02
0 !LICENSE Redistributable under CCAL version 2.0 : see CAreadme.txt

0 BFC CERTIFY CCW

0 !HISTORY 2003-08-01 [PTadmin] Official Update 2003-02
0 !HISTORY 2007-06-25 [PTadmin] Header formatted for Contributor Agreement
0 !HISTORY 2008-07-01 [PTadmin] Official Update 2008-01
0 !HISTORY 2008-07-07 [OrionP] Corrected errors in official part (2004-04-25)
0 !HISTORY 2009-05-02 [PTadmin] Official Update 2009-01
0 !HISTORY 2014-11-24 [MagFors] Made BFC compliant
0 !HISTORY 2014-12-23 [PTadmin] Official Update 2014-02

1 16 0 0 27 -5.6569 0 5.6569 5.6569 0 5.6569 0 -5 0 1-4cylo.dat
1 16 0 0 27 5.6569 0 -5.6569 -5.6569 0 -5.6569 0 -5 0 1-4cylo.dat
1 16 0 0 30 1 0 0 0 0 1 0 -1 0 peghole.dat
1 16 0 0 22 6 0 0 0 0 6 0 -1 0 4-4edge.dat
0 BFC INVERTNEXT
1 16 0 0 28 6 0 0 0 0 6 0 -6 0 4-4cyli.dat
1 16 0 0 22 -2 0 0 0 0 2 0 1 0 4-4ring3.dat
1 16 19.5 7.478 28.5 0 0 -0.5 0 1 -0.0995 1.5 0 0 rect3.dat
1 16 20.5 7.478 28.5 0 0 0.5 0 1 -0.0995 -1.5 0 0 rect3.dat
1 16 21.95 7.189 18 0 0 -0.95 0 -1 0.189 -9 0 0 rect3.dat
5 24 22.9 7 27 22.9 7 9 21 7.378 9 25.36 5.358 27
1 16 24.13 6.179 18 -1.23 0 0 0.821 -1 0 0 0 9 rect2p.dat
5 24 25.36 5.358 27 25.36 5.358 9 22.9 7 9 27 2.899 27
4 16 21 7.378 9 21 5.828 9 21 5.828 30 21 7.378 27
2 24 21 5.828 9 21 7.378 9
3 16 21 7.378 27 21 5.828 30 21 7.378 30
2 24 21 7.378 30 21 5.828 30
1 16 21.95 -7.189 18 0 0 -0.95 0 1 -0.189 9 0 0 rect3.dat
5 24 22.9 -7 9 22.9 -7 27 21 -7.378 27 25.36 -5.358 9
1 16 24.13 -6.179 18 1.23 0 0 0.821 1 0 0 0 9 rect2p.dat
5 24 25.36 -5.358 27 25.36 -5.358 9 27 -2.899 9 22.9 -7 27
3 16 19 7.378 30 19 5.828 30 19 7.378 27
2 24 19 5.828 30 19 7.378 30
4 16 19 7.378 27 19 5.828 30 19 5.828 9 19 7.378 9
4 16 13.08 3.019 9 13 2.899 27 14.64 5.358 27 14.64 5.358 9
2 24 14.64 5.358 27 13 2.899 27
5 24 14.64 5.358 27 14.64 5.358 9 13.08 3.019 9 17.1 7 27
2 24 13.08 3.019 9 14.64 5.358 9
1 16 15.87 6.179 18 1.23 0 0 0.821 -1 0 0 0 -9 rect2p.dat
5 24 17.1 7 27 17.1 7 9 14.64 5.358 9 19 7.378 27
4 16 12.82 2 27 13 2.899 27 13 2.899 9.119 12.82 2 9.387
2 24 13 2.899 27 12.82 2 27
5 24 13 2.899 27 13 2.899 9.119 12.82 2 9.387 13.08 3.019 9
2 24 12.82 2 9.387 13 2.899 9.119
2 24 12.82 2 27 12.82 2 9.387
3 16 13 2.899 9.119 13 2.899 27 13.08 3.019 9
2 24 13 2.899 9.119 13.08 3.019 9
1 16 18.05 -7.189 18 0 0 0.95 0 1 -0.189 -9 0 0 rect3.dat
5 24 17.1 -7 27 17.1 -7 9 19 -7.378 9 14.64 -5.358 27
1 16 15.87 -6.179 18 -1.23 0 0 0.821 1 0 0 0 -9 rect2p.dat
5 24 14.64 -5.358 27 14.64 -5.358 9 17.1 -7 9 13 -2.899 27
3 16 12.68 -1.282 9.221 12.75 -1.653 9 12.82 -2 9.142
2 24 12.75 -1.653 9 12.68 -1.282 9.221
2 24 12.68 -1.282 9.221 12.82 -2 9.142
3 16 12.82 -2 9.142 12.75 -1.653 9 13 -2.899 9
2 24 13 -2.899 9 12.75 -1.653 9
4 16 12.82 -2 9.142 13 -2.899 9 13 -2.899 27 12.82 -2 27
5 24 13 -2.899 9 13 -2.899 27 12.82 -2 27 14.64 -5.358 9
2 24 12.82 -2 27 13 -2.899 27
2 24 12.82 -2 9.142 12.82 -2 27
1 16 -20.5 7.478 28.5 0 0 -0.5 0 1 -0.0995 1.5 0 0 rect3.dat
1 16 -19.5 7.478 28.5 0 0 0.5 0 1 -0.0995 -1.5 0 0 rect3.dat
3 16 -21 7.378 30 -21 5.828 30 -21 7.378 27
2 24 -21 5.828 30 -21 7.378 30
4 16 -21 7.378 27 -21 5.828 30 -21 5.828 9 -21 7.378 9
1 16 -26.18 4.129 18 0 1 -0.82 0 0 -1.2295 -9 0 0 rect3.dat
5 24 -25.36 5.358 27 -25.36 5.358 9 -27 2.899 9 -22.9 7 27
1 16 -24.13 6.179 18 -1.23 0 0 -0.821 -1 0 0 0 9 rect2p.dat
5 24 -22.9 7 27 -22.9 7 9 -25.36 5.358 9 -21 7.378 27
1 16 -21.95 -7.189 18 0 0 0.95 0 1 -0.189 -9 0 0 rect3.dat
5 24 -22.9 -7 27 -22.9 -7 9 -21 -7.378 9 -25.36 -5.358 27
1 16 -24.13 -6.179 18 1.23 0 0 -0.821 1 0 0 0 9 rect2p.dat
5 24 -25.36 -5.358 27 -25.36 -5.358 9 -22.9 -7 9 -27 -2.899 27
3 16 -12.82 -2 9.142 -13 -2.899 9 -12.68 -1.282 9.221
2 24 -12.82 -2 9.142 -12.68 -1.282 9.221
3 16 -12.68 -1.282 9.221 -13 -2.899 9 -12.75 -1.653 9
2 24 -12.75 -1.653 9 -13 -2.899 9
2 24 -12.68 -1.282 9.221 -12.75 -1.653 9
4 16 -12.82 -2 27 -13 -2.899 27 -13 -2.899 9 -12.82 -2 9.142
2 24 -13 -2.899 27 -12.82 -2 27
5 24 -13 -2.899 27 -13 -2.899 9 -12.82 -2 9.142 -14.64 -5.358 27
2 24 -12.82 -2 27 -12.82 -2 9.142
1 16 -13.82 -4.129 18 -0.82 -1 0 -1.2295 0 0 0 0 -9 rect2p.dat
5 24 -14.64 -5.358 27 -14.64 -5.358 9 -13 -2.899 9 -17.1 -7 27
1 16 -18.05 7.189 18 0 0 -0.95 0 -1 0.189 -9 0 0 rect3.dat
5 24 -17.1 7 27 -17.1 7 9 -19 7.378 9 -14.64 5.358 27
1 16 -15.87 6.179 18 1.23 0 0 -0.821 -1 0 0 0 -9 rect2p.dat
5 24 -14.64 5.358 27 -14.64 5.358 9 -17.1 7 9 -13.08 3.019 9
4 16 -19 7.378 9 -19 5.828 9 -19 5.828 30 -19 7.378 27
2 24 -19 5.828 9 -19 7.378 9
3 16 -19 7.378 27 -19 5.828 30 -19 7.378 30
2 24 -19 7.378 30 -19 5.828 30
1 16 -18.05 -7.189 18 0 0 -0.95 0 1 -0.189 9 0 0 rect3.dat
5 24 -17.1 -7 9 -17.1 -7 27 -19 -7.378 27 -14.64 -5.358 9
1 16 -15.87 -6.179 18 -1.23 0 0 -0.821 1 0 0 0 -9 rect2p.dat
3 16 8 -2 13.35 8 -2 22 8 0 13.75
2 24 8 -2 22 8 -2 13.35
2 24 8 -2 13.35 8 0 13.75
4 16 8 0 13.75 8 -2 22 8 2 22 8 2 13.75
2 24 8 2 13.75 8 2 22
2 24 8 0 13.75 8 2 13.75
3 16 -8 2 13.75 -8 2 22 -8 0 13.75
2 24 -8 2 22 -8 2 13.75
2 24 -8 2 13.75 -8 0 13.75
4 16 -8 0 13.75 -8 2 22 -8 -2 22 -8 -2 13.35
2 24 -8 -2 13.35 -8 -2 22
2 24 -8 0 13.75 -8 -2 13.35
4 16 -8 -2 13.35 -8 -2 22 -12.82 -2 27 -11.21 -2 11.21
2 24 -8 -2 13.35 -11.21 -2 11.21
4 16 -11.21 -2 11.21 -12.82 -2 27 -12.82 -2 9.142 -12.45 -2 9.344
2 24 -12.82 -2 9.142 -12.45 -2 9.344
2 24 -11.21 -2 11.21 -12.45 -2 9.344
4 16 -7.602 -2 22 -7.602 -2 27 -12.82 -2 27 -8 -2 22
2 24 -12.82 -2 27 -7.602 -2 27
1 16 -6.524 -4.359 24.5 0.867 1 0 -1.298 0 0 0 0 2.5 rect2p.dat
5 24 -7.391 -3.061 27 -7.391 -3.061 22 -5.657 -5.657 22 -7.602 -2 27
5 24 -5.657 -5.657 22 -5.657 -5.657 27 -7.391 -3.061 27 -3.061 -7.391 22
1 16 -7.497 -2.531 24.5 0 1 -0.1055 0 0 0.5305 2.5 0 0 rect3.dat
1 16 7.497 -2.531 24.5 0 -1 0.1055 0 0 0.5305 -2.5 0 0 rect3.dat
5 24 7.391 -3.061 27 7.391 -3.061 22 7.602 -2 22 5.657 -5.657 27
1 16 6.524 -4.359 24.5 0.867 -1 0 1.298 0 0 0 0 2.5 rect2p.dat
5 24 5.657 -5.657 22 5.657 -5.657 27 3.061 -7.391 27 7.391 -3.061 22
3 16 12.82 2 9.387 11.45 2 11.45 12.82 2 27
2 24 11.45 2 11.45 12.82 2 9.387
4 16 12.82 2 27 11.45 2 11.45 8 2 13.75 8 2 22
2 24 8 2 13.75 11.45 2 11.45
4 16 7.602 2 22 7.602 2 27 12.82 2 27 8 2 22
2 24 12.82 2 27 7.602 2 27
1 16 6.524 4.359 24.5 -0.867 -1 0 1.298 0 0 0 0 2.5 rect2p.dat
5 24 7.391 3.061 27 7.391 3.061 22 5.657 5.657 22 7.602 2 27
5 24 5.657 5.657 22 5.657 5.657 27 7.391 3.061 27 3.061 7.391 22
1 16 7.497 2.531 24.5 0 -1 0.1055 0 0 -0.5305 2.5 0 0 rect3.dat
1 16 -7.497 2.531 24.5 0 1 -0.1055 0 0 -0.5305 -2.5 0 0 rect3.dat
5 24 -7.391 3.061 27 -7.391 3.061 22 -7.602 2 22 -5.657 5.657 27
1 16 -6.524 4.359 24.5 -0.867 1 0 -1.298 0 0 0 0 2.5 rect2p.dat
5 24 -5.657 5.657 22 -5.657 5.657 27 -3.061 7.391 27 -7.391 3.061 22
4 16 20 -6 27 20 -6 30 22 -5.657 30 21 -5.828 27
2 24 22 -5.657 30 20 -6 30
2 24 20 -6 27 21 -5.828 27
4 16 21 -5.828 27 22 -5.657 30 22 -5.657 9 21 -5.828 9
2 24 21 -5.828 9 22 -5.657 9
4 16 19 -5.828 9 18 -5.657 9 18 -5.657 30 19 -5.828 27
2 24 18 -5.657 9 19 -5.828 9
4 16 19 -5.828 27 18 -5.657 30 20 -6 30 20 -6 27
2 24 20 -6 30 18 -5.657 30
2 24 19 -5.828 27 20 -6 27
4 16 -20 -6 27 -20 -6 30 -18 -5.657 30 -19 -5.828 27
2 24 -18 -5.657 30 -20 -6 30
2 24 -20 -6 27 -19 -5.828 27
4 16 -19 -5.828 27 -18 -5.657 30 -18 -5.657 9 -19 -5.828 9
2 24 -19 -5.828 9 -18 -5.657 9
4 16 -21 -5.828 9 -22 -5.657 9 -22 -5.657 30 -21 -5.828 27
2 24 -22 -5.657 9 -21 -5.828 9
4 16 -21 -5.828 27 -22 -5.657 30 -20 -6 30 -20 -6 27
2 24 -20 -6 30 -22 -5.657 30
2 24 -21 -5.828 27 -20 -6 27
4 16 2 -2 -11.93 2 -2 -15.45 2 -5.291 -14.9 2 -4.871 -11.36
2 24 2 -2 -15.45 2 -2 -11.93
2 24 2 -5.291 -14.9 2 -2 -15.45
2 24 2 -2 -11.93 2 -4.871 -11.36
4 16 2 -4.871 -11.36 2 -5.291 -14.9 2 -5.657 -14.7 2 -5.657 -10.84
2 24 2 -5.657 -14.7 2 -5.291 -14.9
2 24 2 -5.657 -14.7 2 -5.657 -10.84
2 24 2 -4.871 -11.36 2 -5.657 -10.84
4 16 6 -2 -11 6 -2 -14.66 2 -2 -15.45 4.871 -2 -11.76
2 24 6 -2 -14.66 6 -2 -11
2 24 2 -2 -15.45 6 -2 -14.66
4 16 4.871 -2 -11.76 2 -2 -15.45 2 -2 -11.93 4.719 -2 -11.39
2 24 4.719 -2 -11.39 2 -2 -11.93
2 24 4.871 -2 -11.76 4.719 -2 -11.39
3 16 -2 -2 -11.93 -2 -2 -15.45 -4.719 -2 -11.39
2 24 -2 -2 -15.45 -2 -2 -11.93
2 24 -2 -2 -11.93 -4.719 -2 -11.39
4 16 -4.719 -2 -11.39 -2 -2 -15.45 -6 -2 -14.66 -6 -2 -10.54
2 24 -6 -2 -14.66 -2 -2 -15.45
2 24 -6 -2 -10.54 -6 -2 -14.66
2 24 -4.719 -2 -11.39 -6 -2 -10.54
4 16 -2 -5.657 -10.84 -2 -5.657 -14.7 -2 -5.291 -14.9 -2 -4.871 -11.36
2 24 -2 -5.657 -10.84 -2 -5.657 -14.7
2 24 -2 -5.291 -14.9 -2 -5.657 -14.7
2 24 -2 -5.657 -10.84 -2 -4.871 -11.36
4 16 -2 -4.871 -11.36 -2 -5.291 -14.9 -2 -2 -15.45 -2 -2 -11.93
2 24 -2 -2 -15.45 -2 -5.291 -14.9
2 24 -2 -4.871 -11.36 -2 -2 -11.93
4 16 -10.84 -5.657 2 -14.7 -5.657 2 -14.9 -5.291 2 -11.36 -4.871 2
2 24 -14.7 -5.657 2 -10.84 -5.657 2
2 24 -14.9 -5.291 2 -14.7 -5.657 2
2 24 -10.84 -5.657 2 -11.36 -4.871 2
4 16 -11.36 -4.871 2 -14.9 -5.291 2 -15.45 -2 2 -11.93 -2 2
2 24 -15.45 -2 2 -14.9 -5.291 2
2 24 -11.93 -2 2 -15.45 -2 2
2 24 -11.36 -4.871 2 -11.93 -2 2
4 16 -11.39 -2 4.719 -11.93 -2 2 -15.45 -2 2 -11.76 -2 4.871
2 24 -11.93 -2 2 -11.39 -2 4.719
2 24 -11.39 -2 4.719 -11.76 -2 4.871
4 16 -11.76 -2 4.871 -15.45 -2 2 -14.66 -2 6 -11 -2 6
2 24 -14.66 -2 6 -15.45 -2 2
2 24 -11 -2 6 -14.66 -2 6
2 24 -11.76 -2 4.871 -11 -2 6
4 16 -11.93 -2 -2 -15.45 -2 -2 -14.9 -5.291 -2 -11.36 -4.871 -2
2 24 -15.45 -2 -2 -11.93 -2 -2
2 24 -14.9 -5.291 -2 -15.45 -2 -2
2 24 -11.93 -2 -2 -11.36 -4.871 -2
4 16 -11.36 -4.871 -2 -14.9 -5.291 -2 -14.7 -5.657 -2 -10.84 -5.657 -2
2 24 -14.7 -5.657 -2 -14.9 -5.291 -2
2 24 -14.7 -5.657 -2 -10.84 -5.657 -2
2 24 -11.36 -4.871 -2 -10.84 -5.657 -2
3 16 -10.54 -2 -6 -14.66 -2 -6 -11.39 -2 -4.719
2 24 -14.66 -2 -6 -10.54 -2 -6
2 24 -10.54 -2 -6 -11.39 -2 -4.719
4 16 -11.39 -2 -4.719 -14.66 -2 -6 -15.45 -2 -2 -11.93 -2 -2
2 24 -15.45 -2 -2 -14.66 -2 -6
2 24 -11.39 -2 -4.719 -11.93 -2 -2
3 16 10.54 -2 6 14.66 -2 6 11.39 -2 4.719
2 24 14.66 -2 6 10.54 -2 6
2 24 10.54 -2 6 11.39 -2 4.719
4 16 11.39 -2 4.719 14.66 -2 6 15.45 -2 2 11.93 -2 2
2 24 15.45 -2 2 14.66 -2 6
2 24 11.93 -2 2 15.45 -2 2
2 24 11.39 -2 4.719 11.93 -2 2
4 16 11.93 -2 2 15.45 -2 2 14.9 -5.291 2 11.36 -4.871 2
2 24 14.9 -5.291 2 15.45 -2 2
2 24 11.93 -2 2 11.36 -4.871 2
4 16 11.36 -4.871 2 14.9 -5.291 2 14.7 -5.657 2 10.84 -5.657 2
2 24 14.7 -5.657 2 14.9 -5.291 2
2 24 10.84 -5.657 2 14.7 -5.657 2
2 24 11.36 -4.871 2 10.84 -5.657 2
4 16 10.84 -5.657 -2 14.7 -5.657 -2 14.9 -5.291 -2 11.36 -4.871 -2
2 24 10.84 -5.657 -2 14.7 -5.657 -2
2 24 14.9 -5.291 -2 14.7 -5.657 -2
2 24 10.84 -5.657 -2 11.36 -4.871 -2
4 16 11.36 -4.871 -2 14.9 -5.291 -2 15.45 -2 -2 11.93 -2 -2
2 24 15.45 -2 -2 14.9 -5.291 -2
2 24 11.93 -2 -2 15.45 -2 -2
2 24 11.36 -4.871 -2 11.93 -2 -2
4 16 11.39 -2 -4.719 11.93 -2 -2 15.45 -2 -2 11.76 -2 -4.871
2 24 11.93 -2 -2 11.39 -2 -4.719
2 24 11.39 -2 -4.719 11.76 -2 -4.871
4 16 11.76 -2 -4.871 15.45 -2 -2 14.66 -2 -6 11 -2 -6
2 24 14.66 -2 -6 15.45 -2 -2
2 24 11 -2 -6 14.66 -2 -6
2 24 11.76 -2 -4.871 11 -2 -6
3 16 9 -2 -25.7 19.66 -2 -19.66 9 -2 -9.12
2 24 19.66 -2 -19.66 9 -2 -25.7
4 16 9 -2 -9.12 19.66 -2 -19.66 25.7 -2 -9 9.001 -2 -9.001
2 24 25.7 -2 -9 19.66 -2 -19.66
2 24 9 -2 -9.12 9.001 -2 -9.001
3 16 9.001 -2 -9.001 25.7 -2 -9 9.12 -2 -9
2 24 9.001 -2 -9.001 9.12 -2 -9
4 16 11.39 -2 -4.719 11.76 -2 -4.871 11.76 -10 -4.871 10.86 -4.871 -4.5
2 24 11.76 -10 -4.871 11.76 -2 -4.871
2 24 11.39 -2 -4.719 10.86 -4.871 -4.5
3 16 10.86 -4.871 -4.5 11.76 -10 -4.871 8.315 -9 -3.444
2 24 10.86 -4.871 -4.5 8.315 -9 -3.444
4 16 8.315 -9 -3.444 11.76 -10 -4.871 7.391 -14.07 -3.061 7.391 -9.668 -3.061
2 24 7.391 -14.07 -3.061 11.76 -10 -4.871
2 24 8.315 -9 -3.444 7.391 -9.668 -3.061
1 16 4.359 -11.869 -6.524 -1.298 0 0 0 0 2.201 -0.867 1 0 rect2a.dat
5 24 5.657 -9.668 -5.657 5.657 -14.07 -5.657 3.061 -14.07 -7.391 7.391 -9.668 -3.061
1 16 6.524 -11.869 -4.359 0 -1 0.867 2.201 0 0 0 0 1.298 rect2a.dat
4 16 4.871 -10 -11.76 4.5 -4.871 -10.86 3.444 -9 -8.315 3.061 -14.07 -7.391
2 24 3.444 -9 -8.315 4.5 -4.871 -10.86
2 24 4.871 -10 -11.76 3.061 -14.07 -7.391
3 16 3.061 -14.07 -7.391 3.444 -9 -8.315 3.061 -9.668 -7.391
2 24 3.061 -9.668 -7.391 3.444 -9 -8.315
4 16 4.719 -2 -11.39 4.5 -4.871 -10.86 4.871 -10 -11.76 4.871 -2 -11.76
2 24 4.5 -4.871 -10.86 4.719 -2 -11.39
3 16 -3.061 -9.668 7.391 -3.061 -14.07 7.391 -3.444 -9 8.315
2 24 -3.061 -9.668 7.391 -3.444 -9 8.315
4 16 -3.444 -9 8.315 -3.061 -14.07 7.391 -4.871 -10 11.76 -4.5 -4.871 10.86
2 24 -4.871 -10 11.76 -3.061 -14.07 7.391
2 24 -3.444 -9 8.315 -4.5 -4.871 10.86
3 16 -4.5 -4.871 10.86 -4.871 -10 11.76 -4.871 0 11.76
2 24 -4.871 0 11.76 -4.871 -10 11.76
2 24 -4.5 -4.871 10.86 -4.871 0 11.76
1 16 -4.359 -11.869 6.524 1.298 0 0 0 0 2.201 0.867 -1 0 rect2a.dat
5 24 -5.657 -9.668 5.657 -5.657 -14.07 5.657 -3.061 -14.07 7.391 -7.391 -9.668 3.061
1 16 -6.524 -11.869 4.359 0 1 -0.867 2.201 0 0 0 0 -1.298 rect2a.dat
4 16 -11.39 -2 4.719 -11.76 -2 4.871 -11.76 -10 4.871 -10.86 -4.871 4.5
2 24 -11.76 -10 4.871 -11.76 -2 4.871
2 24 -11.39 -2 4.719 -10.86 -4.871 4.5
3 16 -10.86 -4.871 4.5 -11.76 -10 4.871 -8.315 -9 3.444
2 24 -10.86 -4.871 4.5 -8.315 -9 3.444
4 16 -8.315 -9 3.444 -11.76 -10 4.871 -7.391 -14.07 3.061 -7.391 -9.668 3.061
2 24 -7.391 -14.07 3.061 -11.76 -10 4.871
2 24 -8.315 -9 3.444 -7.391 -9.668 3.061
4 16 -8 -14.07 -27 -9.904 -12.43 -28.64 -7.5 -11.07 -30 -6.71 -14.07 -27
2 24 -9.904 -12.43 -28.64 -8 -14.07 -27
2 24 -7.5 -11.07 -30 -9.904 -12.43 -28.64
2 24 -8 -14.07 -27 -6.71 -14.07 -27
4 16 -6.71 -14.07 -27 -7.5 -11.07 -30 7.5 -11.07 -30 6.71 -14.07 -27
2 24 7.5 -11.07 -30 -7.5 -11.07 -30
2 24 -6.71 -14.07 -27 6.71 -14.07 -27
4 16 6.71 -14.07 -27 7.5 -11.07 -30 9.904 -12.43 -28.64 8 -14.07 -27
2 24 9.904 -12.43 -28.64 7.5 -11.07 -30
2 24 8 -14.07 -27 9.904 -12.43 -28.64
2 24 6.71 -14.07 -27 8 -14.07 -27
4 16 27 -14.07 -8 28.64 -12.43 -9.904 30 -11.07 -7.5 27 -14.07 -6.71
2 24 28.64 -12.43 -9.904 27 -14.07 -8
2 24 30 -11.07 -7.5 28.64 -12.43 -9.904
2 24 27 -14.07 -8 27 -14.07 -6.71
4 16 27 -14.07 -6.71 30 -11.07 -7.5 30 -11.07 11.48 27 -14.07 8
2 24 30 -11.07 11.48 30 -11.07 -7.5
2 24 27 -14.07 8 30 -11.07 11.48
2 24 27 -14.07 -6.71 27 -14.07 8
4 16 -27 -14.07 8 -30 -11.07 11.48 -30 -11.07 -7.5 -27 -14.07 -6.71
2 24 -30 -11.07 11.48 -27 -14.07 8
2 24 -30 -11.07 -7.5 -30 -11.07 11.48
2 24 -27 -14.07 8 -27 -14.07 -6.71
4 16 -27 -14.07 -6.71 -30 -11.07 -7.5 -28.64 -12.43 -9.904 -27 -14.07 -8
2 24 -28.64 -12.43 -9.904 -30 -11.07 -7.5
2 24 -27 -14.07 -8 -28.64 -12.43 -9.904
2 24 -27 -14.07 -6.71 -27 -14.07 -8
3 16 -8 -14.07 -27 -8 -14.07 -26.27 -9.904 -12.43 -28.64
2 24 -8 -14.07 -26.27 -8 -14.07 -27
4 16 -9.904 -12.43 -28.64 -8 -14.07 -26.27 -12.73 -10 -23.59 -12.73 -10 -27.04
2 24 -12.73 -10 -23.59 -8 -14.07 -26.27
2 24 -12.73 -10 -27.04 -12.73 -10 -23.59
2 24 -9.904 -12.43 -28.64 -12.73 -10 -27.04
3 16 12.73 -10 -27.04 12.73 -10 -23.59 9.904 -12.43 -28.64
2 24 12.73 -10 -23.59 12.73 -10 -27.04
2 24 12.73 -10 -27.04 9.904 -12.43 -28.64
4 16 9.904 -12.43 -28.64 12.73 -10 -23.59 8 -14.07 -26.27 8 -14.07 -27
2 24 8 -14.07 -26.27 12.73 -10 -23.59
2 24 8 -14.07 -26.27 8 -14.07 -27
4 16 -6.71 -14.07 -27 -6.71 -10 -27 -9 -10 -25.7 -8 -14.07 -26.27
2 24 -6.71 -10 -27 -6.71 -14.07 -27
2 24 -9 -10 -25.7 -6.71 -10 -27
2 24 -6.71 -14.07 -27 -8 -14.07 -26.27
3 16 -8 -14.07 -26.27 -9 -10 -25.7 -12.73 -10 -23.59
4 16 -12.73 -10 -23.59 -9 -10 -25.7 -9 -2 -25.7 -19.66 -2 -19.66
2 24 -9 -2 -25.7 -19.66 -2 -19.66
3 16 -12.73 -10 -23.59 -19.66 -2 -19.66 -19.66 -10 -19.66
2 24 -19.66 -10 -19.66 -19.66 -2 -19.66
2 24 -12.73 -10 -23.59 -19.66 -10 -19.66
4 16 19.66 -2 -19.66 9 -2 -25.7 12.73 -10 -23.59 19.66 -10 -19.66
2 24 19.66 -10 -19.66 12.73 -10 -23.59
2 24 19.66 -2 -19.66 19.66 -10 -19.66
3 16 12.73 -10 -23.59 9 -2 -25.7 9 -10 -25.7
3 16 12.73 -10 -23.59 9 -10 -25.7 8 -14.07 -26.27
4 16 8 -14.07 -26.27 9 -10 -25.7 6.71 -10 -27 6.71 -14.07 -27
2 24 6.71 -10 -27 9 -10 -25.7
2 24 6.71 -14.07 -27 6.71 -10 -27
2 24 6.71 -14.07 -27 8 -14.07 -26.27
3 16 -27.04 -10 -12.73 -23.59 -10 -12.73 -28.64 -12.43 -9.904
2 24 -23.59 -10 -12.73 -27.04 -10 -12.73
2 24 -27.04 -10 -12.73 -28.64 -12.43 -9.904
4 16 -28.64 -12.43 -9.904 -23.59 -10 -12.73 -26.27 -14.07 -8 -27 -14.07 -8
2 24 -26.27 -14.07 -8 -23.59 -10 -12.73
2 24 -26.27 -14.07 -8 -27 -14.07 -8
3 16 27 -14.07 -8 26.27 -14.07 -8 28.64 -12.43 -9.904
2 24 26.27 -14.07 -8 27 -14.07 -8
4 16 28.64 -12.43 -9.904 26.27 -14.07 -8 23.59 -10 -12.73 27.04 -10 -12.73
2 24 23.59 -10 -12.73 26.27 -14.07 -8
2 24 27.04 -10 -12.73 23.59 -10 -12.73
2 24 28.64 -12.43 -9.904 27.04 -10 -12.73
4 16 27 -14.07 -6.71 27 -10 -6.71 25.7 -10 -9 26.27 -14.07 -8
2 24 27 -10 -6.71 27 -14.07 -6.71
2 24 25.7 -10 -9 27 -10 -6.71
2 24 26.27 -14.07 -8 27 -14.07 -6.71
3 16 26.27 -14.07 -8 25.7 -10 -9 23.59 -10 -12.73
4 16 23.59 -10 -12.73 25.7 -10 -9 25.7 -2 -9 19.66 -2 -19.66
3 16 23.59 -10 -12.73 19.66 -2 -19.66 19.66 -10 -19.66
2 24 23.59 -10 -12.73 19.66 -10 -19.66
4 16 -19.66 -2 -19.66 -25.7 -2 -9 -23.59 -10 -12.73 -19.66 -10 -19.66
2 24 -19.66 -2 -19.66 -25.7 -2 -9
2 24 -19.66 -10 -19.66 -23.59 -10 -12.73
3 16 -23.59 -10 -12.73 -25.7 -2 -9 -25.7 -10 -9
3 16 -23.59 -10 -12.73 -25.7 -10 -9 -26.27 -14.07 -8
4 16 -26.27 -14.07 -8 -25.7 -10 -9 -27 -10 -6.71 -27 -14.07 -6.71
2 24 -27 -10 -6.71 -25.7 -10 -9
2 24 -27 -14.07 -6.71 -27 -10 -6.71
2 24 -27 -14.07 -6.71 -26.27 -14.07 -8
3 16 4.5 -11.76 -1.864 4.871 -11.76 0 7.391 -9.668 -3.061
4 16 7.391 -9.668 -3.061 4.871 -11.76 0 9 -9 0 8.315 -9 -3.444
4 16 11.36 -4.871 -2 10.86 -4.871 -4.5 8.315 -9 -3.444 10.84 -5.657 -2
4 16 10.84 -5.657 -2 8.315 -9 -3.444 9 -9 0 11 -6 0
2 24 11 -6 0 10.84 -5.657 -2
4 16 14.91 -6 0 12.73 -10 0 11.76 -10 -4.871 14.7 -5.657 -2
5 24 12.73 -10 0 14.91 -6 0 14.7 -5.657 2 11.76 -10 -4.871
5 24 11.76 -10 -4.871 12.73 -10 0 8 -14.07 0 14.7 -5.657 -2
2 24 14.7 -5.657 -2 14.91 -6 0
4 16 14.7 -5.657 -2 11.76 -10 -4.871 14.13 -5.291 -5.854 14.9 -5.291 -2
5 24 14.13 -5.291 -5.854 11.76 -10 -4.871 11 -10 -6 14.9 -5.291 -2
5 24 14.9 -5.291 -2 14.13 -5.291 -5.854 14.49 -3.021 -6 14.7 -5.657 -2
4 16 14.9 -5.291 2 14.13 -5.291 5.854 11.76 -10 4.871 14.7 -5.657 2
5 24 14.13 -5.291 5.854 14.9 -5.291 2 14.49 -3.021 6 11.76 -10 4.871
5 24 11.76 -10 4.871 14.13 -5.291 5.854 14.04 -5.291 6 14.7 -5.657 2
4 16 14.7 -5.657 2 11.76 -10 4.871 12.73 -10 0 14.91 -6 0
5 24 11.76 -10 4.871 12.73 -10 0 14.91 -6 0 7.391 -14.07 3.061
2 24 14.91 -6 0 14.7 -5.657 2
4 16 8.315 -9 3.444 9 -9 0 4.871 -11.76 0 4.5 -11.76 1.864
4 16 11 -6 0 9 -9 0 8.315 -9 3.444 10.84 -5.657 2
2 24 10.84 -5.657 2 11 -6 0
3 16 9 -10 9 5.657 -14.07 5.657 11 -10 6
5 24 5.657 -14.07 5.657 9 -10 9 4.871 -10 11.76 11 -10 6
2 24 9 -10 9 11 -10 6
4 16 11 -10 6 5.657 -14.07 5.657 7.391 -14.07 3.061 11.76 -10 4.871
5 24 7.391 -14.07 3.061 11.76 -10 4.871 11 -10 6 8 -14.07 0
5 24 11 -10 6 11.76 -10 4.871 14.13 -5.291 5.854 5.657 -14.07 5.657
4 16 11.39 -2 4.719 10.86 -4.871 4.5 8.315 -4.871 8.315 10.54 -2 6
4 16 10.54 -2 6 8.315 -4.871 8.315 9 0 9 11 0 6
2 24 10.54 -2 6 11 0 6
4 16 3.444 -11.76 3.444 6.364 -9 6.364 8.315 -9 3.444 4.5 -11.76 1.864
4 16 8.315 -4.871 8.315 10.86 -4.871 4.5 8.315 -9 3.444 6.364 -9 6.364
4 16 1.864 -11.76 4.5 3.444 -9 8.315 6.364 -9 6.364 3.444 -11.76 3.444
4 16 4.5 -4.871 10.86 8.315 -4.871 8.315 6.364 -9 6.364 3.444 -9 8.315
4 16 0 -9 9 3.444 -9 8.315 1.864 -11.76 4.5 0 -11.76 4.871
4 16 0 -4.871 11.76 4.5 -4.871 10.86 3.444 -9 8.315 0 -9 9
3 16 -3.444 -9 8.315 0 -9 9 -3.061 -9.668 7.391
4 16 -3.061 -9.668 7.391 0 -9 9 0 -11.76 4.871 -1.864 -11.76 4.5
3 16 14.13 -5.291 5.854 14.9 -5.291 2 14.49 -3.021 6
5 24 14.49 -3.021 6 14.13 -5.291 5.854 14.9 -5.291 2 14.04 -5.291 6
4 16 14.49 -3.021 6 14.9 -5.291 2 15.45 -2 2 14.66 -2 6
2 24 14.49 -3.021 6 14.66 -2 6
3 16 14.66 -2 -6 15.45 -2 -2 14.49 -3.021 -6
2 24 14.66 -2 -6 14.49 -3.021 -6
4 16 14.49 -3.021 -6 15.45 -2 -2 14.9 -5.291 -2 14.13 -5.291 -5.854
5 24 14.49 -3.021 -6 14.13 -5.291 -5.854 14.04 -5.291 -6 15.45 -2 -2
1 16 0 -14.07 0 8 0 0 0 1 0 0 0 8 4-4edge.dat
1 16 0 -14.07 0 8 0 0 0 1 0 0 0 8 4-4disc.dat
4 16 0 -6 -11 0 -9 -9 3.444 -9 -8.315 2 -5.657 -10.84
2 24 2 -5.657 -10.84 0 -6 -11
4 16 2 -5.657 -10.84 3.444 -9 -8.315 4.5 -4.871 -10.86 2 -4.871 -11.36
4 16 2 -5.291 -14.9 5.854 -5.291 -14.13 4.871 -10 -11.76 2 -5.657 -14.7
5 24 5.854 -5.291 -14.13 2 -5.291 -14.9 6 -3.021 -14.49 4.871 -10 -11.76
5 24 4.871 -10 -11.76 5.854 -5.291 -14.13 6 -5.291 -14.04 2 -5.657 -14.7
4 16 2 -5.657 -14.7 4.871 -10 -11.76 0 -10 -12.73 0 -6 -14.91
5 24 0 -10 -12.73 4.871 -10 -11.76 3.061 -14.07 -7.391 0 -6 -14.91
5 24 0 -6 -14.91 0 -10 -12.73 -4.871 -10 -11.76 2 -5.657 -14.7
2 24 0 -6 -14.91 2 -5.657 -14.7
3 16 3.444 -9 -8.315 0 -9 -9 3.061 -9.668 -7.391
4 16 3.061 -9.668 -7.391 0 -9 -9 0 -11.76 -4.871 1.864 -11.76 -4.5
4 16 0 -6 -14.91 0 -10 -12.73 -4.871 -10 -11.76 -2 -5.657 -14.7
5 24 -4.871 -10 -11.76 0 -10 -12.73 0 -14.07 -8 -2 -5.657 -14.7
2 24 -2 -5.657 -14.7 0 -6 -14.91
4 16 -2 -5.657 -14.7 -4.871 -10 -11.76 -5.854 -5.291 -14.13 -2 -5.291 -14.9
5 24 -5.854 -5.291 -14.13 -4.871 -10 -11.76 -6 -10 -11 -2 -5.291 -14.9
5 24 -2 -5.291 -14.9 -5.854 -5.291 -14.13 -6 -3.021 -14.49 -2 -5.657 -14.7
4 16 -2 -4.871 -11.36 -4.5 -4.871 -10.86 -3.444 -9 -8.315 -2 -5.657 -10.84
4 16 -2 -5.657 -10.84 -3.444 -9 -8.315 0 -9 -9 0 -6 -11
2 24 0 -6 -11 -2 -5.657 -10.84
4 16 -6 0 -11 -9 0 -9 -8.315 -4.871 -8.315 -6 -2 -10.54
2 24 -6 0 -11 -6 -2 -10.54
4 16 -6 -2 -10.54 -8.315 -4.871 -8.315 -4.5 -4.871 -10.86 -4.719 -2 -11.39
3 16 -4.871 -10 -11.76 -3.061 -14.07 -7.391 -6 -10 -11
5 24 -4.871 -10 -11.76 -3.061 -14.07 -7.391 -6 -10 -11 0 -10 -12.73
5 24 -4.871 -10 -11.76 -6 -10 -11 -6 -5.291 -14.04 -3.061 -14.07 -7.391
4 16 -6 -10 -11 -3.061 -14.07 -7.391 -5.657 -14.07 -5.657 -9 -10 -9
5 24 -9 -10 -9 -5.657 -14.07 -5.657 -11 -10 -6 -6 -10 -11
2 24 -6 -10 -11 -9 -10 -9
4 16 -3.444 -9 -8.315 -4.5 -4.871 -10.86 -8.315 -4.871 -8.315 -6.364 -9 -6.364
4 16 -3.444 -9 -8.315 -6.364 -9 -6.364 -3.444 -11.76 -3.444 -1.864 -11.76 -4.5
3 16 -9 -10 -9 -5.657 -14.07 -5.657 -11 -10 -6
2 24 -9 -10 -9 -11 -10 -6
4 16 -11 -10 -6 -5.657 -14.07 -5.657 -7.391 -14.07 -3.061 -11.76 -10 -4.871
5 24 -11.76 -10 -4.871 -7.391 -14.07 -3.061 -8 -14.07 0 -11 -10 -6
5 24 -11 -10 -6 -11.76 -10 -4.871 -14.13 -5.291 -5.854 -5.657 -14.07 -5.657
4 16 -6.364 -9 -6.364 -8.315 -4.871 -8.315 -10.86 -4.871 -4.5 -8.315 -9 -3.444
4 16 -6.364 -9 -6.364 -8.315 -9 -3.444 -4.5 -11.76 -1.864 -3.444 -11.76 -3.444
4 16 -11.39 -2 -4.719 -10.86 -4.871 -4.5 -8.315 -4.871 -8.315 -10.54 -2 -6
4 16 -10.54 -2 -6 -8.315 -4.871 -8.315 -9 0 -9 -11 0 -6
2 24 -10.54 -2 -6 -11 0 -6
4 16 -14.9 -5.291 -2 -14.13 -5.291 -5.854 -11.76 -10 -4.871 -14.7 -5.657 -2
5 24 -14.13 -5.291 -5.854 -14.9 -5.291 -2 -14.49 -3.021 -6 -11.76 -10 -4.871
5 24 -11.76 -10 -4.871 -14.13 -5.291 -5.854 -14.04 -5.291 -6 -14.7 -5.657 -2
4 16 -14.7 -5.657 -2 -11.76 -10 -4.871 -12.73 -10 0 -14.91 -6 0
5 24 -12.73 -10 0 -11.76 -10 -4.871 -7.391 -14.07 -3.061 -14.91 -6 0
5 24 -14.91 -6 0 -12.73 -10 0 -11.76 -10 4.871 -14.7 -5.657 -2
2 24 -14.91 -6 0 -14.7 -5.657 -2
4 16 -11 -6 0 -9 -9 0 -8.315 -9 -3.444 -10.84 -5.657 -2
2 24 -10.84 -5.657 -2 -11 -6 0
4 16 -4.5 -11.76 -1.864 -8.315 -9 -3.444 -9 -9 0 -4.871 -11.76 0
4 16 -14.91 -6 0 -12.73 -10 0 -11.76 -10 4.871 -14.7 -5.657 2
5 24 -11.76 -10 4.871 -12.73 -10 0 -8 -14.07 0 -14.7 -5.657 2
2 24 -14.7 -5.657 2 -14.91 -6 0
4 16 -14.7 -5.657 2 -11.76 -10 4.871 -14.13 -5.291 5.854 -14.9 -5.291 2
5 24 -14.13 -5.291 5.854 -11.76 -10 4.871 -11 -10 6 -14.9 -5.291 2
5 24 -14.9 -5.291 2 -14.13 -5.291 5.854 -14.49 -3.021 6 -14.7 -5.657 2
3 16 -4.5 -11.76 1.864 -4.871 -11.76 0 -7.391 -9.668 3.061
4 16 -7.391 -9.668 3.061 -4.871 -11.76 0 -9 -9 0 -8.315 -9 3.444
4 16 -11.36 -4.871 2 -10.86 -4.871 4.5 -8.315 -9 3.444 -10.84 -5.657 2
4 16 -10.84 -5.657 2 -8.315 -9 3.444 -9 -9 0 -11 -6 0
2 24 -11 -6 0 -10.84 -5.657 2
3 16 -14.66 -2 6 -15.45 -2 2 -14.49 -3.021 6
2 24 -14.66 -2 6 -14.49 -3.021 6
4 16 -14.49 -3.021 6 -15.45 -2 2 -14.9 -5.291 2 -14.13 -5.291 5.854
5 24 -14.13 -5.291 5.854 -14.49 -3.021 6 -15.45 -2 2 -14.04 -5.291 6
3 16 5.854 -5.291 -14.13 2 -5.291 -14.9 6 -3.021 -14.49
5 24 6 -3.021 -14.49 5.854 -5.291 -14.13 2 -5.291 -14.9 6 -5.291 -14.04
4 16 6 -3.021 -14.49 2 -5.291 -14.9 2 -2 -15.45 6 -2 -14.66
2 24 6 -3.021 -14.49 6 -2 -14.66
3 16 -6 -2 -14.66 -2 -2 -15.45 -6 -3.021 -14.49
2 24 -6 -2 -14.66 -6 -3.021 -14.49
4 16 -6 -3.021 -14.49 -2 -2 -15.45 -2 -5.291 -14.9 -5.854 -5.291 -14.13
5 24 -6 -3.021 -14.49 -5.854 -5.291 -14.13 -6 -5.291 -14.04 -2 -2 -15.45
3 16 -14.13 -5.291 -5.854 -14.9 -5.291 -2 -14.49 -3.021 -6
5 24 -14.49 -3.021 -6 -14.13 -5.291 -5.854 -14.9 -5.291 -2 -14.04 -5.291 -6
4 16 -14.49 -3.021 -6 -14.9 -5.291 -2 -15.45 -2 -2 -14.66 -2 -6
2 24 -14.49 -3.021 -6 -14.66 -2 -6
4 16 27 -2 -2 27 -2 -6 27 -10 -6 27 -5.657 -2
2 24 27 -10 -6 27 -2 -6
4 16 27 -5.657 -2 27 -10 -6 27 -14.07 -6.71 27 -6 0
4 16 27 -6 0 27 -14.07 -6.71 27 -10 6 27 -5.657 2
4 16 27 -5.657 2 27 -10 6 27 -2 6 27 -2 2
2 24 27 -2 6 27 -10 6
3 16 27 -10 6 27 -14.07 -6.71 27 -10 9
2 24 27 -10 6 27 -10 9
4 16 27 -10 9 27 -14.07 -6.71 27 -14.07 8 27 -10 12.73
2 24 27 -14.07 8 27 -10 12.73
3 16 27 -10 9 27 -10 12.73 27 -2.899 9
2 24 27 -10 9 27 -2.899 9
4 16 27 -2.899 9 27 -10 12.73 27 -10 27 27 -2.899 27
2 24 27 -10 27 27 -10 12.73
2 24 27 -2.899 27 27 -10 27
3 16 27 -10 -6 27 -10 -6.71 27 -14.07 -6.71
2 24 27 -10 -6.71 27 -10 -6
4 16 6 -2 -27 2 -2 -27 2 -5.657 -27 6 -10 -27
2 24 6 -2 -27 6 -10 -27
4 16 6 -10 -27 2 -5.657 -27 0 -6 -27 6.71 -14.07 -27
3 16 6.71 -14.07 -27 0 -6 -27 -2 -5.657 -27
4 16 -6.71 -10 -27 -6.71 -14.07 -27 6.71 -14.07 -27 -6 -10 -27
2 24 -6.71 -10 -27 -6 -10 -27
4 16 -6 -2 -27 -6 -10 -27 6.71 -14.07 -27 -2 -5.657 -27
2 24 -6 -10 -27 -6 -2 -27
3 16 -6 -2 -27 -2 -5.657 -27 -2 -2 -27
3 16 6.71 -14.07 -27 6.71 -10 -27 6 -10 -27
2 24 6 -10 -27 6.71 -10 -27
4 16 -9 2 -12.61 -9 2 -25.7 -19.66 2 -19.66 -11.16 2 -11.16
4 16 -11.16 2 -11.16 -19.66 2 -19.66 -25.7 2 -9 -12.61 2 -9
1 16 -10.08 6 -11.885 0 0 1.08 4 0 0 0 1 -0.725 rect3.dat
5 24 -11.16 2 -11.16 -11.16 10 -11.16 -9 10 -12.61 -12.61 2 -9
1 16 -11.885 6 -10.08 0 1 -0.725 -4 0 0 0 0 1.08 rect3.dat
4 16 12.61 2 -9 25.7 2 -9 19.66 2 -19.66 11.16 2 -11.16
4 16 11.16 2 -11.16 19.66 2 -19.66 9 2 -25.7 9 2 -12.61
1 16 11.885 6 -10.08 0 -1 0.725 4 0 0 0 0 1.08 rect3.dat
5 24 11.16 2 -11.16 11.16 10 -11.16 12.61 10 -9 9 2 -12.61
1 16 10.08 6 -11.885 0 0 -1.08 -4 0 0 0 1 -0.725 rect3.dat
4 16 -30 0 6 -28.01 10 6 -27 -2 6 -30 -2 6
2 24 -30 0 6 -30 -2 6
3 16 -27 -2 6 -28.01 10 6 -11 10 6
2 24 -11 10 6 -28.01 10 6
4 16 -27 -2 6 -11 10 6 -14.66 -2 6 -27 -10 6
2 24 -27 -2 6 -27 -10 6
3 16 -27 -10 6 -14.66 -2 6 -14.49 -3.021 6
3 16 -14.04 -5.291 6 -27 -10 6 -14.49 -3.021 6
2 24 -14.49 -3.021 6 -14.04 -5.291 6
3 16 -11 10 6 -11 -2 6 -14.66 -2 6
2 24 -11 -2 6 -11 10 6
3 16 -14.04 -5.291 6 -11 -10 6 -27 -10 6
2 24 -14.04 -5.291 6 -11 -10 6
2 24 -27 -10 6 -11 -10 6
1 16 2.436 5 12.245 0 0 2.4355 5 0 0 0 1 -0.485 rect1.dat
1 16 -2.436 5 12.245 0 0 2.4355 5 0 0 0 1 0.485 rect1.dat
1 16 10 5 7.5 0 1 1 5 0 0 0 0 -1.5 rect2a.dat
1 16 6.936 5 10.38 0 0 2.0645 5 0 0 0 1 -1.38 rect1.dat
4 16 30 0 -6 28.01 10 -6 27 -2 -6 30 -2 -6
2 24 30 0 -6 28.01 10 -6
2 24 30 0 -6 30 -2 -6
3 16 27 -2 -6 28.01 10 -6 11 10 -6
2 24 11 10 -6 28.01 10 -6
4 16 27 -2 -6 11 10 -6 14.66 -2 -6 27 -10 -6
3 16 27 -10 -6 14.66 -2 -6 14.49 -3.021 -6
3 16 14.04 -5.291 -6 27 -10 -6 14.49 -3.021 -6
2 24 14.49 -3.021 -6 14.04 -5.291 -6
3 16 11 10 -6 11 -2 -6 14.66 -2 -6
2 24 11 -2 -6 11 10 -6
3 16 14.04 -5.291 -6 11 -10 -6 27 -10 -6
2 24 14.04 -5.291 -6 11 -10 -6
2 24 27 -10 -6 11 -10 -6
4 16 11 -2 -6 9 -10 -9 11 -10 -6 11.76 -2 -4.871
3 16 11.76 -2 -4.871 11 -10 -6 11.76 -10 -4.871
2 24 11 -10 -6 11.76 -10 -4.871
4 16 -6 0 -30 -6 10 -28.01 -6 -2 -27 -6 -2 -30
2 24 -6 0 -30 -6 10 -28.01
2 24 -6 0 -30 -6 -2 -30
3 16 -6 -2 -27 -6 10 -28.01 -6 10 -11
2 24 -6 10 -11 -6 10 -28.01
4 16 -6 -2 -27 -6 10 -11 -6 -2 -14.66 -6 -10 -27
3 16 -6 -10 -27 -6 -2 -14.66 -6 -3.021 -14.49
3 16 -6 -2 -10.54 -6 -2 -14.66 -6 0 -11
3 16 -6 0 -11 -6 -2 -14.66 -6 10 -11
3 16 -6 -5.291 -14.04 -6 -10 -27 -6 -3.021 -14.49
2 24 -6 -3.021 -14.49 -6 -5.291 -14.04
3 16 -6 -5.291 -14.04 -6 -10 -11 -6 -10 -27
2 24 -6 -5.291 -14.04 -6 -10 -11
2 24 -6 -10 -27 -6 -10 -11
4 16 28.01 10 30 28.01 10 6 27 10 9 27 10 27
4 16 27 10 9 28.01 10 6 11 10 6 13.08 10 9
2 24 11 10 6 28.01 10 6
2 24 27 10 9 13.08 10 9
4 16 13.08 10 9 11 10 6 9 10 9 11.45 10 11.45
2 24 13.08 10 9 11.45 10 11.45
4 16 11.45 10 11.45 9 10 9 4.871 10 11.76 6.194 10 14.95
2 24 11.45 10 11.45 6.194 10 14.95
4 16 6.194 10 14.95 4.871 10 11.76 0 10 12.73 0 10 16.19
4 16 0 10 16.19 0 10 12.73 -4.871 10 11.76 -6.194 10 14.95
4 16 -6.194 10 14.95 -4.871 10 11.76 -9 10 9 -11.45 10 11.45
2 24 -4.871 10 11.76 -9 10 9
2 24 -6.194 10 14.95 -11.45 10 11.45
4 16 -11.45 10 11.45 -9 10 9 -11 10 6 -13.08 10 9
2 24 -11 10 6 -9 10 9
2 24 -11.45 10 11.45 -13.08 10 9
4 16 -13.08 10 9 -11 10 6 -28.01 10 6 -27 10 9
2 24 -13.08 10 9 -27 10 9
4 16 -27 10 9 -28.01 10 6 -28.01 10 30 -27 10 27
4 16 -27 10 27 -28.01 10 30 28.01 10 30 27 10 27
2 24 28.01 10 30 -28.01 10 30
2 24 -27 10 27 27 10 27
4 16 30 0 -7.5 30 0 -6 30 -2 -6 30 -11.07 -7.5
5 24 30 0 -7.5 30 0 -6 30 -2 -6 28.01 10 -11.01
2 24 30 0 -7.5 30 -11.07 -7.5
4 16 30 -11.07 -7.5 30 -2 -6 30 -2 -2 30 -5.657 -2
4 16 30 -11.07 -7.5 30 -5.657 -2 30 -10 12.73 30 -11.07 11.48
2 24 30 -10 12.73 30 -11.07 11.48
3 16 30 -10 12.73 30 -5.657 -2 30 -6 0
4 16 30 -10 12.73 30 -6 0 30 -5.657 2 30 -10 30
2 24 30 -10 12.73 30 -10 30
4 16 30 -10 30 30 -5.657 2 30 -2 2 30 -2 6
4 16 30 0 6 30 0 30 30 -10 30 30 -2 6
5 24 30 0 6 30 0 30 30 -10 30 28.01 10 6
2 24 30 -10 30 30 0 30
2 24 30 0 6 30 -2 6
3 16 21.87 -10 -21.87 21.87 10 -21.87 27.04 -10 -12.73
2 24 21.87 10 -21.87 21.87 -10 -21.87
2 24 21.87 -10 -21.87 27.04 -10 -12.73
4 16 27.04 -10 -12.73 21.87 10 -21.87 28.01 10 -11.01 28.64 -12.43 -9.904
2 24 28.01 10 -11.01 21.87 10 -21.87
4 16 28.64 -12.43 -9.904 28.01 10 -11.01 30 0 -7.5 30 -11.07 -7.5
2 24 28.01 10 -11.01 30 0 -7.5
4 16 9.904 -12.43 -28.64 7.5 -11.07 -30 7.5 0 -30 12.73 -10 -27.04
2 24 7.5 0 -30 7.5 -11.07 -30
3 16 12.73 -10 -27.04 7.5 0 -30 21.87 -10 -21.87
2 24 12.73 -10 -27.04 21.87 -10 -21.87
4 16 21.87 -10 -21.87 7.5 0 -30 11.01 10 -28.01 21.87 10 -21.87
2 24 7.5 0 -30 11.01 10 -28.01
2 24 21.87 10 -21.87 11.01 10 -28.01
4 16 -6 0 -30 -6 -2 -30 -7.5 -11.07 -30 -7.5 0 -30
2 24 -7.5 0 -30 -7.5 -11.07 -30
5 24 -7.5 0 -30 -6 0 -30 -6 -2 -30 -11.01 10 -28.01
4 16 -7.5 -11.07 -30 -6 -2 -30 -2 -2 -30 -2 -5.657 -30
4 16 -7.5 -11.07 -30 -2 -5.657 -30 0 -6 -30 7.5 -11.07 -30
3 16 7.5 -11.07 -30 0 -6 -30 2 -5.657 -30
4 16 6 0 -30 7.5 0 -30 7.5 -11.07 -30 6 -2 -30
5 24 6 0 -30 7.5 0 -30 7.5 -11.07 -30 6 10 -28.01
2 24 6 0 -30 6 -2 -30
4 16 6 -2 -30 7.5 -11.07 -30 2 -5.657 -30 2 -2 -30
3 16 -21.87 -10 -21.87 -21.87 10 -21.87 -12.73 -10 -27.04
2 24 -21.87 10 -21.87 -21.87 -10 -21.87
2 24 -21.87 -10 -21.87 -12.73 -10 -27.04
4 16 -12.73 -10 -27.04 -21.87 10 -21.87 -11.01 10 -28.01 -9.904 -12.43 -28.64
2 24 -11.01 10 -28.01 -21.87 10 -21.87
4 16 -9.904 -12.43 -28.64 -11.01 10 -28.01 -7.5 0 -30 -7.5 -11.07 -30
2 24 -11.01 10 -28.01 -7.5 0 -30
4 16 -28.64 -12.43 -9.904 -30 -11.07 -7.5 -30 0 -7.5 -27.04 -10 -12.73
2 24 -30 0 -7.5 -30 -11.07 -7.5
3 16 -27.04 -10 -12.73 -30 0 -7.5 -21.87 -10 -21.87
2 24 -27.04 -10 -12.73 -21.87 -10 -21.87
4 16 -21.87 -10 -21.87 -30 0 -7.5 -28.01 10 -11.01 -21.87 10 -21.87
2 24 -30 0 -7.5 -28.01 10 -11.01
2 24 -21.87 10 -21.87 -28.01 10 -11.01
4 16 -30 0 6 -30 -2 6 -30 -11.07 11.48 -30 -10 12.73
2 24 -30 -11.07 11.48 -30 -10 12.73
4 16 -30 -11.07 11.48 -30 -2 6 -30 -2 2 -30 -5.657 2
4 16 -30 -11.07 11.48 -30 -5.657 2 -30 -6 0 -30 -11.07 -7.5
3 16 -30 -11.07 -7.5 -30 -6 0 -30 -5.657 -2
4 16 -30 -10 30 -30 0 30 -30 0 6 -30 -10 12.73
2 24 -30 0 30 -30 -10 30
5 24 -30 0 30 -30 0 6 -30 -10 12.73 -28.01 10 30
2 24 -30 -10 30 -30 -10 12.73
4 16 -30 0 -6 -30 0 -7.5 -30 -11.07 -7.5 -30 -2 -6
5 24 -30 0 -6 -30 0 -7.5 -30 -11.07 -7.5 -28.01 10 -6
2 24 -30 0 -6 -30 -2 -6
4 16 -30 -2 -6 -30 -11.07 -7.5 -30 -5.657 -2 -30 -2 -2
3 16 19.66 10 -19.66 25.7 10 -9 28.01 10 -6
3 16 28.01 10 -6 25.7 10 -9 12.61 10 -9
4 16 28.01 10 -6 12.61 10 -9 9 10 -9 11 10 -6
2 24 9 10 -9 11 10 -6
3 16 9 10 -9 12.61 10 -9 11.16 10 -11.16
4 16 9 10 -9 11.16 10 -11.16 9 10 -12.61 6 10 -11
2 24 9 10 -9 6 10 -11
4 16 28.01 10 -6 28.01 10 -11.01 21.87 10 -21.87 19.66 10 -19.66
2 24 28.01 10 -6 28.01 10 -11.01
3 16 19.66 10 -19.66 21.87 10 -21.87 9 10 -25.7
4 16 9 10 -25.7 21.87 10 -21.87 11.01 10 -28.01 6 10 -28.01
2 24 11.01 10 -28.01 6 10 -28.01
4 16 6 10 -11 9 10 -12.61 9 10 -25.7 6 10 -28.01
2 24 6 10 -11 6 10 -28.01
4 16 -6 10 -28.01 -11.01 10 -28.01 -21.87 10 -21.87 -19.66 10 -19.66
2 24 -6 10 -28.01 -11.01 10 -28.01
3 16 -19.66 10 -19.66 -21.87 10 -21.87 -25.7 10 -9
4 16 -25.7 10 -9 -21.87 10 -21.87 -28.01 10 -11.01 -28.01 10 -6
2 24 -28.01 10 -11.01 -28.01 10 -6
4 16 -25.7 10 -9 -28.01 10 -6 -11 10 -6 -12.61 10 -9
2 24 -11 10 -6 -28.01 10 -6
4 16 -12.61 10 -9 -11 10 -6 -9 10 -9 -11.16 10 -11.16
4 16 -11.16 10 -11.16 -9 10 -9 -6 10 -11 -9 10 -12.61
4 16 -9 10 -12.61 -6 10 -11 -6 10 -28.01 -9 10 -25.7
3 16 -9 10 -25.7 -6 10 -28.01 -19.66 10 -19.66
4 16 -11 -2 6 -9 -10 9 -11 -10 6 -11.76 -2 4.871
2 24 -11 -10 6 -9 -10 9
3 16 -11.76 -2 4.871 -11 -10 6 -11.76 -10 4.871
2 24 -11 -10 6 -11.76 -10 4.871
4 16 -11 10 6 -9 10 9 -9 -10 9 -11 -2 6
4 16 -4.871 0 11.76 -9 -10 9 -9 10 9 -4.871 10 11.76
3 16 9 -10 -9 6 -2 -11 6 -10 -11
2 24 9 -10 -9 6 -10 -11
1 16 5.436 -6 -11.38 0 0 -0.5645 4 0 0 0 -1 -0.38 rect3.dat
4 16 9 10 -9 6 10 -11 6 -2 -11 9 -10 -9
2 24 6 -2 -11 6 10 -11
4 16 11 10 -6 9 10 -9 9 -10 -9 11 -2 -6
3 16 6 0 -30 6 -2 -27 6 -5.291 -14.04
4 16 6 -5.291 -14.04 6 -2 -27 6 -10 -27 6 -10 -11
2 24 6 -10 -11 6 -10 -27
2 24 6 -10 -11 6 -5.291 -14.04
4 16 6 -2 -11 6 10 -11 6 10 -28.01 6 -2 -14.66
3 16 6 -2 -14.66 6 10 -28.01 6 -3.021 -14.49
4 16 6 -3.021 -14.49 6 10 -28.01 6 0 -30 6 -5.291 -14.04
2 24 6 10 -28.01 6 0 -30
2 24 6 -5.291 -14.04 6 -3.021 -14.49
3 16 6 0 -30 6 -2 -30 6 -2 -27
1 16 -10 5 -7.5 0 -1 -1 5 0 0 0 0 1.5 rect2a.dat
1 16 -7.5 5 -10 1.5 0 0 0 0 5 -1 -1 0 rect2a.dat
4 16 -11 0 -6 -11 10 -6 -28.01 10 -6 -14.66 -2 -6
3 16 -14.66 -2 -6 -28.01 10 -6 -14.49 -3.021 -6
4 16 -14.49 -3.021 -6 -28.01 10 -6 -27 -2 -6 -14.04 -5.291 -6
2 24 -14.04 -5.291 -6 -14.49 -3.021 -6
4 16 -14.04 -5.291 -6 -27 -2 -6 -27 -10 -6 -11 -10 -6
2 24 -27 -10 -6 -27 -2 -6
2 24 -11 -10 -6 -27 -10 -6
2 24 -11 -10 -6 -14.04 -5.291 -6
4 16 -30 0 -6 -30 -2 -6 -27 -2 -6 -28.01 10 -6
2 24 -28.01 10 -6 -30 0 -6
3 16 -14.66 -2 -6 -10.54 -2 -6 -11 0 -6
4 16 11 0 6 11 10 6 28.01 10 6 14.66 -2 6
3 16 14.66 -2 6 28.01 10 6 14.49 -3.021 6
4 16 14.49 -3.021 6 28.01 10 6 27 -2 6 14.04 -5.291 6
2 24 14.04 -5.291 6 14.49 -3.021 6
4 16 14.04 -5.291 6 27 -2 6 27 -10 6 11 -10 6
2 24 11 -10 6 27 -10 6
2 24 11 -10 6 14.04 -5.291 6
4 16 30 0 6 30 -2 6 27 -2 6 28.01 10 6
3 16 14.66 -2 6 10.54 -2 6 11 0 6
4 16 27 -10 12.73 30 -10 12.73 30 -10 30 27 -10 27
2 24 27 -10 12.73 30 -10 12.73
4 16 27 -10 27 30 -10 30 -30 -10 30 -27 -10 27
2 24 -30 -10 30 30 -10 30
2 24 27 -10 27 -27 -10 27
4 16 -27 -10 27 -30 -10 30 -30 -10 12.73 -27 -10 12.73
2 24 -30 -10 12.73 -27 -10 12.73
2 24 -27 -10 27 -27 -10 12.73
4 16 -23.59 -10 -12.73 -27.04 -10 -12.73 -21.87 -10 -21.87 -19.66 -10 -19.66
4 16 -19.66 -10 -19.66 -21.87 -10 -21.87 -12.73 -10 -27.04 -12.73 -10 -23.59
4 16 9 -10 -9.12 9 -10 -9 6 -10 -11 6 -10 -27
4 16 9 -10 -9.12 6 -10 -27 6.71 -10 -27 9 -10 -25.7
4 16 27 -10 -6 11 -10 -6 9.001 -10 -9.001 27 -10 -6.71
2 24 9 -10 -9 11 -10 -6
3 16 27 -10 -6.71 9.001 -10 -9.001 9.12 -10 -9
2 24 9.001 -10 -9.001 9.12 -10 -9
3 16 27 -10 -6.71 9.12 -10 -9 25.7 -10 -9
3 16 -6 -10 -27 -6 -10 -11 -6.71 -10 -27
4 16 -6.71 -10 -27 -6 -10 -11 -9 -10 -9 -9 -10 -25.7
3 16 -25.7 -10 -9 -9 -10 -9 -27 -10 -6.71
4 16 -27 -10 -6.71 -9 -10 -9 -11 -10 -6 -27 -10 -6
2 24 -27 -10 -6.71 -27 -10 -6
4 16 12.73 -10 -23.59 12.73 -10 -27.04 21.87 -10 -21.87 19.66 -10 -19.66
4 16 19.66 -10 -19.66 21.87 -10 -21.87 27.04 -10 -12.73 23.59 -10 -12.73
4 16 -8 0 13.75 -6.194 0 14.95 -6.194 10 14.95 -8 2 13.75
5 24 -6.194 0 14.95 -8 0 13.75 -8 -2 13.35 -6.194 10 14.95
5 24 -6.194 0 14.95 -6.194 10 14.95 -8 2 13.75 0 0 16.19
1 16 -3.097 5 15.57 0 0 -3.097 5 0 0 0 -1 -0.62 rect1.dat
5 24 0 0 16.19 -6.194 0 14.95 -5.854 -5.291 14.13 0 10 16.19
5 24 0 0 16.19 0 10 16.19 -6.194 10 14.95 6.194 0 14.95
4 16 -11.21 -2 11.21 -10.82 -5.291 10.82 -5.854 -5.291 14.13 -8 -2 13.35
5 24 -10.82 -5.291 10.82 -11.21 -2 11.21 -12.45 -2 9.344 -5.854 -5.291 14.13
5 24 -10.82 -5.291 10.82 -5.854 -5.291 14.13 -8 -2 13.35 -9 -10 9
4 16 -8 -2 13.35 -5.854 -5.291 14.13 -6.194 0 14.95 -8 0 13.75
5 24 -5.854 -5.291 14.13 -6.194 0 14.95 -8 0 13.75 0 -5.291 15.3
4 16 -12.68 -1.282 9.221 -12.75 -1.653 9 -12.03 -5.291 9 -12.45 -2 9.344
2 24 -12.03 -5.291 9 -12.75 -1.653 9
2 24 -12.45 -2 9.344 -12.68 -1.282 9.221
4 16 -12.45 -2 9.344 -12.03 -5.291 9 -10.82 -5.291 10.82 -11.21 -2 11.21
5 24 -12.03 -5.291 9 -10.82 -5.291 10.82 -11.21 -2 11.21 -9 -10 9
1 16 7.801 0 22 0 0 0.199 2 0 0 0 1 0 rect3.dat
1 16 -7.801 0 22 0 0 -0.199 -2 0 0 0 1 0 rect3.dat
4 16 13.08 3.019 9 13.08 10 9 11.45 10 11.45 13 2.899 9.119
2 24 13.08 10 9 13.08 3.019 9
4 16 13 2.899 9.119 11.45 10 11.45 11.45 2 11.45 12.82 2 9.387
5 24 11.45 2 11.45 11.45 10 11.45 6.194 10 14.95 12.82 2 9.387
4 16 8 2 13.75 6.194 10 14.95 6.194 0 14.95 8 0 13.75
5 24 6.194 10 14.95 6.194 0 14.95 8 0 13.75 0 10 16.19
5 24 8 0 13.75 6.194 0 14.95 5.854 -5.291 14.13 8 2 13.75
1 16 3.097 5 15.57 0 0 -3.097 5 0 0 0 -1 0.62 rect1.dat
5 24 6.194 0 14.95 0 0 16.19 0 -5.291 15.3 6.194 10 14.95
4 16 8 0 13.75 6.194 0 14.95 5.854 -5.291 14.13 8 -2 13.35
5 24 6.194 0 14.95 5.854 -5.291 14.13 8 -2 13.35 0 0 16.19
4 16 8 -2 13.35 5.854 -5.291 14.13 10.82 -5.291 10.82 11.21 -2 11.21
5 24 5.854 -5.291 14.13 10.82 -5.291 10.82 11.21 -2 11.21 4.871 -10 11.76
5 24 11.21 -2 11.21 10.82 -5.291 10.82 12.03 -5.291 9 8 -2 13.35
2 24 8 -2 13.35 11.21 -2 11.21
4 16 -7.602 2 27 -7.602 2 22 -8 2 22 -12.82 2 27
2 24 -7.602 2 27 -12.82 2 27
4 16 -12.82 2 27 -8 2 22 -11.45 2 11.45 -12.82 2 9.387
2 24 -12.82 2 9.387 -11.45 2 11.45
2 24 -12.82 2 9.387 -12.82 2 27
3 16 -8 2 22 -8 2 13.75 -11.45 2 11.45
2 24 -8 2 13.75 -11.45 2 11.45
4 16 -12.82 2 9.387 -11.45 2 11.45 -11.45 10 11.45 -13 2.899 9.119
5 24 -11.45 2 11.45 -11.45 10 11.45 -13 2.899 9.119 -8 2 13.75
2 24 -13 2.899 9.119 -12.82 2 9.387
4 16 -13 2.899 9.119 -11.45 10 11.45 -13.08 10 9 -13.08 3.019 9
2 24 -13.08 3.019 9 -13.08 10 9
2 24 -13.08 3.019 9 -13 2.899 9.119
4 16 -27 -6 0 -27 -5.657 2 -27 -10 6 -27 -14.07 8
3 16 -27 -14.07 8 -27 -10 6 -27 -10 9
2 24 -27 -10 6 -27 -10 9
3 16 -27 -14.07 8 -27 -10 9 -27 -10 12.73
2 24 -27 -10 12.73 -27 -14.07 8
4 16 -27 -10 12.73 -27 -10 9 -27 -2.899 9 -27 -2.899 27
2 24 -27 -2.899 9 -27 -10 9
3 16 -27 -10 12.73 -27 -2.899 27 -27 -10 27
2 24 -27 -10 27 -27 -2.899 27
4 16 -27 -14.07 -6.71 -27 -10 -6.71 -27 -10 -6 -27 -14.07 8
4 16 -27 -14.07 8 -27 -10 -6 -27 -5.657 -2 -27 -6 0
4 16 -27 -5.657 -2 -27 -10 -6 -27 -2 -6 -27 -2 -2
4 16 -27 -2 2 -27 -2 6 -27 -10 6 -27 -5.657 2
1 16 -20 0 9 0 0 -1 0.775 0 6.603 0 -1 0 rect2p.dat
4 16 -21 7.378 9 -19 -5.828 9 -18 -5.657 9 -19 5.828 9
3 16 -19 5.828 9 -18 -5.657 9 -18 -2 9
3 16 -19 5.828 9 -18 -2 9 -18 2 9
3 16 -18 2 9 -18 -2 9 -14.34 2 9
4 16 -19 -7.378 9 -21 5.828 9 -22 5.657 9 -21 -5.828 9
3 16 -21 -5.828 9 -22 5.657 9 -22 2 9
3 16 -21 -5.828 9 -22 2 9 -22 -2 9
3 16 -22 -2 9 -22 2 9 -25.66 -2 9
3 16 -21 -5.828 9 -21 -7.378 9 -19 -7.378 9
3 16 -19 -7.378 9 -21 -7.378 9 -27 -10 9
4 16 -17.1 -7 9 -19 -7.378 9 -27 -10 9 -9 -10 9
2 24 -27 -10 9 -9 -10 9
4 16 -17.1 -7 9 -9 -10 9 -12.03 -5.291 9 -14.64 -5.358 9
2 24 -9 -10 9 -12.03 -5.291 9
3 16 -14.64 -5.358 9 -12.03 -5.291 9 -13 -2.899 9
3 16 -13 -2.899 9 -12.03 -5.291 9 -12.75 -1.653 9
3 16 -27 2.899 9 -25.36 5.358 9 -27 10 9
3 16 -27 10 9 -25.36 5.358 9 -22.9 7 9
4 16 -13.08 10 9 -27 10 9 -22.9 7 9 -21 7.378 9
3 16 -13.08 10 9 -21 7.378 9 -19 7.378 9
3 16 -19 7.378 9 -21 7.378 9 -19 5.828 9
4 16 -14.34 -2 9 -14 0 9 -14.34 2 9 -18 -2 9
4 16 -25.66 2 9 -26 0 9 -25.66 -2 9 -22 2 9
3 16 -19 7.378 9 -17.1 7 9 -13.08 10 9
3 16 -13.08 10 9 -17.1 7 9 -14.64 5.358 9
3 16 -13.08 10 9 -14.64 5.358 9 -13.08 3.019 9
2 24 -14.64 5.358 9 -13.08 3.019 9
3 16 -21 -7.378 9 -22.9 -7 9 -27 -10 9
3 16 -27 -10 9 -22.9 -7 9 -25.36 -5.358 9
3 16 -27 -10 9 -25.36 -5.358 9 -27 -2.899 9
3 16 -18 2 9 -18 5.657 9 -19 5.828 9
3 16 -22 -2 9 -22 -5.657 9 -21 -5.828 9
4 16 12.45 -2 9.344 12.82 -2 9.142 8 -2 22 11.21 -2 11.21
2 24 12.45 -2 9.344 12.82 -2 9.142
2 24 12.45 -2 9.344 11.21 -2 11.21
3 16 8 -2 22 12.82 -2 9.142 12.82 -2 27
4 16 8 -2 22 12.82 -2 27 7.602 -2 27 7.602 -2 22
2 24 7.602 -2 27 12.82 -2 27
3 16 8 -2 13.35 11.21 -2 11.21 8 -2 22
4 16 11.21 -2 11.21 10.82 -5.291 10.82 12.03 -5.291 9 12.45 -2 9.344
5 24 10.82 -5.291 10.82 12.03 -5.291 9 12.45 -2 9.344 9 -10 9
4 16 12.45 -2 9.344 12.03 -5.291 9 12.75 -1.653 9 12.68 -1.282 9.221
2 24 12.75 -1.653 9 12.03 -5.291 9
2 24 12.68 -1.282 9.221 12.45 -2 9.344
4 16 21 -5.828 27 21 -7.378 27 19 -7.378 27 20 -6 27
3 16 19 -7.378 27 21 -7.378 27 27 -10 27
3 16 19 -7.378 27 27 -10 27 17.1 -7 27
4 16 17.1 -7 27 27 -10 27 0 -8 27 3.061 -7.391 27
4 16 -19 -7.378 27 0 -8 27 27 -10 27 -27 -10 27
3 16 -19 -7.378 27 -27 -10 27 -21 -7.378 27
3 16 -21 -7.378 27 -27 -10 27 -22.9 -7 27
4 16 7.602 -2 27 12.82 -2 27 13 -2.899 27 7.391 -3.061 27
4 16 7.391 -3.061 27 13 -2.899 27 14.64 -5.358 27 5.657 -5.657 27
4 16 5.657 -5.657 27 14.64 -5.358 27 17.1 -7 27 3.061 -7.391 27
4 16 -5.657 -5.657 27 -3.061 -7.391 27 -19 -7.378 27 -17.1 -7 27
4 16 -5.657 -5.657 27 -17.1 -7 27 -14.64 -5.358 27 -7.391 -3.061 27
4 16 -7.391 -3.061 27 -14.64 -5.358 27 -13 -2.899 27 -7.602 -2 27
3 16 -7.602 -2 27 -13 -2.899 27 -12.82 -2 27
3 16 21 -7.378 27 22.9 -7 27 27 -10 27
3 16 27 -10 27 22.9 -7 27 25.36 -5.358 27
3 16 27 -10 27 25.36 -5.358 27 27 -2.899 27
3 16 -21 -5.828 27 -20 -6 27 -21 -7.378 27
4 16 -21 -7.378 27 -20 -6 27 -19 -5.828 27 -19 -7.378 27
3 16 -22.9 -7 27 -27 -10 27 -25.36 -5.358 27
3 16 -25.36 -5.358 27 -27 -10 27 -27 -2.899 27
3 16 19 -5.828 27 20 -6 27 19 -7.378 27
3 16 -19 -7.378 27 -3.061 -7.391 27 0 -8 27
1 16 20 0 9 0 0 -1 0.775 0 6.603 0 -1 0 rect2p.dat
4 16 19 7.378 9 21 -5.828 9 22 -5.657 9 21 5.828 9
3 16 21 5.828 9 22 -5.657 9 22 -2 9
3 16 21 5.828 9 22 -2 9 22 2 9
3 16 22 2 9 22 -2 9 25.66 2 9
4 16 21 -7.378 9 19 5.828 9 18 5.657 9 19 -5.828 9
3 16 19 -5.828 9 18 5.657 9 18 2 9
3 16 19 -5.828 9 18 2 9 18 -2 9
3 16 18 -2 9 18 2 9 14.34 -2 9
3 16 13.08 3.019 9 14.64 5.358 9 13.08 10 9
3 16 13.08 10 9 14.64 5.358 9 17.1 7 9
4 16 27 10 9 13.08 10 9 17.1 7 9 19 7.378 9
3 16 27 10 9 19 7.378 9 21 7.378 9
3 16 21 7.378 9 19 7.378 9 21 5.828 9
4 16 25.66 -2 9 26 0 9 25.66 2 9 22 -2 9
3 16 27 -2.899 9 25.36 -5.358 9 27 -10 9
3 16 27 -10 9 25.36 -5.358 9 22.9 -7 9
4 16 9 -10 9 27 -10 9 22.9 -7 9 21 -7.378 9
2 24 9 -10 9 27 -10 9
3 16 9 -10 9 21 -7.378 9 19 -7.378 9
3 16 19 -7.378 9 21 -7.378 9 19 -5.828 9
4 16 14.34 2 9 14 0 9 14.34 -2 9 18 2 9
3 16 21 7.378 9 22.9 7 9 27 10 9
3 16 27 10 9 22.9 7 9 25.36 5.358 9
3 16 27 10 9 25.36 5.358 9 27 2.899 9
3 16 19 -7.378 9 17.1 -7 9 9 -10 9
4 16 9 -10 9 17.1 -7 9 14.64 -5.358 9 12.03 -5.291 9
2 24 12.03 -5.291 9 9 -10 9
3 16 12.03 -5.291 9 14.64 -5.358 9 13 -2.899 9
3 16 12.03 -5.291 9 13 -2.899 9 12.75 -1.653 9
3 16 22 2 9 22 5.657 9 21 5.828 9
3 16 18 -2 9 18 -5.657 9 19 -5.828 9
4 16 -18 -5.657 30 -20 -6 30 -30 -10 30 0 -8 30
3 16 0 -8 30 -30 -10 30 30 -10 30
4 16 3.061 -7.391 30 0 -8 30 30 -10 30 20 -6 30
4 16 3.061 -7.391 30 20 -6 30 18 -5.657 30 5.657 -5.657 30
4 16 5.657 -5.657 30 18 -5.657 30 18 -2 30 7.391 -3.061 30
3 16 20 -6 30 30 -10 30 22 -5.657 30
4 16 22 -5.657 30 30 -10 30 25.66 -2 30 22 -2 30
3 16 -14.34 2 30 -14 0 30 -5.657 -5.657 30
3 16 -5.657 -5.657 30 -14 0 30 -14.34 -2 30
3 16 -5.657 -5.657 30 -14.34 -2 30 -3.061 -7.391 30
4 16 -3.061 -7.391 30 -14.34 -2 30 -18 -2 30 -18 -5.657 30
3 16 -3.061 -7.391 30 -18 -5.657 30 0 -8 30
3 16 -8 0 30 -7.391 3.061 30 -19 7.378 30
3 16 -19 7.378 30 -7.391 3.061 30 -5.657 5.657 30
4 16 -20 7.577 30 -19 7.378 30 -5.657 5.657 30 -3.061 7.391 30
4 16 -20 7.577 30 -3.061 7.391 30 0 8 30 -28.01 10 30
4 16 28.01 10 30 -28.01 10 30 0 8 30 19 7.378 30
3 16 28.01 10 30 19 7.378 30 20 7.577 30
3 16 -22 2 30 -22 5.657 30 -25.66 2 30
4 16 -25.66 2 30 -22 5.657 30 -21 7.378 30 -28.01 10 30
3 16 -28.01 10 30 -21 7.378 30 -20 7.577 30
3 16 -20 -6 30 -22 -5.657 30 -30 -10 30
4 16 -30 -10 30 -22 -5.657 30 -22 -2 30 -25.66 -2 30
4 16 -30 -10 30 -25.66 -2 30 -28.01 10 30 -30 0 30
3 16 -28.01 10 30 -25.66 -2 30 -26 0 30
3 16 -28.01 10 30 -26 0 30 -25.66 2 30
3 16 20 7.577 30 21 7.378 30 28.01 10 30
4 16 28.01 10 30 21 7.378 30 22 5.657 30 25.66 2 30
4 16 28.01 10 30 25.66 2 30 30 -10 30 30 0 30
3 16 30 -10 30 25.66 2 30 26 0 30
3 16 30 -10 30 26 0 30 25.66 -2 30
4 16 7.391 3.061 30 14 0 30 14.34 2 30 5.657 5.657 30
3 16 5.657 5.657 30 14.34 2 30 3.061 7.391 30
4 16 3.061 7.391 30 14.34 2 30 18 2 30 18 5.657 30
3 16 3.061 7.391 30 18 5.657 30 0 8 30
4 16 0 8 30 18 5.657 30 19 5.828 30 19 7.378 30
3 16 7.391 -3.061 30 18 -2 30 14.34 -2 30
3 16 7.391 -3.061 30 14.34 -2 30 8 0 30
4 16 8 0 30 14.34 -2 30 14 0 30 7.391 3.061 30
3 16 22 2 30 25.66 2 30 22 5.657 30
3 16 22 5.657 30 21 7.378 30 21 5.828 30
4 16 -18 5.657 30 -14.34 2 30 -5.657 -5.657 30 -7.391 -3.061 30
4 16 -18 5.657 30 -7.391 -3.061 30 -8 0 30 -19 7.378 30
3 16 -18 5.657 30 -19 7.378 30 -19 5.828 30
3 16 -22 5.657 30 -21 5.828 30 -21 7.378 30
3 16 -18 5.657 30 -18 2 30 -14.34 2 30
4 16 -7.391 3.061 27 -12.82 2 27 -13 2.899 27 -5.657 5.657 27
2 24 -12.82 2 27 -13 2.899 27
4 16 -5.657 5.657 27 -13 2.899 27 -14.64 5.358 27 -3.061 7.391 27
2 24 -13 2.899 27 -14.64 5.358 27
4 16 0 8 27 -3.061 7.391 27 -14.64 5.358 27 -17.1 7 27
4 16 -27 10 27 0 8 27 -17.1 7 27 -19 7.378 27
3 16 -27 10 27 -19 7.378 27 -20 7.577 27
4 16 20 7.577 27 19 7.378 27 5.657 5.657 27 3.061 7.391 27
4 16 20 7.577 27 3.061 7.391 27 0 8 27 27 10 27
3 16 27 10 27 0 8 27 -27 10 27
3 16 25.36 5.358 27 22.9 7 27 27 10 27
3 16 27 10 27 22.9 7 27 21 7.378 27
3 16 27 10 27 21 7.378 27 20 7.577 27
3 16 -21 7.378 27 -22.9 7 27 -27 10 27
3 16 -27 10 27 -22.9 7 27 -25.36 5.358 27
3 16 -27 10 27 -25.36 5.358 27 -27 2.899 27
4 16 14.64 5.358 27 7.391 3.061 27 5.657 5.657 27 17.1 7 27
3 16 17.1 7 27 5.657 5.657 27 19 7.378 27
3 16 12.82 2 27 7.602 2 27 13 2.899 27
4 16 13 2.899 27 7.602 2 27 7.391 3.061 27 14.64 5.358 27
3 16 -7.391 3.061 27 -7.602 2 27 -12.82 2 27
3 16 27 10 27 27 2.899 27 25.36 5.358 27
3 16 -27 10 27 -20 7.577 27 -21 7.378 27
1 16 21.5 5.743 19.5 0 0 0.5 0 1 -0.0855 -10.5 0 0 rect.dat
1 16 18.5 5.743 19.5 0 0 0.5 0 1 0.0855 -10.5 0 0 rect.dat
1 16 27 6.45 18 0 1 0 3.5505 0 0 0 0 -9 rect.dat
3 16 12.82 -2 9.142 12.45 -2 9.344 12.68 -1.282 9.221
4 16 11.45 2 11.45 11.45 10 11.45 6.194 10 14.95 8 2 13.75
4 16 -8 2 13.75 -6.194 10 14.95 -11.45 10 11.45 -11.45 2 11.45
1 16 4 -2 -28.5 -2 0 0 0 -1 0 0 0 1.5 rect.dat
1 16 -28.5 -2 -4 0 0 1.5 0 -1 0 2 0 0 rect.dat
1 16 28.5 -2 -4 1.5 0 0 0 -1 0 0 0 -2 rect.dat
3 16 -8 -14.07 -27 -6.71 -14.07 -27 -8 -14.07 -26.27
4 16 27 -10 6 27 -10 9 9 -10 9 11 -10 6
4 16 -9 -10 9 -27 -10 9 -27 -10 6 -11 -10 6
3 16 -3.444 -11.76 3.444 0 -12.73 0 -4.5 -11.76 1.864
1 16 -28.5 -2 4 -1.5 0 0 0 -1 0 0 0 2 rect.dat
1 16 -4 -2 -28.5 0 0 2 0 -1 0 1.5 0 0 rect.dat
3 16 -4.871 -10 11.76 -9 -10 9 -4.871 0 11.76
2 24 -4.871 -10 11.76 -9 -10 9
1 16 28.5 -2 4 -1.5 0 0 0 -1 0 0 0 2 rect.dat
1 16 14.33 6 -22.68 0 0 -5.33 4 0 0 0 -1 -3.02 rect.dat
1 16 22.68 6 -14.33 0 1 3.02 -4 0 0 0 0 5.33 rect3.dat
1 16 19.155 6 -9 -6.545 0 0 0 0 4 0 1 0 rect2p.dat
1 16 9 6 -19.155 0 -1 0 0 0 -4 6.545 0 0 rect2p.dat
1 16 -19.155 6 -9 0 0 -6.545 -4 0 0 0 1 0 rect3.dat
1 16 -22.68 6 -14.33 0 -1 3.02 -4 0 0 0 0 -5.33 rect3.dat
1 16 -14.33 6 -22.68 0 0 5.33 -4 0 0 0 -1 -3.02 rect3.dat
1 16 -9 6 -19.155 0 1 0 0 0 4 6.545 0 0 rect2p.dat
1 16 -27 6.45 18 0 -1 0 0 0 3.5505 -9 0 0 rect3.dat
3 16 -14.49 -3.021 -6 -14.04 -5.291 -6 -14.13 -5.291 -5.854
5 24 -14.04 -5.291 -6 -14.13 -5.291 -5.854 -14.49 -3.021 -6 -11 -10 -6
4 16 -11 -10 -6 -11.76 -10 -4.871 -14.13 -5.291 -5.854 -14.04 -5.291 -6
4 16 -5.854 -5.291 -14.13 -4.871 -10 -11.76 -6 -10 -11 -6 -5.291 -14.04
5 24 -6 -5.291 -14.04 -5.854 -5.291 -14.13 -4.871 -10 -11.76 -6 -3.021 -14.49
3 16 -6 -3.021 -14.49 -5.854 -5.291 -14.13 -6 -5.291 -14.04
3 16 6 -3.021 -14.49 6 -5.291 -14.04 5.854 -5.291 -14.13
5 24 6 -5.291 -14.04 5.854 -5.291 -14.13 6 -3.021 -14.49 6 -10 -11
4 16 6 -10 -11 4.871 -10 -11.76 5.854 -5.291 -14.13 6 -5.291 -14.04
4 16 -14.13 -5.291 5.854 -11.76 -10 4.871 -11 -10 6 -14.04 -5.291 6
5 24 -14.04 -5.291 6 -14.13 -5.291 5.854 -11.76 -10 4.871 -14.49 -3.021 6
3 16 -14.49 -3.021 6 -14.13 -5.291 5.854 -14.04 -5.291 6
4 16 -7.391 -9.668 3.061 -5.657 -9.668 5.657 -3.444 -11.76 3.444 -4.5 -11.76 1.864
4 16 -11.93 -2 2 -11.39 -2 4.719 -10.86 -4.871 4.5 -11.36 -4.871 2
3 16 0 -12.73 0 -4.871 -11.76 0 -4.5 -11.76 1.864
4 16 -7.391 -14.07 3.061 -11.76 -10 4.871 -12.73 -10 0 -8 -14.07 0
5 24 -12.73 -10 0 -8 -14.07 0 -7.391 -14.07 3.061 -11.76 -10 -4.871
4 16 -10.86 -4.871 -4.5 -11.39 -2 -4.719 -11.93 -2 -2 -11.36 -4.871 -2
4 16 -10.84 -5.657 -2 -8.315 -9 -3.444 -10.86 -4.871 -4.5 -11.36 -4.871 -2
3 16 -4.871 -11.76 0 0 -12.73 0 -4.5 -11.76 -1.864
4 16 -8 -14.07 0 -12.73 -10 0 -11.76 -10 -4.871 -7.391 -14.07 -3.061
3 16 -4.5 -11.76 -1.864 0 -12.73 0 -3.444 -11.76 -3.444
3 16 -3.444 -11.76 -3.444 0 -12.73 0 -1.864 -11.76 -4.5
4 16 0 -11.76 -4.871 0 -9 -9 -3.444 -9 -8.315 -1.864 -11.76 -4.5
3 16 0 -12.73 0 0 -11.76 -4.871 -1.864 -11.76 -4.5
4 16 -4.871 -10 -11.76 0 -10 -12.73 0 -14.07 -8 -3.061 -14.07 -7.391
5 24 0 -10 -12.73 0 -14.07 -8 -3.061 -14.07 -7.391 4.871 -10 -11.76
4 16 -2 -2 -11.93 -4.719 -2 -11.39 -4.5 -4.871 -10.86 -2 -4.871 -11.36
3 16 0 -11.76 -4.871 0 -12.73 0 1.864 -11.76 -4.5
4 16 0 -10 -12.73 4.871 -10 -11.76 3.061 -14.07 -7.391 0 -14.07 -8
4 16 4.719 -2 -11.39 2 -2 -11.93 2 -4.871 -11.36 4.5 -4.871 -10.86
3 16 0 -12.73 0 3.444 -11.76 -3.444 1.864 -11.76 -4.5
4 16 5.657 -9.668 -5.657 3.061 -9.668 -7.391 1.864 -11.76 -4.5 3.444 -11.76 -3.444
4 16 14.13 -5.291 -5.854 11.76 -10 -4.871 11 -10 -6 14.04 -5.291 -6
5 24 14.04 -5.291 -6 14.13 -5.291 -5.854 11.76 -10 -4.871 14.49 -3.021 -6
3 16 14.49 -3.021 -6 14.13 -5.291 -5.854 14.04 -5.291 -6
3 16 14.49 -3.021 6 14.04 -5.291 6 14.13 -5.291 5.854
5 24 14.04 -5.291 6 14.13 -5.291 5.854 14.49 -3.021 6 11 -10 6
4 16 11 -10 6 11.76 -10 4.871 14.13 -5.291 5.854 14.04 -5.291 6
3 16 9 -10 9 12.03 -5.291 9 10.82 -5.291 10.82
5 24 10.82 -5.291 10.82 9 -10 9 12.03 -5.291 9 5.854 -5.291 14.13
3 16 -3.444 -11.76 3.444 -1.864 -11.76 4.5 0 -12.73 0
4 16 -3.444 -11.76 3.444 -5.657 -9.668 5.657 -3.061 -9.668 7.391 -1.864 -11.76 4.5
4 16 -5.854 -5.291 14.13 -10.82 -5.291 10.82 -9 -10 9 -4.871 -10 11.76
5 24 -10.82 -5.291 10.82 -9 -10 9 -4.871 -10 11.76 -12.03 -5.291 9
5 24 -4.871 -10 11.76 -5.854 -5.291 14.13 -10.82 -5.291 10.82 0 -10 12.73
3 16 0 -12.73 0 -1.864 -11.76 4.5 0 -11.76 4.871
4 16 -3.444 -9 8.315 -4.5 -4.871 10.86 0 -4.871 11.76 0 -9 9
4 16 -4.5 -4.871 10.86 -4.871 0 11.76 0 0 12.73 0 -4.871 11.76
4 16 0 0 16.19 -6.194 0 14.95 -5.854 -5.291 14.13 0 -5.291 15.3
5 24 -5.854 -5.291 14.13 0 -5.291 15.3 0 0 16.19 -4.871 -10 11.76
5 24 0 -5.291 15.3 0 0 16.19 -6.194 0 14.95 5.854 -5.291 14.13
4 16 0 -5.291 15.3 -5.854 -5.291 14.13 -4.871 -10 11.76 0 -10 12.73
5 24 -4.871 -10 11.76 0 -10 12.73 0 -5.291 15.3 -3.061 -14.07 7.391
5 24 0 -10 12.73 0 -5.291 15.3 -5.854 -5.291 14.13 4.871 -10 11.76
4 16 0 -10 12.73 -4.871 -10 11.76 -3.061 -14.07 7.391 0 -14.07 8
5 24 0 -14.07 8 0 -10 12.73 -4.871 -10 11.76 3.061 -14.07 7.391
3 16 0 -11.76 4.871 1.864 -11.76 4.5 0 -12.73 0
4 16 0 -4.871 11.76 0 0 12.73 4.871 0 11.76 4.5 -4.871 10.86
4 16 5.854 -5.291 14.13 6.194 0 14.95 0 0 16.19 0 -5.291 15.3
5 24 0 -5.291 15.3 5.854 -5.291 14.13 6.194 0 14.95 0 -10 12.73
4 16 4.871 -10 11.76 5.854 -5.291 14.13 0 -5.291 15.3 0 -10 12.73
5 24 4.871 -10 11.76 5.854 -5.291 14.13 0 -5.291 15.3 9 -10 9
5 24 0 -10 12.73 4.871 -10 11.76 5.854 -5.291 14.13 0 -14.07 8
4 16 3.061 -14.07 7.391 4.871 -10 11.76 0 -10 12.73 0 -14.07 8
5 24 3.061 -14.07 7.391 4.871 -10 11.76 0 -10 12.73 5.657 -14.07 5.657
3 16 0 -12.73 0 1.864 -11.76 4.5 3.444 -11.76 3.444
4 16 4.871 0 11.76 9 0 9 8.315 -4.871 8.315 4.5 -4.871 10.86
4 16 9 -10 9 10.82 -5.291 10.82 5.854 -5.291 14.13 4.871 -10 11.76
5 24 4.871 -10 11.76 9 -10 9 10.82 -5.291 10.82 3.061 -14.07 7.391
4 16 9 -10 9 4.871 -10 11.76 3.061 -14.07 7.391 5.657 -14.07 5.657
3 16 3.444 -11.76 3.444 4.5 -11.76 1.864 0 -12.73 0
3 16 0 -12.73 0 4.5 -11.76 1.864 4.871 -11.76 0
4 16 10.84 -5.657 2 8.315 -9 3.444 10.86 -4.871 4.5 11.36 -4.871 2
4 16 10.86 -4.871 4.5 11.39 -2 4.719 11.93 -2 2 11.36 -4.871 2
4 16 8 -14.07 0 12.73 -10 0 11.76 -10 4.871 7.391 -14.07 3.061
5 24 8 -14.07 0 12.73 -10 0 11.76 -10 4.871 7.391 -14.07 -3.061
4 16 4.5 -11.76 -1.864 7.391 -9.668 -3.061 5.657 -9.668 -5.657 3.444 -11.76 -3.444
4 16 11.76 -10 -4.871 12.73 -10 0 8 -14.07 0 7.391 -14.07 -3.061
4 16 11.36 -4.871 -2 11.93 -2 -2 11.39 -2 -4.719 10.86 -4.871 -4.5
3 16 4.871 -11.76 0 4.5 -11.76 -1.864 0 -12.73 0
3 16 0 -12.73 0 4.5 -11.76 -1.864 3.444 -11.76 -3.444
3 16 -9 -10 9 -10.82 -5.291 10.82 -12.03 -5.291 9
3 16 27 -14.07 -8 27 -14.07 -6.71 26.27 -14.07 -8
4 16 30 -10 12.73 27 -10 12.73 27 -14.07 8 30 -11.07 11.48
4 16 -27 -14.07 8 -27 -10 12.73 -30 -10 12.73 -30 -11.07 11.48
3 16 -27 -14.07 -6.71 -27 -14.07 -8 -26.27 -14.07 -8
3 16 6.71 -14.07 -27 8 -14.07 -27 8 -14.07 -26.27
1 16 -29.005 5 18 0 1 0.995 0 0 5 12 0 0 rect3.dat
4 16 -30 0 -6 -28.01 10 -6 -28.01 10 -11.01 -30 0 -7.5
4 16 28.01 10 -11.01 28.01 10 -6 30 0 -6 30 0 -7.5
1 16 29.005 5 18 0 -1 -0.995 0 0 5 -12 0 0 rect3.dat
4 16 -11.01 10 -28.01 -6 10 -28.01 -6 0 -30 -7.5 0 -30
4 16 6 0 -30 6 10 -28.01 11.01 10 -28.01 7.5 0 -30
1 16 -17.35 -6 -9 0 0 8.35 4 0 0 0 1 0 rect.dat
1 16 -9 -6 -17.35 0 1 0 4 0 0 0 0 -8.35 rect3.dat
4 16 -9 -2 -25.7 -9 -2 -9 -25.7 -2 -9 -19.66 -2 -19.66
4 16 9.001 -10 -9.001 9.001 -2 -9.001 9.12 -2 -9 9.12 -10 -9
2 24 9.001 -10 -9.001 9.001 -2 -9.001
1 16 17.41 -6 -9 0 0 8.29 4 0 0 0 1 0 rect3.dat
1 16 9 -6 -17.41 0 -1 0 -4 0 0 0 0 -8.29 rect3.dat
4 16 9 -10 -9.12 9 -2 -9.12 9.001 -2 -9.001 9.001 -10 -9.001
4 16 10.84 -5.657 -2 11 -6 0 14.91 -6 0 14.7 -5.657 -2
4 16 14.91 -6 0 11 -6 0 10.84 -5.657 2 14.7 -5.657 2
4 16 -14.91 -6 0 -11 -6 0 -10.84 -5.657 -2 -14.7 -5.657 -2
4 16 -10.84 -5.657 2 -11 -6 0 -14.91 -6 0 -14.7 -5.657 2
1 16 28.5 -3.829 -2 -1.5 0 0 0 0 -1.8285 0 -1 0 rect3.dat
1 16 28.5 -5.829 1 -1.5 0 0 0 -1 0.1715 0 0 1 rect3.dat
1 16 28.5 -3.829 2 0 0 -1.5 -1.8285 0 0 0 1 0 rect2p.dat
1 16 28.5 -5.829 -1 0 0 -1.5 0.1715 -1 0 -1 0 0 rect2p.dat
1 16 -28.5 -3.829 2 1.5 0 0 0 0 -1.8285 0 1 0 rect3.dat
1 16 -28.5 -5.829 1 0 0 1.5 0.1715 -1 0 1 0 0 rect2p.dat
1 16 -28.5 -5.829 -1 1.5 0 0 0 -1 0.1715 0 0 -1 rect3.dat
1 16 -28.5 -3.829 -2 0 0 1.5 -1.8285 0 0 0 -1 0 rect2p.dat
4 16 0 -6 -14.91 0 -6 -11 2 -5.657 -10.84 2 -5.657 -14.7
4 16 -2 -5.657 -10.84 0 -6 -11 0 -6 -14.91 -2 -5.657 -14.7
1 16 -1 -5.829 -28.5 0 0 -1 0 -1 0.1715 -1.5 0 0 rect3.dat
1 16 -2 -3.829 -28.5 0 -1 0 1.8285 0 0 0 0 1.5 rect2p.dat
1 16 1 -5.829 -28.5 0 0 1 0 -1 0.1715 1.5 0 0 rect3.dat
1 16 2 -3.829 -28.5 0 1 0 -1.8285 0 0 0 0 1.5 rect2p.dat
1 16 -22 3.829 19.5 0 -1 0 1.8285 0 0 0 0 10.5 rect.dat
1 16 -23.83 2 19.5 0 0 -1.83 0 1 0 10.5 0 0 rect3.dat
1 16 -25.83 1 19.5 0.17 -1 0 1 0 0 0 0 10.5 rect2p.dat
1 16 -25.83 -1 19.5 0 -1 0.17 0 0 -1 10.5 0 0 rect3.dat
1 16 -23.83 -2 19.5 0 0 1.83 0 -1 0 10.5 0 0 rect3.dat
1 16 -22 -3.829 19.5 0 -1 0 0 0 -1.8285 10.5 0 0 rect3.dat
1 16 -18 -3.829 19.5 0 1 0 0 0 1.8285 10.5 0 0 rect.dat
1 16 -16.17 -2 19.5 0 0 1.83 0 -1 0 10.5 0 0 rect3.dat
1 16 -14.17 -1 19.5 0.17 1 0 1 0 0 0 0 -10.5 rect2p.dat
1 16 -14.17 1 19.5 0 1 -0.17 0 0 1 10.5 0 0 rect3.dat
1 16 -16.17 2 19.5 0 0 -1.83 0 1 0 10.5 0 0 rect3.dat
1 16 -18 3.829 19.5 0 1 0 0 0 1.8285 10.5 0 0 rect3.dat
1 16 -18.5 5.743 19.5 0 0 -0.5 0 1 0.0855 10.5 0 0 rect3.dat
1 16 -21.5 5.743 19.5 0 0 0.5 0 1 0.0855 -10.5 0 0 rect3.dat
1 16 16.17 2 19.5 -1.83 0 0 0 1 0 0 0 -10.5 rect.dat
1 16 14.17 1 19.5 -0.17 -1 0 -1 0 0 0 0 -10.5 rect2p.dat
1 16 14.17 -1 19.5 0 -1 0.17 0 0 -1 10.5 0 0 rect3.dat
1 16 16.17 -2 19.5 0 0 1.83 0 -1 0 10.5 0 0 rect3.dat
1 16 18 -3.829 19.5 0 -1 0 0 0 -1.8285 10.5 0 0 rect3.dat
1 16 22 -3.829 19.5 0 1 0 0 0 1.8285 10.5 0 0 rect.dat
1 16 23.83 -2 19.5 0 0 1.83 0 -1 0 10.5 0 0 rect3.dat
1 16 25.83 -1 19.5 -0.17 1 0 -1 0 0 0 0 10.5 rect2p.dat
1 16 25.83 1 19.5 0 1 -0.17 0 0 1 10.5 0 0 rect3.dat
1 16 23.83 2 19.5 0 0 -1.83 0 1 0 10.5 0 0 rect3.dat
1 16 22 3.829 19.5 0 1 0 -1.8285 0 0 0 0 10.5 rect2p.dat
1 16 18 3.829 19.5 0 -1 0 1.8285 0 0 0 0 10.5 rect2p.dat
3 16 -12.68 -1.282 9.221 -12.45 -2 9.344 -12.82 -2 9.142
1 16 -19 -6.603 18 0 1 0 0 0 0.775 9 0 0 rect2a.dat
3 16 -14.64 5.358 9 -14.64 5.358 27 -13.08 3.019 9
4 16 -13.08 3.019 9 -14.64 5.358 27 -13 2.899 27 -13 2.899 9.119
5 24 -13 2.899 27 -13 2.899 9.119 -13.08 3.019 9 -12.82 2 27
4 16 -13 2.899 9.119 -13 2.899 27 -12.82 2 27 -12.82 2 9.387
1 16 -26.18 -4.129 18 0 1 -0.82 0 0 1.2295 9 0 0 rect3.dat
1 16 -21.95 7.189 18 0 0 0.95 0 -1 0.189 9 0 0 rect3.dat
1 16 -21 -6.603 18 0 -1 0 0 0 0.775 -9 0 0 rect3.dat
1 16 13.82 -4.129 18 -0.82 1 0 1.2295 0 0 0 0 -9 rect2p.dat
1 16 18.05 7.189 18 0 0 0.95 0 -1 0.189 9 0 0 rect3.dat
1 16 19 -6.603 18 0 -1 0 0 0 0.775 -9 0 0 rect3.dat
1 16 21 -6.603 18 0 1 0 0 0 0.775 9 0 0 rect2a.dat
1 16 26.18 4.129 18 -0.82 -1 0 1.2295 0 0 0 0 9 rect2p.dat
1 16 26.18 -4.129 18 0 -1 0.82 0 0 1.2295 -9 0 0 rect3.dat
0 // Added lines/Condlines
5 24 20 7.577 27 20 7.577 30 19 7.378 30 21 7.378 30
5 24 12.75 -1.653 9 12.82 -2 9.142 12.68 -1.282 9.221 13 -2.899 9
5 24 13 -2.899 9 12.82 -2 9.142 12.75 -1.653 9 13 -2.899 27
5 24 -20 7.577 27 -20 7.577 30 -21 7.378 30 -19 7.378 27
5 24 -12.82 -2 9.142 -13 -2.899 9 -12.68 -1.282 9.221 -12.82 -2 27
5 24 -13 -2.899 9 -12.68 -1.282 9.221 -12.82 -2 9.142 -12.75 -1.653 9
5 24 20 -6 27 20 -6 30 22 -5.657 30 19 -5.828 27
5 24 -20 -6 27 -20 -6 30 -18 -5.657 30 -21 -5.828 27
5 24 11.76 -10 -4.871 10.86 -4.871 -4.5 11.39 -2 -4.719 8.315 -9 -3.444
5 24 -11.76 -10 4.871 -10.86 -4.871 4.5 -11.39 -2 4.719 -8.315 -9 3.444
5 24 -9 -10 -25.7 -8 -14.07 -26.27 -6.71 -14.07 -27 -12.73 -10 -23.59
5 24 25.7 -10 -9 26.27 -14.07 -8 27 -14.07 -6.71 23.59 -10 -12.73
5 24 4.5 -11.76 -1.864 4.871 -11.76 0 7.391 -9.668 -3.061 0 -12.73 0
5 24 7.391 -9.668 -3.061 4.5 -11.76 -1.864 4.871 -11.76 0 5.657 -9.668 -5.657
5 24 4.871 -11.76 0 9 -9 0 7.391 -9.668 -3.061 8.315 -9 3.444
5 24 9 -9 0 8.315 -9 -3.444 7.391 -9.668 -3.061 10.84 -5.657 -2
5 24 11.36 -4.871 -2 10.86 -4.871 -4.5 8.315 -9 -3.444 11.93 -2 -2
5 24 9 -9 0 11 -6 0 10.84 -5.657 -2 8.315 -9 3.444
5 24 14.13 -5.291 5.854 11.76 -10 4.871 14.9 -5.291 2 11 -10 6
5 24 8.315 -9 3.444 9 -9 0 4.871 -11.76 0 11 -6 0
5 24 4.871 -11.76 0 4.5 -11.76 1.864 8.315 -9 3.444 0 -12.73 0
5 24 4.5 -11.76 1.864 8.315 -9 3.444 9 -9 0 3.444 -11.76 3.444
5 24 8.315 -9 3.444 10.84 -5.657 2 11 -6 0 10.86 -4.871 4.5
5 24 11.39 -2 4.719 10.86 -4.871 4.5 8.315 -4.871 8.315 11.93 -2 2
5 24 10.86 -4.871 4.5 8.315 -4.871 8.315 11.39 -2 4.719 8.315 -9 3.444
5 24 8.315 -4.871 8.315 10.54 -2 6 11.39 -2 4.719 9 0 9
5 24 8.315 -4.871 8.315 9 0 9 10.54 -2 6 4.871 0 11.76
5 24 9 0 9 11 0 6 10.54 -2 6 11 10 6
5 24 3.444 -11.76 3.444 6.364 -9 6.364 8.315 -9 3.444 1.864 -11.76 4.5
5 24 6.364 -9 6.364 8.315 -9 3.444 3.444 -11.76 3.444 8.315 -4.871 8.315
5 24 4.5 -11.76 1.864 3.444 -11.76 3.444 6.364 -9 6.364 0 -12.73 0
5 24 10.86 -4.871 4.5 8.315 -9 3.444 8.315 -4.871 8.315 10.84 -5.657 2
5 24 6.364 -9 6.364 8.315 -4.871 8.315 10.86 -4.871 4.5 4.5 -4.871 10.86
5 24 1.864 -11.76 4.5 3.444 -9 8.315 6.364 -9 6.364 0 -9 9
5 24 3.444 -9 8.315 6.364 -9 6.364 1.864 -11.76 4.5 4.5 -4.871 10.86
5 24 3.444 -11.76 3.444 1.864 -11.76 4.5 3.444 -9 8.315 0 -12.73 0
5 24 4.5 -4.871 10.86 8.315 -4.871 8.315 6.364 -9 6.364 4.871 0 11.76
5 24 3.444 -9 8.315 4.5 -4.871 10.86 8.315 -4.871 8.315 0 -4.871 11.76
5 24 0 -9 9 3.444 -9 8.315 1.864 -11.76 4.5 0 -4.871 11.76
5 24 1.864 -11.76 4.5 0 -11.76 4.871 0 -9 9 0 -12.73 0
5 24 0 -11.76 4.871 0 -9 9 3.444 -9 8.315 -3.061 -9.668 7.391
5 24 0 -4.871 11.76 4.5 -4.871 10.86 3.444 -9 8.315 0 0 12.73
5 24 0 -9 9 0 -4.871 11.76 4.5 -4.871 10.86 -3.444 -9 8.315
5 24 -3.444 -9 8.315 0 -9 9 -3.061 -9.668 7.391 -4.5 -4.871 10.86
5 24 0 -11.76 4.871 -1.864 -11.76 4.5 -3.061 -9.668 7.391 0 -12.73 0
5 24 -1.864 -11.76 4.5 -3.061 -9.668 7.391 0 -9 9 -3.444 -11.76 3.444
5 24 14.9 -5.291 2 14.49 -3.021 6 14.13 -5.291 5.854 15.45 -2 2
5 24 0 -6 -11 0 -9 -9 3.444 -9 -8.315 -2 -5.657 -10.84
5 24 0 -9 -9 3.444 -9 -8.315 0 -6 -11 3.061 -9.668 -7.391
5 24 3.444 -9 -8.315 2 -5.657 -10.84 0 -6 -11 4.5 -4.871 -10.86
5 24 4.5 -4.871 -10.86 2 -4.871 -11.36 2 -5.657 -10.84 4.719 -2 -11.39
5 24 5.854 -5.291 -14.13 4.871 -10 -11.76 2 -5.291 -14.9 6 -10 -11
5 24 0 -9 -9 0 -11.76 -4.871 3.061 -9.668 -7.391 -3.444 -9 -8.315
5 24 0 -11.76 -4.871 1.864 -11.76 -4.5 3.061 -9.668 -7.391 0 -12.73 0
5 24 1.864 -11.76 -4.5 3.061 -9.668 -7.391 0 -9 -9 5.657 -9.668 -5.657
5 24 -2 -4.871 -11.36 -4.5 -4.871 -10.86 -3.444 -9 -8.315 -2 -2 -11.93
5 24 -4.5 -4.871 -10.86 -3.444 -9 -8.315 -2 -4.871 -11.36 -8.315 -4.871 -8.315
5 24 -3.444 -9 -8.315 0 -9 -9 -2 -5.657 -10.84 0 -11.76 -4.871
5 24 -6 0 -11 -9 0 -9 -8.315 -4.871 -8.315 -9 10 -9
5 24 -9 0 -9 -8.315 -4.871 -8.315 -6 0 -11 -10.54 -2 -6
5 24 -8.315 -4.871 -8.315 -6 -2 -10.54 -6 0 -11 -4.5 -4.871 -10.86
5 24 -8.315 -4.871 -8.315 -4.5 -4.871 -10.86 -6 -2 -10.54 -3.444 -9 -8.315
5 24 -4.5 -4.871 -10.86 -4.719 -2 -11.39 -6 -2 -10.54 -2 -2 -11.93
5 24 -3.061 -14.07 -7.391 -6 -10 -11 -4.871 -10 -11.76 -5.657 -14.07 -5.657
5 24 -8.315 -4.871 -8.315 -6.364 -9 -6.364 -3.444 -9 -8.315 -10.86 -4.871 -4.5
5 24 -6.364 -9 -6.364 -3.444 -9 -8.315 -4.5 -4.871 -10.86 -3.444 -11.76 -3.444
5 24 -6.364 -9 -6.364 -3.444 -11.76 -3.444 -3.444 -9 -8.315 -8.315 -9 -3.444
5 24 -3.444 -11.76 -3.444 -1.864 -11.76 -4.5 -3.444 -9 -8.315 0 -12.73 0
5 24 -1.864 -11.76 -4.5 -3.444 -9 -8.315 -6.364 -9 -6.364 0 -11.76 -4.871
5 24 -8.315 -4.871 -8.315 -10.86 -4.871 -4.5 -6.364 -9 -6.364 -11.39 -2 -4.719
5 24 -10.86 -4.871 -4.5 -8.315 -9 -3.444 -6.364 -9 -6.364 -10.84 -5.657 -2
5 24 -8.315 -9 -3.444 -6.364 -9 -6.364 -8.315 -4.871 -8.315 -4.5 -11.76 -1.864
5 24 -8.315 -9 -3.444 -4.5 -11.76 -1.864 -6.364 -9 -6.364 -9 -9 0
5 24 -4.5 -11.76 -1.864 -3.444 -11.76 -3.444 -6.364 -9 -6.364 0 -12.73 0
5 24 -11.39 -2 -4.719 -10.86 -4.871 -4.5 -8.315 -4.871 -8.315 -11.93 -2 -2
5 24 -8.315 -4.871 -8.315 -10.54 -2 -6 -11.39 -2 -4.719 -9 0 -9
5 24 -9 0 -9 -11 0 -6 -10.54 -2 -6 -9 10 -9
5 24 -14.13 -5.291 -5.854 -11.76 -10 -4.871 -14.9 -5.291 -2 -11 -10 -6
5 24 -11 -6 0 -9 -9 0 -8.315 -9 -3.444 -10.84 -5.657 2
5 24 -9 -9 0 -8.315 -9 -3.444 -11 -6 0 -4.5 -11.76 -1.864
5 24 -8.315 -9 -3.444 -10.84 -5.657 -2 -11 -6 0 -10.86 -4.871 -4.5
5 24 -9 -9 0 -4.871 -11.76 0 -4.5 -11.76 -1.864 -7.391 -9.668 3.061
5 24 -4.871 -11.76 0 -4.5 -11.76 -1.864 -8.315 -9 -3.444 0 -12.73 0
5 24 -4.5 -11.76 1.864 -4.871 -11.76 0 -7.391 -9.668 3.061 0 -12.73 0
5 24 -7.391 -9.668 3.061 -4.5 -11.76 1.864 -4.871 -11.76 0 -5.657 -9.668 5.657
5 24 -9 -9 0 -8.315 -9 3.444 -7.391 -9.668 3.061 -10.84 -5.657 2
5 24 -11.36 -4.871 2 -10.86 -4.871 4.5 -8.315 -9 3.444 -11.93 -2 2
5 24 2 -5.291 -14.9 6 -3.021 -14.49 5.854 -5.291 -14.13 2 -2 -15.45
5 24 -14.9 -5.291 -2 -14.49 -3.021 -6 -14.13 -5.291 -5.854 -15.45 -2 -2
5 24 4.871 10 11.76 4.871 0 11.76 0 0 12.73 9 10 9
5 24 4.871 0 11.76 0 0 12.73 4.871 10 11.76 0 -4.871 11.76
5 24 0 0 12.73 0 10 12.73 4.871 10 11.76 -4.871 0 11.76
5 24 0 0 12.73 -4.871 0 11.76 0 10 12.73 -4.5 -4.871 10.86
5 24 -4.871 0 11.76 -4.871 10 11.76 0 10 12.73 -9 -10 9
5 24 9 0 9 9 10 9 11 10 6 4.871 0 11.76
5 24 9 0 9 4.871 0 11.76 4.871 10 11.76 8.315 -4.871 8.315
5 24 11 -10 -6 11.76 -2 -4.871 11 -2 -6 11.76 -10 -4.871
5 24 -11 -10 6 -11.76 -2 4.871 -11 -2 6 -11.76 -10 4.871
5 24 -9 10 9 -9 -10 9 -11 10 6 -4.871 0 11.76
5 24 6 -2 -11 6 -10 -11 9 -10 -9 4.871 -2 -11.76
5 24 9 -10 -9 9 10 -9 6 10 -11 11 10 -6
5 24 -9 0 -9 -9 10 -9 -11 10 -6 -6 0 -11
2 24 9 -10 -9.12 9 -10 -9
5 24 -12.03 -5.291 9 -12.45 -2 9.344 -12.68 -1.282 9.221 -10.82 -5.291 10.82
5 24 12.03 -5.291 9 12.45 -2 9.344 11.21 -2 11.21 12.75 -1.653 9
5 24 -3.444 -11.76 3.444 0 -12.73 0 -4.5 -11.76 1.864 -1.864 -11.76 4.5
5 24 0 -12.73 0 -4.5 -11.76 1.864 -3.444 -11.76 3.444 -4.871 -11.76 0
5 24 -4.5 -11.76 1.864 -3.444 -11.76 3.444 0 -12.73 0 -7.391 -9.668 3.061
5 24 -5.657 -9.668 5.657 -3.444 -11.76 3.444 -7.391 -9.668 3.061 -3.061 -9.668 7.391
5 24 0 -12.73 0 -4.871 -11.76 0 -4.5 -11.76 1.864 -4.5 -11.76 -1.864
5 24 -11.36 -4.871 -2 -10.86 -4.871 -4.5 -11.39 -2 -4.719 -10.84 -5.657 -2
5 24 0 -12.73 0 -4.5 -11.76 -1.864 -4.871 -11.76 0 -3.444 -11.76 -3.444
5 24 0 -12.73 0 -3.444 -11.76 -3.444 -4.5 -11.76 -1.864 -1.864 -11.76 -4.5
5 24 0 -12.73 0 -1.864 -11.76 -4.5 -3.444 -11.76 -3.444 0 -11.76 -4.871
5 24 -1.864 -11.76 -4.5 0 -11.76 -4.871 0 -9 -9 0 -12.73 0
5 24 0 -12.73 0 0 -11.76 -4.871 -1.864 -11.76 -4.5 1.864 -11.76 -4.5
5 24 0 -12.73 0 1.864 -11.76 -4.5 0 -11.76 -4.871 3.444 -11.76 -3.444
5 24 0 -12.73 0 3.444 -11.76 -3.444 1.864 -11.76 -4.5 4.5 -11.76 -1.864
5 24 3.444 -11.76 -3.444 1.864 -11.76 -4.5 0 -12.73 0 5.657 -9.668 -5.657
5 24 3.444 -11.76 -3.444 5.657 -9.668 -5.657 3.061 -9.668 -7.391 4.5 -11.76 -1.864
5 24 -3.444 -11.76 3.444 -1.864 -11.76 4.5 0 -12.73 0 -5.657 -9.668 5.657
5 24 -1.864 -11.76 4.5 0 -12.73 0 -3.444 -11.76 3.444 0 -11.76 4.871
5 24 0 -11.76 4.871 0 -12.73 0 -1.864 -11.76 4.5 1.864 -11.76 4.5
5 24 -4.5 -4.871 10.86 0 -4.871 11.76 -3.444 -9 8.315 -4.871 0 11.76
5 24 0 0 12.73 0 -4.871 11.76 -4.5 -4.871 10.86 4.871 0 11.76
5 24 1.864 -11.76 4.5 0 -12.73 0 0 -11.76 4.871 3.444 -11.76 3.444
5 24 4.871 0 11.76 4.5 -4.871 10.86 0 -4.871 11.76 9 0 9
5 24 3.444 -11.76 3.444 0 -12.73 0 1.864 -11.76 4.5 4.5 -11.76 1.864
5 24 4.5 -11.76 1.864 0 -12.73 0 3.444 -11.76 3.444 4.871 -11.76 0
5 24 4.871 -11.76 0 0 -12.73 0 4.5 -11.76 1.864 4.5 -11.76 -1.864
5 24 10.86 -4.871 4.5 11.36 -4.871 2 10.84 -5.657 2 11.39 -2 4.719
5 24 3.444 -11.76 -3.444 4.5 -11.76 -1.864 7.391 -9.668 -3.061 0 -12.73 0
5 24 4.5 -11.76 -1.864 0 -12.73 0 4.871 -11.76 0 3.444 -11.76 -3.444
5 24 9.12 -2 -9 9.12 -10 -9 9.001 -10 -9.001 25.7 -2 -9
5 24 9 -2 -9.12 9 -10 -9.12 9 -2 -25.7 9.001 -2 -9.001
5 24 11 -6 0 14.91 -6 0 10.84 -5.657 -2 10.84 -5.657 2
5 24 -14.91 -6 0 -11 -6 0 -10.84 -5.657 -2 -10.84 -5.657 2
5 24 30 -6 0 27 -6 0 27 -5.657 2 30 -5.657 -2
5 24 -27 -6 0 -30 -6 0 -30 -5.657 2 -30 -5.657 -2
5 24 0 -6 -14.91 0 -6 -11 2 -5.657 -10.84 -2 -5.657 -10.84
5 24 0 -6 -27 0 -6 -30 -2 -5.657 -30 2 -5.657 -27
5 24 -26 0 30 -26 0 9 -25.66 2 9 -25.66 -2 9
5 24 -14 0 30 -14 0 9 -14.34 -2 9 -14.34 2 30
5 24 14 0 30 14 0 9 14.34 2 30 14.34 -2 30
5 24 26 0 30 26 0 9 25.66 -2 9 25.66 2 9
