0 ~Towball Socket with Strap
0 Name: s\32293s01.dat
0 Author: Donald Sutter [technog]
0 !LDRAW_ORG Subpart UPDATE 2010-02
0 !LICENSE Redistributable under CCAL version 2.0 : see CAreadme.txt

0 BFC CERTIFY CW

0 !HISTORY 2010-07-05 [PTadmin] Official Update 2010-02

1 16 0 5 0 0 0 10 0 1 0 10 0 0 4-4edge.dat
1 16 0 -5 0 0 0 10 0 1 0 10 0 0 4-4edge.dat
1 16 0 5 0 0 0 -2 0 -1 0 -2 0 0 4-4ring4.dat
1 16 0 -5 0 0 0 -2 0 1 0 -2 0 0 4-4ring4.dat
1 16 0 5 0 0 0 -8 0 -10 0 -8 0 0 4-4edge.dat
0 BFC INVERTNEXT
1 16 0 5 0 0 0 -8 0 -10 0 -8 0 0 4-4cyli.dat
1 16 0 -5 0 0 0 -8 0 -10 0 -8 0 0 4-4edge.dat
1 16 0 5 0 0 0 10 0 -10 0 -10 0 0 4-4cyli.dat
1 16 0 0 2 -7.391 0 3.061 -3.061 0 -7.391 0 -4 0 3-8edge.dat
1 16 0 0 -2 -7.391 0 3.061 -3.061 0 -7.391 0 -4 0 3-8edge.dat
1 16 0 4.58 2 -9.58 0 9.58 -9.58 0 -9.58 0 -4 0 1-4edge.dat
1 16 0 4.58 -2 -9.58 0 9.58 -9.58 0 -9.58 0 -4 0 1-4edge.dat
0 BFC INVERTNEXT
1 16 0 0 2 -8 0 0 0 0 -8 0 -4 0 2-4cyli.dat
1 16 0 4.58 2 -9.58 0 9.58 -9.58 0 -9.58 0 -4 0 1-4cyli.dat
2 24 7.6 -2 -2 7.391 -3.061 -2
2 24 7.6 -2 -2 7.6 -5 -2
2 24 9.58 -5 -2 7.6 -5 -2
2 24 9.58 -5 -2 9.58 -5 2
2 24 9.58 -5 2 7.6 -5 2
2 24 7.6 -2 2 7.6 -5 2
2 24 7.6 -2 2 7.391 -3.061 2
2 24 -7.6 -2 2 -7.391 -3.061 2
2 24 -7.6 -2 2 -7.6 -5 2
2 24 -9.58 -5 2 -7.6 -5 2
2 24 -9.58 -5 2 -9.58 -5 -2
2 24 -9.58 -5 -2 -7.6 -5 -2
2 24 -7.6 -2 -2 -7.6 -5 -2
2 24 -7.6 -2 -2 -7.391 -3.061 -2
3 16 7.391 -3.061 2 7.6 -2 2 7.6 -5 2
3 16 7.391 -3.061 2 7.6 -5 2 5.657 -5.657 2
3 16 7.6 -5 2 9.58 -5 2 5.657 -5.657 2
4 16 9.58 -5 2 5.185 -7.94 2 3.061 -7.391 2 5.657 -5.657 2
4 16 3.061 -7.391 2 5.185 -7.94 2 0 -8.96 2 0 -8 2
4 16 -5.185 -7.94 2 -3.061 -7.391 2 0 -8 2 0 -8.96 2
4 16 -5.185 -7.94 2 -9.58 -5 2 -5.657 -5.657 2 -3.061 -7.391 2
3 16 -9.58 -5 2 -7.6 -5 2 -5.657 -5.657 2
3 16 -7.6 -5 2 -7.391 -3.061 2 -5.657 -5.657 2
3 16 -7.391 -3.061 2 -7.6 -5 2 -7.6 -2 2
3 16 -7.391 -3.061 -2 -7.6 -2 -2 -7.6 -5 -2
3 16 -7.391 -3.061 -2 -7.6 -5 -2 -5.657 -5.657 -2
3 16 -7.6 -5 -2 -9.58 -5 -2 -5.657 -5.657 -2
4 16 -9.58 -5 -2 -5.185 -7.94 -2 -3.061 -7.391 -2 -5.657 -5.657 -2
4 16 -3.061 -7.391 -2 -5.185 -7.94 -2 0 -8.96 -2 0 -8 -2
4 16 5.185 -7.94 -2 3.061 -7.391 -2 0 -8 -2 0 -8.96 -2
4 16 5.185 -7.94 -2 9.58 -5 -2 5.657 -5.657 -2 3.061 -7.391 -2
3 16 9.58 -5 -2 7.6 -5 -2 5.657 -5.657 -2
3 16 7.6 -5 -2 7.391 -3.061 -2 5.657 -5.657 -2
3 16 7.391 -3.061 -2 7.6 -5 -2 7.6 -2 -2
0 BFC INVERTNEXT
1 16 0 4.25 0 0.514 0 -0.514 0 -1 0 -0.514 0 -0.514 1-4con10.DAT
0 BFC INVERTNEXT
1 16 0 2.25 0 0.514 0 -0.514 0 1 0 -0.514 0 -0.514 1-4con10.DAT
1 16 0 4.25 0 5.657 0 -5.657 0 -1 0 -5.657 0 -5.657 1-4edge.dat
1 16 0 2.25 0 5.657 0 -5.657 0 -1 0 -5.657 0 -5.657 1-4edge.dat
1 16 0 3.25 0 5.141 0 -5.141 0 -1 0 -5.141 0 -5.141 1-4edge.dat
3 16 -5.141 3.25 -5.141 -5.657 2.25 -5.657 -5.657 4.25 -5.657
3 16 5.657 4.25 -5.657 5.657 2.25 -5.657 5.141 3.25 -5.141
2 24 -5.657 4.25 -5.657 -5.657 2.25 -5.657
2 24 -5.657 2.25 -5.657 -5.141 3.25 -5.141
2 24 -5.141 3.25 -5.141 -5.657 4.25 -5.657
2 24 5.657 4.25 -5.657 5.657 2.25 -5.657
2 24 5.657 2.25 -5.657 5.141 3.25 -5.141
2 24 5.141 3.25 -5.141 5.657 4.25 -5.657
0 BFC INVERTNEXT
1 16 0 4.25 0 -0.514 0 0.514 0 -1 0 0.514 0 0.514 1-4con10.DAT
0 BFC INVERTNEXT
1 16 0 2.25 0 -0.514 0 0.514 0 1 0 0.514 0 0.514 1-4con10.DAT
1 16 0 4.25 0 -5.657 0 5.657 0 -1 0 5.657 0 5.657 1-4edge.dat
1 16 0 2.25 0 -5.657 0 5.657 0 -1 0 5.657 0 5.657 1-4edge.dat
1 16 0 3.25 0 -5.141 0 5.141 0 -1 0 5.141 0 5.141 1-4edge.dat
3 16 5.141 3.25 5.141 5.657 2.25 5.657 5.657 4.25 5.657
3 16 -5.657 4.25 5.657 -5.657 2.25 5.657 -5.141 3.25 5.141
2 24 5.657 4.25 5.657 5.657 2.25 5.657
2 24 5.657 2.25 5.657 5.141 3.25 5.141
2 24 5.141 3.25 5.141 5.657 4.25 5.657
2 24 -5.657 4.25 5.657 -5.657 2.25 5.657
2 24 -5.657 2.25 5.657 -5.141 3.25 5.141
2 24 -5.141 3.25 5.141 -5.657 4.25 5.657
0 //
