0 Technic Connector Block  3 x  5 x  1.333
0 Name: 32310.dat
0 Author: Marc Klein [marckl]
0 !LDRAW_ORG Part UPDATE 2010-01
0 !LICENSE Redistributable under CCAL version 2.0 : see CAreadme.txt

0 BFC CERTIFY CCW

0 !HISTORY 2000-09-30 [PTadmin] Official Update 2000-02
0 !HISTORY 2007-06-25 [PTadmin] Header formatted for Contributor Agreement
0 !HISTORY 2008-07-01 [PTadmin] Official Update 2008-01
0 !HISTORY 2008-07-07 [guyvivan] Made BFC compliant, add missing lines and optional lines, use more primitives, corrected not coplanar vertices (2004-07-17)
0 !HISTORY 2010-04-05 [PTadmin] Official Update 2010-01

1 16 20 0 -52.75 0 0 9 -9 0 0 0 6.5 0 3-4cyli.dat
1 16 20 0 -56.18 0 0 -9 9 0 0 0 3.43 0 1-4cyli.dat
1 16 20 0 -54 3.44415 0 -8.31492 8.31492 0 3.44415 0 1.25 0 1-16cyli.dat
1 16 20 0 -52.75 0 0 9 -9 0 0 0 1 0 3-8edge.dat
1 16 20 0 -52.75 0 0 9 -9 0 0 0 1 0 2-4disc.dat
4 16 20 -8 -52.75 20 -9 -52.75 18.75 -9 -52.75 18.75 -8 -52.75
4 16 -18.75 -8 -52.75 -18.75 -9 -52.75 -20 -9 -52.75 -20 -8 -52.75
1 16 20 0 -52.75 0 0 -8 8 0 0 0 1 0 2-4disc.dat
1 16 20 0 -52.75 -8 0 0 0 0 -8 0 1 0 1-4ndis.dat
1 16 -20 0 -52.75 0 0 -9 9 0 0 0 1 0 2-4disc.dat
1 16 -20 0 -52.75 0 0 8 -8 0 0 0 1 0 2-4disc.dat
1 16 -20 0 -52.75 0 0 8 -8 0 0 0 1 0 1-4ndis.dat
1 16 20 0 -46.25 0 0 9 -9 0 0 0 1 0 3-8edge.dat
1 16 10 0 20 0 10 0 0 0 9 9 0 0 1-4cyli.dat
1 16 10 0 20 0 1 0 0 0 9 9 0 0 1-4edge.dat
1 16 20 0 20 0 1 0 0 0 9 9 0 0 1-4edge.dat
1 16 20 0 -10 0 0 9 -9 0 0 0 -3.63 0 2-4cyli.dat
1 16 20 0 -10 0 0 9 -9 0 0 0 -1 0 2-4edge.dat
1 16 20 0 -10 0 0 9 -9 0 0 0 -1 0 2-4disc.dat
1 16 20 0 -13.63 0 0 9 -9 0 0 0 -1 0 2-4edge.dat
1 16 20 0 -17.25 0 0 9 -9 0 0 0 -3.63 0 2-4cyli.dat
1 16 20 0 -17.25 0 0 9 -9 0 0 0 -1 0 2-4edge.dat
1 16 20 0 -20.88 0 0 9 -9 0 0 0 -1 0 2-4edge.dat
1 16 20 0 -24.5 0 0 9 -9 0 0 0 -3.63 0 2-4cyli.dat
1 16 20 0 -24.5 0 0 9 -9 0 0 0 -1 0 2-4edge.dat
1 16 20 0 -28.13 0 0 9 -9 0 0 0 -1 0 2-4edge.dat
1 16 20 0 -31.75 0 0 9 -9 0 0 0 -3.63 0 2-4cyli.dat
1 16 20 0 -31.75 0 0 9 -9 0 0 0 -1 0 2-4edge.dat
1 16 20 0 -35.38 0 0 9 -9 0 0 0 -1 0 2-4edge.dat
1 16 20 0 -39 0 0 9 -9 0 0 0 -3.63 0 3-4cyli.dat
1 16 20 0 -39 0 0 9 -9 0 0 0 -1 0 2-4edge.dat
1 16 20 0 -42.63 0 0 9 -9 0 0 0 -1 0 2-4edge.dat
0 BFC INVERTNEXT
1 16 0 -9 9 4.24 0 -4.24 0 -5 0 -4.24 0 -4.24 1-4cyli.dat
1 16 0 -9 9 4.24 0 -4.24 0 -1 0 -4.24 0 -4.24 1-4edge.dat
1 16 0 -14 9 4.24 0 -4.24 0 -1 0 -4.24 0 -4.24 1-4edge.dat
0 BFC INVERTNEXT
1 16 0 -9 -11 -4.24 0 4.24 0 -5 0 4.24 0 4.24 1-4cyli.dat
1 16 0 -9 -11 -4.24 0 4.24 0 -1 0 4.24 0 4.24 1-4edge.dat
1 16 0 -14 -11 -4.24 0 4.24 0 -1 0 4.24 0 4.24 1-4edge.dat
1 16 -20 0 -52.75 0 0 -9 -9 0 0 0 6.5 0 3-4cyli.dat
1 16 -20 0 -56.18 0 0 9 9 0 0 0 3.43 0 1-4cyli.dat
1 16 -20 0 -56.18 -9 0 0 0 0 9 0 -5.7 0 1-4cyls2.dat
1 16 20 0 -56.18 9 0 0 0 0 9 0 -5.7 0 1-4cyls2.dat
1 16 -20 0 -54 -3.44415 0 8.31492 8.31492 0 3.44415 0 1.25 0 1-16cyli.dat
1 16 -20 0 -52.75 0 0 -9 -9 0 0 0 1 0 3-8edge.dat
1 16 -20 0 -46.25 0 0 -9 -9 0 0 0 1 0 3-8edge.dat
1 16 -10 0 20 0 -10 0 9 0 0 0 0 9 1-4cyli.dat
1 16 -10 0 20 0 -1 0 9 0 0 0 0 9 1-4edge.dat
1 16 -20 0 20 0 -1 0 9 0 0 0 0 9 1-4edge.dat
1 16 -20 0 -13.63 0 0 -9 -9 0 0 0 3.63 0 2-4cyli.dat
1 16 -20 0 -13.63 0 0 -9 -9 0 0 0 1 0 2-4edge.dat
1 16 -20 0 -10 0 0 -9 -9 0 0 0 1 0 2-4edge.dat
1 16 -20 0 -10 0 0 -9 -9 0 0 0 -1 0 2-4disc.dat
1 16 20 0 -13.63 0 0 9 -9 0 0 0 1 0 2-4disc.dat
1 16 -20 0 -13.63 0 0 -9 -9 0 0 0 1 0 2-4disc.dat
1 16 20 0 -20.88 0 0 9 -9 0 0 0 1 0 2-4disc.dat
1 16 -20 0 -20.88 0 0 -9 -9 0 0 0 1 0 2-4disc.dat
1 16 20 0 -28.13 0 0 9 -9 0 0 0 1 0 2-4disc.dat
1 16 -20 0 -28.13 0 0 -9 -9 0 0 0 1 0 2-4disc.dat
1 16 20 0 -35.38 0 0 9 -9 0 0 0 1 0 3-4disc.dat
1 16 -20 0 -35.38 0 0 -9 -9 0 0 0 1 0 3-4disc.dat
1 16 20 0 -42.63 0 0 9 -9 0 0 0 1 0 3-4disc.dat
1 16 -20 0 -42.63 0 0 -9 -9 0 0 0 1 0 3-4disc.dat
1 16 20 0 -17.25 0 0 9 -9 0 0 0 -1 0 2-4disc.dat
1 16 -20 0 -17.25 0 0 -9 -9 0 0 0 -1 0 2-4disc.dat
1 16 20 0 -24.5 0 0 9 -9 0 0 0 -1 0 2-4disc.dat
1 16 -20 0 -24.5 0 0 -9 -9 0 0 0 -1 0 2-4disc.dat
1 16 20 0 -31.75 0 0 9 -9 0 0 0 -1 0 2-4disc.dat
1 16 -20 0 -31.75 0 0 -9 -9 0 0 0 -1 0 2-4disc.dat
1 16 20 0 -39 0 0 9 -9 0 0 0 -1 0 3-4disc.dat
1 16 -20 0 -39 0 0 -9 -9 0 0 0 -1 0 3-4disc.dat
1 16 20 0 -46.25 0 0 9 -9 0 0 0 -1 0 3-4disc.dat
1 16 -20 0 -46.25 0 0 -9 -9 0 0 0 -1 0 3-4disc.dat
1 16 -20 0 -20.88 0 0 -9 -9 0 0 0 3.63 0 2-4cyli.dat
1 16 -20 0 -20.88 0 0 -9 -9 0 0 0 1 0 2-4edge.dat
1 16 -20 0 -17.25 0 0 -9 -9 0 0 0 1 0 2-4edge.dat
1 16 -20 0 -28.13 0 0 -9 -9 0 0 0 3.63 0 2-4cyli.dat
1 16 -20 0 -28.13 0 0 -9 -9 0 0 0 1 0 2-4edge.dat
1 16 -20 0 -24.5 0 0 -9 -9 0 0 0 1 0 2-4edge.dat
1 16 -20 0 -35.38 0 0 -9 -9 0 0 0 3.63 0 2-4cyli.dat
1 16 -20 0 -35.38 0 0 -9 -9 0 0 0 1 0 2-4edge.dat
1 16 -20 0 -31.75 0 0 -9 -9 0 0 0 1 0 2-4edge.dat
1 16 -20 0 -42.63 0 0 -9 -9 0 0 0 3.63 0 3-4cyli.dat
1 16 -20 0 -42.63 0 0 -9 -9 0 0 0 1 0 2-4edge.dat
1 16 -20 0 -39 0 0 -9 -9 0 0 0 1 0 2-4edge.dat
3 16 -11.69 3.444 -61.45 -11 0 -63.64 -12.5 0.25 -62.53
3 16 -13.07 3.12 -60.57 -11.69 3.444 -61.45 -12.5 0.25 -62.53
2 24 -11 0 -63.64 -11.69 3.444 -61.45
2 24 -13.07 3.12 -60.57 -12.5 0.25 -62.53
3 16 -12.5 0.25 -62.53 -11 0 -63.64 -12.5 -6.686 -68.75
3 16 -12.5 -6.686 -68.75 -11 0 -63.64 -11 -5 -68.99
2 24 -11 -5 -68.99 -11 0 -63.64
2 24 -12.5 -6.686 -68.75 -11 -5 -68.99
2 24 -12.5 0.25 -62.53 -12.5 -6.686 -68.75
3 16 -23.44 8.315 -54 -20 9 -56.18 -20 7.75 -56.18
5 24 -20 7.75 -56.18 -20 9 -56.18 -17.13 7.179 -58 -23.44 8.315 -54
3 16 -24.29 7.75 -53.46 -23.44 8.315 -54 -20 7.75 -56.18
5 24 -23.44 8.315 -54 -20 7.75 -56.18 -20 9 -56.18 -24.29 7.75 -53.46
2 24 -23.44 8.315 -54 -24.29 7.75 -53.46
2 24 -20 9 -56.18 -23.44 8.315 -54
2 24 -24.29 7.75 -53.46 -20 7.75 -56.18
2 24 -19.89 9 -56.25 -20 9 -56.18
2 24 -13.64 6.364 -60.21 -16.56 8.315 -58.36
2 24 -17.13 7.179 -58 -14.7 5.553 -59.54
2 24 -11.69 3.444 -61.45 -13.64 6.364 -60.21
2 24 -14.7 5.553 -59.54 -13.07 3.12 -60.57
4 16 -18.75 -7.75 -52.75 -12.5 -7.75 -52.75 -15.12 -7.75 -58.98 -18.75 -7.75 -54
2 24 -12.5 -7.75 -52.75 -18.75 -7.75 -52.75
2 24 -18.75 -7.75 -52.75 -18.75 -7.75 -54
4 16 -18.75 -7.75 -54 -15.12 -7.75 -58.98 -17.63 -7.75 -56.7 -18.46 -7.75 -55.46
2 24 -17.63 -7.75 -56.7 -15.12 -7.75 -58.98
2 24 -18.46 -7.75 -55.46 -17.63 -7.75 -56.7
2 24 -18.75 -7.75 -54 -18.46 -7.75 -55.46
3 16 -12.5 -7.75 -52.75 -12.5 -6.686 -68.75 -15.12 -7.75 -58.98
2 24 -12.5 -6.686 -68.75 -12.5 -7.75 -52.75
2 24 -15.12 -7.75 -58.98 -12.5 -6.686 -68.75
2 24 -18.75 -9 -52.75 -18.75 -7.75 -52.75
2 24 -20 -9 -52.75 -18.75 -9 -52.75
2 24 -14.7 5.553 -52.75 -17.13 7.179 -52.75
2 24 -13.07 3.12 -52.75 -14.7 5.553 -52.75
2 24 -17.13 7.179 -52.75 -20 7.75 -52.75
2 24 -12.5 0.25 -52.75 -13.07 3.12 -52.75
2 24 -20 7.75 -52.75 -24.29 7.75 -52.75
2 24 20 7.75 -52.75 24.29 7.75 -52.75
2 24 -12.5 -7.75 -52.75 -12.5 0.25 -52.75
2 24 -24.29 7.75 -52.75 -26.36 6.364 -52.75
3 16 -10.28 -12.692 -30.38 -10.28 -7 -30.38 -11.78 -11.982 -25.78
2 24 -10.28 -7 -30.38 -10.28 -12.692 -30.38
2 24 -10.28 -12.692 -30.38 -11.78 -11.982 -25.78
3 16 -11.78 -11.982 -25.78 -10.28 -7 -30.38 -13.12 -7 -21.63
3 16 -11.78 -11.982 -25.78 -13.12 -7 -21.63 -13.12 -11.092 -21.63
2 24 -13.12 -7 -21.63 -10.28 -7 -30.38
2 24 -13.12 -11.092 -21.63 -13.12 -7 -21.63
2 24 -11.78 -11.982 -25.78 -13.12 -11.092 -21.63
4 16 -5.543 -9 -13.3 -5.543 -14 -13.3 -4.405 -14 -15 -4.405 -9 -15
2 24 -4.405 -14 -15 -5.543 -14 -13.3
2 24 -4.405 -9 -15 -4.405 -14 -15
2 24 -5.543 -9 -13.3 -4.405 -9 -15
4 16 -6 -9 -11 -6 -14 -11 -5.543 -14 -13.3 -5.543 -9 -13.3
2 24 -6 -14 -11 -6 -9 -11
2 24 -5.543 -14 -13.3 -6 -14 -11
2 24 -6 -9 -11 -5.543 -9 -13.3
4 16 -5.543 -9 11.29 -5.543 -14 11.29 -6 -14 9 -6 -9 9
2 24 -6 -14 9 -5.543 -14 11.29
2 24 -6 -9 9 -6 -14 9
2 24 -5.543 -9 11.29 -6 -9 9
4 16 -4.405 -9 13 -4.405 -14 13 -5.543 -14 11.29 -5.543 -9 11.29
2 24 -4.405 -14 13 -4.405 -9 13
2 24 -5.543 -14 11.29 -4.405 -14 13
2 24 -4.405 -9 13 -5.543 -9 11.29
4 16 -4.405 -9 25 -5.543 -9 26.7 -5.543 -14 26.7 -4.405 -14 25
2 24 -5.543 -9 26.7 -4.405 -9 25
2 24 -4.405 -14 25 -5.543 -14 26.7
2 24 -4.405 -9 25 -4.405 -14 25
4 16 -5.543 -14 26.7 -5.543 -9 26.7 -6 -9 29 -6 -14 29
2 24 -6 -9 29 -5.543 -9 26.7
2 24 -6 -14 29 -6 -9 29
2 24 -5.543 -14 26.7 -6 -14 29
3 16 -10.28 -7 -30.38 -15.94 -7 -30.38 -13.12 -7 -21.63
2 24 -15.94 -7 -30.38 -10.28 -7 -30.38
3 16 -13.12 -7 -21.63 -15.94 -7 -30.38 -15.94 -7 -12.88
2 24 -15.94 -7 -12.88 -15.94 -7 -30.38
4 16 -13.12 -7 -21.63 -15.94 -7 -12.88 -10 -7 -12.88 -10 -7 -21.63
2 24 -10 -7 -12.88 -15.94 -7 -12.88
2 24 -10 -7 -21.63 -10 -7 -12.88
2 24 -13.12 -7 -21.63 -10 -7 -21.63
2 24 -20 9 -46.25 -20 -9 -46.25
2 24 -23.44 8.315 -46.25 -20 9 -46.25
2 24 -26.36 6.364 -46.25 -23.44 8.315 -46.25
2 24 -20 9 -39 -20 -9 -39
2 24 -20 -9 -42.63 -20 9 -42.63
2 24 -20 9 -31.75 -20 -9 -31.75
2 24 -20 -9 -35.38 -20 9 -35.38
2 24 -20 9 -24.5 -20 -9 -24.5
2 24 -20 -9 -28.13 -20 9 -28.13
2 24 -20 9 -17.25 -20 -9 -17.25
2 24 -20 -9 -20.88 -20 9 -20.88
2 24 -20 -9 -13.63 -20 9 -13.63
2 24 -20 9 -10 -20 9 20
2 24 -20 0 29 -20 -9 29
2 24 -20 -9 -10 -20 -6.36 -10
2 24 -20 -9 9 -20 -9 -10
2 24 -20 6.36 -10 -20 9 -10
2 24 -10 6.36 -10 -10 -6.36 -10
2 24 10 6.36 -10 10 -6.36 -10
3 16 -6 -9 9 -10 -9 9 -5.543 -9 11.29
2 24 -10 -9 9 -6 -9 9
4 16 -5.543 -9 11.29 -10 -9 9 -10 -9 13 -4.405 -9 13
2 24 -10 -9 13 -10 -9 9
2 24 -4.405 -9 13 -10 -9 13
3 16 -4.405 -9 25 -10 -9 25 -5.543 -9 26.7
2 24 -10 -9 25 -4.405 -9 25
4 16 -5.543 -9 26.7 -10 -9 25 -10 -9 29 -6 -9 29
2 24 -10 -9 29 -10 -9 25
2 24 -6 -9 29 -10 -9 29
3 16 -4.405 -9 -15 -10 -9 -15 -5.543 -9 -13.3
2 24 -10 -9 -15 -4.405 -9 -15
4 16 -5.543 -9 -13.3 -10 -9 -15 -10 -9 -11 -6 -9 -11
2 24 -10 -9 -11 -10 -9 -15
2 24 -6 -9 -11 -10 -9 -11
3 16 -1.363 -8.819 -57.88 -1.363 -5 -57.88 -2.771 -9.785 -53.54
2 24 -1.363 -5 -57.88 -1.363 -8.819 -57.88
2 24 -1.363 -8.819 -57.88 -2.771 -9.785 -53.54
3 16 -2.771 -9.785 -53.54 -1.363 -5 -57.88 -9.068 -5 -34.13
3 16 -2.771 -9.785 -53.54 -9.068 -5 -34.13 -3.435 -10.242 -51.49
2 24 -9.068 -5 -34.13 -1.363 -5 -57.88
2 24 -2.771 -9.785 -53.54 -3.435 -10.242 -51.49
3 16 -3.435 -10.242 -51.49 -9.068 -5 -34.13 -9.068 -13.282 -34.13
2 24 -9.068 -13.282 -34.13 -9.068 -5 -34.13
2 24 -3.435 -10.242 -51.49 -9.068 -13.282 -34.13
3 16 -10 -23.552 5 -10 -17.982 5 -10 -23.962 7.148
2 24 -10 -17.982 5 -10 -23.552 5
2 24 -10 -23.552 5 -10 -23.962 7.148
4 16 -10 -23.962 7.148 -10 -17.982 5 -10 -18.512 9 -10 -24.322 9
2 24 -10 -24.322 9 -10 -18.512 9
2 24 -10 -23.962 7.148 -10 -24.322 9
2 24 -10 -9 29 -10 0 29
3 16 -10 -9.672 21 -10 -9 21 -10 -9 25
3 16 -10 -9 25 -10 -9.497 22.68 -10 -9.672 21
3 16 -10 -9.354 25 -10 -9.497 22.68 -10 -9 25
2 24 -10 -9 21 -10 -9.672 21
2 24 -10 -9 1 -10 -9 5
2 24 -10 -12.282 1 -10 -9 1
2 24 -10 -9 -7 -10 -9 -3
2 24 -10 -9 -3 -10 -13.212 -3
2 24 -10 9 20 -10 9 -12.88
4 16 -10 -7 -10 -10 -7 -12.88 -10 9 -12.88 -10 9 -10
2 24 -10 -7 -12.88 -10 9 -12.88
3 16 -10 -10.092 17 -10 -10.512 13 -10 -9 17
2 24 -10 -10.092 17 -10 -9 17
2 24 -10 -9 13 -10 -10.512 13
4 16 -10 -20.352 -11 -10 -9 -11 -10 -9 -7 -10 -20.742 -9.104
2 24 -10 -9 -11 -10 -20.352 -11
2 24 -10 -20.352 -11 -10 -20.742 -9.104
4 16 -10 -19.132 -16.77 -10 -18.652 -19 -10 -9 -19 -10 -9 -15
2 24 -10 -18.652 -19 -10 -19.132 -16.77
2 24 -10 -9 -19 -10 -18.652 -19
4 16 -10 -7 -10 -10 -9 -10 -10 -9 -21.63 -10 -7 -21.63
2 24 -10 -9 -21.63 -10 -9 -19
2 24 -10 -7 -21.63 -10 -9 -21.63
3 16 -10 -10.932 9 -10 -11.162 6.776 -10 -9 9
2 24 -10 -10.932 9 -10 -9 9
4 16 -10 -9 9 -10 -11.162 6.776 -10 -11.502 5 -10 -9 5
2 24 -10 -9 5 -10 -11.502 5
3 16 -10 -21.172 -7 -10 -20.742 -9.104 -10 -9 -7
2 24 -10 -20.742 -9.104 -10 -21.172 -7
2 24 -10 -21.172 -7 -10 -9 -7
2 24 -10 -9.354 25 -10 -9 25
2 24 -10 -9 17 -10 -9 21
3 16 -10 -9 -15 -10 -19.512 -15 -10 -19.132 -16.77
2 24 -10 -19.512 -15 -10 -9 -15
2 24 -10 -19.132 -16.77 -10 -19.512 -15
4 16 -10 -17.292 1 -10 -22.772 1 -10 -22.292 -1.425 -10 -16.632 -2.648
2 24 -10 -22.772 1 -10 -17.292 1
2 24 -10 -22.292 -1.425 -10 -22.772 1
4 16 -10 -16.632 -2.648 -10 -22.292 -1.425 -10 -21.972 -3 -10 -16.432 -3
2 24 -10 -21.972 -3 -10 -22.292 -1.425
2 24 -10 -16.432 -3 -10 -21.972 -3
4 16 -17.63 -7.75 -56.7 -17.63 -9 -56.7 -18.46 -9 -55.46 -18.46 -7.75 -55.46
5 24 -17.63 -9 -56.7 -17.63 -7.75 -56.7 -15.12 -7.75 -58.98 -18.46 -9 -55.46
2 24 -18.46 -9 -55.46 -17.63 -9 -56.7
5 24 -18.46 -9 -55.46 -18.46 -7.75 -55.46 -17.63 -7.75 -56.7 -18.75 -9 -54
4 16 -18.46 -7.75 -55.46 -18.46 -9 -55.46 -18.75 -9 -54 -18.75 -7.75 -54
2 24 -18.75 -9 -54 -18.46 -9 -55.46
5 24 -18.75 -9 -54 -18.75 -7.75 -54 -18.46 -7.75 -55.46 -18.75 -9 -52.75
4 16 -13.07 3.12 -60.57 -13.07 3.12 -52.75 -14.7 5.553 -52.75 -14.7 5.553 -59.54
4 16 -14.7 5.553 -59.54 -14.7 5.553 -52.75 -17.13 7.179 -52.75 -17.13 7.179 -58
4 16 -17.13 7.179 -58 -17.13 7.179 -52.75 -20 7.75 -52.75 -20 7.75 -56.18
2 24 -24.29 7.75 -53.46 -24.29 7.75 -52.75
4 16 -24.29 7.75 -53.46 -24.29 7.75 -52.75 -23.44 8.315 -52.75 -23.44 8.315 -54
5 24 -23.44 8.315 -52.75 -23.44 8.315 -54 -24.29 7.75 -53.46 -20 9 -52.75
2 24 -12.5 -7.75 -68.75 -12.5 -6.686 -68.75
4 16 -12.5 -6.686 -68.75 -12.5 -7.75 -52.75 -12.5 0.25 -52.75 -12.5 0.25 -62.53
2 24 -11 -5 -34.13 -11 0 -34.13
2 24 -11 -5 -35.38 -11 -5 -34.13
2 24 -11 -5 -39 -11 -5 -42.63
2 24 -11 -5 -68.99 -11 -5 -46.25
4 16 -11 -5 -46.25 -11 -5 -68.99 -11 0 -63.64 -11 0 -46.25
3 16 -13.07 3.12 -60.57 -12.5 0.25 -62.53 -12.5 0.25 -52.75
3 16 -12.5 0.25 -52.75 -13.07 3.12 -52.75 -13.07 3.12 -60.57
2 24 -12.5 -9 -68.75 0 -9 -70.75
2 24 0 -5 -70.75 -11 -5 -68.99
5 24 0 -9 -70.75 0 -5 -70.75 11 -5 -68.99 -12.5 -9 -68.75
2 24 -12.5 -9 -68.75 -12.5 -7.75 -68.75
3 16 -11 -5 -68.99 -12.5 -9 -68.75 -12.5 -6.686 -68.75
3 16 12.5 -6.686 -68.75 11 0 -63.64 12.5 0.25 -62.53
3 16 12.5 -6.686 -68.75 11 -5 -68.99 11 0 -63.64
5 24 12.5 -6.686 -68.75 11 0 -63.64 11 -5 -68.99 12.5 0.25 -62.53
5 24 -12.5 -6.686 -68.75 -11 0 -63.64 -11 -5 -68.99 -12.5 0.25 -62.53
2 24 11 -5 -68.99 12.5 -6.686 -68.75
2 24 11 0 -63.64 11 -5 -68.99
2 24 12.5 -6.686 -68.75 12.5 0.25 -62.53
3 16 12.5 0.25 -62.53 11.69 3.444 -61.45 13.07 3.12 -60.57
3 16 12.5 0.25 -62.53 11 0 -63.64 11.69 3.444 -61.45
5 24 11 0 -63.64 12.5 0.25 -62.53 12.5 -6.686 -68.75 11.69 3.444 -61.45
5 24 -11 0 -63.64 -12.5 0.25 -62.53 -12.5 -6.686 -68.75 -11.69 3.444 -61.45
5 24 12.5 0.25 -62.53 11.69 3.444 -61.45 11 0 -63.64 13.07 3.12 -60.57
5 24 -12.5 0.25 -62.53 -11.69 3.444 -61.45 -11 0 -63.64 -13.07 3.12 -60.57
2 24 11.69 3.444 -61.45 11 0 -63.64
2 24 12.5 0.25 -62.53 13.07 3.12 -60.57
3 16 13.07 3.12 -60.57 13.64 6.364 -60.21 14.7 5.553 -59.54
3 16 -13.64 6.364 -60.21 -13.07 3.12 -60.57 -14.7 5.553 -59.54
3 16 13.07 3.12 -60.57 11.69 3.444 -61.45 13.64 6.364 -60.21
5 24 13.07 3.12 -60.57 13.64 6.364 -60.21 11.69 3.444 -61.45 14.7 5.553 -59.54
5 24 -13.07 3.12 -60.57 -13.64 6.364 -60.21 -11.69 3.444 -61.45 -14.7 5.553 -59.54
5 24 11.69 3.444 -61.45 13.07 3.12 -60.57 12.5 0.25 -62.53 13.64 6.364 -60.21
5 24 -11.69 3.444 -61.45 -13.07 3.12 -60.57 -12.5 0.25 -62.53 -13.64 6.364 -60.21
3 16 -11.69 3.444 -61.45 -13.07 3.12 -60.57 -13.64 6.364 -60.21
2 24 13.64 6.364 -60.21 11.69 3.444 -61.45
2 24 13.07 3.12 -60.57 14.7 5.553 -59.54
3 16 14.7 5.553 -59.54 16.56 8.315 -58.36 17.13 7.179 -58
5 24 14.7 5.553 -59.54 16.56 8.315 -58.36 13.64 6.364 -60.21 17.13 7.179 -58
5 24 -14.7 5.553 -59.54 -16.56 8.315 -58.36 -13.64 6.364 -60.21 -17.13 7.179 -58
3 16 -16.56 8.315 -58.36 -14.7 5.553 -59.54 -17.13 7.179 -58
3 16 14.7 5.553 -59.54 13.64 6.364 -60.21 16.56 8.315 -58.36
5 24 13.64 6.364 -60.21 14.7 5.553 -59.54 13.07 3.12 -60.57 16.56 8.315 -58.36
5 24 -13.64 6.364 -60.21 -14.7 5.553 -59.54 -13.07 3.12 -60.57 -16.56 8.315 -58.36
3 16 -13.64 6.364 -60.21 -14.7 5.553 -59.54 -16.56 8.315 -58.36
2 24 16.56 8.315 -58.36 13.64 6.364 -60.21
2 24 14.7 5.553 -59.54 17.13 7.179 -58
2 24 19.89 9 -56.25 16.56 8.315 -58.36
2 24 -16.56 8.315 -58.36 -19.89 9 -56.25
3 16 16.56 8.315 -58.36 19.89 9 -56.25 17.13 7.179 -58
5 24 19.89 9 -56.25 17.13 7.179 -58 16.56 8.315 -58.36 20 7.75 -56.18
5 24 16.56 8.315 -58.36 17.13 7.179 -58 14.7 5.553 -59.54 19.89 9 -56.25
2 24 17.13 7.179 -58 20 7.75 -56.18
2 24 -20 7.75 -56.18 -17.13 7.179 -58
3 16 20 7.75 -56.18 17.13 7.179 -58 19.89 9 -56.25
3 16 -20 7.75 -56.18 -20 9 -56.18 -17.13 7.179 -58
5 24 -17.13 7.179 -58 -20 9 -56.18 -16.56 8.315 -58.36 -20 7.75 -56.18
4 16 -17.13 7.179 -58 -20 9 -56.18 -19.89 9 -56.25 -16.56 8.315 -58.36
5 24 -16.56 8.315 -58.36 -17.13 7.179 -58 -14.7 5.553 -59.54 -20 9 -56.18
3 16 20 7.75 -56.18 19.89 9 -56.25 24.29 7.75 -53.46
5 24 20 7.75 -56.18 19.89 9 -56.25 17.13 7.179 -58 24.29 7.75 -53.46
2 24 20 7.75 -56.18 24.29 7.75 -53.46
4 16 24.29 7.75 -53.46 19.89 9 -56.25 20 9 -56.18 23.44 8.315 -54
5 24 19.89 9 -56.25 24.29 7.75 -53.46 20 7.75 -56.18 23.44 8.315 -54
2 24 20 9 -56.18 19.89 9 -56.25
2 24 23.44 8.315 -54 20 9 -56.18
2 24 24.29 7.75 -53.46 23.44 8.315 -54
3 16 12.5 -6.686 -68.75 12.5 -7.75 -52.75 15.12 -7.75 -58.98
2 24 12.5 -7.75 -52.75 12.5 -6.686 -68.75
2 24 12.5 -6.686 -68.75 15.12 -7.75 -58.98
4 16 15.12 -7.75 -58.98 12.5 -7.75 -52.75 18.75 -7.75 -52.75 17.63 -7.75 -56.7
5 24 12.5 -7.75 -52.75 15.12 -7.75 -58.98 12.5 -6.686 -68.75 18.75 -7.75 -52.75
5 24 -12.5 -7.75 -52.75 -15.12 -7.75 -58.98 -12.5 -6.686 -68.75 -18.75 -7.75 -52.75
2 24 18.75 -7.75 -52.75 12.5 -7.75 -52.75
2 24 15.12 -7.75 -58.98 17.63 -7.75 -56.7
4 16 17.63 -7.75 -56.7 18.75 -7.75 -52.75 18.75 -7.75 -54 18.46 -7.75 -55.46
2 24 18.75 -7.75 -54 18.75 -7.75 -52.75
2 24 18.46 -7.75 -55.46 18.75 -7.75 -54
2 24 17.63 -7.75 -56.7 18.46 -7.75 -55.46
2 24 26.36 6.364 -52.75 24.29 7.75 -52.75
2 24 18.75 -9 -52.75 20 -9 -52.75
2 24 18.75 -7.75 -52.75 18.75 -9 -52.75
2 24 14.7 5.553 -52.75 13.07 3.12 -52.75
2 24 17.13 7.179 -52.75 14.7 5.553 -52.75
2 24 20 7.75 -52.75 17.13 7.179 -52.75
2 24 12.5 0.25 -52.75 12.5 -7.75 -52.75
2 24 13.07 3.12 -52.75 12.5 0.25 -52.75
4 16 9.068 -5 -34.13 11 -5 -34.13 11 -5 -68.99 1.363 -5 -57.88
2 24 11 -5 -34.13 9.068 -5 -34.13
2 24 11 -5 -35.38 11 -5 -34.13
2 24 11 -5 -39 11 -5 -42.63
2 24 11 -5 -68.99 11 -5 -46.25
2 24 9.068 -5 -34.13 1.363 -5 -57.88
3 16 1.363 -5 -57.88 11 -5 -68.99 -1.363 -5 -57.88
2 24 1.363 -5 -57.88 -1.363 -5 -57.88
4 16 -1.363 -5 -57.88 11 -5 -68.99 0 -5 -70.75 -11 -5 -68.99
2 24 0 -5 -70.75 11 -5 -68.99
4 16 -1.363 -5 -57.88 -11 -5 -68.99 -11 -5 -34.13 -9.068 -5 -34.13
2 24 -9.068 -5 -34.13 -11 -5 -34.13
4 16 -13.12 -7 -21.63 -10 -7 -21.63 -10 -9 -21.63 -13.12 -11.092 -21.63
3 16 -13.12 -11.092 -21.63 -10 -9 -21.63 -9.897 -15.162 -21.63
2 24 -9.897 -15.162 -21.63 -13.12 -11.092 -21.63
4 16 -9.897 -15.162 -21.63 -10 -9 -21.63 0 -18.922 -21.63 -5.293 -17.952 -21.63
2 24 0 -18.922 -21.63 -5.293 -17.952 -21.63
2 24 -5.293 -17.952 -21.63 -9.897 -15.162 -21.63
4 16 13.12 -11.092 -21.63 9.897 -15.162 -21.63 -10 -9 -21.63 10 -9 -21.63
2 24 13.12 -11.092 -21.63 9.897 -15.162 -21.63
2 24 10 -9 -21.63 -10 -9 -21.63
4 16 -10 -9 -21.63 9.897 -15.162 -21.63 5.293 -17.952 -21.63 0 -18.922 -21.63
2 24 9.897 -15.162 -21.63 5.293 -17.952 -21.63
2 24 5.293 -17.952 -21.63 0 -18.922 -21.63
4 16 10 -7 -21.63 13.12 -7 -21.63 13.12 -11.092 -21.63 10 -9 -21.63
2 24 13.12 -7 -21.63 10 -7 -21.63
2 24 13.12 -11.092 -21.63 13.12 -7 -21.63
2 24 10 -7 -21.63 10 -9 -21.63
3 16 13.12 -11.092 -21.63 13.12 -7 -21.63 11.78 -11.982 -25.78
2 24 11.78 -11.982 -25.78 13.12 -11.092 -21.63
3 16 11.78 -11.982 -25.78 13.12 -7 -21.63 10.28 -7 -30.38
3 16 11.78 -11.982 -25.78 10.28 -7 -30.38 10.28 -12.692 -30.38
2 24 10.28 -7 -30.38 13.12 -7 -21.63
2 24 10.28 -12.692 -30.38 10.28 -7 -30.38
2 24 10.28 -12.692 -30.38 11.78 -11.982 -25.78
4 16 -11 9 -34.13 11 9 -34.13 11 -5 -34.13 -11 -5 -34.13
4 16 -9.068 -5 -34.13 9.068 -5 -34.13 2.055 -17.102 -34.13 -9.068 -13.282 -34.13
4 16 -9.068 -13.282 -34.13 2.055 -17.102 -34.13 -2.055 -17.102 -34.13 -5.935 -15.752 -34.13
4 16 9.068 -13.282 -34.13 5.935 -15.752 -34.13 2.055 -17.102 -34.13 9.068 -5 -34.13
2 24 11 -5 -34.13 11 0 -34.13
2 24 2.055 -17.102 -34.13 -2.055 -17.102 -34.13
2 24 -2.055 -17.102 -34.13 -5.935 -15.752 -34.13
2 24 -5.935 -15.752 -34.13 -9.068 -13.282 -34.13
2 24 19.89 9 -34.13 -19.89 9 -34.13
2 24 9.068 -13.282 -34.13 5.935 -15.752 -34.13
2 24 5.935 -15.752 -34.13 2.055 -17.102 -34.13
2 24 9.068 -13.282 -34.13 9.068 -5 -34.13
4 16 5.626 -21.992 -15 0 -23.022 -15 -5.626 -21.992 -15 -4.405 -14 -15
2 24 5.626 -21.992 -15 0 -23.022 -15
2 24 0 -23.022 -15 -5.626 -21.992 -15
3 16 -4.405 -14 -15 -5.626 -21.992 -15 -4.405 -9 -15
4 16 -4.405 -9 -15 -5.626 -21.992 -15 -10 -19.512 -15 -10 -9 -15
2 24 -5.626 -21.992 -15 -10 -19.512 -15
4 16 4.405 -9 -15 10 -9 -15 10 -19.512 -15 4.405 -14 -15
2 24 10 -9 -15 4.405 -9 -15
2 24 10 -19.512 -15 10 -9 -15
2 24 4.405 -9 -15 4.405 -14 -15
4 16 4.405 -14 -15 10 -19.512 -15 5.626 -21.992 -15 -4.405 -14 -15
2 24 10 -19.512 -15 5.626 -21.992 -15
2 24 4.405 -14 -15 -4.405 -14 -15
3 16 10 -18.652 -19 10 -9 -19 5.393 -21.372 -19
2 24 10 -9 -19 10 -18.652 -19
2 24 5.393 -21.372 -19 10 -18.652 -19
4 16 5.393 -21.372 -19 10 -9 -19 -10 -9 -19 0 -22.352 -19
2 24 -10 -9 -19 10 -9 -19
2 24 0 -22.352 -19 5.393 -21.372 -19
4 16 0 -22.352 -19 -10 -9 -19 -10 -18.652 -19 -5.393 -21.372 -19
2 24 -10 -18.652 -19 -5.393 -21.372 -19
2 24 -5.393 -21.372 -19 0 -22.352 -19
4 16 5.543 -23.432 -7 0 -24.342 -7 -5.543 -23.432 -7 -4.405 -14 -7
2 24 5.543 -23.432 -7 0 -24.342 -7
2 24 0 -24.342 -7 -5.543 -23.432 -7
3 16 -4.405 -14 -7 -5.543 -23.432 -7 -4.405 -9 -7
2 24 -4.405 -9 -7 -4.405 -14 -7
4 16 -4.405 -9 -7 -5.543 -23.432 -7 -10 -21.172 -7 -10 -9 -7
2 24 -5.543 -23.432 -7 -10 -21.172 -7
2 24 -4.405 -9 -7 -10 -9 -7
4 16 4.405 -9 -7 10 -9 -7 10 -21.172 -7 4.405 -14 -7
2 24 10 -9 -7 4.405 -9 -7
2 24 10 -21.172 -7 10 -9 -7
2 24 4.405 -9 -7 4.405 -14 -7
4 16 4.405 -14 -7 10 -21.172 -7 5.543 -23.432 -7 -4.405 -14 -7
2 24 10 -21.172 -7 5.543 -23.432 -7
2 24 4.405 -14 -7 -4.405 -14 -7
4 16 10 -9 -11 6 -9 -11 6 -14 -11 10 -20.352 -11
2 24 6 -9 -11 10 -9 -11
2 24 6 -14 -11 6 -9 -11
2 24 10 -9 -11 10 -20.352 -11
4 16 10 -20.352 -11 6 -14 -11 0 -23.682 -11 5.331 -22.802 -11
2 24 0 -23.682 -11 5.331 -22.802 -11
2 24 5.331 -22.802 -11 10 -20.352 -11
4 16 -6 -9 -11 -10 -9 -11 -10 -20.352 -11 -6 -14 -11
3 16 -6 -14 -11 -10 -20.352 -11 6 -14 -11
2 24 -6 -14 -11 6 -14 -11
4 16 6 -14 -11 -10 -20.352 -11 -5.331 -22.802 -11 0 -23.682 -11
2 24 -10 -20.352 -11 -5.331 -22.802 -11
2 24 -5.331 -22.802 -11 0 -23.682 -11
4 16 -8.287 -14.642 9 -6 -9 9 -6 -14 9 -10 -24.322 9
3 16 -10 -24.322 9 -6 -14 9 -3.647 -26.662 9
2 24 -3.647 -26.662 9 -10 -24.322 9
4 16 -3.647 -26.662 9 -6 -14 9 10 -24.322 9 3.647 -26.662 9
2 24 10 -24.322 9 3.647 -26.662 9
2 24 3.647 -26.662 9 -3.647 -26.662 9
3 16 -10 -18.512 9 -9.462 -17.872 9 -10 -24.322 9
3 16 -10 -24.322 9 -9.462 -17.872 9 -8.669 -16.562 9
3 16 -10 -24.322 9 -8.669 -16.562 9 -8.287 -14.642 9
3 16 9.758 -11.092 9 8.669 -12.722 9 6 -14 9
3 16 6 -14 9 8.669 -12.722 9 8.287 -14.642 9
4 16 6 -14 9 8.287 -14.642 9 8.669 -16.562 9 -6 -14 9
2 24 6 -14 9 -6 -14 9
3 16 -6 -14 9 8.669 -16.562 9 9.462 -17.872 9
4 16 9.462 -17.872 9 10 -18.512 9 10 -24.322 9 -6 -14 9
2 24 10 -24.322 9 10 -18.512 9
3 16 -10 -10.932 9 -10 -9 9 -9.758 -11.092 9
4 16 -9.758 -11.092 9 -10 -9 9 -6 -9 9 -8.669 -12.722 9
3 16 -8.669 -12.722 9 -6 -9 9 -8.287 -14.642 9
3 16 10 -10.932 9 9.758 -11.092 9 10 -9 9
2 24 10 -10.932 9 10 -9 9
4 16 10 -9 9 9.758 -11.092 9 6 -14 9 6 -9 9
2 24 6 -9 9 6 -14 9
2 24 10 -9 9 6 -9 9
4 16 9.126 -16.582 5 4.405 -9 5 4.405 -14 5 10 -23.552 5
2 24 4.405 -14 5 4.405 -9 5
3 16 10 -23.552 5 4.405 -14 5 3.526 -26.012 5
2 24 3.526 -26.012 5 10 -23.552 5
4 16 3.526 -26.012 5 4.405 -14 5 -10 -23.552 5 -3.526 -26.012 5
2 24 -10 -23.552 5 -3.526 -26.012 5
2 24 -3.526 -26.012 5 3.526 -26.012 5
4 16 10 -11.502 5 10 -9 5 4.405 -9 5 9.126 -12.812 5
2 24 10 -9 5 10 -11.502 5
2 24 4.405 -9 5 10 -9 5
3 16 9.126 -12.812 5 4.405 -9 5 8.751 -14.702 5
3 16 8.751 -14.702 5 4.405 -9 5 9.126 -16.582 5
3 16 9.126 -16.582 5 10 -23.552 5 9.904 -17.862 5
3 16 9.904 -17.862 5 10 -23.552 5 10 -17.982 5
2 24 10 -17.982 5 10 -23.552 5
3 16 -10 -11.502 5 -9.126 -12.812 5 -4.405 -14 5
3 16 -4.405 -14 5 -9.126 -12.812 5 -8.751 -14.702 5
4 16 -4.405 -14 5 -8.751 -14.702 5 -9.126 -16.582 5 4.405 -14 5
2 24 -4.405 -14 5 4.405 -14 5
3 16 4.405 -14 5 -9.126 -16.582 5 -9.904 -17.862 5
4 16 -9.904 -17.862 5 -10 -17.982 5 -10 -23.552 5 4.405 -14 5
4 16 -4.405 -9 5 -10 -9 5 -10 -11.502 5 -4.405 -14 5
2 24 -10 -9 5 -4.405 -9 5
2 24 -4.405 -14 5 -4.405 -9 5
4 16 -10 -24.322 13 -3.473 -26.692 13 3.473 -26.692 13 4.405 -14 13
2 24 -10 -24.322 13 -3.473 -26.692 13
2 24 -3.473 -26.692 13 3.473 -26.692 13
3 16 4.405 -14 13 3.473 -26.692 13 10 -24.322 13
2 24 3.473 -26.692 13 10 -24.322 13
4 16 4.405 -14 13 10 -24.322 13 8.212 -16.542 13 4.405 -9 13
2 24 4.405 -14 13 4.405 -9 13
3 16 4.405 -9 13 8.212 -16.542 13 7.823 -14.582 13
3 16 -9.321 -10.962 13 -8.212 -12.622 13 -4.405 -14 13
3 16 -4.405 -14 13 -8.212 -12.622 13 -7.823 -14.582 13
4 16 -4.405 -14 13 -7.823 -14.582 13 -8.212 -16.542 13 4.405 -14 13
2 24 -4.405 -14 13 4.405 -14 13
3 16 4.405 -14 13 -8.212 -16.542 13 -9.02 -17.872 13
3 16 10 -19.042 13 9.02 -17.872 13 10 -24.322 13
2 24 10 -19.042 13 10 -24.322 13
3 16 10 -24.322 13 9.02 -17.872 13 8.212 -16.542 13
4 16 -4.405 -9 13 -10 -9 13 -10 -10.512 13 -4.405 -14 13
3 16 -4.405 -14 13 -10 -10.512 13 -9.321 -10.962 13
4 16 -9.02 -17.872 13 -10 -19.042 13 -10 -24.322 13 4.405 -14 13
2 24 -10 -19.042 13 -10 -24.322 13
3 16 10 -10.512 13 10 -9 13 9.321 -10.962 13
2 24 10 -9 13 10 -10.512 13
4 16 9.321 -10.962 13 10 -9 13 4.405 -9 13 8.212 -12.622 13
2 24 4.405 -9 13 10 -9 13
3 16 8.212 -12.622 13 4.405 -9 13 7.823 -14.582 13
3 16 7.755 -12.522 17 7.358 -14.522 17 3.473 -26.692 17
3 16 3.473 -26.692 17 7.358 -14.522 17 7.755 -16.512 17
4 16 3.473 -26.692 17 7.755 -16.512 17 8.578 -17.872 17 10 -24.322 17
2 24 10 -24.322 17 3.473 -26.692 17
3 16 10 -24.322 17 8.578 -17.872 17 10 -19.562 17
2 24 10 -24.322 17 10 -19.562 17
4 16 -3.473 -26.692 17 -10 -24.322 17 -10 -19.562 17 8.885 -10.832 17
2 24 -3.473 -26.692 17 -10 -24.322 17
2 24 -10 -24.322 17 -10 -19.562 17
3 16 8.885 -10.832 17 -10 -19.562 17 10 -10.092 17
3 16 10 -10.092 17 -10 -19.562 17 -8.578 -17.872 17
3 16 10 -10.092 17 -8.578 -17.872 17 -7.755 -16.512 17
4 16 10 -10.092 17 -7.755 -16.512 17 -7.358 -14.522 17 10 -9 17
2 24 10 -10.092 17 10 -9 17
3 16 10 -9 17 -7.358 -14.522 17 -7.755 -12.522 17
3 16 10 -9 17 -7.755 -12.522 17 -10 -9 17
2 24 10 -9 17 -10 -9 17
3 16 -10 -9 17 -7.755 -12.522 17 -8.885 -10.832 17
3 16 -10 -9 17 -8.885 -10.832 17 -10 -10.092 17
3 16 8.885 -10.832 17 7.755 -12.522 17 -3.473 -26.692 17
3 16 -3.473 -26.692 17 7.755 -12.522 17 3.473 -26.692 17
2 24 3.473 -26.692 17 -3.473 -26.692 17
4 16 10 -9.672 21 10 -9 21 -10 -9 21 8.448 -10.712 21
2 24 10 -9 21 10 -9.672 21
2 24 -10 -9 21 10 -9 21
4 16 8.448 -10.712 21 -10 -9 21 -10 -9.672 21 7.298 -12.432 21
4 16 7.298 -12.432 21 -10 -9.672 21 -8.448 -10.712 21 6.894 -14.462 21
4 16 6.894 -14.462 21 -8.448 -10.712 21 -7.298 -12.432 21 7.298 -16.492 21
4 16 7.298 -16.492 21 -7.298 -12.432 21 -6.894 -14.462 21 8.136 -17.872 21
4 16 8.136 -17.872 21 -6.894 -14.462 21 -7.298 -16.492 21 10 -20.092 21
4 16 10 -20.092 21 -7.298 -16.492 21 -8.136 -17.872 21 10 -24.322 21
2 24 10 -20.092 21 10 -24.322 21
4 16 10 -24.322 21 -8.136 -17.872 21 -10 -20.092 21 3.473 -26.692 21
2 24 3.473 -26.692 21 10 -24.322 21
4 16 3.473 -26.692 21 -10 -20.092 21 -10 -24.322 21 -3.473 -26.692 21
2 24 -10 -20.092 21 -10 -24.322 21
2 24 -10 -24.322 21 -3.473 -26.692 21
2 24 -3.473 -26.692 21 3.473 -26.692 21
4 16 4.405 -14 -15 5.543 -14 -13.3 5.543 -9 -13.3 4.405 -9 -15
2 24 5.543 -14 -13.3 4.405 -14 -15
2 24 4.405 -9 -15 5.543 -9 -13.3
4 16 5.543 -14 -13.3 6 -14 -11 6 -9 -11 5.543 -9 -13.3
5 24 5.543 -14 -13.3 5.543 -9 -13.3 6 -14 -11 4.405 -14 -15
5 24 -5.543 -14 -13.3 -5.543 -9 -13.3 -6 -14 -11 -4.405 -14 -15
2 24 6 -14 -11 5.543 -14 -13.3
2 24 5.543 -9 -13.3 6 -9 -11
3 16 4.243 -14 -6.759 4.405 -14 -7 2.296 -14 -5.458
2 24 4.243 -14 -6.759 4.405 -14 -7
4 16 2.296 -14 -5.458 4.405 -14 -7 -4.405 -14 -7 0 -14 -5
4 16 0 -14 -5 -4.405 -14 -7 -4.243 -14 -6.759 -2.296 -14 -5.458
2 24 -4.405 -14 -7 -4.243 -14 -6.759
4 16 6 -14 9 5.543 -14 11.29 5.543 -9 11.29 6 -9 9
2 24 5.543 -14 11.29 6 -14 9
2 24 6 -9 9 5.543 -9 11.29
4 16 5.543 -14 11.29 4.405 -14 13 4.405 -9 13 5.543 -9 11.29
5 24 5.543 -14 11.29 5.543 -9 11.29 4.405 -14 13 6 -14 9
5 24 -5.543 -14 11.29 -5.543 -9 11.29 -4.405 -14 13 -6 -14 9
2 24 4.405 -14 13 5.543 -14 11.29
2 24 5.543 -9 11.29 4.405 -9 13
4 16 -4.405 -14 13 4.405 -14 13 5.543 -14 11.29 -5.543 -14 11.29
4 16 -5.543 -14 11.29 5.543 -14 11.29 6 -14 9 -6 -14 9
4 16 4.405 -14 25 5.543 -14 26.7 5.543 -9 26.7 4.405 -9 25
2 24 5.543 -14 26.7 4.405 -14 25
2 24 4.405 -9 25 5.543 -9 26.7
2 24 4.405 -14 25 4.405 -9 25
4 16 6 -9 29 5.543 -9 26.7 5.543 -14 26.7 6 -14 29
5 24 5.543 -9 26.7 5.543 -14 26.7 6 -14 29 4.405 -9 25
5 24 -5.543 -9 26.7 -5.543 -14 26.7 -6 -14 29 -4.405 -9 25
2 24 5.543 -9 26.7 6 -9 29
2 24 6 -14 29 5.543 -14 26.7
2 24 6 -9 29 6 -14 29
4 16 -6 -14 29 6 -14 29 5.543 -14 26.7 -5.543 -14 26.7
2 24 6 -14 29 -6 -14 29
4 16 -5.543 -14 26.7 5.543 -14 26.7 4.405 -14 25 -4.405 -14 25
2 24 -4.405 -14 25 4.405 -14 25
4 16 10 -7 -12.88 15.94 -7 -12.88 13.12 -7 -21.63 10 -7 -21.63
2 24 15.94 -7 -12.88 10 -7 -12.88
2 24 10 -7 -12.88 10 -7 -21.63
3 16 13.12 -7 -21.63 15.94 -7 -12.88 15.94 -7 -30.38
2 24 15.94 -7 -30.38 15.94 -7 -12.88
3 16 13.12 -7 -21.63 15.94 -7 -30.38 10.28 -7 -30.38
2 24 10.28 -7 -30.38 15.94 -7 -30.38
2 24 23.44 8.315 -46.25 26.36 6.364 -46.25
2 24 20 9 -46.25 23.44 8.315 -46.25
2 24 20 -9 -46.25 20 9 -46.25
2 24 20 -9 -39 20 9 -39
2 24 20 9 -42.63 20 -9 -42.63
2 24 20 -9 -31.75 20 9 -31.75
2 24 20 9 -35.38 20 -9 -35.38
2 24 20 -9 -24.5 20 9 -24.5
2 24 20 9 -28.13 20 -9 -28.13
2 24 20 -9 -17.25 20 9 -17.25
2 24 20 9 -20.88 20 -9 -20.88
2 24 20 9 -13.63 20 -9 -13.63
3 16 -12.51 -15.182 -27.41 -12.34 -14.112 -31 -9.448 -18.452 -31
5 24 -12.51 -15.182 -27.41 -9.448 -18.452 -31 -12.45 -15.992 -25.47 -12.34 -14.112 -31
5 24 -12.34 -14.112 -31 -12.51 -15.182 -27.41 -12.77 -14.292 -28.11 -9.448 -18.452 -31
5 24 -12.34 -14.112 -31 -9.448 -18.452 -31 -12.51 -15.182 -27.41 -1.946 -9.806 -63.5
3 16 -12.51 -15.182 -27.41 -9.448 -18.452 -31 -12.45 -15.992 -25.47
5 24 -12.45 -15.992 -25.47 -9.448 -18.452 -31 -12.38 -16.752 -23.5 -12.51 -15.182 -27.41
3 16 -12.77 -14.292 -28.11 -12.34 -14.112 -31 -12.51 -15.182 -27.41
3 16 -12.77 -14.292 -28.11 -12.9 -13.862 -28.45 -12.34 -14.112 -31
5 24 -12.9 -13.862 -28.45 -12.34 -14.112 -31 -12.77 -14.292 -28.11 -12.96 -13.622 -28.59
4 16 -20 -9 29 -20 -9 25 -18.48 -16.652 25 -18.48 -16.652 29
5 24 -20 -9 29 -20 -9 25 -18.48 -16.652 29 -20 0 29
2 24 -18.48 -16.652 25 -20 -9 25
5 24 -18.48 -16.652 25 -18.48 -16.652 29 -20 -9 29 -14.14 -23.142 25
2 24 -20 -9 29 -18.48 -16.652 29
4 16 -18.48 -16.652 29 -18.48 -16.652 25 -14.14 -23.142 25 -14.14 -23.142 29
2 24 -14.14 -23.142 25 -18.48 -16.652 25
5 24 -14.14 -23.142 25 -14.14 -23.142 29 -18.48 -16.652 29 -13 -24.202 25
2 24 -18.48 -16.652 29 -14.14 -23.142 29
4 16 18.48 -16.652 25 18.48 -16.652 29 14.14 -23.142 29 14.14 -23.142 25
5 24 18.48 -16.652 25 18.48 -16.652 29 14.14 -23.142 29 20 -9 25
2 24 14.14 -23.142 29 18.48 -16.652 29
5 24 14.14 -23.142 29 14.14 -23.142 25 18.48 -16.652 25 13 -24.202 25
2 24 18.48 -16.652 25 14.14 -23.142 25
4 16 20 -9 29 18.48 -16.652 29 18.48 -16.652 25 20 -9 25
5 24 20 -9 29 20 -9 25 20 0 29 18.48 -16.652 29
2 24 18.48 -16.652 29 20 -9 29
2 24 20 -9 25 18.48 -16.652 25
4 16 7.654 -27.482 9 7.654 -27.482 29 0 -29 29 0 -29 9
5 24 7.654 -27.482 29 7.654 -27.482 9 13.51 -23.752 16.99 0 -29 29
2 24 0 -29 29 7.654 -27.482 29
5 24 0 -29 29 0 -29 9 7.654 -27.482 9 -7.654 -27.482 29
5 24 0 -29 9 7.654 -27.482 9 7.654 -27.482 29 0 -22.362 -31
4 16 0 -29 9 0 -29 29 -7.654 -27.482 29 -7.654 -27.482 9
2 24 -7.654 -27.482 29 0 -29 29
5 24 -7.654 -27.482 29 -7.654 -27.482 9 0 -29 9 -13 -24.202 25
5 24 -7.654 -27.482 9 0 -29 9 0 -29 29 -5.113 -21.342 -31
2 24 20 -9 29 20 0 29
2 24 20 -9 -10 20 -9 9
2 24 20 9 -10 20 6.36 -10
4 16 10 -6.36 -10 20 -6.36 -10 20 6.36 -10 10 6.36 -10
4 16 -20 -6.36 -10 -10 -6.36 -10 -10 6.36 -10 -20 6.36 -10
2 24 20 9 20 20 9 -10
2 24 20 -6.36 -10 20 -9 -10
3 16 -20 -9 -24.5 -20 -9 -28.13 -13.36 -9 -31
5 24 -20 -9 -24.5 -20 -9 -28.13 -13.36 -9 -31 -23.44 -8.315 -24.5
3 16 -13.36 -9 -31 -20 -9 -28.13 -20 -9 -31.75
2 24 -20 -9 -28.13 -20 -9 -31.75
3 16 -13.36 -9 -31 -20 -9 -31.75 -20 -9 -35.38
5 24 -20 -9 -31.75 -20 -9 -35.38 -13.36 -9 -31 -23.44 -8.315 -31.75
3 16 20 -9 -28.13 20 -9 -24.5 18.75 -9 -52.75
5 24 20 -9 -28.13 20 -9 -24.5 18.75 -9 -52.75 23.44 -8.315 -28.13
3 16 18.75 -9 -52.75 20 -9 -24.5 20 -9 -20.88
2 24 20 -9 -24.5 20 -9 -20.88
3 16 18.75 -9 -52.75 20 -9 -20.88 20 -9 -17.25
5 24 20 -9 -20.88 20 -9 -17.25 18.75 -9 -52.75 23.44 -8.315 -20.88
4 16 -20 -9 -46.25 -20 -9 -52.75 -18.75 -9 -52.75 -13.36 -9 -31
5 24 -20 -9 -46.25 -20 -9 -52.75 -18.75 -9 -52.75 -23.44 -8.315 -46.25
4 16 -13.36 -9 -31 -18.75 -9 -52.75 -15.12 -9 -58.98 -2.107 -9 -63.5
2 24 -2.107 -9 -63.5 -13.36 -9 -31
3 16 -2.107 -9 -63.5 -15.12 -9 -58.98 -12.5 -9 -68.75
2 24 -15.12 -9 -58.98 -12.5 -9 -68.75
3 16 -2.107 -9 -63.5 -12.5 -9 -68.75 2.107 -9 -63.5
4 16 2.107 -9 -63.5 -12.5 -9 -68.75 0 -9 -70.75 12.5 -9 -68.75
2 24 12.5 -9 -68.75 0 -9 -70.75
3 16 2.107 -9 -63.5 12.5 -9 -68.75 15.12 -9 -58.98
2 24 15.12 -9 -58.98 12.5 -9 -68.75
3 16 -20 -9 -13.63 -20 -9 -17.25 -13.36 -9 -31
2 24 -20 -9 -13.63 -20 -9 -17.25
3 16 -13.36 -9 -31 -20 -9 -17.25 -20 -9 -20.88
5 24 -20 -9 -17.25 -20 -9 -20.88 -13.36 -9 -31 -23.44 -8.315 -17.25
3 16 -13.36 -9 -31 -20 -9 -20.88 -20 -9 -24.5
2 24 -20 -9 -20.88 -20 -9 -24.5
3 16 20 -9 -39 20 -9 -35.38 18.75 -9 -52.75
2 24 20 -9 -39 20 -9 -35.38
3 16 18.75 -9 -52.75 20 -9 -35.38 20 -9 -31.75
5 24 20 -9 -35.38 20 -9 -31.75 18.75 -9 -52.75 23.44 -8.315 -35.38
3 16 18.75 -9 -52.75 20 -9 -31.75 20 -9 -28.13
2 24 20 -9 -31.75 20 -9 -28.13
3 16 20 -9 -13.63 20 -9 -10 18.75 -9 -52.75
5 24 20 -9 -13.63 20 -9 -10 18.75 -9 -52.75 23.44 -8.315 -13.63
3 16 18.75 -9 -52.75 20 -9 -10 13.36 -9 -31
3 16 18.75 -9 -52.75 13.36 -9 -31 18.75 -9 -54
2 24 18.75 -9 -52.75 18.75 -9 -54
4 16 18.75 -9 -54 13.36 -9 -31 17.63 -9 -56.7 18.46 -9 -55.46
2 24 18.46 -9 -55.46 17.63 -9 -56.7
2 24 18.75 -9 -54 18.46 -9 -55.46
4 16 2.107 -9 -63.5 15.12 -9 -58.98 17.63 -9 -56.7 13.36 -9 -31
2 24 17.63 -9 -56.7 15.12 -9 -58.98
2 24 13.36 -9 -31 2.107 -9 -63.5
3 16 -20 -9 -35.38 -20 -9 -39 -13.36 -9 -31
2 24 -20 -9 -35.38 -20 -9 -39
3 16 -13.36 -9 -31 -20 -9 -39 -20 -9 -42.63
5 24 -20 -9 -39 -20 -9 -42.63 -13.36 -9 -31 -23.44 -8.315 -39
3 16 -13.36 -9 -31 -20 -9 -42.63 -20 -9 -46.25
2 24 -20 -9 -42.63 -20 -9 -46.25
3 16 -20 -9 9 -20 -9 -10 -13.36 -9 -31
2 24 -13.36 -9 -31 -20 -9 9
3 16 -13.36 -9 -31 -20 -9 -10 -20 -9 -13.63
5 24 -20 -9 -10 -20 -9 -13.63 -13.36 -9 -31 -23.44 -8.315 -10
3 16 -18.75 -9 -54 -18.46 -9 -55.46 -18.75 -9 -52.75
2 24 -18.75 -9 -52.75 -18.75 -9 -54
4 16 -18.75 -9 -52.75 -18.46 -9 -55.46 -17.63 -9 -56.7 -15.12 -9 -58.98
2 24 -17.63 -9 -56.7 -15.12 -9 -58.98
3 16 20 -9 -52.75 20 -9 -46.25 18.75 -9 -52.75
5 24 20 -9 -52.75 20 -9 -46.25 18.75 -9 -52.75 23.44 -8.315 -52.75
3 16 18.75 -9 -52.75 20 -9 -46.25 20 -9 -42.63
2 24 20 -9 -46.25 20 -9 -42.63
3 16 18.75 -9 -52.75 20 -9 -42.63 20 -9 -39
5 24 20 -9 -42.63 20 -9 -39 18.75 -9 -52.75 23.44 -8.315 -42.63
3 16 20 -9 -17.25 20 -9 -13.63 18.75 -9 -52.75
2 24 20 -9 -17.25 20 -9 -13.63
3 16 20 -9 -10 20 -9 9 13.36 -9 -31
2 24 20 -9 9 13.36 -9 -31
4 16 -15.94 9 -30.38 -15.94 -7 -30.38 -10.28 -7 -30.38 15.94 9 -30.38
2 24 -15.94 9 -30.38 -15.94 -7 -30.38
2 24 -15.94 9 -30.38 15.94 9 -30.38
4 16 15.94 9 -30.38 -10.28 -7 -30.38 -4.778 -16.592 -30.38 10.28 -7 -30.38
4 16 10.28 -7 -30.38 -4.778 -16.592 -30.38 0 -17.462 -30.38 10.28 -12.692 -30.38
2 24 -4.778 -16.592 -30.38 0 -17.462 -30.38
4 16 10.28 -12.692 -30.38 0 -17.462 -30.38 4.778 -16.592 -30.38 8.934 -14.072 -30.38
2 24 0 -17.462 -30.38 4.778 -16.592 -30.38
2 24 4.778 -16.592 -30.38 8.934 -14.072 -30.38
2 24 8.934 -14.072 -30.38 10.28 -12.692 -30.38
4 16 -10.28 -12.692 -30.38 -8.934 -14.072 -30.38 -4.778 -16.592 -30.38 -10.28 -7 -30.38
2 24 -10.28 -12.692 -30.38 -8.934 -14.072 -30.38
2 24 -8.934 -14.072 -30.38 -4.778 -16.592 -30.38
3 16 10.28 -7 -30.38 15.94 -7 -30.38 15.94 9 -30.38
2 24 15.94 -7 -30.38 15.94 9 -30.38
4 16 -14.14 -23.142 29 -7.654 -27.482 29 0 -29 29 6 -14 29
2 24 -14.14 -23.142 29 -7.654 -27.482 29
3 16 6 -14 29 0 -29 29 10 -9 29
4 16 10 -9 29 0 -29 29 7.654 -27.482 29 14.14 -23.142 29
2 24 7.654 -27.482 29 14.14 -23.142 29
4 16 10 -9 29 14.14 -23.142 29 18.48 -16.652 29 10 0 29
2 24 10 -9 29 10 0 29
4 16 10 0 29 18.48 -16.652 29 20 -9 29 20 0 29
5 24 20 0 29 10 0 29 18.48 -16.652 29 20 3.444 28.31
4 16 -14.14 -23.142 29 6 -14 29 -6 -14 29 -18.48 -16.652 29
4 16 -18.48 -16.652 29 -6 -14 29 -6 -9 29 -10 -9 29
4 16 -20 0 29 -20 -9 29 -10 -9 29 -10 0 29
5 24 -10 0 29 -20 0 29 -20 -9 29 -10 3.444 28.31
3 16 -10 -9 29 -20 -9 29 -18.48 -16.652 29
3 16 10 -9 29 6 -9 29 6 -14 29
2 24 6 -9 29 10 -9 29
3 16 4.405 -9 13 10 -9 13 5.543 -9 11.29
4 16 5.543 -9 11.29 10 -9 13 10 -9 9 6 -9 9
2 24 10 -9 9 10 -9 13
3 16 6 -9 29 10 -9 29 5.543 -9 26.7
4 16 5.543 -9 26.7 10 -9 29 10 -9 25 4.405 -9 25
2 24 10 -9 25 10 -9 29
2 24 4.405 -9 25 10 -9 25
3 16 -4.243 -14 4.756 -4.405 -14 5 -2.296 -14 3.455
2 24 -4.243 -14 4.756 -4.405 -14 5
4 16 -2.296 -14 3.455 -4.405 -14 5 4.405 -14 5 0 -14 3
4 16 0 -14 3 4.405 -14 5 4.243 -14 4.756 2.296 -14 3.455
2 24 4.405 -14 5 4.243 -14 4.756
3 16 -4.405 -9 5 -4.243 -9 4.756 -10 -9 5
2 24 -4.405 -9 5 -4.243 -9 4.756
4 16 -10 -9 5 -4.243 -9 4.756 -2.296 -9 3.455 -10 -9 1
3 16 -10 -9 1 -2.296 -9 3.455 0 -9 3
3 16 -10 -9 1 0 -9 3 10 -9 1
3 16 4.405 -9 5 10 -9 5 4.243 -9 4.756
2 24 4.243 -9 4.756 4.405 -9 5
4 16 4.243 -9 4.756 10 -9 5 10 -9 1 2.296 -9 3.455
2 24 10 -9 1 10 -9 5
3 16 2.296 -9 3.455 10 -9 1 0 -9 3
2 24 -10 -9 1 10 -9 1
3 16 4.243 -9 -6.759 2.296 -9 -5.458 10 -9 -3
3 16 10 -9 -3 2.296 -9 -5.458 0 -9 -5
3 16 10 -9 -3 0 -9 -5 -10 -9 -3
3 16 -4.405 -9 -7 -10 -9 -7 -4.243 -9 -6.759
2 24 -4.243 -9 -6.759 -4.405 -9 -7
4 16 -4.243 -9 -6.759 -10 -9 -7 -10 -9 -3 -2.296 -9 -5.458
3 16 -2.296 -9 -5.458 -10 -9 -3 0 -9 -5
2 24 10 -9 -3 -10 -9 -3
4 16 4.243 -9 -6.759 10 -9 -3 10 -9 -7 4.405 -9 -7
2 24 10 -9 -7 10 -9 -3
2 24 4.405 -9 -7 4.243 -9 -6.759
4 16 4.405 -14 -15 -4.405 -14 -15 -5.543 -14 -13.3 5.543 -14 -13.3
4 16 5.543 -14 -13.3 -5.543 -14 -13.3 -6 -14 -11 6 -14 -11
3 16 6 -9 -11 10 -9 -11 5.543 -9 -13.3
4 16 5.543 -9 -13.3 10 -9 -11 10 -9 -15 4.405 -9 -15
2 24 10 -9 -15 10 -9 -11
3 16 3.435 -10.242 -51.49 9.068 -13.282 -34.13 2.771 -9.785 -53.54
2 24 3.435 -10.242 -51.49 9.068 -13.282 -34.13
2 24 2.771 -9.785 -53.54 3.435 -10.242 -51.49
3 16 2.771 -9.785 -53.54 9.068 -13.282 -34.13 9.068 -5 -34.13
4 16 2.771 -9.785 -53.54 9.068 -5 -34.13 1.363 -5 -57.88 1.363 -8.819 -57.88
2 24 1.363 -8.819 -57.88 1.363 -5 -57.88
2 24 1.363 -8.819 -57.88 2.771 -9.785 -53.54
4 16 0.6786 -9 -57.88 1.363 -8.819 -57.88 1.363 -5 -57.88 -0.6786 -9 -57.88
2 24 0.6786 -9 -57.88 1.363 -8.819 -57.88
2 24 -0.6786 -9 -57.88 0.6786 -9 -57.88
4 16 -0.6786 -9 -57.88 1.363 -5 -57.88 -1.363 -5 -57.88 -1.363 -8.819 -57.88
2 24 -1.363 -8.819 -57.88 -0.6786 -9 -57.88
3 16 -10 -17.292 1 -9.583 -16.612 1 10 -9 1
3 16 10 -9 1 -9.583 -16.612 1 -9.216 -14.762 1
3 16 10 -9 1 -9.216 -14.762 1 -10 -9 1
3 16 -10 -9 1 -9.216 -14.762 1 -9.583 -12.912 1
3 16 -10 -9 1 -9.583 -12.912 1 -10 -12.282 1
4 16 5.48 -24.852 1 0 -25.672 1 9.583 -12.912 1 9.216 -14.762 1
2 24 5.48 -24.852 1 0 -25.672 1
3 16 9.583 -12.912 1 0 -25.672 1 -5.48 -24.852 1
2 24 0 -25.672 1 -5.48 -24.852 1
4 16 9.583 -12.912 1 -5.48 -24.852 1 -10 -22.772 1 10 -12.282 1
2 24 -5.48 -24.852 1 -10 -22.772 1
4 16 10 -12.282 1 -10 -22.772 1 -10 -17.292 1 10 -9 1
2 24 10 -12.282 1 10 -9 1
3 16 9.583 -16.612 1 10 -22.772 1 9.216 -14.762 1
3 16 9.216 -14.762 1 10 -22.772 1 5.48 -24.852 1
2 24 10 -22.772 1 5.48 -24.852 1
3 16 9.583 -16.612 1 10 -17.292 1 10 -22.772 1
2 24 10 -22.772 1 10 -17.292 1
4 16 10 -13.212 -3 10 -9 -3 -10 -9 -3 9.68 -14.822 -3
2 24 10 -9 -3 10 -13.212 -3
3 16 9.68 -14.822 -3 -10 -9 -3 10 -16.432 -3
4 16 10 -16.432 -3 -10 -9 -3 -10 -13.212 -3 10 -21.972 -3
2 24 10 -16.432 -3 10 -21.972 -3
4 16 10 -21.972 -3 -10 -13.212 -3 -9.68 -14.822 -3 5.286 -24.212 -3
2 24 5.286 -24.212 -3 10 -21.972 -3
4 16 5.286 -24.212 -3 -9.68 -14.822 -3 -10 -16.432 -3 0 -25.012 -3
2 24 0 -25.012 -3 5.286 -24.212 -3
4 16 0 -25.012 -3 -10 -16.432 -3 -10 -21.972 -3 -5.286 -24.212 -3
2 24 -10 -21.972 -3 -5.286 -24.212 -3
2 24 -5.286 -24.212 -3 0 -25.012 -3
3 16 10 -24.322 9 10 -18.512 9 10 -23.962 7.148
2 24 10 -23.962 7.148 10 -24.322 9
4 16 10 -23.962 7.148 10 -18.512 9 10 -17.982 5 10 -23.552 5
2 24 10 -23.552 5 10 -23.962 7.148
4 16 10 -13 -2.648 10 -12.282 1 10 -9 1 10 -9 -3
3 16 10 -9 -3 10 -13.212 -3 10 -13 -2.648
4 16 -10 -12.282 1 -10 -13 -2.648 -10 -9 -3 -10 -9 1
3 16 -10 -13.212 -3 -10 -9 -3 -10 -13 -2.648
4 16 10 -7 -12.88 10 -7 -10 10 9 -10 10 9 -12.88
4 16 10 -7 -21.63 10 -9 -21.63 10 -9 -10 10 -7 -10
2 24 10 9 -12.88 10 -7 -12.88
4 16 10 -19.512 -15 10 -9 -15 10 -9 -19 10 -19.132 -16.77
2 24 10 -19.132 -16.77 10 -19.512 -15
2 24 10 -9 -21.63 10 -9 -19
2 24 10 9 -12.88 10 9 20
4 16 10 -9 -7 10 -9 -11 10 -20.742 -9.104 10 -21.172 -7
2 24 10 -20.742 -9.104 10 -21.172 -7
2 24 10 -9 17 10 -9 21
2 24 10 -9 25 10 -9.354 25
4 16 10 -9 17 10 -9 13 10 -10.512 13 10 -10.092 17
4 16 -10 -9 13 -10 -9 17 -10 -10.092 17 -10 -10.512 13
3 16 10 -11.502 5 10 -11.162 6.776 10 -9 5
4 16 10 -9 5 10 -11.162 6.776 10 -10.932 9 10 -9 9
3 16 10 -9.672 21 10 -9.497 22.68 10 -9 21
3 16 10 -9 21 10 -9.497 22.68 10 -9.354 25
3 16 10 -9 21 10 -9.354 25 10 -9 25
3 16 10 -18.652 -19 10 -19.132 -16.77 10 -9 -19
2 24 10 -18.652 -19 10 -19.132 -16.77
3 16 10 -9 -11 10 -20.352 -11 10 -20.742 -9.104
2 24 10 -20.352 -11 10 -20.742 -9.104
4 16 10 -16.432 -3 10 -21.972 -3 10 -22.292 -1.425 10 -16.632 -2.648
2 24 10 -21.972 -3 10 -22.292 -1.425
4 16 10 -16.632 -2.648 10 -22.292 -1.425 10 -22.772 1 10 -17.292 1
2 24 10 -22.292 -1.425 10 -22.772 1
4 16 20 -9 25 18.48 -16.652 25 10 -9.354 25 11.6 -9 25
4 16 10 -9.354 25 18.48 -16.652 25 14.14 -23.142 25 4.405 -9 25
4 16 4.405 -9 25 14.14 -23.142 25 13 -24.202 25 10 -20.622 25
2 24 14.14 -23.142 25 13 -24.202 25
4 16 10 -24.322 25 3.473 -26.692 25 -3.473 -26.692 25 10 -20.622 25
2 24 10 -24.322 25 3.473 -26.692 25
2 24 3.473 -26.692 25 -3.473 -26.692 25
2 24 10 -20.622 25 10 -24.322 25
4 16 10 -20.622 25 -3.473 -26.692 25 -4.405 -14 25 4.405 -14 25
3 16 -4.405 -14 25 -3.473 -26.692 25 -10 -24.322 25
2 24 -3.473 -26.692 25 -10 -24.322 25
4 16 -4.405 -14 25 -10 -24.322 25 -10 -20.622 25 -4.405 -9 25
2 24 -10 -24.322 25 -10 -20.622 25
4 16 -4.405 -9 25 -10 -20.622 25 -18.48 -16.652 25 -10 -9.354 25
4 16 -10 -9.354 25 -18.48 -16.652 25 -20 -9 25 -11.36 -9.021 25
3 16 4.405 -9 25 10 -20.622 25 4.405 -14 25
4 16 -13 -24.202 25 -14.14 -23.142 25 -18.48 -16.652 25 -10 -20.622 25
2 24 -13 -24.202 25 -14.14 -23.142 25
3 16 -10 -9.354 25 -10 -9 25 -4.405 -9 25
3 16 4.405 -9 25 10 -9 25 10 -9.354 25
4 16 18.46 -7.75 -55.46 18.46 -9 -55.46 17.63 -9 -56.7 17.63 -7.75 -56.7
5 24 18.46 -7.75 -55.46 18.46 -9 -55.46 17.63 -9 -56.7 18.75 -7.75 -54
5 24 17.63 -7.75 -56.7 17.63 -9 -56.7 15.12 -9 -58.98 18.46 -7.75 -55.46
4 16 18.75 -7.75 -54 18.75 -9 -54 18.46 -9 -55.46 18.46 -7.75 -55.46
5 24 18.75 -7.75 -54 18.75 -9 -54 18.46 -9 -55.46 18.75 -7.75 -52.75
4 16 14.7 5.553 -52.75 13.07 3.12 -52.75 13.07 3.12 -60.57 14.7 5.553 -59.54
5 24 13.07 3.12 -60.57 13.07 3.12 -52.75 12.5 0.25 -52.75 14.7 5.553 -52.75
5 24 -13.07 3.12 -60.57 -13.07 3.12 -52.75 -12.5 0.25 -52.75 -14.7 5.553 -52.75
4 16 17.13 7.179 -52.75 14.7 5.553 -52.75 14.7 5.553 -59.54 17.13 7.179 -58
5 24 14.7 5.553 -52.75 14.7 5.553 -59.54 13.07 3.12 -52.75 17.13 7.179 -52.75
5 24 -14.7 5.553 -52.75 -14.7 5.553 -59.54 -13.07 3.12 -52.75 -17.13 7.179 -52.75
4 16 20 7.75 -52.75 17.13 7.179 -52.75 17.13 7.179 -58 20 7.75 -56.18
5 24 17.13 7.179 -52.75 17.13 7.179 -58 14.7 5.553 -52.75 20 7.75 -52.75
5 24 -17.13 7.179 -52.75 -17.13 7.179 -58 -14.7 5.553 -52.75 -20 7.75 -52.75
2 24 20 9 -20.88 20 9 -24.5
5 24 20 9 -24.5 20 9 -28.13 15.94 9 -30.38 23.44 8.315 -24.5
2 24 20 9 -28.13 20 9 -31.75
5 24 20 9 -10 20 9 -13.63 15.94 9 -30.38 23.44 8.315 -10
2 24 20 9 -13.63 20 9 -17.25
5 24 20 9 -17.25 20 9 -20.88 15.94 9 -30.38 23.44 8.315 -17.25
2 24 20 9 -35.38 20 9 -39
4 16 -10 9 20 -10 9 -12.88 -15.94 9 -12.88 -20 9 20
5 24 -20 9 20 -10 9 20 -10 9 -12.88 -20 8.315 23.44
2 24 -10 9 -12.88 -15.94 9 -12.88
5 24 -20 9 -13.63 -20 9 -10 -15.94 9 -12.88 -23.44 8.315 -13.63
2 24 -20 9 -17.25 -20 9 -13.63
2 24 20 9 -42.63 20 9 -46.25
4 16 -20 9 20 -15.94 9 -12.88 -15.94 9 -30.38 -20 9 -34.13
4 16 15.94 9 -12.88 20 9 20 20 9 -34.13 15.94 9 -30.38
2 24 -15.94 9 -12.88 -15.94 9 -30.38
2 24 -20 9 -31.75 -20 9 -28.13
4 16 -20 9 -34.13 -15.94 9 -30.38 15.94 9 -30.38 20 9 -34.13
5 24 -20 9 -28.13 -20 9 -24.5 -15.94 9 -12.88 -23.44 8.315 -28.13
2 24 -20 9 -24.5 -20 9 -20.88
5 24 -20 9 -20.88 -20 9 -17.25 -15.94 9 -12.88 -23.44 8.315 -20.88
2 24 -20 9 -39 -20 9 -35.38
2 24 -20 9 -46.25 -20 9 -42.63
4 16 10 9 -12.88 10 9 20 20 9 20 15.94 9 -12.88
5 24 10 9 20 20 9 20 15.94 9 -12.88 10 8.315 23.44
2 24 15.94 9 -12.88 10 9 -12.88
2 24 15.94 9 -30.38 15.94 9 -12.88
2 24 24.29 7.75 -52.75 24.29 7.75 -53.46
4 16 24.29 7.75 -53.46 23.44 8.315 -54 23.44 8.315 -52.75 24.29 7.75 -52.75
5 24 23.44 8.315 -54 23.44 8.315 -52.75 24.29 7.75 -52.75 20 9 -56.18
3 16 20 9 -56.18 20 9 -54 23.44 8.315 -54
4 16 12.5 0.25 -62.53 12.5 0.25 -52.75 12.5 -7.75 -52.75 12.5 -6.686 -68.75
2 24 12.5 -6.686 -68.75 12.5 -7.75 -68.75
4 16 11 0 -46.25 11 0 -63.64 11 -5 -68.99 11 -5 -46.25
3 16 13.07 3.12 -60.57 13.07 3.12 -52.75 12.5 0.25 -52.75
5 24 13.07 3.12 -60.57 12.5 0.25 -52.75 12.5 0.25 -62.53 13.07 3.12 -52.75
5 24 -13.07 3.12 -60.57 -12.5 0.25 -52.75 -12.5 0.25 -62.53 -13.07 3.12 -52.75
3 16 13.07 3.12 -60.57 12.5 0.25 -52.75 12.5 0.25 -62.53
5 24 12.5 0.25 -62.53 12.5 0.25 -52.75 12.5 -6.686 -68.75 13.7 3.12 -60.57
5 24 -12.5 0.25 -62.53 -12.5 0.25 -52.75 -12.5 -6.686 -68.75 -13.7 3.12 -60.57
3 16 12.5 -6.686 -68.75 12.5 -9 -68.75 11 -5 -68.99
5 24 12.5 -9 -68.75 11 -5 -68.99 12.5 -6.686 -68.75 0 -9 -70.75
5 24 -12.5 -9 -68.75 -11 -5 -68.99 -12.5 -6.686 -68.75 0 -9 -70.75
2 24 12.5 -7.75 -68.75 12.5 -9 -68.75
3 16 11 -5 -68.99 0 -9 -70.75 0 -5 -70.75
3 16 -11 -5 -68.99 0 -5 -70.75 0 -9 -70.75
3 16 11 -5 -68.99 12.5 -9 -68.75 0 -9 -70.75
5 24 11 -5 -68.99 0 -9 -70.75 12.5 -9 -68.75 0 -5 -70.75
5 24 -11 -5 -68.99 0 -9 -70.75 -12.5 -9 -68.75 0 -5 -70.75
3 16 -11 -5 -68.99 0 -9 -70.75 -12.5 -9 -68.75
4 16 24.29 7.75 -52.75 20 7.75 -52.75 20 7.75 -56.18 24.29 7.75 -53.46
5 24 20 7.75 -52.75 20 7.75 -56.18 17.13 7.179 -52.75 24.29 7.75 -52.75
5 24 -20 7.75 -52.75 -20 7.75 -56.18 -17.13 7.179 -52.75 -24.29 7.75 -52.75
4 16 12.5 -6.686 -68.75 15.12 -7.75 -58.98 15.12 -9 -58.98 12.5 -9 -68.75
4 16 17.63 -7.75 -56.7 17.63 -9 -56.7 15.12 -9 -58.98 15.12 -7.75 -58.98
5 24 15.12 -9 -58.98 15.12 -7.75 -58.98 12.5 -9 -68.75 17.63 -9 -56.7
5 24 -15.12 -9 -58.98 -15.12 -7.75 -58.98 -12.5 -9 -68.75 -17.63 -9 -56.7
4 16 18.75 -9 -52.75 18.75 -9 -54 18.75 -7.75 -54 18.75 -7.75 -52.75
4 16 10 -19.042 13 10 -24.322 13 10 -24.322 17 10 -19.562 17
2 24 10 -24.322 13 10 -24.322 17
4 16 10 -9 -19 10 -9 -21.63 -10 -9 -21.63 -10 -9 -19
4 16 -10 -9 17 -10 -9 21 10 -9 21 10 -9 17
4 16 20 9 -42.63 20 -9 -42.63 20 -9 -46.25 20 9 -46.25
4 16 20 9 -35.38 20 -9 -35.38 20 -9 -39 20 9 -39
4 16 20 9 -28.13 20 -9 -28.13 20 -9 -31.75 20 9 -31.75
4 16 20 9 -20.88 20 -9 -20.88 20 -9 -24.5 20 9 -24.5
4 16 20 9 -17.25 20 9 -13.63 20 -9 -13.63 20 -9 -17.25
3 16 13.51 -23.752 16.99 7.654 -27.482 29 7.654 -27.482 9
5 24 7.654 -27.482 29 13.51 -23.752 16.99 13 -24.202 25 7.654 -27.482 9
5 24 7.654 -27.482 9 13.51 -23.752 16.99 7.654 -27.482 29 14 -23.282 9
3 16 -7.654 -27.482 9 -7.654 -27.482 29 -13 -24.202 25
5 24 -7.654 -27.482 29 -13 -24.202 25 -7.654 -27.482 9 -14.14 -23.142 29
5 24 -13 -24.202 25 -7.654 -27.482 9 -7.654 -27.482 29 -13.51 -23.752 16.99
3 16 -7.654 -27.482 9 -13 -24.202 25 -13.51 -23.752 16.99
3 16 14.14 -23.142 25 14.14 -23.142 29 13 -24.202 25
5 24 14.14 -23.142 29 13 -24.202 25 14.14 -23.142 25 7.654 -27.482 29
3 16 13 -24.202 25 14.14 -23.142 29 7.654 -27.482 29
5 24 7.654 -27.482 29 13 -24.202 25 14.14 -23.142 29 13.51 -23.752 16.99
3 16 13 -24.202 25 7.654 -27.482 29 13.51 -23.752 16.99
3 16 -14.14 -23.142 29 -14.14 -23.142 25 -13 -24.202 25
5 24 -13 -24.202 25 -14.14 -23.142 29 -14.14 -23.142 25 -7.654 -27.482 29
3 16 -14.14 -23.142 29 -13 -24.202 25 -7.654 -27.482 29
3 16 7.654 -27.482 9 14 -23.282 9 13.51 -23.752 16.99
5 24 7.654 -27.482 9 14 -23.282 9 13.51 -23.752 16.99 13.92 -22.932 7.168
3 16 -13.51 -23.752 16.99 -14 -23.282 9 -7.654 -27.482 9
5 24 -14 -23.282 9 -7.654 -27.482 9 -13.51 -23.752 16.99 -13.92 -22.932 7.168
3 16 -13.54 -21.462 -0.596 -9.448 -18.452 -31 -13.92 -22.932 7.168
5 24 -13.54 -21.462 -0.596 -9.448 -18.452 -31 -13.92 -22.932 7.168 -12.55 -17.852 -18.96
5 24 -9.448 -18.452 -31 -13.92 -22.932 7.168 -13.54 -21.462 -0.596 -5.113 -21.342 -31
3 16 -13.92 -22.932 7.168 -9.448 -18.452 -31 -5.113 -21.342 -31
5 24 -13.92 -22.932 7.168 -5.113 -21.342 -31 -9.448 -18.452 -31 -7.654 -27.482 9
3 16 -13.92 -22.932 7.168 -5.113 -21.342 -31 -7.654 -27.482 9
5 24 -7.654 -27.482 9 -13.92 -22.932 7.168 -14 -23.282 9 -5.113 -21.342 -31
5 24 -9.448 -18.452 -31 -5.113 -21.342 -31 -7.654 -27.482 9 -1.49 -10.492 -63.5
5 24 -5.113 -21.342 -31 -7.654 -27.482 9 -13.92 -22.932 7.168 0 -22.362 -31
3 16 -7.654 -27.482 9 -5.113 -21.342 -31 0 -22.362 -31
5 24 -7.654 -27.482 9 0 -22.362 -31 -5.113 -21.342 -31 0 -29 9
3 16 -7.654 -27.482 9 0 -22.362 -31 0 -29 9
5 24 -5.113 -21.342 -31 0 -22.362 -31 0 -29 9 -0.8062 -10.942 -63.5
5 24 0 -22.362 -31 0 -29 9 -7.654 -27.482 9 5.113 -21.342 -31
3 16 0 -29 9 0 -22.362 -31 5.113 -21.342 -31
5 24 0 -29 9 5.113 -21.342 -31 0 -22.362 -31 7.654 -27.482 9
3 16 0 -29 9 5.113 -21.342 -31 7.654 -27.482 9
5 24 0 -22.362 -31 5.113 -21.342 -31 7.654 -27.482 9 0 -11.102 -63.5
5 24 5.113 -21.342 -31 7.654 -27.482 9 0 -29 9 9.448 -18.452 -31
3 16 7.654 -27.482 9 5.113 -21.342 -31 9.448 -18.452 -31
5 24 7.654 -27.482 9 9.448 -18.452 -31 5.113 -21.342 -31 13.92 -22.932 7.168
3 16 7.654 -27.482 9 9.448 -18.452 -31 13.92 -22.932 7.168
5 24 7.654 -27.482 9 13.92 -22.932 7.168 14 -23.282 9 5.113 -21.342 -31
5 24 5.113 -21.342 -31 9.448 -18.452 -31 13.92 -22.932 7.168 0.8062 -10.942 -63.5
5 24 13.92 -22.932 7.168 9.448 -18.452 -31 13.54 -21.462 -0.596 7.654 -27.482 9
3 16 7.654 -27.482 9 13.92 -22.932 7.168 14 -23.282 9
3 16 12.55 -17.852 -18.96 13.54 -21.462 -0.596 9.448 -18.452 -31
5 24 13.54 -21.462 -0.596 9.448 -18.452 -31 12.55 -17.852 -18.96 13.92 -22.932 7.168
5 24 9.448 -18.452 -31 12.55 -17.852 -18.96 13.54 -21.462 -0.596 12.47 -17.302 -21.23
3 16 9.448 -18.452 -31 13.54 -21.462 -0.596 13.92 -22.932 7.168
3 16 -12.55 -17.852 -18.96 -12.47 -17.302 -21.23 -9.448 -18.452 -31
5 24 -12.47 -17.302 -21.23 -9.448 -18.452 -31 -12.55 -17.852 -18.96 -12.38 -16.752 -23.5
5 24 -9.448 -18.452 -31 -12.55 -17.852 -18.96 -12.47 -17.302 -21.23 -13.54 -21.462 -0.596
3 16 -9.448 -18.452 -31 -12.47 -17.302 -21.23 -12.38 -16.752 -23.5
5 24 -12.38 -16.752 -23.5 -9.448 -18.452 -31 -12.47 -17.302 -21.23 -12.45 -15.992 -25.47
3 16 -9.448 -18.452 -31 -12.38 -16.752 -23.5 -12.45 -15.992 -25.47
3 16 -15.01 -10.922 -20.33 -15.42 -10.682 -18.04 -13.36 -9 -31
5 24 -15.42 -10.682 -18.04 -13.36 -9 -31 -15.01 -10.922 -20.33 -17.07 -10.082 -8.423
5 24 -13.36 -9 -31 -15.01 -10.922 -20.33 -15.42 -10.682 -18.04 -14.59 -11.172 -22.62
3 16 -13.36 -9 -31 -15.42 -10.682 -18.04 -17.07 -10.082 -8.423
5 24 -17.07 -10.082 -8.423 -13.36 -9 -31 -15.42 -10.682 -18.04 -20 -9 9
3 16 -13.36 -9 -31 -17.07 -10.082 -8.423 -20 -9 9
3 16 -13.67 -12.232 -26.87 -14.15 -11.692 -24.75 -13.36 -9 -31
5 24 -14.15 -11.692 -24.75 -13.36 -9 -31 -13.67 -12.232 -26.87 -14.59 -11.172 -22.62
5 24 -13.36 -9 -31 -13.67 -12.232 -26.87 -14.15 -11.692 -24.75 -13.07 -13.422 -28.38
3 16 -13.36 -9 -31 -14.15 -11.692 -24.75 -14.59 -11.172 -22.62
5 24 -14.59 -11.172 -22.62 -13.36 -9 -31 -14.15 -11.692 -24.75 -15.01 -10.922 -20.33
3 16 -13.36 -9 -31 -14.59 -11.172 -22.62 -15.01 -10.922 -20.33
3 16 -12.34 -14.112 -31 -12.9 -13.862 -28.45 -12.96 -13.622 -28.59
5 24 -12.96 -13.622 -28.59 -12.34 -14.112 -31 -12.9 -13.862 -28.45 -13.36 -9 -31
3 16 -12.34 -14.112 -31 -12.96 -13.622 -28.59 -13.36 -9 -31
5 24 -13.36 -9 -31 -12.34 -14.112 -31 -12.96 -13.622 -28.59 -2.107 -9 -63.5
3 16 -13.36 -9 -31 -12.96 -13.622 -28.59 -13.07 -13.422 -28.38
5 24 -13.07 -13.422 -28.38 -13.36 -9 -31 -12.96 -13.622 -28.59 -13.67 -12.232 -26.87
3 16 -13.36 -9 -31 -13.07 -13.422 -28.38 -13.67 -12.232 -26.87
3 16 12.96 -13.622 -28.59 12.9 -13.862 -28.45 12.34 -14.112 -31
5 24 12.9 -13.862 -28.45 12.34 -14.112 -31 12.96 -13.622 -28.59 12.77 -14.292 -28.11
3 16 12.34 -14.112 -31 12.9 -13.862 -28.45 12.77 -14.292 -28.11
5 24 12.77 -14.292 -28.11 12.34 -14.112 -31 12.9 -13.862 -28.45 9.448 -18.452 -31
3 16 12.34 -14.112 -31 12.77 -14.292 -28.11 9.448 -18.452 -31
5 24 9.448 -18.452 -31 12.77 -14.292 -28.11 12.51 -15.182 -27.41 12.34 -14.112 -31
5 24 9.448 -18.452 -31 12.34 -14.112 -31 12.77 -14.292 -28.11 1.49 -10.492 -63.5
3 16 9.448 -18.452 -31 12.77 -14.292 -28.11 12.51 -15.182 -27.41
5 24 12.51 -15.182 -27.41 9.448 -18.452 -31 12.77 -14.292 -28.11 12.45 -15.992 -25.47
3 16 9.448 -18.452 -31 12.51 -15.182 -27.41 12.45 -15.992 -25.47
5 24 12.45 -15.992 -25.47 9.448 -18.452 -31 12.51 -15.182 -27.41 12.38 -16.752 -23.5
3 16 14.59 -11.172 -22.62 14.15 -11.692 -24.75 13.36 -9 -31
5 24 14.15 -11.692 -24.75 13.36 -9 -31 14.59 -11.172 -22.62 13.67 -12.232 -26.87
5 24 13.36 -9 -31 14.59 -11.172 -22.62 14.15 -11.692 -24.75 15.01 -10.922 -20.33
3 16 13.36 -9 -31 14.15 -11.692 -24.75 13.67 -12.232 -26.87
5 24 13.67 -12.232 -26.87 13.36 -9 -31 14.15 -11.692 -24.75 12.34 -14.112 -31
3 16 13.36 -9 -31 13.67 -12.232 -26.87 12.34 -14.112 -31
5 24 13.67 -12.232 -26.87 12.34 -14.112 -31 13.36 -9 -31 13.07 -13.422 -28.38
5 24 12.34 -14.112 -31 13.36 -9 -31 13.67 -12.232 -26.87 1.946 -9.806 -63.5
3 16 12.34 -14.112 -31 13.67 -12.232 -26.87 13.07 -13.422 -28.38
5 24 13.07 -13.422 -28.38 12.34 -14.112 -31 13.67 -12.232 -26.87 12.96 -13.622 -28.59
3 16 12.34 -14.112 -31 13.07 -13.422 -28.38 12.96 -13.622 -28.59
3 16 15.42 -10.682 -18.04 13.36 -9 -31 17.07 -10.082 -8.423
3 16 17.07 -10.082 -8.423 13.36 -9 -31 20 -9 9
3 16 14.59 -11.172 -22.62 13.36 -9 -31 15.01 -10.922 -20.33
3 16 15.01 -10.922 -20.33 13.36 -9 -31 15.42 -10.682 -18.04
3 16 12.45 -15.992 -25.47 12.38 -16.752 -23.5 9.448 -18.452 -31
5 24 12.34 -14.112 -31 12.96 -13.622 -28.59 12.9 -13.862 -28.45 13.07 -13.422 -28.38
5 24 15.42 -10.682 -18.04 13.36 -9 -31 17.07 -10.082 -8.423 15.01 -10.922 -20.33
5 24 13.36 -9 -31 17.07 -10.082 -8.423 15.42 -10.682 -18.04 20 -9 9
5 24 13.36 -9 -31 15.01 -10.922 -20.33 14.59 -11.172 -22.62 15.42 -10.682 -18.04
5 24 12.38 -16.752 -23.5 9.448 -18.452 -31 12.45 -15.992 -25.47 12.47 -17.302 -21.23
3 16 9.448 -18.452 -31 12.38 -16.752 -23.5 12.47 -17.302 -21.23
5 24 12.47 -17.302 -21.23 9.448 -18.452 -31 12.38 -16.752 -23.5 12.55 -17.852 -18.96
3 16 9.448 -18.452 -31 12.47 -17.302 -21.23 12.55 -17.852 -18.96
3 16 -7.654 -27.482 9 -14 -23.282 9 -13.92 -22.932 7.168
3 16 -9.448 -18.452 -31 -13.54 -21.462 -0.596 -12.55 -17.852 -18.96
3 16 -5.113 -21.342 -31 -9.448 -18.452 -31 -1.49 -10.492 -63.5
5 24 -5.113 -21.342 -31 -1.49 -10.492 -63.5 -9.448 -18.452 -31 -0.8062 -10.942 -63.5
3 16 -5.113 -21.342 -31 -1.49 -10.492 -63.5 -0.8062 -10.942 -63.5
5 24 -9.448 -18.452 -31 -1.49 -10.492 -63.5 -0.8062 -10.942 -63.5 -12.34 -14.112 -31
5 24 -0.8062 -10.942 -63.5 -5.113 -21.342 -31 0 -22.362 -31 -9.448 -18.452 -31
3 16 -1.49 -10.492 -63.5 -9.448 -18.452 -31 -12.34 -14.112 -31
5 24 -1.49 -10.492 -63.5 -12.34 -14.112 -31 -9.448 -18.452 -31 -1.946 -9.806 -63.5
3 16 -1.49 -10.492 -63.5 -12.34 -14.112 -31 -1.946 -9.806 -63.5
5 24 -12.34 -14.112 -31 -1.946 -9.806 -63.5 -1.49 -10.492 -63.5 -13.36 -9 -31
4 16 -1.946 -9.806 -63.5 -12.34 -14.112 -31 -13.36 -9 -31 -2.107 -9 -63.5
3 16 -5.113 -21.342 -31 -0.8062 -10.942 -63.5 0 -11.102 -63.5
5 24 -5.113 -21.342 -31 0 -11.102 -63.5 -0.8062 -10.942 -63.5 0 -22.362 -31
3 16 -5.113 -21.342 -31 0 -11.102 -63.5 0 -22.362 -31
5 24 0 -11.102 -63.5 0 -22.362 -31 -5.113 -21.342 -31 5.113 -21.342 -31
3 16 0 -22.362 -31 0 -11.102 -63.5 0.8062 -10.942 -63.5
5 24 0 -22.362 -31 0.8062 -10.942 -63.5 0 -11.102 -63.5 5.113 -21.342 -31
3 16 0 -22.362 -31 0.8062 -10.942 -63.5 5.113 -21.342 -31
5 24 0.8062 -10.942 -63.5 5.113 -21.342 -31 0 -22.362 -31 9.448 -18.452 -31
3 16 5.113 -21.342 -31 0.8062 -10.942 -63.5 1.49 -10.492 -63.5
5 24 5.113 -21.342 -31 1.49 -10.492 -63.5 0.8062 -10.942 -63.5 9.448 -18.452 -31
3 16 5.113 -21.342 -31 1.49 -10.492 -63.5 9.448 -18.452 -31
5 24 1.49 -10.492 -63.5 9.448 -18.452 -31 5.113 -21.342 -31 1.946 -9.806 -63.5
3 16 9.448 -18.452 -31 1.49 -10.492 -63.5 1.946 -9.806 -63.5
5 24 9.448 -18.452 -31 1.946 -9.806 -63.5 1.49 -10.492 -63.5 12.34 -14.112 -31
3 16 9.448 -18.452 -31 1.946 -9.806 -63.5 12.34 -14.112 -31
5 24 1.946 -9.806 -63.5 12.34 -14.112 -31 9.448 -18.452 -31 2.107 -9 -63.5
4 16 12.34 -14.112 -31 1.946 -9.806 -63.5 2.107 -9 -63.5 13.36 -9 -31
4 16 10 -20.092 21 10 -24.322 21 10 -24.322 25 10 -20.622 25
2 24 10 -24.322 21 10 -24.322 25
4 16 15.94 9 -12.88 15.94 9 -30.38 15.94 -7 -30.38 15.94 -7 -12.88
2 24 15.94 -7 -12.88 15.94 9 -12.88
4 16 15.94 -7 -12.88 10 -7 -12.88 10 9 -12.88 15.94 9 -12.88
4 16 4.405 -9 5 4.243 -9 4.756 4.243 -14 4.756 4.405 -14 5
4 16 4.405 -9 -7 4.405 -14 -7 4.243 -14 -6.759 4.243 -9 -6.759
4 16 10 -24.322 21 3.473 -26.692 21 3.473 -26.692 25 10 -24.322 25
4 16 3.473 -26.692 25 3.473 -26.692 21 -3.473 -26.692 21 -3.473 -26.692 25
5 24 3.473 -26.692 21 3.473 -26.692 25 10 -24.322 21 -3.473 -26.692 21
5 24 -3.473 -26.692 21 -3.473 -26.692 25 -10 -24.322 21 3.473 -26.692 21
4 16 -3.473 -26.692 25 -3.473 -26.692 21 -10 -24.322 21 -10 -24.322 25
2 24 -10 -24.322 21 -10 -24.322 25
4 16 10 -24.322 13 3.473 -26.692 13 3.473 -26.692 17 10 -24.322 17
4 16 3.473 -26.692 17 3.473 -26.692 13 -3.473 -26.692 13 -3.473 -26.692 17
5 24 3.473 -26.692 13 3.473 -26.692 17 10 -24.322 13 -3.473 -26.692 13
5 24 -3.473 -26.692 13 -3.473 -26.692 17 -10 -24.322 13 3.473 -26.692 13
4 16 -3.473 -26.692 17 -3.473 -26.692 13 -10 -24.322 13 -10 -24.322 17
2 24 -10 -24.322 13 -10 -24.322 17
3 16 -10 -23.552 5 -10 -23.962 7.148 -3.526 -26.012 5
3 16 -3.526 -26.012 5 -10 -23.962 7.148 -3.647 -26.662 9
5 24 -10 -23.962 7.148 -3.647 -26.662 9 -3.526 -26.012 5 -10 -24.322 9
4 16 -3.526 -26.012 5 -3.647 -26.662 9 3.647 -26.662 9 3.526 -26.012 5
5 24 3.526 -26.012 5 3.647 -26.662 9 10 -23.962 7.148 -3.526 -26.012 5
5 24 -3.526 -26.012 5 -3.647 -26.662 9 -10 -23.962 7.148 3.526 -26.012 5
3 16 3.526 -26.012 5 3.647 -26.662 9 10 -23.962 7.148
5 24 10 -23.962 7.148 3.526 -26.012 5 10 -23.552 5 3.647 -26.662 9
5 24 -10 -23.962 7.148 -3.526 -26.012 5 -10 -23.552 5 -3.647 -26.662 9
5 24 3.647 -26.662 9 10 -23.962 7.148 3.526 -26.012 5 10 -24.322 9
3 16 10 -23.962 7.148 3.647 -26.662 9 10 -24.322 9
3 16 10 -23.962 7.148 10 -23.552 5 3.526 -26.012 5
3 16 -10 -23.962 7.148 -10 -24.322 9 -3.647 -26.662 9
3 16 -10 -21.972 -3 -10 -22.292 -1.425 -5.286 -24.212 -3
3 16 -5.286 -24.212 -3 -10 -22.292 -1.425 -5.48 -24.852 1
5 24 -10 -22.292 -1.425 -5.48 -24.852 0.9986 -5.286 -24.212 -3 -10 -22.772 1
3 16 -5.286 -24.212 -3 -5.48 -24.852 1 0 -25.672 1
5 24 -5.286 -24.212 -3 0 -25.672 1 -5.48 -24.852 1 0 -25.012 -3
3 16 -5.286 -24.212 -3 0 -25.672 1 0 -25.012 -3
3 16 0 -25.012 -3 0 -25.672 1 5.48 -24.852 1
5 24 5.48 -24.852 1 0 -25.012 -3 5.286 -24.212 -3 0 -25.672 1
3 16 0 -25.012 -3 5.48 -24.852 1 5.286 -24.212 -3
5 24 0 -25.012 -3 0 -25.672 1 5.286 -24.212 -3 -5.286 -24.212 -3
5 24 5.286 -24.212 -3 5.48 -24.852 1 10 -22.292 -1.425 0 -25.012 -3
5 24 -5.286 -24.212 -3 -5.48 -24.852 1 -10 -22.292 -1.425 0 -25.012 -3
3 16 5.286 -24.212 -3 5.48 -24.852 1 10 -22.292 -1.425
5 24 10 -22.292 -1.425 5.286 -24.212 -3 10 -21.972 -3 5.48 -24.852 1
5 24 -10 -22.292 -1.425 -5.286 -24.212 -3 -10 -21.972 -3 -5.48 -24.852 1
5 24 5.48 -24.852 0.9986 10 -22.292 -1.425 5.286 -24.212 -3 10 -22.772 1
3 16 10 -22.292 -1.425 5.48 -24.852 1 10 -22.772 1
3 16 10 -22.292 -1.425 10 -21.972 -3 5.286 -24.212 -3
3 16 -10 -22.292 -1.425 -10 -22.772 1 -5.48 -24.852 1
3 16 10 -20.742 -9.104 5.331 -22.802 -11 5.543 -23.432 -7
5 24 10 -20.742 -9.104 5.331 -22.802 -11 10 -20.352 -11 5.543 -23.432 -7
5 24 -10 -20.742 -9.104 -5.331 -22.802 -11 -10 -20.352 -11 -5.543 -23.432 -7
5 24 5.543 -23.432 -7 10 -20.742 -9.104 5.331 -22.802 -11 10 -21.172 -7
3 16 5.543 -23.432 -7 5.331 -22.802 -11 0 -23.682 -11
3 16 5.543 -23.432 -7 0 -23.682 -11 0 -24.342 -7
5 24 0 -23.682 -11 0 -24.342 -7 5.331 -22.802 -11 -5.331 -22.802 -11
5 24 5.331 -22.802 -11 5.543 -23.432 -7 10 -20.742 -9.104 0 -23.682 -11
5 24 -5.331 -22.802 -11 -5.543 -23.432 -7 -10 -20.742 -9.104 0 -23.682 -11
3 16 0 -24.342 -7 0 -23.682 -11 -5.331 -22.802 -11
5 24 0 -24.342 -7 -5.331 -22.802 -11 0 -23.682 -11 -5.543 -23.432 -7
5 24 0 -23.682 -11 5.543 -23.432 -7 0 -24.342 -7 5.331 -22.802 -11
3 16 0 -24.342 -7 -5.331 -22.802 -11 -5.543 -23.432 -7
3 16 -5.543 -23.432 -7 -5.331 -22.802 -11 -10 -20.742 -9.104
5 24 -10 -20.742 -9.104 -5.543 -23.432 -7 -5.331 -22.802 -11 -10 -21.172 -7
3 16 -5.543 -23.432 -7 -10 -20.742 -9.104 -10 -21.172 -7
3 16 -5.331 -22.802 -11 -10 -20.352 -11 -10 -20.742 -9.104
3 16 5.543 -23.432 -7 10 -21.172 -7 10 -20.742 -9.104
3 16 10 -20.742 -9.104 10 -20.352 -11 5.331 -22.802 -11
3 16 10 -19.132 -16.77 5.393 -21.372 -19 5.626 -21.992 -15
5 24 10 -19.132 -16.77 5.393 -21.372 -19 10 -18.652 -19 5.626 -21.992 -15
5 24 -10 -19.132 -16.77 -5.393 -21.372 -19 -10 -18.652 -19 -5.626 -21.992 -15
5 24 5.626 -21.992 -15 10 -19.132 -16.77 5.393 -21.372 -19 10 -19.512 -15
3 16 5.626 -21.992 -15 5.393 -21.372 -19 0 -22.352 -19
3 16 5.626 -21.992 -15 0 -22.352 -19 0 -23.022 -15
5 24 0 -22.352 -19 0 -23.022 -15 5.393 -21.372 -19 -5.393 -21.372 -19
5 24 5.393 -21.372 -19 5.626 -21.992 -15 10 -19.132 -16.77 0 -22.352 -19
5 24 -5.393 -21.372 -19 -5.626 -21.992 -15 -10 -19.132 -16.77 0 -22.352 -19
3 16 0 -23.022 -15 0 -22.352 -19 -5.393 -21.372 -19
5 24 0 -23.022 -15 -5.393 -21.372 -19 0 -22.352 -19 -5.626 -21.992 -15
5 24 0 -22.352 -19 5.626 -21.992 -15 0 -23.022 -15 5.393 -21.372 -19
3 16 0 -23.022 -15 -5.393 -21.372 -19 -5.626 -21.992 -15
3 16 -5.626 -21.992 -15 -5.393 -21.372 -19 -10 -19.132 -16.77
5 24 -10 -19.132 -16.77 -5.626 -21.992 -15 -5.393 -21.372 -19 -10 -19.512 -15
3 16 -5.626 -21.992 -15 -10 -19.132 -16.77 -10 -19.512 -15
3 16 -5.393 -21.372 -19 -10 -18.652 -19 -10 -19.132 -16.77
3 16 5.626 -21.992 -15 10 -19.512 -15 10 -19.132 -16.77
3 16 10 -19.132 -16.77 10 -18.652 -19 5.393 -21.372 -19
3 16 -1.363 -8.819 -57.88 -2.771 -9.785 -53.54 -0.6786 -9 -57.88
5 24 -2.771 -9.785 -53.54 -0.6786 -9 -57.88 -1.363 -8.819 -57.88 -2.055 -17.102 -34.13
3 16 -0.6786 -9 -57.88 -2.771 -9.785 -53.54 -2.055 -17.102 -34.13
5 24 -2.771 -9.785 -53.54 -2.055 -17.102 -34.13 -0.6786 -9 -57.88 -5.935 -15.752 -34.13
4 16 -0.6786 -9 -57.88 -2.055 -17.102 -34.13 2.055 -17.102 -34.13 0.6786 -9 -57.88
3 16 0.6786 -9 -57.88 2.055 -17.102 -34.13 2.771 -9.785 -53.54
5 24 2.055 -17.102 -34.13 0.6786 -9 -57.88 -2.055 -17.102 -34.13 2.771 -9.785 -53.54
5 24 -2.055 -17.102 -34.13 -0.6786 -9 -57.88 2.055 -17.102 -34.13 -2.771 -9.785 -53.54
5 24 2.055 -17.102 -34.13 2.771 -9.785 -53.54 0.6786 -9 -57.88 5.935 -15.752 -34.13
5 24 2.771 -9.785 -53.54 0.6786 -9 -57.88 2.055 -17.102 -34.13 1.363 -8.819 -57.88
3 16 2.771 -9.785 -53.54 2.055 -17.102 -34.13 5.935 -15.752 -34.13
3 16 2.771 -9.785 -53.54 5.935 -15.752 -34.13 3.435 -10.242 -51.49
5 24 2.771 -9.785 -53.54 5.935 -15.752 -34.13 2.055 -17.102 -34.13 3.435 -10.242 -51.49
5 24 -2.771 -9.785 -53.54 -5.935 -15.752 -34.13 -2.055 -17.102 -34.13 -3.435 -10.242 -51.49
3 16 3.435 -10.242 -51.49 5.935 -15.752 -34.13 9.068 -13.282 -34.13
5 24 5.935 -15.752 -34.13 3.435 -10.242 -51.49 2.771 -9.785 -53.54 9.068 -13.282 -34.13
5 24 -5.935 -15.752 -34.13 -3.435 -10.242 -51.49 -2.771 -9.785 -53.54 -9.068 -13.282 -34.13
3 16 -2.055 -17.102 -34.13 -2.771 -9.785 -53.54 -5.935 -15.752 -34.13
3 16 -5.935 -15.752 -34.13 -2.771 -9.785 -53.54 -3.435 -10.242 -51.49
3 16 -5.935 -15.752 -34.13 -3.435 -10.242 -51.49 -9.068 -13.282 -34.13
3 16 2.771 -9.785 -53.54 1.363 -8.819 -57.88 0.6786 -9 -57.88
3 16 11.78 -11.982 -25.78 8.934 -14.072 -30.38 9.897 -15.162 -21.63
5 24 9.897 -15.162 -21.63 11.78 -11.982 -25.78 13.12 -11.092 -21.63 8.934 -14.072 -30.38
5 24 -9.897 -15.162 -21.63 -11.78 -11.982 -25.78 -13.12 -11.092 -21.63 -8.934 -14.072 -30.38
5 24 11.78 -11.982 -25.78 8.934 -14.072 -30.38 9.897 -15.162 -21.63 10.28 -12.692 -30.38
4 16 9.897 -15.162 -21.63 8.934 -14.072 -30.38 4.778 -16.592 -30.38 5.293 -17.952 -21.63
5 24 8.934 -14.072 -30.38 9.897 -15.162 -21.63 11.78 -11.982 -25.78 4.778 -16.592 -30.38
5 24 -8.934 -14.072 -30.38 -9.897 -15.162 -21.63 -11.78 -11.982 -25.78 -4.778 -16.592 -30.38
3 16 5.293 -17.952 -21.63 4.778 -16.592 -30.38 0 -17.462 -30.38
3 16 5.293 -17.952 -21.63 0 -17.462 -30.38 0 -18.922 -21.63
5 24 0 -17.462 -30.38 0 -18.922 -21.63 4.778 -16.592 -30.38 -4.778 -16.592 -30.38
5 24 4.778 -16.592 -30.38 5.293 -17.952 -21.63 9.897 -15.162 -21.63 0 -17.462 -30.38
5 24 -4.778 -16.592 -30.38 -5.293 -17.952 -21.63 -9.897 -15.162 -21.63 0 -17.462 -30.38
3 16 0 -18.922 -21.63 0 -17.462 -30.38 -4.778 -16.592 -30.38
5 24 0 -18.922 -21.63 -4.778 -16.592 -30.38 0 -17.462 -30.38 -5.293 -17.952 -21.63
5 24 0 -17.462 -30.38 5.293 -17.952 -21.63 0 -18.922 -21.63 4.778 -16.592 -30.38
3 16 0 -18.922 -21.63 -4.778 -16.592 -30.38 -5.293 -17.952 -21.63
4 16 -5.293 -17.952 -21.63 -4.778 -16.592 -30.38 -8.934 -14.072 -30.38 -9.897 -15.162 -21.63
3 16 -9.897 -15.162 -21.63 -8.934 -14.072 -30.38 -11.78 -11.982 -25.78
5 24 -8.934 -14.072 -30.38 -11.78 -11.982 -25.78 -9.897 -15.162 -21.63 -10.28 -12.692 -30.38
3 16 -9.897 -15.162 -21.63 -11.78 -11.982 -25.78 -13.12 -11.092 -21.63
3 16 9.897 -15.162 -21.63 13.12 -11.092 -21.63 11.78 -11.982 -25.78
3 16 -8.934 -14.072 -30.38 -10.28 -12.692 -30.38 -11.78 -11.982 -25.78
3 16 11.78 -11.982 -25.78 10.28 -12.692 -30.38 8.934 -14.072 -30.38
4 16 -20 7.75 -56.18 -20 7.75 -52.75 -24.29 7.75 -52.75 -24.29 7.75 -53.46
4 16 -15.12 -9 -58.98 -15.12 -7.75 -58.98 -12.5 -6.686 -68.75 -12.5 -9 -68.75
4 16 -15.12 -9 -58.98 -17.63 -9 -56.7 -17.63 -7.75 -56.7 -15.12 -7.75 -58.98
4 16 -18.75 -7.75 -54 -18.75 -9 -54 -18.75 -9 -52.75 -18.75 -7.75 -52.75
4 16 -10 -24.322 17 -10 -24.322 13 -10 -19.042 13 -10 -19.562 17
4 16 -20 -9 -46.25 -20 -9 -42.63 -20 9 -42.63 -20 9 -46.25
4 16 -20 -9 -39 -20 -9 -35.38 -20 9 -35.38 -20 9 -39
4 16 -20 -9 -31.75 -20 -9 -28.13 -20 9 -28.13 -20 9 -31.75
4 16 -20 -9 -24.5 -20 -9 -20.88 -20 9 -20.88 -20 9 -24.5
4 16 -20 -9 -17.25 -20 -9 -13.63 -20 9 -13.63 -20 9 -17.25
4 16 -10 -24.322 25 -10 -24.322 21 -10 -20.092 21 -10 -20.622 25
4 16 -15.94 -7 -30.38 -15.94 9 -30.38 -15.94 9 -12.88 -15.94 -7 -12.88
2 24 -15.94 9 -12.88 -15.94 -7 -12.88
4 16 -15.94 9 -12.88 -10 9 -12.88 -10 -7 -12.88 -15.94 -7 -12.88
4 16 -4.405 -14 5 -4.243 -14 4.756 -4.243 -9 4.756 -4.405 -9 5
4 16 -4.243 -14 -6.759 -4.405 -14 -7 -4.405 -9 -7 -4.243 -9 -6.759
1 16 -10 0 20 0 -10 0 -1 0 0 0 0 -1 axlehol4.dat
1 16 20 0 20 0 -10 0 -1 0 0 0 0 -1 axlehol4.dat
1 16 -10 0 0 0 -10 0 -1 0 0 0 0 -1 axlehol4.dat
1 16 20 0 0 0 -10 0 -1 0 0 0 0 -1 axlehol4.dat
1 16 20 0 -10 0 -10 0 -1 0 0 0 0 -1 npeghol5.dat
1 16 -10 0 -10 0 -10 0 -1 0 0 0 0 -1 npeghol5.dat
1 16 -10 0 10 0 -10 0 -1 0 0 0 0 -1 npeghol4.dat
1 16 20 0 10 0 -10 0 -1 0 0 0 0 -1 npeghol4.dat
1 16 20 0 20 0 -1 0 3 0 0 0 0 3 2-4ring2.dat
1 16 10 0 20 0 1 0 3 0 0 0 0 3 2-4ring2.dat
1 16 -10 0 20 0 -1 0 3 0 0 0 0 3 2-4ring2.dat
1 16 -20 0 20 0 1 0 3 0 0 0 0 3 2-4ring2.dat
1 16 20 0 0 0 -1 0 3 0 0 0 0 3 2-4ring2.dat
1 16 10 0 0 0 1 0 3 0 0 0 0 3 2-4ring2.dat
1 16 -10 0 0 0 -1 0 3 0 0 0 0 3 2-4ring2.dat
1 16 -20 0 0 0 1 0 3 0 0 0 0 3 2-4ring2.dat
1 16 20 0 20 0 -1 0 0 0 -9 9 0 0 1-4ndis.dat
1 16 10 0 20 0 1 0 0 0 -9 9 0 0 1-4ndis.dat
1 16 -10 0 20 0 -1 0 0 0 -9 9 0 0 1-4ndis.dat
1 16 -20 0 20 0 1 0 0 0 -9 9 0 0 1-4ndis.dat
2 24 10 6.36 -10 20 6.36 -10
2 24 10 -6.36 -10 20 -6.36 -10
2 24 -20 6.36 -10 -10 6.36 -10
2 24 -20 -6.36 -10 -10 -6.36 -10
1 16 20 0 -34.13 0 0 -9 9 0 0 0 -1 0 1-4edge.dat
1 16 20 0 -34.13 0 0 -9 9 0 0 0 1 0 1-4ndis.dat
1 16 -20 0 -34.13 0 0 9 9 0 0 0 1 0 1-4edge.dat
1 16 -20 0 -34.13 0 0 9 9 0 0 0 1 0 1-4ndis.dat
1 16 20 0 -35.38 -3.44415 0 -8.31492 8.31492 0 -3.44415 0 -1 0 1-8edge.dat
1 16 20 0 -35.38 -8.31492 0 -3.44415 3.44415 0 -8.31492 0 -1 0 1-16edge.dat
1 16 -20 0 -35.38 3.44415 0 8.31492 8.31492 0 -3.44415 0 1 0 1-8edge.dat
1 16 -20 0 -35.38 8.31492 0 3.44415 3.44415 0 -8.31492 0 1 0 1-16edge.dat
1 16 20 0 -39 -3.44415 0 -8.31492 8.31492 0 -3.44415 0 -1 0 1-8edge.dat
1 16 20 0 -39 -8.31492 0 -3.44415 3.44415 0 -8.31492 0 -1 0 1-16edge.dat
1 16 -20 0 -39 3.44415 0 8.31492 8.31492 0 -3.44415 0 1 0 1-8edge.dat
1 16 -20 0 -39 8.31492 0 3.44415 3.44415 0 -8.31492 0 1 0 1-16edge.dat
1 16 20 0 -42.63 -3.44415 0 -8.31492 8.31492 0 -3.44415 0 -1 0 1-8edge.dat
1 16 20 0 -42.63 -8.31492 0 -3.44415 3.44415 0 -8.31492 0 -1 0 1-16edge.dat
1 16 -20 0 -42.63 3.44415 0 8.31492 8.31492 0 -3.44415 0 1 0 1-8edge.dat
1 16 -20 0 -42.63 8.31492 0 3.44415 3.44415 0 -8.31492 0 1 0 1-16edge.dat
1 16 20 0 -46.25 -3.44415 0 -8.31492 8.31492 0 -3.44415 0 -1 0 1-8edge.dat
1 16 20 0 -46.25 -8.31492 0 -3.44415 3.44415 0 -8.31492 0 -1 0 1-16edge.dat
1 16 -20 0 -46.25 3.44415 0 8.31492 8.31492 0 -3.44415 0 1 0 1-8edge.dat
1 16 -20 0 -46.25 8.31492 0 3.44415 3.44415 0 -8.31492 0 1 0 1-16edge.dat
1 16 20 0 -34.13 0 0 -9 9 0 0 0 -1.25 0 1-4cyli.dat
1 16 20 0 -35.38 0 0 -9 9 0 0 0 -3.62 0 1-16cyli.dat
1 16 20 0 -42.63 0 0 -9 9 0 0 0 -3.62 0 1-16cyli.dat
1 16 -20 0 -35.38 0 0 9 9 0 0 0 1.25 0 1-4cyli.dat
1 16 -20 0 -39 0 0 9 9 0 0 0 3.62 0 1-16cyli.dat
1 16 -20 0 -46.25 0 0 9 9 0 0 0 3.62 0 1-16cyli.dat
4 16 -11 -5 -42.63 -16.56 -5 -42.63 -16.56 0 -42.63 -11 0 -42.63
4 16 -11 0 -46.25 -16.56 0 -46.25 -16.56 -5 -46.25 -11 -5 -46.25
4 16 -11 -5 -35.38 -16.56 -5 -35.38 -16.56 0 -35.38 -11 0 -35.38
4 16 -11 0 -39 -16.56 0 -39 -16.56 -5 -39 -11 -5 -39
4 16 11 0 -42.63 16.56 0 -42.63 16.56 -5 -42.63 11 -5 -42.63
4 16 11 -5 -46.25 16.56 -5 -46.25 16.56 0 -46.25 11 0 -46.25
4 16 11 0 -35.38 16.56 0 -35.38 16.56 -5 -35.38 11 -5 -35.38
4 16 11 -5 -39 16.56 -5 -39 16.56 0 -39 11 0 -39
4 16 16.56 8.315 -39 16.56 -5 -39 16.56 -5 -35.38 16.56 8.315 -35.38
4 16 16.56 -5 -42.63 16.56 8.315 -42.63 16.56 8.315 -46.25 16.56 -5 -46.25
4 16 -16.56 8.315 -35.38 -16.56 -5 -35.38 -16.56 -5 -39 -16.56 8.315 -39
4 16 -16.56 8.315 -46.25 -16.56 8.315 -42.63 -16.56 -5 -42.63 -16.56 -5 -46.25
4 16 -11 0 -35.38 -11 0 -34.13 -11 -5 -34.13 -11 -5 -35.38
4 16 -11 -5 -39 -11 -5 -42.63 -11 0 -42.63 -11 0 -39
4 16 11 -5 -42.63 11 -5 -39 11 0 -39 11 0 -42.63
4 16 11 -5 -35.38 11 -5 -34.13 11 0 -34.13 11 0 -35.38
4 16 16.56 -5 -35.38 16.56 -5 -39 11 -5 -39 11 -5 -35.38
4 16 16.56 -5 -42.63 16.56 -5 -46.25 11 -5 -46.25 11 -5 -42.63
4 16 -11 -5 -35.38 -11 -5 -39 -16.56 -5 -39 -16.56 -5 -35.38
4 16 -11 -5 -42.63 -11 -5 -46.25 -16.56 -5 -46.25 -16.56 -5 -42.63
2 24 -16.56 8.315 -42.63 -16.56 -5 -42.63
2 24 -16.56 8.315 -46.25 -16.56 -5 -46.25
2 24 -16.56 8.315 -35.38 -16.56 -5 -35.38
2 24 -16.56 8.315 -39 -16.56 -5 -39
2 24 16.56 -5 -42.63 16.56 8.315 -42.63
2 24 16.56 -5 -46.25 16.56 8.315 -46.25
2 24 16.56 -5 -35.38 16.56 8.315 -35.38
2 24 16.56 -5 -39 16.56 8.315 -39
2 24 -11 -5 -42.63 -11 0 -42.63
2 24 -11 0 -46.25 -11 -5 -46.25
2 24 -11 -5 -35.38 -11 0 -35.38
2 24 -11 0 -39 -11 -5 -39
2 24 11 0 -42.63 11 -5 -42.63
2 24 11 -5 -46.25 11 0 -46.25
2 24 11 0 -35.38 11 -5 -35.38
2 24 11 -5 -39 11 0 -39
2 24 -16.56 8.315 -35.38 -16.56 8.315 -39
2 24 -16.56 8.315 -42.63 -16.56 8.315 -46.25
2 24 16.56 8.315 -46.25 16.56 8.315 -42.63
2 24 16.56 8.315 -39 16.56 8.315 -35.38
2 24 -11 -5 -42.63 -16.56 -5 -42.63
2 24 -16.56 -5 -46.25 -11 -5 -46.25
2 24 -11 -5 -35.38 -16.56 -5 -35.38
2 24 -16.56 -5 -39 -11 -5 -39
2 24 16.56 -5 -42.63 11 -5 -42.63
2 24 11 -5 -46.25 16.56 -5 -46.25
2 24 16.56 -5 -35.38 11 -5 -35.38
2 24 11 -5 -39 16.56 -5 -39
2 24 16.56 -5 -39 16.56 -5 -35.38
2 24 16.56 -5 -46.25 16.56 -5 -42.63
2 24 -16.56 -5 -35.38 -16.56 -5 -39
2 24 -16.56 -5 -42.63 -16.56 -5 -46.25
3 16 -23.44 8.315 -54 -20 9 -54 -20 9 -56.18
3 16 -11.69 3.444 -61.45 -11 0 -61.88 -11 0 -63.64
3 16 11 0 -63.64 11 0 -61.88 11.69 3.444 -61.45
5 24 11 0 -63.64 11 0 -61.88 11.55 2.75 -61.54 11 -7 -68.99
5 24 -11 0 -63.64 -11 0 -61.88 -11.55 2.75 -61.54 -11 -7 -68.99
5 24 20 9 -54 20 9 -56.18 16.56 8.315 -58.36 23.44 8.315 -54
5 24 -20 9 -54 -20 9 -56.18 -16.56 8.315 -58.36 -23.44 8.315 -54
2 24 10 -17.982 5 9.904 -17.862 5
2 24 10 -12.282 1 9.583 -12.912 1
2 24 9.126 -12.812 5 10 -11.502 5
2 24 9.904 -17.862 5 9.126 -16.582 5
2 24 9.583 -16.612 1 10 -17.292 1
2 24 8.751 -14.702 5 9.126 -12.812 5
2 24 9.126 -16.582 5 8.751 -14.702 5
2 24 9.583 -12.912 1 9.216 -14.762 1
2 24 9.216 -14.762 1 9.583 -16.612 1
4 16 9.126 -16.582 5 9.904 -17.862 5 10 -17.292 1 9.583 -16.612 1
5 24 9.904 -17.862 5 10 -17.292 1 10 -17.982 5 9.126 -16.582 5
5 24 -9.904 -17.862 5 -10 -17.292 1 -10 -17.982 5 -9.126 -16.582 5
3 16 10 -17.982 5 10 -17.292 1 9.904 -17.862 5
5 24 10 -17.982 5 10 -17.292 1 9.904 -17.862 5 12.47 -17.302 -21.23
5 24 -10 -17.982 5 -10 -17.292 1 -9.904 -17.862 5 -12.47 -17.302 -21.23
3 16 -10 -17.292 1 -10 -17.982 5 -9.904 -17.862 5
5 24 9.126 -16.582 5 9.583 -16.612 1 9.904 -17.862 5 8.751 -14.702 5
4 16 8.751 -14.702 5 9.126 -16.582 5 9.583 -16.612 1 9.216 -14.762 1
5 24 8.751 -14.702 5 9.216 -14.762 1 9.126 -16.582 5 9.126 -12.812 5
4 16 9.583 -12.912 1 9.126 -12.812 5 8.751 -14.702 5 9.216 -14.762 1
5 24 9.583 -12.912 1 9.126 -12.812 5 8.751 -14.702 5 10 -11.502 5
4 16 9.126 -12.812 5 9.583 -12.912 1 10 -12.282 1 10 -11.502 5
5 24 10 -11.502 5 10 -12.282 1 13.07 -13.422 -28.38 9.126 -12.812 5
5 24 -10 -11.502 5 -10 -12.282 1 -13.07 -13.422 -28.38 -9.126 -12.812 5
2 24 9.462 -17.872 9 10 -18.512 9
2 24 10 -19.042 13 9.02 -17.872 13
2 24 8.669 -16.562 9 9.462 -17.872 9
2 24 9.02 -17.872 13 8.212 -16.542 13
2 24 8.669 -12.722 9 8.287 -14.642 9
2 24 8.287 -14.642 9 8.669 -16.562 9
2 24 8.212 -16.542 13 7.823 -14.582 13
2 24 7.823 -14.582 13 8.212 -12.622 13
2 24 9.321 -10.962 13 10 -10.512 13
2 24 10 -10.932 9 9.758 -11.092 9
2 24 9.758 -11.092 9 8.669 -12.722 9
2 24 8.212 -12.622 13 9.321 -10.962 13
4 16 10 -19.042 13 10 -18.512 9 9.462 -17.872 9 9.02 -17.872 13
5 24 10 -18.512 9 10 -19.042 13 13.54 -21.462 -0.596 9.02 -17.872 13
5 24 -10 -18.512 9 -10 -19.042 13 -13.54 -21.462 -0.596 -9.02 -17.872 13
5 24 9.462 -17.872 9 9.02 -17.872 13 10 -19.042 13 8.212 -16.542 13
4 16 8.212 -16.542 13 9.02 -17.872 13 9.462 -17.872 9 8.669 -16.562 9
5 24 8.212 -16.542 13 8.669 -16.562 9 9.02 -17.872 13 7.823 -14.542 13
4 16 7.823 -14.582 13 8.212 -16.542 13 8.669 -16.562 9 8.287 -14.642 9
5 24 7.823 -14.582 13 8.287 -14.642 9 8.212 -16.542 13 8.212 -12.622 13
4 16 8.669 -12.722 9 8.212 -12.622 13 7.823 -14.582 13 8.287 -14.642 9
5 24 8.669 -12.722 9 8.212 -12.622 13 7.823 -14.582 13 9.321 -10.962 13
4 16 9.758 -11.092 9 9.321 -10.962 13 8.212 -12.622 13 8.669 -12.722 9
5 24 9.758 -11.092 9 9.321 -10.962 13 8.212 -12.622 13 10 -10.512 13
4 16 10 -10.932 9 10 -10.512 13 9.321 -10.962 13 9.758 -11.092 9
5 24 10 -10.512 13 10 -10.932 9 14.59 -11.172 -22.62 9.321 -10.962 13
5 24 -10 -10.512 13 -10 -10.932 9 -14.59 -11.172 -22.62 -9.321 -10.962 13
2 24 10 -10.092 17 8.885 -10.832 17
2 24 8.448 -10.712 21 10 -9.672 21
2 24 10 -20.092 21 8.136 -17.872 21
2 24 8.578 -17.872 17 10 -19.562 17
2 24 7.755 -12.522 17 7.358 -14.522 17
2 24 7.358 -14.522 17 7.755 -16.512 17
2 24 7.755 -16.512 17 8.578 -17.872 17
2 24 8.885 -10.832 17 7.755 -12.522 17
2 24 7.298 -12.432 21 8.448 -10.712 21
2 24 6.894 -14.462 21 7.298 -12.432 21
2 24 7.298 -16.492 21 6.894 -14.462 21
2 24 8.136 -17.872 21 7.298 -16.492 21
4 16 8.136 -17.872 21 10 -20.092 21 10 -19.562 17 8.578 -17.872 17
5 24 10 -19.562 17 10 -20.092 21 13.54 -21.462 -0.596 8.136 -17.872 21
5 24 -10 -19.562 17 -10 -20.092 21 -13.54 -21.462 -0.596 -8.136 -17.872 21
5 24 8.136 -17.872 21 8.578 -17.872 17 10 -20.092 21 7.298 -16.492 21
4 16 7.298 -16.492 21 8.136 -17.872 21 8.578 -17.872 17 7.755 -16.512 17
5 24 7.298 -16.492 21 7.755 -16.512 17 8.136 -17.872 21 6.894 -14.462 21
4 16 6.894 -14.462 21 7.298 -16.492 21 7.755 -16.512 17 7.358 -14.522 17
5 24 6.894 -14.462 21 7.358 -14.522 17 7.298 -16.492 21 7.298 -12.432 21
4 16 7.755 -12.522 17 7.298 -12.432 21 6.894 -14.462 21 7.358 -14.522 17
5 24 7.755 -12.522 17 7.298 -12.432 21 6.894 -14.462 21 8.448 -10.712 21
4 16 8.885 -10.832 17 8.448 -10.712 21 7.298 -12.432 21 7.755 -12.522 17
5 24 8.885 -10.832 17 8.448 -10.712 21 7.298 -12.432 21 10 -9.672 21
4 16 8.448 -10.712 21 8.885 -10.832 17 10 -10.092 17 10 -9.672 21
5 24 10 -9.672 21 10 -10.092 17 15.42 -10.682 -18.04 8.3448 -10.712 21
5 24 -10 -9.672 21 -10 -10.092 17 -15.42 -10.682 -18.04 -8.3448 -10.712 21
2 24 -10 -11.502 5 -9.126 -12.812 5
2 24 -9.583 -12.912 1 -10 -12.282 1
2 24 -9.126 -16.582 5 -9.904 -17.862 5
2 24 -10 -17.292 1 -9.583 -16.612 1
2 24 -9.126 -12.812 5 -8.751 -14.702 5
2 24 -8.751 -14.702 5 -9.126 -16.582 5
2 24 -9.583 -16.612 1 -9.216 -14.762 1
2 24 -9.216 -14.762 1 -9.583 -12.912 1
4 16 -10 -17.292 1 -9.904 -17.862 5 -9.126 -16.582 5 -9.583 -16.612 1
5 24 -9.126 -16.582 5 -9.583 -16.612 1 -9.904 -17.862 5 -8.751 -14.702 5
4 16 -9.583 -16.612 1 -9.126 -16.582 5 -8.751 -14.702 5 -9.216 -14.762 1
5 24 -8.751 -14.702 5 -9.216 -14.762 1 -9.126 -16.582 5 -9.126 -12.812 5
4 16 -8.751 -14.702 5 -9.126 -12.812 5 -9.583 -12.912 1 -9.216 -14.762 1
5 24 -9.583 -12.912 1 -9.126 -12.812 5 -8.751 -14.702 5 -10 -11.502 5
4 16 -9.126 -12.812 5 -10 -11.502 5 -10 -12.282 1 -9.583 -12.912 1
2 24 -9.02 -17.872 13 -10 -19.042 13
2 24 -10 -18.512 9 -9.462 -17.872 9
2 24 -9.462 -17.872 9 -8.669 -16.562 9
2 24 -8.669 -16.562 9 -8.287 -14.642 9
2 24 -8.669 -12.722 9 -9.758 -11.092 9
2 24 -8.287 -14.642 9 -8.669 -12.722 9
2 24 -9.321 -10.962 13 -8.212 -12.622 13
2 24 -8.212 -12.622 13 -7.823 -14.582 13
2 24 -7.823 -14.582 13 -8.212 -16.542 13
2 24 -8.212 -16.542 13 -9.02 -17.872 13
2 24 -10 -10.512 13 -9.321 -10.962 13
2 24 -9.758 -11.092 9 -10 -10.932 9
2 24 -9.904 -17.862 5 -10 -17.982 5
4 16 -10 -18.512 9 -10 -19.042 13 -9.02 -17.872 13 -9.462 -17.872 9
5 24 -9.462 -17.872 9 -9.02 -17.872 13 -10 -19.042 13 -8.212 -16.542 13
4 16 -9.462 -17.872 9 -9.02 -17.872 13 -8.212 -16.542 13 -8.669 -16.562 9
5 24 -8.212 -16.542 13 -8.669 -16.562 9 -9.02 -17.872 13 -7.823 -14.542 13
4 16 -8.669 -16.562 9 -8.212 -16.542 13 -7.823 -14.582 13 -8.287 -14.642 9
5 24 -7.823 -14.582 13 -8.287 -14.642 9 -8.212 -16.542 13 -8.212 -12.622 13
4 16 -7.823 -14.582 13 -8.212 -12.622 13 -8.669 -12.722 9 -8.287 -14.642 9
5 24 -8.669 -12.722 9 -8.212 -12.622 13 -7.823 -14.582 13 -9.321 -10.962 13
4 16 -8.212 -12.622 13 -9.321 -10.962 13 -9.758 -11.092 9 -8.669 -12.722 9
5 24 -9.758 -11.092 9 -9.321 -10.962 13 -8.212 -12.622 13 -10 -10.512 13
4 16 -9.321 -10.962 13 -10 -10.512 13 -10 -10.932 9 -9.758 -11.092 9
2 24 -10 -9.672 21 -8.448 -10.712 21
2 24 -8.885 -10.832 17 -10 -10.092 17
2 24 -10 -19.562 17 -8.578 -17.872 17
2 24 -8.136 -17.872 21 -10 -20.092 21
2 24 -8.578 -17.872 17 -7.755 -16.512 17
2 24 -7.755 -16.512 17 -7.358 -14.522 17
2 24 -7.358 -14.522 17 -7.755 -12.522 17
2 24 -7.755 -12.522 17 -8.885 -10.832 17
2 24 -8.448 -10.712 21 -7.298 -12.432 21
2 24 -7.298 -12.432 21 -6.894 -14.462 21
2 24 -6.894 -14.462 21 -7.298 -16.492 21
2 24 -7.298 -16.492 21 -8.136 -17.872 21
4 16 -8.578 -17.872 17 -10 -19.562 17 -10 -20.092 21 -8.136 -17.872 21
5 24 -8.136 -17.872 21 -8.578 -17.872 17 -10 -20.092 21 -7.298 -16.492 21
4 16 -8.578 -17.872 17 -8.136 -17.872 21 -7.298 -16.492 21 -7.755 -16.512 17
5 24 -7.298 -16.492 21 -7.755 -16.512 17 -8.136 -17.872 21 -6.894 -14.462 21
4 16 -7.755 -16.512 17 -7.298 -16.492 21 -6.894 -14.462 21 -7.358 -14.522 17
5 24 -6.894 -14.462 21 -7.358 -14.522 17 -7.298 -16.492 21 -7.298 -12.432 21
4 16 -6.894 -14.462 21 -7.298 -12.432 21 -7.755 -12.522 17 -7.358 -14.522 17
5 24 -7.755 -12.522 17 -7.298 -12.432 21 -6.894 -14.462 21 -8.448 -10.712 21
4 16 -7.298 -12.432 21 -8.448 -10.712 21 -8.885 -10.832 17 -7.755 -12.522 17
5 24 -8.885 -10.832 17 -8.448 -10.712 21 -7.298 -12.432 21 -10 -9.672 21
4 16 -8.885 -10.832 17 -8.448 -10.712 21 -10 -9.672 21 -10 -10.092 17
1 16 0 -9 -63.5 2.107 0 0 0 -1 0 0 0 -1.5 2-4edge.dat
1 16 0 -9 -63.5 -2.107 0 0 0 0 -2.102 0 -1.5 0 2-8sphe.dat
2 24 11.6 -9 25 20 -9 25
2 24 20 -9 25 20 -9 9.307
2 24 17.07 -10.082 -8.423 20 -9 9.307
2 24 10 -9.354 25 11.6 -9 25
2 24 10 -9.497 22.68 10 -9.354 25
2 24 10 -9.672 21 10 -9.497 22.68
2 24 15.42 -10.682 -18.04 17.07 -10.082 -8.423
2 24 15.42 -10.682 -18.04 15.01 -10.922 -20.33
2 24 10 -10.512 13 10 -10.092 17
2 24 15.01 -10.922 -20.33 14.59 -11.172 -22.62
2 24 14.59 -11.172 -22.62 14.15 -11.692 -24.75
2 24 10 -11.162 6.776 10 -10.932 9
2 24 14.15 -11.692 -24.75 13.67 -12.232 -26.87
2 24 10 -11.502 5 10 -11.162 6.776
2 24 13.67 -12.232 -26.87 13.07 -13.422 -28.38
2 24 13.07 -13.422 -28.38 12.96 -13.622 -28.59
2 24 10 -13 -2.648 10 -12.282 1
2 24 10 -13.212 -3 10 -13 -2.648
2 24 12.96 -13.622 -28.59 12.9 -13.862 -28.45
2 24 9.68 -14.822 -3 10 -13.212 -3
2 24 12.9 -13.862 -28.45 12.77 -14.292 -28.11
2 24 12.77 -14.292 -28.11 12.51 -15.182 -27.41
2 24 10 -16.432 -3 9.68 -14.822 -3
2 24 12.51 -15.182 -27.41 12.45 -15.992 -25.47
2 24 10 -16.632 -2.648 10 -16.432 -3
2 24 12.45 -15.992 -25.47 12.38 -16.752 -23.5
2 24 10 -17.292 1 10 -16.632 -2.648
2 24 12.38 -16.752 -23.5 12.47 -17.302 -21.23
2 24 12.47 -17.302 -21.23 12.55 -17.852 -18.96
2 24 10 -18.512 9 10 -17.982 5
2 24 12.55 -17.852 -18.96 13.54 -21.462 -0.596
2 24 10 -19.562 17 10 -19.042 13
2 24 13.54 -21.462 -0.596 13.92 -22.932 7.168
2 24 10 -20.622 25 10 -20.092 21
2 24 13.92 -22.932 7.168 14 -23.282 9
2 24 14 -23.282 9 13.51 -23.752 16.99
2 24 13.51 -23.752 16.99 13 -24.202 25
2 24 13 -24.202 25 10 -20.622 25
3 16 20 -9 25 11.6 -9 25 20 -9 9.307
3 16 17.07 -10.082 -8.423 20 -9 9.307 11.6 -9 25
3 16 11.6 -9 25 10 -9.354 25 17.07 -10.082 -8.423
3 16 15.42 -10.682 -18.04 17.07 -10.082 -8.423 10 -9.354 25
3 16 10 -9.354 25 10 -9.497 22.68 15.42 -10.682 -18.04
3 16 10 -9.497 22.68 10 -9.672 21 15.42 -10.682 -18.04
3 16 15.42 -10.682 -18.04 10 -9.672 21 10 -10.092 17
3 16 15.01 -10.922 -20.33 15.42 -10.682 -18.04 10 -10.092 17
3 16 15.01 -10.922 -20.33 10 -10.092 17 10 -10.512 13
3 16 14.59 -11.172 -22.62 15.01 -10.922 -20.33 10 -10.512 13
3 16 14.59 -11.172 -22.62 10 -10.512 13 10 -10.932 9
3 16 14.15 -11.692 -24.75 14.59 -11.172 -22.62 10 -10.932 9
3 16 14.15 -11.692 -24.75 10 -10.932 9 10 -11.162 6.776
3 16 13.67 -12.232 -26.87 14.15 -11.692 -24.75 10 -11.162 6.776
3 16 13.67 -12.232 -26.87 10 -11.162 6.776 10 -11.502 5
3 16 13.07 -13.422 -28.38 13.67 -12.232 -26.87 10 -11.502 5
3 16 13.07 -13.422 -28.38 10 -11.502 5 10 -12.282 1
3 16 12.96 -13.622 -28.59 13.07 -13.422 -28.38 10 -12.282 1
3 16 12.96 -13.622 -28.59 10 -12.282 1 10 -13 -2.648
3 16 12.96 -13.622 -28.59 10 -13 -2.648 10 -13.212 -3
3 16 12.9 -13.862 -28.45 12.96 -13.622 -28.59 10 -13.212 -3
3 16 10 -13.212 -3 9.68 -14.822 -3 12.9 -13.862 -28.45
3 16 12.77 -14.292 -28.11 12.9 -13.862 -28.45 9.68 -14.822 -3
3 16 12.51 -15.182 -27.41 12.77 -14.292 -28.11 9.68 -14.822 -3
3 16 9.68 -14.822 -3 10 -16.432 -3 12.51 -15.182 -27.41
3 16 12.45 -15.992 -25.47 12.51 -15.182 -27.41 10 -16.432 -3
3 16 10 -16.432 -3 10 -16.632 -2.648 12.45 -15.992 -25.47
3 16 12.38 -16.752 -23.5 12.45 -15.992 -25.47 10 -16.632 -2.648
3 16 10 -16.632 -2.648 10 -17.292 1 12.38 -16.752 -23.5
3 16 12.47 -17.302 -21.23 12.38 -16.752 -23.5 10 -17.292 1
3 16 10 -17.982 5 12.47 -17.302 -21.23 10 -17.292 1
3 16 12.55 -17.852 -18.96 12.47 -17.302 -21.23 10 -17.982 5
3 16 10 -17.982 5 10 -18.512 9 12.55 -17.852 -18.96
3 16 13.54 -21.462 -0.596 12.55 -17.852 -18.96 10 -18.512 9
3 16 13.54 -21.462 -0.596 10 -18.512 9 10 -19.042 13
3 16 10 -19.042 13 10 -19.562 17 13.54 -21.462 -0.596
3 16 13.54 -21.462 -0.596 10 -19.562 17 10 -20.092 21
3 16 13.92 -22.932 7.168 13.54 -21.462 -0.596 10 -20.092 21
3 16 10 -20.092 21 10 -20.622 25 13.92 -22.932 7.168
3 16 14 -23.282 9 13.92 -22.932 7.168 10 -20.622 25
3 16 13.51 -23.752 16.99 14 -23.282 9 10 -20.622 25
3 16 10 -20.622 25 13 -24.202 25 13.51 -23.752 16.99
5 24 20 -9 9.307 11.6 -9 25 20 -9 25 17.07 -10.082 -8.423
5 24 17.07 -10.082 -8.423 11.6 -9 25 20 -9 9.307 10 -9.354 25
5 24 10 -9.354 25 17.07 -10.082 -8.423 11.6 -9 25 15.42 -10.682 -18.04
5 24 15.42 -10.682 -18.04 10 -9.354 25 17.07 -10.082 -8.423 10 -9.497 22.68
5 24 10 -9.497 22.68 15.42 -10.682 -18.04 10 -9.354 25 10 -9.672 21
5 24 10 -9.672 21 15.42 -10.682 -18.04 10 -9.497 22.68 10 -10.092 17
5 24 10 -10.092 17 15.42 -10.682 -18.04 10 -9.672 21 15.01 -10.922 -20.33
5 24 15.01 -10.922 -20.33 10 -10.092 17 15.42 -10.682 -18.04 10 -10.512 13
5 24 15.01 -10.922 -20.33 10 -10.512 13 14.59 -11.172 -22.62 10 -10.092 17
5 24 14.59 -11.172 -22.62 10 -10.512 13 10 -10.932 9 15.01 -10.922 -20.33
5 24 14.59 -11.172 -22.62 10 -10.932 9 14.15 -11.692 -24.75 10 -10.512 13
5 24 14.15 -11.692 -24.75 10 -10.932 9 10 -11.162 6.776 14.59 -11.172 -22.62
5 24 14.15 -11.692 -24.75 10 -11.162 6.776 13.67 -12.232 -26.87 10 -10.932 9
5 24 13.67 -12.232 -26.87 10 -11.162 6.776 10 -11.502 5 14.15 -11.692 -24.75
5 24 13.67 -12.232 -26.87 10 -11.502 5 13.07 -13.422 -28.38 10 -11.162 6.776
5 24 13.07 -13.422 -28.38 10 -11.502 5 10 -12.282 1 13.67 -12.232 -26.87
5 24 13.07 -13.422 -28.38 10 -12.282 1 12.96 -13.622 -28.59 10 -11.502 5
5 24 12.96 -13.622 -28.59 10 -12.282 1 10 -13 -2.648 13.07 -13.422 -28.38
5 24 12.96 -13.622 -28.59 10 -13 -2.648 10 -13.212 -3 10 -12.282 1
5 24 12.96 -13.622 -28.59 10 -13.212 -3 12.9 -13.862 -28.45 10 -13 -2.648
5 24 10 -13.212 -3 12.9 -13.862 -28.45 9.68 -14.822 -3 12.96 -13.622 -28.59
5 24 12.9 -13.862 -28.45 9.68 -14.822 -3 12.77 -14.292 -28.11 10 -13.212 -3
5 24 12.77 -14.292 -28.11 9.68 -14.822 -3 12.51 -15.182 -27.41 12.9 -13.862 -28.45
5 24 9.68 -14.822 -3 12.51 -15.182 -27.41 10 -16.432 -3 12.77 -14.292 -28.11
5 24 12.51 -15.182 -27.41 10 -16.432 -3 12.45 -15.992 -25.47 9.68 -14.822 -3
5 24 10 -16.432 -3 12.45 -15.992 -25.47 10 -16.632 -2.648 12.51 -15.182 -27.41
5 24 12.45 -15.992 -25.47 10 -16.632 -2.648 12.38 -16.752 -23.5 10 -16.432 -3
5 24 10 -16.632 -2.648 12.38 -16.752 -23.5 10 -17.292 1 12.45 -15.992 -25.47
5 24 12.38 -16.752 -23.5 10 -17.292 1 12.47 -17.302 -21.23 10 -16.632 -2.648
5 24 12.47 -17.302 -21.23 10 -17.292 1 10 -17.982 5 12.38 -16.752 -23.5
5 24 12.47 -17.302 -21.23 10 -17.982 5 12.55 -17.852 -18.96 10 -17.292 1
5 24 10 -17.982 5 12.55 -17.852 -18.96 10 -18.512 9 12.47 -17.302 -21.23
5 24 10 -18.512 9 12.55 -17.852 -18.96 10 -17.982 5 13.54 -21.462 -0.596
5 24 13.54 -21.462 -0.596 10 -18.512 9 10 -19.042 13 12.55 -17.852 -18.96
5 24 10 -19.042 13 13.54 -21.462 -0.596 10 -19.562 17 10 -18.512 9
5 24 13.54 -21.462 -0.596 10 -19.562 17 10 -20.092 21 10 -19.042 13
5 24 13.54 -21.462 -0.596 10 -20.092 21 13.92 -22.932 7.168 10 -19.562 17
5 24 10 -20.092 21 13.92 -22.932 7.168 10 -20.622 25 13.54 -21.462 -0.596
5 24 13.92 -22.932 7.168 10 -20.622 25 14 -23.282 9 10 -20.092 21
5 24 14 -23.282 9 10 -20.622 25 13.51 -23.752 16.99 13.92 -22.932 7.168
5 24 10 -20.622 25 13.51 -23.752 16.99 13 -24.202 25 14 -23.282 9
2 24 -11.6 -9 25 -20 -9 25
2 24 -20 -9 25 -20 -9 9.307
2 24 -17.07 -10.082 -8.423 -20 -9 9.307
2 24 -10 -9.354 25 -11.6 -9 25
2 24 -10 -9.497 22.68 -10 -9.354 25
2 24 -10 -9.672 21 -10 -9.497 22.68
2 24 -15.42 -10.682 -18.04 -17.07 -10.082 -8.423
2 24 -15.42 -10.682 -18.04 -15.01 -10.922 -20.33
2 24 -10 -10.512 13 -10 -10.092 17
2 24 -15.01 -10.922 -20.33 -14.59 -11.172 -22.62
2 24 -14.59 -11.172 -22.62 -14.15 -11.692 -24.75
2 24 -10 -11.162 6.776 -10 -10.932 9
2 24 -14.15 -11.692 -24.75 -13.67 -12.232 -26.87
2 24 -10 -11.502 5 -10 -11.162 6.776
2 24 -13.67 -12.232 -26.87 -13.07 -13.422 -28.38
2 24 -13.07 -13.422 -28.38 -12.96 -13.622 -28.59
2 24 -10 -13 -2.648 -10 -12.282 1
2 24 -10 -13.212 -3 -10 -13 -2.648
2 24 -12.96 -13.622 -28.59 -12.9 -13.862 -28.45
2 24 -9.68 -14.822 -3 -10 -13.212 -3
2 24 -12.9 -13.862 -28.45 -12.77 -14.292 -28.11
2 24 -12.77 -14.292 -28.11 -12.51 -15.182 -27.41
2 24 -10 -16.432 -3 -9.68 -14.822 -3
2 24 -12.51 -15.182 -27.41 -12.45 -15.992 -25.47
2 24 -10 -16.632 -2.648 -10 -16.432 -3
2 24 -12.45 -15.992 -25.47 -12.38 -16.752 -23.5
2 24 -10 -17.292 1 -10 -16.632 -2.648
2 24 -12.38 -16.752 -23.5 -12.47 -17.302 -21.23
2 24 -12.47 -17.302 -21.23 -12.55 -17.852 -18.96
2 24 -10 -18.512 9 -10 -17.982 5
2 24 -12.55 -17.852 -18.96 -13.54 -21.462 -0.596
2 24 -10 -19.562 17 -10 -19.042 13
2 24 -13.54 -21.462 -0.596 -13.92 -22.932 7.168
2 24 -10 -20.622 25 -10 -20.092 21
2 24 -13.92 -22.932 7.168 -14 -23.282 9
2 24 -14 -23.282 9 -13.51 -23.752 16.99
2 24 -13.51 -23.752 16.99 -13 -24.202 25
2 24 -13 -24.202 25 -10 -20.622 25
3 16 -20 -9 25 -20 -9 9.307 -11.6 -9 25
3 16 -17.07 -10.082 -8.423 -11.6 -9 25 -20 -9 9.307
3 16 -11.6 -9 25 -17.07 -10.082 -8.423 -10 -9.354 25
3 16 -15.42 -10.682 -18.04 -10 -9.354 25 -17.07 -10.082 -8.423
3 16 -10 -9.354 25 -15.42 -10.682 -18.04 -10 -9.497 22.68
3 16 -10 -9.497 22.68 -15.42 -10.682 -18.04 -10 -9.672 21
3 16 -15.42 -10.682 -18.04 -10 -10.092 17 -10 -9.672 21
3 16 -15.01 -10.922 -20.33 -10 -10.092 17 -15.42 -10.682 -18.04
3 16 -15.01 -10.922 -20.33 -10 -10.512 13 -10 -10.092 17
3 16 -14.59 -11.172 -22.62 -10 -10.512 13 -15.01 -10.922 -20.33
3 16 -14.59 -11.172 -22.62 -10 -10.932 9 -10 -10.512 13
3 16 -14.15 -11.692 -24.75 -10 -10.932 9 -14.59 -11.172 -22.62
3 16 -14.15 -11.692 -24.75 -10 -11.162 6.776 -10 -10.932 9
3 16 -13.67 -12.232 -26.87 -10 -11.162 6.776 -14.15 -11.692 -24.75
3 16 -13.67 -12.232 -26.87 -10 -11.502 5 -10 -11.162 6.776
3 16 -13.07 -13.422 -28.38 -10 -11.502 5 -13.67 -12.232 -26.87
3 16 -13.07 -13.422 -28.38 -10 -12.282 1 -10 -11.502 5
3 16 -12.96 -13.622 -28.59 -10 -12.282 1 -13.07 -13.422 -28.38
3 16 -12.96 -13.622 -28.59 -10 -13 -2.648 -10 -12.282 1
3 16 -12.96 -13.622 -28.59 -10 -13.212 -3 -10 -13 -2.648
3 16 -12.9 -13.862 -28.45 -10 -13.212 -3 -12.96 -13.622 -28.59
3 16 -10 -13.212 -3 -12.9 -13.862 -28.45 -9.68 -14.822 -3
3 16 -12.77 -14.292 -28.11 -9.68 -14.822 -3 -12.9 -13.862 -28.45
3 16 -12.51 -15.182 -27.41 -9.68 -14.822 -3 -12.77 -14.292 -28.11
3 16 -9.68 -14.822 -3 -12.51 -15.182 -27.41 -10 -16.432 -3
3 16 -12.45 -15.992 -25.47 -10 -16.432 -3 -12.51 -15.182 -27.41
3 16 -10 -16.432 -3 -12.45 -15.992 -25.47 -10 -16.632 -2.648
3 16 -12.38 -16.752 -23.5 -10 -16.632 -2.648 -12.45 -15.992 -25.47
3 16 -10 -16.632 -2.648 -12.38 -16.752 -23.5 -10 -17.292 1
3 16 -12.47 -17.302 -21.23 -10 -17.292 1 -12.38 -16.752 -23.5
3 16 -10 -17.982 5 -10 -17.292 1 -12.47 -17.302 -21.23
3 16 -12.55 -17.852 -18.96 -10 -17.982 5 -12.47 -17.302 -21.23
3 16 -10 -17.982 5 -12.55 -17.852 -18.96 -10 -18.512 9
3 16 -13.54 -21.462 -0.596 -10 -18.512 9 -12.55 -17.852 -18.96
3 16 -13.54 -21.462 -0.596 -10 -19.042 13 -10 -18.512 9
3 16 -10 -19.042 13 -13.54 -21.462 -0.596 -10 -19.562 17
3 16 -13.54 -21.462 -0.596 -10 -20.092 21 -10 -19.562 17
3 16 -13.92 -22.932 7.168 -10 -20.092 21 -13.54 -21.462 -0.596
3 16 -10 -20.092 21 -13.92 -22.932 7.168 -10 -20.622 25
3 16 -14 -23.282 9 -10 -20.622 25 -13.92 -22.932 7.168
3 16 -13.51 -23.752 16.99 -10 -20.622 25 -14 -23.282 9
3 16 -10 -20.622 25 -13.51 -23.752 16.99 -13 -24.202 25
5 24 -20 -9 9.307 -11.6 -9 25 -20 -9 25 -17.07 -10.082 -8.423
5 24 -17.07 -10.082 -8.423 -11.6 -9 25 -20 -9 9.307 -10 -9.354 25
5 24 -10 -9.354 25 -17.07 -10.082 -8.423 -11.6 -9 25 -15.42 -10.682 -18.04
5 24 -15.42 -10.682 -18.04 -10 -9.354 25 -17.07 -10.082 -8.423 -10 -9.497 22.68
5 24 -10 -9.497 22.68 -15.42 -10.682 -18.04 -10 -9.354 25 -10 -9.672 21
5 24 -10 -9.672 21 -15.42 -10.682 -18.04 -10 -9.497 22.68 -10 -10.092 17
5 24 -10 -10.092 17 -15.42 -10.682 -18.04 -10 -9.672 21 -15.01 -10.922 -20.33
5 24 -15.01 -10.922 -20.33 -10 -10.092 17 -15.42 -10.682 -18.04 -10 -10.512 13
5 24 -15.01 -10.922 -20.33 -10 -10.512 13 -14.59 -11.172 -22.62 -10 -10.092 17
5 24 -14.59 -11.172 -22.62 -10 -10.512 13 -10 -10.932 9 -15.01 -10.922 -20.33
5 24 -14.59 -11.172 -22.62 -10 -10.932 9 -14.15 -11.692 -24.75 -10 -10.512 13
5 24 -14.15 -11.692 -24.75 -10 -10.932 9 -10 -11.162 6.776 -14.59 -11.172 -22.62
5 24 -14.15 -11.692 -24.75 -10 -11.162 6.776 -13.67 -12.232 -26.87 -10 -10.932 9
5 24 -13.67 -12.232 -26.87 -10 -11.162 6.776 -10 -11.502 5 -14.15 -11.692 -24.75
5 24 -13.67 -12.232 -26.87 -10 -11.502 5 -13.07 -13.422 -28.38 -10 -11.162 6.776
5 24 -13.07 -13.422 -28.38 -10 -11.502 5 -10 -12.282 1 -13.67 -12.232 -26.87
5 24 -13.07 -13.422 -28.38 -10 -12.282 1 -12.96 -13.622 -28.59 -10 -11.502 5
5 24 -12.96 -13.622 -28.59 -10 -12.282 1 -10 -13 -2.648 -13.07 -13.422 -28.38
5 24 -12.96 -13.622 -28.59 -10 -13 -2.648 -10 -13.212 -3 -10 -12.282 1
5 24 -12.96 -13.622 -28.59 -10 -13.212 -3 -12.9 -13.862 -28.45 -10 -13 -2.648
5 24 -10 -13.212 -3 -12.9 -13.862 -28.45 -9.68 -14.822 -3 -12.96 -13.622 -28.59
5 24 -12.9 -13.862 -28.45 -9.68 -14.822 -3 -12.77 -14.292 -28.11 -10 -13.212 -3
5 24 -12.77 -14.292 -28.11 -9.68 -14.822 -3 -12.51 -15.182 -27.41 -12.9 -13.862 -28.45
5 24 -9.68 -14.822 -3 -12.51 -15.182 -27.41 -10 -16.432 -3 -12.77 -14.292 -28.11
5 24 -12.51 -15.182 -27.41 -10 -16.432 -3 -12.45 -15.992 -25.47 -9.68 -14.822 -3
5 24 -10 -16.432 -3 -12.45 -15.992 -25.47 -10 -16.632 -2.648 -12.51 -15.182 -27.41
5 24 -12.45 -15.992 -25.47 -10 -16.632 -2.648 -12.38 -16.752 -23.5 -10 -16.432 -3
5 24 -10 -16.632 -2.648 -12.38 -16.752 -23.5 -10 -17.292 1 -12.45 -15.992 -25.47
5 24 -12.38 -16.752 -23.5 -10 -17.292 1 -12.47 -17.302 -21.23 -10 -16.632 -2.648
5 24 -12.47 -17.302 -21.23 -10 -17.292 1 -10 -17.982 5 -12.38 -16.752 -23.5
5 24 -12.47 -17.302 -21.23 -10 -17.982 5 -12.55 -17.852 -18.96 -10 -17.292 1
5 24 -10 -17.982 5 -12.55 -17.852 -18.96 -10 -18.512 9 -12.47 -17.302 -21.23
5 24 -10 -18.512 9 -12.55 -17.852 -18.96 -10 -17.982 5 -13.54 -21.462 -0.596
5 24 -13.54 -21.462 -0.596 -10 -18.512 9 -10 -19.042 13 -12.55 -17.852 -18.96
5 24 -10 -19.042 13 -13.54 -21.462 -0.596 -10 -19.562 17 -10 -18.512 9
5 24 -13.54 -21.462 -0.596 -10 -19.562 17 -10 -20.092 21 -10 -19.042 13
5 24 -13.54 -21.462 -0.596 -10 -20.092 21 -13.92 -22.932 7.168 -10 -19.562 17
5 24 -10 -20.092 21 -13.92 -22.932 7.168 -10 -20.622 25 -13.54 -21.462 -0.596
5 24 -13.92 -22.932 7.168 -10 -20.622 25 -14 -23.282 9 -10 -20.092 21
5 24 -14 -23.282 9 -10 -20.622 25 -13.51 -23.752 16.99 -13.92 -22.932 7.168
5 24 -10 -20.622 25 -13.51 -23.752 16.99 -13 -24.202 25 -14 -23.282 9
0
