0 Technic Tile  1 x  2 with Two Holes
0 Name: 32530.dat
0 Author: Michael Heidemann [mikeheide]
0 !LDRAW_ORG Part UPDATE 2009-03
0 !LICENSE Redistributable under CCAL version 2.0 : see CAreadme.txt

0 BFC CERTIFY CW

0 !HISTORY 2009-12-29 [PTadmin] Official Update 2009-03

0 // complete rewrite

1 16 0 -22 -10 -1 0 0 0 0 1 0 1 0 4-4ring8.dat
1 16 0 -22 10 1 0 0 0 0 1 0 -1 0 4-4ring8.dat
1 16 0 -22 0 1 0 0 0 0 1 0 1 0 connhole.dat
1 16 0 -22 10 9 0 0 0 0 -9 0 1 0 2-4edge.dat
1 16 0 -22 -10 9 0 0 0 0 -9 0 1 0 2-4edge.dat
1 16 0 -22 10 9 0 0 0 0 -9 0 -20 0 2-4cyli.dat
1 16 0 -12 10 1 0 0 0 0 1 0 -8 0 npeghol2.dat
1 16 0 -12 -10 1 0 0 0 0 1 0 8 0 npeghol2.dat
1 16 -9 -11 0 0 1 0 -11 0 0 0 0 10 rect2p.dat
1 16 9 -11 0 0 -1 0 -11 0 0 0 0 10 rect2p.dat
1 16 0 -2 -10 1 0 0 0 0 -1 0 1 0 2-4ring8.dat
1 16 0 -2 10 -1 0 0 0 0 -1 0 -1 0 2-4ring8.dat
1 16 0 -2 -10 -8 0 0 0 0 8 0 1 0 2-4ndis.dat
1 16 0 -2 10 8 0 0 0 0 8 0 -1 0 2-4ndis.dat
1 16 0 -2 0 1 0 0 0 0 1 0 -1 0 connhole.dat
4 16 9 -2 -10 9 0 -10 8 6 -10 8 -2 -10
4 16 -8 -2 -10 -8 6 -10 -9 0 -10 -9 -2 -10
4 16 8 -2 10 8 6 10 9 0 10 9 -2 10
4 16 -9 -2 10 -9 0 10 -8 6 10 -8 -2 10
4 16 20 8 -10 8 6 -10 9 0 -10 20 0 -10
4 16 20 8 -10 -20 8 -10 -8 6 -10 8 6 -10
4 16 8 6 10 -8 6 10 -20 8 10 20 8 10
2 24 20 8 -10 -20 8 -10
2 24 20 8 10 -20 8 10
4 16 -20 0 -10 -9 0 -10 -8 6 -10 -20 8 -10
4 16 20 0 10 9 0 10 8 6 10 20 8 10
4 16 -20 8 10 -8 6 10 -9 0 10 -20 0 10
1 16 -14.5 4 0 0 0 -5.5 0 -4 0 -10 0 0 box2-5.dat
1 16 14.5 4 0 0 0 5.5 0 -4 0 10 0 0 box2-5.dat
0 BFC INVERTNEXT
1 16 -10 8 0 6 0 0 0 -4 0 0 0 6 box5.dat
0 BFC INVERTNEXT
1 16 10 8 0 6 0 0 0 -4 0 0 0 6 box5.dat
4 16 20 8 -10 4 8 -6 -4 8 -6 -20 8 -10
4 16 -20 8 10 -4 8 6 4 8 6 20 8 10
4 16 4 8 -6 4 8 6 -4 8 6 -4 8 -6
4 16 -16 8 -6 -16 8 6 -20 8 10 -20 8 -10
4 16 16 8 6 16 8 -6 20 8 -10 20 8 10
3 16 20 8 -10 16 8 -6 4 8 -6
3 16 -20 8 10 -16 8 6 -4 8 6
3 16 4 8 6 16 8 6 20 8 10
3 16 -4 8 -6 -16 8 -6 -20 8 -10
0 //
0 //