0 Cylinder  2 x  2 x  2.4 with Dome Top and Slots
0 Name: 33287.dat
0 Author: Santeri Piippo [arezey]
0 !LDRAW_ORG Part UPDATE 2014-01
0 !LICENSE Redistributable under CCAL version 2.0 : see CAreadme.txt

0 BFC CERTIFY CCW

0 !HISTORY 2014-06-21 [PTadmin] Official Update 2014-01

1 16 0 -4 0 1 0 0 0 -1 0 0 0 1 stud4a.dat
1 16 0 -4 0 8 0 0 0 1 0 0 0 8 4-4edge.dat
0 BFC INVERTNEXT
1 16 0 -4 0 6 0 0 0 -3 0 0 0 6 4-4cyli.dat
5 24 2.5 -20 2.5 2.5 -4 2.5 4 -20 2 2 -20 4
4 16 20 -4 0 20 0 0 18.478 0 7.654 18.478 -4 7.654
4 16 7.654 -4 18.478 7.654 0 18.478 0 0 20 0 -4 20
4 16 0 -4 20 0 0 20 -7.654 0 18.478 -7.654 -4 18.478
4 16 -18.478 -4 7.654 -18.478 0 7.654 -20 0 0 -20 -4 0
4 16 -20 -4 0 -20 0 0 -18.478 0 -7.654 -18.478 -4 -7.654
4 16 -7.654 -4 -18.478 -7.654 0 -18.478 0 0 -20 0 -4 -20
4 16 0 -4 -20 0 0 -20 7.654 0 -18.478 7.654 -4 -18.478
4 16 18.478 -4 -7.654 18.478 0 -7.654 20 0 0 20 -4 0
5 24 20 0 0 20 -4 0 18.478 0 7.654 18.478 0 -7.654
5 24 18.478 0 7.654 18.478 -4 7.654 14.142 0 14.142 20 0 0
5 24 7.654 0 18.478 7.654 -4 18.478 0 0 20 14.142 0 14.142
5 24 0 0 20 0 -4 20 -7.654 0 18.478 7.654 0 18.478
5 24 -7.654 0 18.478 -7.654 -4 18.478 -14.142 0 14.142 0 0 20
5 24 -18.478 0 7.654 -18.478 -4 7.654 -20 0 0 -14.142 0 14.142
5 24 -20 0 0 -20 -4 0 -18.478 0 -7.654 -18.478 0 7.654
5 24 -18.478 0 -7.654 -18.478 -4 -7.654 -14.142 0 -14.142 -20 0 0
5 24 -7.654 0 -18.478 -7.654 -4 -18.478 0 0 -20 -14.142 0 -14.142
5 24 0 0 -20 0 -4 -20 7.654 0 -18.478 -7.654 0 -18.478
5 24 7.654 0 -18.478 7.654 -4 -18.478 14.142 0 -14.142 0 0 -20
5 24 18.478 0 -7.654 18.478 -4 -7.654 20 0 0 14.142 0 -14.142
4 16 17.57845 0 9 17.57845 -4 9 18.478 -4 7.654 18.478 0 7.654
4 16 9 0 17.57845 7.654 0 18.478 7.654 -4 18.478 9 -4 17.57845
4 16 -9 0 17.57845 -9 -4 17.57845 -7.654 -4 18.478 -7.654 0 18.478
4 16 -18.478 -4 7.654 -17.57845 -4 9 -17.57845 0 9 -18.478 0 7.654
4 16 -17.57845 0 -9 -17.57845 -4 -9 -18.478 -4 -7.654 -18.478 0 -7.654
4 16 -7.654 -4 -18.478 -9 -4 -17.57845 -9 0 -17.57845 -7.654 0 -18.478
4 16 7.654 0 -18.478 9 0 -17.57845 9 -4 -17.57845 7.654 -4 -18.478
4 16 18.478 -4 -7.654 17.57845 -4 -9 17.57845 0 -9 18.478 0 -7.654
2 24 17.57845 -4 9 17.57845 0 9
2 24 9 -4 17.57845 9 0 17.57845
2 24 -9 -4 17.57845 -9 0 17.57845
2 24 -17.57845 -4 9 -17.57845 0 9
2 24 -17.57845 -4 -9 -17.57845 0 -9
2 24 -9 -4 -17.57845 -9 0 -17.57845
2 24 9 -4 -17.57845 9 0 -17.57845
2 24 17.57845 -4 -9 17.57845 0 -9
2 24 -17.57845 -4 -9 -14.142 -4 -14.142
2 24 -14.142 -4 -14.142 -9 -4 -17.57845
2 24 -9 0 -17.57845 -7.654 0 -18.478
2 24 -7.654 0 -18.478 0 0 -20
2 24 0 0 -20 7.654 0 -18.478
2 24 7.654 0 -18.478 9 0 -17.57845
2 24 -9 -4 17.578 -14.142 -4 14.142
2 24 -14.142 -4 14.142 -17.578 -4 9
2 24 -17.578 0 9 -18.478 0 7.654
2 24 -18.478 0 7.654 -20 0 0
2 24 -20 0 0 -18.478 0 -7.654
2 24 -18.478 0 -7.654 -17.578 0 -9
2 24 17.578 -4 9 14.142 -4 14.142
2 24 14.142 -4 14.142 9 -4 17.578
2 24 9 0 17.578 7.654 0 18.478
2 24 7.654 0 18.478 0 0 20
2 24 0 0 20 -7.654 0 18.478
2 24 -7.654 0 18.478 -9 0 17.578
2 24 9 -4 -17.578 14.142 -4 -14.142
2 24 14.142 -4 -14.142 17.578 -4 -9
2 24 17.578 0 -9 18.478 0 -7.654
2 24 18.478 0 -7.654 20 0 0
2 24 20 0 0 18.478 0 7.654
2 24 18.478 0 7.654 17.578 0 9
2 24 -9 0 -17.578 9 0 -17.578
2 24 -17.578 0 9 -17.578 0 -9
2 24 17.578 0 -9 17.578 0 9
2 24 9 0 17.578 -9 0 17.578
4 16 -9 0 -17.57845 9 0 -17.57845 7.654 0 -18.478 -7.654 0 -18.478
3 16 -7.654 0 -18.478 7.654 0 -18.478 0 0 -20
4 16 -17.578 0 9 -17.578 0 -9 -18.478 0 -7.654 -18.478 0 7.654
3 16 -18.478 0 7.654 -18.478 0 -7.654 -20 0 0
4 16 17.578 0 -9 17.578 0 9 18.478 0 7.654 18.478 0 -7.654
3 16 18.478 0 -7.654 18.478 0 7.654 20 0 0
4 16 9 0 17.578 -9 0 17.578 -7.654 0 18.478 7.654 0 18.478
3 16 7.654 0 18.478 -7.654 0 18.478 0 0 20
4 16 -9 0 -17.578 -9 -4 -17.578 9 -4 -17.578 9 0 -17.578
4 16 -17.578 0 9 -17.578 -4 9 -17.578 -4 -9 -17.578 0 -9
4 16 17.578 0 -9 17.578 -4 -9 17.578 -4 9 17.578 0 9
4 16 9 0 17.578 9 -4 17.578 -9 -4 17.578 -9 0 17.578
2 24 -9 -4 -17.578 9 -4 -17.578
2 24 -17.578 -4 9 -17.578 -4 -9
2 24 17.578 -4 -9 17.578 -4 9
2 24 9 -4 17.578 -9 -4 17.578
1 16 0 -7 0 20 0 0 0 3 0 0 0 20 4-4cyli.dat
1 16 0 0 0 1 0 0 0 1 0 0 0 1 s\33287s01.dat
1 16 0 0 0 -1 0 0 0 1 0 0 0 1 s\33287s01.dat
1 16 0 0 0 -1 0 0 0 1 0 0 0 -1 s\33287s01.dat
1 16 0 0 0 1 0 0 0 1 0 0 0 -1 s\33287s01.dat
4 16 4 -20 2 2.5 -20 2.5 2.5 -4 2.5 4 -4 2
4 16 2.5 -20 2.5 2 -20 4 2 -4 4 2.5 -4 2.5
4 16 -3.743 -20 4.577 -2.5 -20 2.5 -2.5 -4 2.5 -3.743 -4 4.577
4 16 -2.5 -20 2.5 -4.577 -20 3.743 -4.577 -4 3.743 -2.5 -4 2.5
4 16 3.743 -20 -4.577 2.5 -20 -2.5 2.5 -4 -2.5 3.743 -4 -4.577
4 16 2.5 -20 -2.5 4.577 -20 -3.743 4.577 -4 -3.743 2.5 -4 -2.5
4 16 -4 -20 -2 -2.5 -20 -2.5 -2.5 -4 -2.5 -4 -4 -2
4 16 -2.5 -20 -2.5 -2 -20 -4 -2 -4 -4 -2.5 -4 -2.5
4 16 4 -20 2 4 -4 2 5.406831 -4 2.49994 5.406831 -20 2.49994
4 16 2 -20 4 2.49994 -20 5.406831 2.49994 -4 5.406831 2 -4 4
4 16 -5.406831 -20 -2.49994 -4 -20 -2 -4 -4 -2 -5.406831 -4 -2.49994
4 16 -2.49994 -20 -5.406831 -2.49994 -4 -5.406831 -2 -4 -4 -2 -20 -4
2 24 -3.743 -20 4.577 -3.743 -4 4.577
2 24 -2.5 -20 2.5 -2.5 -4 2.5
2 24 -4.577 -20 3.743 -4.577 -4 3.743
2 24 3.743 -20 -4.577 3.743 -4 -4.577
2 24 2.5 -20 -2.5 2.5 -4 -2.5
2 24 4.577 -20 -3.743 4.577 -4 -3.743
5 24 -2.5 -20 -2.5 -2.5 -4 -2.5 -4 -20 -2 -2 -20 -4
5 24 4 -4 2 4 -20 2 5.602 -20 2 2.5 -4 2.5
5 24 2 -4 4 2 -20 4 2.5 -20 2.5 2 -4 5.602
5 24 -4 -4 -2 -4 -20 -2 -5.602 -20 -2 -2.5 -4 -2.5
5 24 -2 -4 -4 -2 -20 -4 -2.5 -20 -2.5 -2 -4 -5.602
4 16 4 -20 2 4.243 -20 4.243 2 -20 4 2.5 -20 2.5
3 16 4.243 -20 4.243 2.49994 -20 5.406831 2 -20 4
4 16 -3.743 -20 4.577 -4.243 -20 4.243 -4.577 -20 3.743 -2.5 -20 2.5
4 16 3.743 -20 -4.577 4.243 -20 -4.243 4.577 -20 -3.743 2.5 -20 -2.5
4 16 -4 -20 -2 -4.243 -20 -4.243 -2 -20 -4 -2.5 -20 -2.5
3 16 -4.243 -20 -4.243 -2.49994 -20 -5.406831 -2 -20 -4
3 16 5.406831 -20 2.49994 4.243 -20 4.243 4 -20 2
3 16 -4 -20 -2 -5.406831 -20 -2.49994 -4.243 -20 -4.243
4 16 4 -4 2 2.5 -4 2.5 2 -4 4 4.243 -4 4.243
3 16 4.243 -4 4.243 2 -4 4 2.49994 -4 5.406831
4 16 -3.743 -4 4.577 -2.5 -4 2.5 -4.577 -4 3.743 -4.243 -4 4.243
4 16 3.743 -4 -4.577 2.5 -4 -2.5 4.577 -4 -3.743 4.243 -4 -4.243
4 16 -4 -4 -2 -2.5 -4 -2.5 -2 -4 -4 -4.243 -4 -4.243
3 16 -4.243 -4 -4.243 -2 -4 -4 -2.49994 -4 -5.406831
3 16 5.406831 -4 2.49994 4 -4 2 4.243 -4 4.243
3 16 -4 -4 -2 -4.243 -4 -4.243 -5.406831 -4 -2.49994
2 24 4 -20 2 5.406831 -20 2.49994
2 24 2 -20 4 2.49994 -20 5.406831
2 24 -5.406831 -20 -2.49994 -4 -20 -2
2 24 -2.49994 -20 -5.406831 -2 -20 -4
2 24 5.406831 -20 2.49994 5.406831 -4 2.49994
2 24 2.49994 -20 5.406831 2.49994 -4 5.406831
2 24 -5.406831 -20 -2.49994 -5.406831 -4 -2.49994
2 24 -2.49994 -20 -5.406831 -2.49994 -4 -5.406831
2 24 -5.407 -20 -2.5 -4 -20 -2
2 24 2.5 -20 5.407 2 -20 4
2 24 4 -20 2 5.407 -20 2.5
2 24 -2 -20 -4 -2.5 -20 -5.407
2 24 -4 -20 -2 -2.5 -20 -2.5
2 24 -2.5 -20 -2.5 -2 -20 -4
2 24 3.743 -20 -4.577 2.5 -20 -2.5
2 24 2.5 -20 -2.5 4.577 -20 -3.743
2 24 2 -20 4 2.5 -20 2.5
2 24 2.5 -20 2.5 4 -20 2
2 24 -4.577 -20 3.743 -2.5 -20 2.5
2 24 -2.5 -20 2.5 -3.743 -20 4.577
2 24 -4.577 -20 3.743 -4.243 -20 4.243
2 24 -4.243 -20 4.243 -3.743 -20 4.577
2 24 2.49994 -20 5.406831 4.2426 -20 4.2426
2 24 4.2426 -20 4.2426 5.406831 -20 2.49994
2 24 3.743 -20 -4.577 4.2426 -20 -4.2426
2 24 4.2426 -20 -4.2426 4.577 -20 -3.743
2 24 -2.5 -20 -5.407 -4.243 -20 -4.243
2 24 -4.243 -20 -4.243 -5.407 -20 -2.5
2 24 -5.407 -4 -2.5 -4 -4 -2
2 24 2.5 -4 5.407 2 -4 4
2 24 4 -4 2 5.407 -4 2.5
2 24 -2 -4 -4 -2.5 -4 -5.407
2 24 -4 -4 -2 -2.5 -4 -2.5
2 24 -2.5 -4 -2.5 -2 -4 -4
2 24 3.743 -4 -4.577 2.5 -4 -2.5
2 24 2.5 -4 -2.5 4.577 -4 -3.743
2 24 2 -4 4 2.5 -4 2.5
2 24 2.5 -4 2.5 4 -4 2
2 24 -4.577 -4 3.743 -2.5 -4 2.5
2 24 -2.5 -4 2.5 -3.743 -4 4.577
2 24 -4.577 -4 3.743 -4.243 -4 4.243
2 24 -4.243 -4 4.243 -3.743 -4 4.577
2 24 2.49994 -4 5.406831 4.2426 -4 4.2426
2 24 4.2426 -4 4.2426 5.406831 -4 2.49994
2 24 3.743 -4 -4.577 4.2426 -4 -4.2426
2 24 4.2426 -4 -4.2426 4.577 -4 -3.743
2 24 -2.5 -4 -5.407 -4.243 -4 -4.243
2 24 -4.243 -4 -4.243 -5.407 -4 -2.5
