0 Turntable  4 x  4 Top
0 Name: 3404.dat
0 Author: James Jessiman
0 !LDRAW_ORG Part UPDATE 2018-01
0 !LICENSE Redistributable under CCAL version 2.0 : see CAreadme.txt

0 BFC CERTIFY CCW

0 !HISTORY 2002-07-31 [sbliss] Applied BFC, replaced polygons and lines with primitives, retitled
0 !HISTORY 2003-07-02 [pneaster] Fixed BFC errors.
0 !HISTORY 2003-12-19 [PTadmin] Official Update 2003-03
0 !HISTORY 2007-06-25 [PTadmin] Header formatted for Contributor Agreement
0 !HISTORY 2008-07-01 [PTadmin] Official Update 2008-01
0 !HISTORY 2017-01-23 [Steffen] updated primitives, used stugs
0 !HISTORY 2017-01-29 [MagFors] Removed overlapping surfaces
0 !HISTORY 2017-12-10 [Philo] Modeled middle snap, removed ~
0 !HISTORY 2018-01-30 [PTadmin] Official Update 2018-01

1 16 0 0 0 40 0 0 0 16 0 0 0 40 48\4-4cylo.dat
0 BFC INVERTNEXT
1 16 0 3 0 36 0 0 0 13 0 0 0 36 48\4-4cylo.dat
1 16 0 16 0 4 0 0 0 -1 0 0 0 -4 48\4-4ring9.dat
1 16 0 3 0 36 0 0 0 -1 0 0 0 36 48\1-4chrd.dat
1 16 0 3 0 0 0 -36 0 -1 0 36 0 0 48\1-4chrd.dat
1 16 0 3 0 -36 0 0 0 -1 0 0 0 -36 48\1-4chrd.dat
1 16 0 3 0 0 0 36 0 -1 0 -36 0 0 48\1-4chrd.dat
1 16 0 0 0 40 0 0 0 1 0 0 0 40 48\1-4chrd.dat
1 16 0 0 0 0 0 -40 0 1 0 40 0 0 48\1-4chrd.dat
1 16 0 0 0 -40 0 0 0 1 0 0 0 -40 48\1-4chrd.dat
1 16 0 0 0 0 0 40 0 1 0 -40 0 0 48\1-4chrd.dat
1 16 -20 0 0 1 0 0 0 1 0 0 0 1 stug-2x2.dat
1 16 20 0 0 1 0 0 0 1 0 0 0 1 stug-2x2.dat
1 16 0 0 30 1 0 0 0 1 0 0 0 1 stug-1x2.dat
1 16 0 0 -30 1 0 0 0 1 0 0 0 1 stug-1x2.dat
0 // Hub
1 16 0 0 0 4.24264 0 4.24264 0 1 0 -4.24264 0 4.24264 4-4ndis.dat
1 16 0 3 0 7.07107 0 7.07107 0 -1 0 -7.07107 0 7.07107 4-4ndis.dat
1 16 0 3 0 10 0 0 0 1 0 0 0 10 4-4edge.dat
0 BFC INVERTNEXT
1 16 0 0 0 6 0 0 0 7 0 0 0 6 4-4cyli.dat
1 16 0 0 0 6 0 0 0 1 0 0 0 6 4-4edge.dat
1 16 0 3 0 9.2388 0 -3.82683 0 11 0 -3.82683 0 -9.2388 1-8cyli.dat
1 16 0 18 0 5.54328 0 -2.2961 0 1 0 -2.2961 0 -5.54328 1-8edge.dat
1 16 0 18 0 5.54328 0 -2.2961 0 -1 0 -2.2961 0 -5.54328 1-8ndis.dat
1 16 0 14 0 9.2388 0 -3.82683 0 1 0 -3.82683 0 -9.2388 1-8edge.dat
1 16 0 14 0 0.92388 0 -0.38268 0 1 0 -0.38268 0 -0.92388 1-8rin10.dat
1 16 0 14 0 10.16267 0 -4.20952 0 3 0 -4.20952 0 -10.16267 1-8cylo.dat
1 16 0 17 0 0.92388 0 -0.38268 0 1 0 -0.38268 0 -0.92388 1-8con10.dat
1 16 0 18 0 9.2388 0 -3.82683 0 1 0 -3.82683 0 -9.2388 1-8edge.dat
1 16 0 18 0 9.2388 0 -3.82683 0 -1 0 -3.82683 0 -9.2388 1-8chrd.dat
2 24 5.8443 18 -0.783 5.5433 18 -2.2961
2 24 9.8443 14 -0.783 9.2388 14 -3.8268
4 16 9.2388 14 -3.8268 10.1627 14 -4.2095 10.8443 14 -0.783 9.8443 14 -0.783
2 24 10.8443 17 -0.783 10.1627 17 -4.2095
2 24 10.8443 14 -0.783 10.1627 14 -4.2095
4 16 10.8443 14 -0.783 10.1627 14 -4.2095 10.1627 17 -4.2095 10.8443 17 -0.783
4 16 10.1627 17 -4.2095 9.2388 18 -3.8268 9.8443 18 -0.783 10.8443 17 -0.783
2 24 9.8443 18 -0.783 9.2388 18 -3.8268
4 16 9.2388 18 -3.8268 5.5433 18 -2.2961 5.8443 18 -0.783 9.8443 18 -0.783
2 24 10.8443 17 -0.783 9.8443 18 -0.783
2 24 10.8443 17 -0.783 10.8443 14 -0.783
2 24 9.8443 14 -0.783 10.8443 14 -0.783
2 24 5.8443 7 -0.783 5.8443 18 -0.783
2 24 9.8443 18 -0.783 5.8443 18 -0.783
2 24 9.8443 14 -0.783 9.8443 7 -0.783
4 16 10 7 0 9.9999 3 0 9.239 3 -3.827 9.8443 7 -0.783
4 16 9.8443 7 -0.783 9.239 3 -3.827 9.2388 14 -3.8268 9.8443 14 -0.783
4 16 5.5433 18 -2.2961 5.5433 7 -2.2961 5.8443 7 -0.783 5.8443 18 -0.783
1 16 7.9222 7 -0.3915 2 0 -0.07785 0 -1 0 0 0 -0.3915 rect3.dat
4 16 5.8443 7 -0.783 9.8443 7 -0.783 9.8443 14 -0.783 5.8443 18 -0.783
4 16 9.8443 18 -0.783 5.8443 18 -0.783 9.8443 14 -0.783 10.8443 17 -0.783
3 16 9.8443 14 -0.783 10.8443 14 -0.783 10.8443 17 -0.783
2 24 0.783 18 -5.8443 2.2961 18 -5.5432
2 24 0.783 14 -9.8443 3.8268 14 -9.2387
4 16 0.783 14 -10.8443 4.2095 14 -10.1626 3.8268 14 -9.2387 0.783 14 -9.8443
2 24 0.783 17 -10.8443 4.2095 17 -10.1626
2 24 0.783 14 -10.8443 4.2095 14 -10.1626
4 16 4.2095 17 -10.1626 4.2095 14 -10.1626 0.783 14 -10.8443 0.783 17 -10.8443
4 16 0.783 18 -9.8443 3.8268 18 -9.2387 4.2095 17 -10.1626 0.783 17 -10.8443
2 24 0.783 18 -9.8443 3.8268 18 -9.2387
2 24 0.783 17 -10.8443 0.783 18 -9.8443
2 24 0.783 17 -10.8443 0.783 14 -10.8443
2 24 0.783 14 -9.8443 0.783 14 -10.8443
2 24 0.783 7 -5.8443 0.783 18 -5.8443
2 24 0.783 18 -9.8443 0.783 18 -5.8443
2 24 0.783 14 -9.8443 0.783 7 -9.8443
4 16 3.827 3 -9.239 0 3 -9.9999 0 7 -10 0.783 7 -9.8443
4 16 3.8268 14 -9.2387 3.827 3 -9.239 0.783 7 -9.8443 0.783 14 -9.8443
4 16 0.783 7 -5.8443 2.2961 7 -5.5432 2.2961 18 -5.5432 0.783 18 -5.8443
1 16 0.3915 7 -7.9222 0 0 0.3915 0 -1 0 2 0 0.07785 rect3.dat
4 16 0.783 14 -9.8443 0.783 7 -9.8443 0.783 7 -5.8443 0.783 18 -5.8443
4 16 0.783 14 -9.8443 0.783 18 -5.8443 0.783 18 -9.8443 0.783 17 -10.8443
3 16 0.783 14 -10.8443 0.783 14 -9.8443 0.783 17 -10.8443
3 16 3.2472 18 -7.8394 3.8268 18 -9.2387 0.783 18 -9.8443
4 16 0.783 18 -5.8443 2.2961 18 -5.5432 3.2472 18 -7.8394 0.783 18 -9.8443
4 16 3.8268 18 -9.2387 3.2472 18 -7.8394 5.5433 18 -2.2961 9.2388 18 -3.8268
1 16 0 3 0 -3.82683 0 -9.2388 0 11 0 -9.2388 0 3.82683 1-8cyli.dat
1 16 0 18 0 -2.2961 0 -5.54328 0 1 0 -5.54328 0 2.2961 1-8edge.dat
1 16 0 18 0 -2.2961 0 -5.54328 0 -1 0 -5.54328 0 2.2961 1-8ndis.dat
1 16 0 14 0 -3.82683 0 -9.2388 0 1 0 -9.2388 0 3.82683 1-8edge.dat
1 16 0 14 0 -0.38268 0 -0.92388 0 1 0 -0.92388 0 0.38268 1-8rin10.dat
1 16 0 14 0 -4.20952 0 -10.16267 0 3 0 -10.16267 0 4.20952 1-8cylo.dat
1 16 0 17 0 -0.38268 0 -0.92388 0 1 0 -0.92388 0 0.38268 1-8con10.dat
1 16 0 18 0 -3.82683 0 -9.2388 0 1 0 -9.2388 0 3.82683 1-8edge.dat
1 16 0 18 0 -3.82683 0 -9.2388 0 -1 0 -9.2388 0 3.82683 1-8chrd.dat
2 24 -0.783 18 -5.8443 -2.2961 18 -5.5433
2 24 -0.783 14 -9.8443 -3.8268 14 -9.2388
4 16 -3.8268 14 -9.2388 -4.2095 14 -10.1627 -0.783 14 -10.8443 -0.783 14 -9.8443
2 24 -0.783 17 -10.8443 -4.2095 17 -10.1627
2 24 -0.783 14 -10.8443 -4.2095 14 -10.1627
4 16 -0.783 14 -10.8443 -4.2095 14 -10.1627 -4.2095 17 -10.1627 -0.783 17 -10.8443
4 16 -4.2095 17 -10.1627 -3.8268 18 -9.2388 -0.783 18 -9.8443 -0.783 17 -10.8443
2 24 -0.783 18 -9.8443 -3.8268 18 -9.2388
4 16 -3.8268 18 -9.2388 -2.2961 18 -5.5433 -0.783 18 -5.8443 -0.783 18 -9.8443
2 24 -0.783 17 -10.8443 -0.783 18 -9.8443
2 24 -0.783 17 -10.8443 -0.783 14 -10.8443
2 24 -0.783 14 -9.8443 -0.783 14 -10.8443
2 24 -0.783 7 -5.8443 -0.783 18 -5.8443
2 24 -0.783 18 -9.8443 -0.783 18 -5.8443
2 24 -0.783 14 -9.8443 -0.783 7 -9.8443
4 16 0 7 -10 0 3 -9.9999 -3.827 3 -9.239 -0.783 7 -9.8443
4 16 -0.783 7 -9.8443 -3.827 3 -9.239 -3.8268 14 -9.2388 -0.783 14 -9.8443
4 16 -2.2961 18 -5.5433 -2.2961 7 -5.5433 -0.783 7 -5.8443 -0.783 18 -5.8443
1 16 -0.3915 7 -7.9222 0 0 -0.3915 0 -1 0 -2 0 0.07785 rect3.dat
4 16 -0.783 7 -5.8443 -0.783 7 -9.8443 -0.783 14 -9.8443 -0.783 18 -5.8443
4 16 -0.783 18 -9.8443 -0.783 18 -5.8443 -0.783 14 -9.8443 -0.783 17 -10.8443
3 16 -0.783 14 -9.8443 -0.783 14 -10.8443 -0.783 17 -10.8443
2 24 -9.8443 14 -0.783 -9.2387 14 -3.8268
4 16 -10.8443 14 -0.783 -10.1626 14 -4.2095 -9.2387 14 -3.8268 -9.8443 14 -0.783
2 24 -10.8443 17 -0.783 -10.1626 17 -4.2095
2 24 -10.8443 14 -0.783 -10.1626 14 -4.2095
4 16 -10.1626 17 -4.2095 -10.1626 14 -4.2095 -10.8443 14 -0.783 -10.8443 17 -0.783
4 16 -9.8443 18 -0.783 -9.2387 18 -3.8268 -10.1626 17 -4.2095 -10.8443 17 -0.783
2 24 -9.8443 18 -0.783 -9.2387 18 -3.8268
2 24 -10.8443 17 -0.783 -9.8443 18 -0.783
2 24 -10.8443 17 -0.783 -10.8443 14 -0.783
2 24 -9.8443 14 -0.783 -10.8443 14 -0.783
2 24 -9.8443 18 -0.783 -5.8443 18 -0.783
2 24 -9.8443 14 -0.783 -9.8443 7 -0.783
4 16 -9.239 3 -3.827 -9.9999 3 0 -10 7 0 -9.8443 7 -0.783
4 16 -9.2387 14 -3.8268 -9.239 3 -3.827 -9.8443 7 -0.783 -9.8443 14 -0.783
1 16 -5.69375 12.5 -1.53955 0 -1 -0.15055 5.5 0 0 0 0 0.75655 rect2a.dat
1 16 -7.9222 7 -0.3915 2 0 0.07785 0 -1 0 0 0 -0.3915 rect3.dat
4 16 -9.8443 14 -0.783 -9.8443 7 -0.783 -5.8443 7 -0.783 -5.8443 18 -0.783
4 16 -9.8443 14 -0.783 -5.8443 18 -0.783 -9.8443 18 -0.783 -10.8443 17 -0.783
3 16 -10.8443 14 -0.783 -9.8443 14 -0.783 -10.8443 17 -0.783
3 16 -7.8394 18 -3.2472 -9.2387 18 -3.8268 -9.8443 18 -0.783
4 16 -5.8443 18 -0.783 -5.5432 18 -2.2961 -7.8394 18 -3.2472 -9.8443 18 -0.783
4 16 -9.2387 18 -3.8268 -7.8394 18 -3.2472 -2.2961 18 -5.5433 -3.8268 18 -9.2388
1 16 0 3 0 -9.2388 0 3.82683 0 11 0 3.82683 0 9.2388 1-8cyli.dat
1 16 0 18 0 -5.54328 0 2.2961 0 1 0 2.2961 0 5.54328 1-8edge.dat
1 16 0 18 0 -5.54328 0 2.2961 0 -1 0 2.2961 0 5.54328 1-8ndis.dat
1 16 0 14 0 -9.2388 0 3.82683 0 1 0 3.82683 0 9.2388 1-8edge.dat
1 16 0 14 0 -0.92388 0 0.38268 0 1 0 0.38268 0 0.92388 1-8rin10.dat
1 16 0 14 0 -10.16267 0 4.20952 0 3 0 4.20952 0 10.16267 1-8cylo.dat
1 16 0 17 0 -0.92388 0 0.38268 0 1 0 0.38268 0 0.92388 1-8con10.dat
1 16 0 18 0 -9.2388 0 3.82683 0 1 0 3.82683 0 9.2388 1-8edge.dat
1 16 0 18 0 -9.2388 0 3.82683 0 -1 0 3.82683 0 9.2388 1-8chrd.dat
2 24 -9.8443 14 0.783 -9.2388 14 3.8268
4 16 -9.2388 14 3.8268 -10.1627 14 4.2095 -10.8443 14 0.783 -9.8443 14 0.783
2 24 -10.8443 17 0.783 -10.1627 17 4.2095
2 24 -10.8443 14 0.783 -10.1627 14 4.2095
4 16 -10.8443 14 0.783 -10.1627 14 4.2095 -10.1627 17 4.2095 -10.8443 17 0.783
4 16 -10.1627 17 4.2095 -9.2388 18 3.8268 -9.8443 18 0.783 -10.8443 17 0.783
2 24 -9.8443 18 0.783 -9.2388 18 3.8268
4 16 -9.2388 18 3.8268 -5.5433 18 2.2961 -5.8443 18 0.783 -9.8443 18 0.783
2 24 -10.8443 17 0.783 -9.8443 18 0.783
2 24 -10.8443 17 0.783 -10.8443 14 0.783
2 24 -9.8443 14 0.783 -10.8443 14 0.783
2 24 -9.8443 18 0.783 -5.8443 18 0.783
2 24 -9.8443 14 0.783 -9.8443 7 0.783
4 16 -10 7 0 -9.9999 3 0 -9.239 3 3.827 -9.8443 7 0.783
4 16 -9.8443 7 0.783 -9.239 3 3.827 -9.2388 14 3.8268 -9.8443 14 0.783
1 16 -5.6938 12.5 1.53955 -0.1505 -1 0 0 0 5.5 -0.75655 0 0 rect2a.dat
1 16 -7.9222 7 0.3915 -2 0 0.07785 0 -1 0 0 0 0.3915 rect3.dat
4 16 -5.8443 7 0.783 -9.8443 7 0.783 -9.8443 14 0.783 -5.8443 18 0.783
4 16 -9.8443 18 0.783 -5.8443 18 0.783 -9.8443 14 0.783 -10.8443 17 0.783
3 16 -9.8443 14 0.783 -10.8443 14 0.783 -10.8443 17 0.783
2 24 -0.783 18 5.8443 -2.2961 18 5.5432
2 24 -0.783 14 9.8443 -3.8268 14 9.2387
4 16 -0.783 14 10.8443 -4.2095 14 10.1626 -3.8268 14 9.2387 -0.783 14 9.8443
2 24 -0.783 17 10.8443 -4.2095 17 10.1626
2 24 -0.783 14 10.8443 -4.2095 14 10.1626
4 16 -4.2095 17 10.1626 -4.2095 14 10.1626 -0.783 14 10.8443 -0.783 17 10.8443
4 16 -0.783 18 9.8443 -3.8268 18 9.2387 -4.2095 17 10.1626 -0.783 17 10.8443
2 24 -0.783 18 9.8443 -3.8268 18 9.2387
2 24 -0.783 17 10.8443 -0.783 18 9.8443
2 24 -0.783 17 10.8443 -0.783 14 10.8443
2 24 -0.783 14 9.8443 -0.783 14 10.8443
2 24 -0.783 7 5.8443 -0.783 18 5.8443
2 24 -0.783 18 9.8443 -0.783 18 5.8443
2 24 -0.783 14 9.8443 -0.783 7 9.8443
4 16 -3.827 3 9.239 0 3 9.9999 0 7 10 -0.783 7 9.8443
4 16 -3.8268 14 9.2387 -3.827 3 9.239 -0.783 7 9.8443 -0.783 14 9.8443
4 16 -0.783 7 5.8443 -2.2961 7 5.5432 -2.2961 18 5.5432 -0.783 18 5.8443
1 16 -0.3915 7 7.9222 0 0 -0.3915 0 -1 0 -2 0 -0.07785 rect3.dat
4 16 -0.783 14 9.8443 -0.783 7 9.8443 -0.783 7 5.8443 -0.783 18 5.8443
4 16 -0.783 14 9.8443 -0.783 18 5.8443 -0.783 18 9.8443 -0.783 17 10.8443
3 16 -0.783 14 10.8443 -0.783 14 9.8443 -0.783 17 10.8443
3 16 -3.2472 18 7.8394 -3.8268 18 9.2387 -0.783 18 9.8443
4 16 -0.783 18 5.8443 -2.2961 18 5.5432 -3.2472 18 7.8394 -0.783 18 9.8443
4 16 -3.8268 18 9.2387 -3.2472 18 7.8394 -5.5433 18 2.2961 -9.2388 18 3.8268
1 16 0 3 0 3.82683 0 9.2388 0 11 0 9.2388 0 -3.82683 1-8cyli.dat
1 16 0 18 0 2.2961 0 5.54328 0 1 0 5.54328 0 -2.2961 1-8edge.dat
1 16 0 18 0 2.2961 0 5.54328 0 -1 0 5.54328 0 -2.2961 1-8ndis.dat
1 16 0 14 0 3.82683 0 9.2388 0 1 0 9.2388 0 -3.82683 1-8edge.dat
1 16 0 14 0 0.38268 0 0.92388 0 1 0 0.92388 0 -0.38268 1-8rin10.dat
1 16 0 14 0 4.20952 0 10.16267 0 3 0 10.16267 0 -4.20952 1-8cylo.dat
1 16 0 17 0 0.38268 0 0.92388 0 1 0 0.92388 0 -0.38268 1-8con10.dat
1 16 0 18 0 3.82683 0 9.2388 0 1 0 9.2388 0 -3.82683 1-8edge.dat
1 16 0 18 0 3.82683 0 9.2388 0 -1 0 9.2388 0 -3.82683 1-8chrd.dat
2 24 0.783 18 5.8443 2.2961 18 5.5433
2 24 0.783 14 9.8443 3.8268 14 9.2388
4 16 3.8268 14 9.2388 4.2095 14 10.1627 0.783 14 10.8443 0.783 14 9.8443
2 24 0.783 17 10.8443 4.2095 17 10.1627
2 24 0.783 14 10.8443 4.2095 14 10.1627
4 16 0.783 14 10.8443 4.2095 14 10.1627 4.2095 17 10.1627 0.783 17 10.8443
4 16 4.2095 17 10.1627 3.8268 18 9.2388 0.783 18 9.8443 0.783 17 10.8443
2 24 0.783 18 9.8443 3.8268 18 9.2388
4 16 3.8268 18 9.2388 2.2961 18 5.5433 0.783 18 5.8443 0.783 18 9.8443
2 24 0.783 17 10.8443 0.783 18 9.8443
2 24 0.783 17 10.8443 0.783 14 10.8443
2 24 0.783 14 9.8443 0.783 14 10.8443
2 24 0.783 7 5.8443 0.783 18 5.8443
2 24 0.783 18 9.8443 0.783 18 5.8443
2 24 0.783 14 9.8443 0.783 7 9.8443
4 16 0 7 10 0 3 9.9999 3.827 3 9.239 0.783 7 9.8443
4 16 0.783 7 9.8443 3.827 3 9.239 3.8268 14 9.2388 0.783 14 9.8443
4 16 2.2961 18 5.5433 2.2961 7 5.5433 0.783 7 5.8443 0.783 18 5.8443
1 16 0.3915 7 7.9222 0 0 0.3915 0 -1 0 2 0 -0.07785 rect3.dat
4 16 0.783 7 5.8443 0.783 7 9.8443 0.783 14 9.8443 0.783 18 5.8443
4 16 0.783 18 9.8443 0.783 18 5.8443 0.783 14 9.8443 0.783 17 10.8443
3 16 0.783 14 9.8443 0.783 14 10.8443 0.783 17 10.8443
2 24 5.8443 18 0.783 5.5432 18 2.2961
2 24 9.8443 14 0.783 9.2387 14 3.8268
4 16 10.8443 14 0.783 10.1626 14 4.2095 9.2387 14 3.8268 9.8443 14 0.783
2 24 10.8443 17 0.783 10.1626 17 4.2095
2 24 10.8443 14 0.783 10.1626 14 4.2095
4 16 10.1626 17 4.2095 10.1626 14 4.2095 10.8443 14 0.783 10.8443 17 0.783
4 16 9.8443 18 0.783 9.2387 18 3.8268 10.1626 17 4.2095 10.8443 17 0.783
2 24 9.8443 18 0.783 9.2387 18 3.8268
2 24 10.8443 17 0.783 9.8443 18 0.783
2 24 10.8443 17 0.783 10.8443 14 0.783
2 24 9.8443 14 0.783 10.8443 14 0.783
2 24 5.8443 7 0.783 5.8443 18 0.783
2 24 9.8443 18 0.783 5.8443 18 0.783
2 24 9.8443 14 0.783 9.8443 7 0.783
4 16 9.239 3 3.827 9.9999 3 0 10 7 0 9.8443 7 0.783
4 16 9.2387 14 3.8268 9.239 3 3.827 9.8443 7 0.783 9.8443 14 0.783
4 16 5.8443 7 0.783 5.5432 7 2.2961 5.5432 18 2.2961 5.8443 18 0.783
1 16 7.9222 7 0.3915 -2 0 -0.07785 0 -1 0 0 0 0.3915 rect3.dat
4 16 9.8443 14 0.783 9.8443 7 0.783 5.8443 7 0.783 5.8443 18 0.783
4 16 9.8443 14 0.783 5.8443 18 0.783 9.8443 18 0.783 10.8443 17 0.783
3 16 10.8443 14 0.783 9.8443 14 0.783 10.8443 17 0.783
3 16 7.8394 18 3.2472 9.2387 18 3.8268 9.8443 18 0.783
4 16 5.8443 18 0.783 5.5432 18 2.2961 7.8394 18 3.2472 9.8443 18 0.783
4 16 9.2387 18 3.8268 7.8394 18 3.2472 2.2961 18 5.5433 3.8268 18 9.2388
0 BFC INVERTNEXT
1 16 0 7 0 5.54328 0 -2.2961 0 11 0 -2.2961 0 -5.54328 1-8cyli.dat
0 BFC INVERTNEXT
1 16 0 7 0 -2.2961 0 -5.54328 0 11 0 -5.54328 0 2.2961 1-8cyli.dat
0 BFC INVERTNEXT
1 16 0 7 0 -5.54328 0 2.2961 0 11 0 2.2961 0 5.54328 1-8cyli.dat
0 BFC INVERTNEXT
1 16 0 7 0 2.2961 0 5.54328 0 11 0 5.54328 0 -2.2961 1-8cyli.dat
5 24 9.9999 3 0 10 7 0 9.239 3 3.827 9.239 3 -3.827
5 24 0 7 10 0 3 9.9999 -3.827 3 9.239 3.827 3 9.239
5 24 10.1627 14 -4.2095 10.1627 17 -4.2095 10.8443 14 -0.783 7.7783 14 -7.7784
5 24 10.1627 17 -4.2095 9.2388 18 -3.8268 9.8443 18 -0.783 7.7783 17 -7.7784
5 24 9.239 3 -3.827 9.2388 14 -3.8268 9.8443 7 -0.783 7.0712 3 -7.0713
5 24 5.5433 18 -2.2961 5.5433 7 -2.2961 5.8443 7 -0.783 4.2427 18 -4.2428
5 24 4.2095 17 -10.1626 4.2095 14 -10.1626 0.783 14 -10.8443 7.7783 14 -7.7784
5 24 3.8268 18 -9.2387 4.2095 17 -10.1626 0.783 18 -9.8443 7.0712 18 -7.0713
5 24 0 3 -9.9999 0 7 -10 3.827 3 -9.239 -3.827 3 -9.239
5 24 3.8268 14 -9.2387 3.827 3 -9.239 0.783 7 -9.8443 7.0712 3 -7.0713
5 24 2.2961 7 -5.5432 2.2961 18 -5.5432 0.783 7 -5.8443 4.2427 7 -4.2428
5 24 -4.2095 14 -10.1627 -4.2095 17 -10.1627 -0.783 14 -10.8443 -7.7784 14 -7.7783
5 24 -4.2095 17 -10.1627 -3.8268 18 -9.2388 -0.783 18 -9.8443 -7.7784 17 -7.7783
5 24 -3.827 3 -9.239 -3.8268 14 -9.2388 -0.783 7 -9.8443 -7.0713 3 -7.0712
5 24 -2.2961 18 -5.5433 -2.2961 7 -5.5433 -0.783 7 -5.8443 -4.2428 18 -4.2427
5 24 -10.1626 17 -4.2095 -10.1626 14 -4.2095 -10.8443 14 -0.783 -7.7784 14 -7.7783
5 24 -9.2387 18 -3.8268 -10.1626 17 -4.2095 -9.8443 18 -0.783 -7.0713 18 -7.0712
5 24 -9.9999 3 0 -10 7 0 -9.239 3 -3.827 -9.239 3 3.827
5 24 -9.2387 14 -3.8268 -9.239 3 -3.827 -9.8443 7 -0.783 -7.0713 3 -7.0712
5 24 -10.1627 14 4.2095 -10.1627 17 4.2095 -10.8443 14 0.783 -7.7783 14 7.7784
5 24 -10.1627 17 4.2095 -9.2388 18 3.8268 -9.8443 18 0.783 -7.7783 17 7.7784
5 24 -9.239 3 3.827 -9.2388 14 3.8268 -9.8443 7 0.783 -7.0712 3 7.0713
5 24 -4.2095 17 10.1626 -4.2095 14 10.1626 -0.783 14 10.8443 -7.7783 14 7.7784
5 24 -3.8268 18 9.2387 -4.2095 17 10.1626 -0.783 18 9.8443 -7.0712 18 7.0713
5 24 -3.8268 14 9.2387 -3.827 3 9.239 -0.783 7 9.8443 -7.0712 3 7.0713
5 24 -2.2961 7 5.5432 -2.2961 18 5.5432 -0.783 7 5.8443 -4.2427 7 4.2428
5 24 4.2095 14 10.1627 4.2095 17 10.1627 0.783 14 10.8443 7.7784 14 7.7783
5 24 4.2095 17 10.1627 3.8268 18 9.2388 0.783 18 9.8443 7.7784 17 7.7783
5 24 3.827 3 9.239 3.8268 14 9.2388 0.783 7 9.8443 7.0713 3 7.0712
5 24 2.2961 18 5.5433 2.2961 7 5.5433 0.783 7 5.8443 4.2428 18 4.2427
5 24 10.1626 17 4.2095 10.1626 14 4.2095 10.8443 14 0.783 7.7784 14 7.7783
5 24 9.2387 18 3.8268 10.1626 17 4.2095 9.8443 18 0.783 7.0713 18 7.0712
5 24 9.2387 14 3.8268 9.239 3 3.827 9.8443 7 0.783 7.0713 3 7.0712
5 24 5.5432 7 2.2961 5.5432 18 2.2961 5.8443 7 0.783 4.2428 7 4.2427
4 16 0 0 -40 40 0 0 8.4853 0 0 0 0 -8.4853
4 16 0 3 -14.1421 14.1421 3 0 36 3 0 0 3 -36
4 16 -40 0 0 0 0 -40 0 0 -8.4853 -8.4853 0 0
4 16 -14.1421 3 0 0 3 -14.1421 0 3 -36 -36 3 0
4 16 0 0 40 -40 0 0 -8.4853 0 0 0 0 8.4853
4 16 0 3 14.1421 -14.1421 3 0 -36 3 0 0 3 36
4 16 40 0 0 0 0 40 0 0 8.4853 8.4853 0 0
4 16 14.1421 3 0 0 3 14.1421 0 3 36 36 3 0
5 24 -5.5432 7 -2.2961 -5.5432 18 -2.2961 -5.8443 7 -0.783 -4.24278 7 -4.24272
5 24 -5.5433 18 2.2961 -5.5433 7 2.2961 -5.8443 7 0.783 -4.24272 18 4.24278
