0 Excavator Bucket  5 x  3 with Hinge
0 Name: 3433.dat
0 Author: Arne Hackstein
0 !LDRAW_ORG Part UPDATE 2016-01
0 !LICENSE Redistributable under CCAL version 2.0 : see CAreadme.txt

0 BFC CERTIFY CCW

0 !CATEGORY Vehicle

0 !HISTORY 1999-05-17 [PTadmin] Official Update 1999-03
0 !HISTORY 2007-06-25 [PTadmin] Header formatted for Contributor Agreement
0 !HISTORY 2008-07-01 [PTadmin] Official Update 2008-01
0 !HISTORY 2014-11-21 [roland] Auto-corrected with libfix version of LDCad 1.4
0 !HISTORY 2015-01-11 [Steffen] BFCed
0 !HISTORY 2016-06-05 [Holly-Wood] Fixed T-Junctions, closed overlaps and gaps, primitive substitution, created edges
0 !HISTORY 2016-12-31 [PTadmin] Official Update 2016-01

0 // Bucket
2 24 -16 -15 46 38 -15 46
2 24 38 -15 -46 -16 -15 -46
2 24 -2 11 -46 -2 11 46
2 24 40 -15 -50 0 -15 -50
2 24 0 -15 50 40 -15 50
2 24 40 -15 -50 40 -15 50
2 24 0 15 -17 0 15 17
2 24 -20 15 -17 -20 15 -2.5
2 24 -20 15 2.5 -20 15 17
2 24 -20 -15 -50 -20 -15 50
2 24 -20 9 2.5 -20 15 2.5
2 24 -20 9 -2.5 -20 15 -2.5
2 24 -20 9 2.5 -20 9 -2.5
2 24 0 15 -17 0 15 -21
2 24 0 15 21 0 15 17
2 24 0 15 50 42 -13 50
2 24 42 -13 -50 0 15 -50

1 16 -10 0 -50 0 0 -10 -15 0 0 0 1 0 rect3.dat
1 16 -10 0 50 0 0 -10 15 0 0 0 -1 0 rect3.dat
3 16 0 15 50 42 -13 50 0 15 21
3 16 0 15 21 42 -13 50 0 15 17
4 16 42 -13 -50 0 15 -17 0 15 17 42 -13 50
3 16 0 15 -17 42 -13 -50 0 15 -21
3 16 0 15 -21 42 -13 -50 0 15 -50
1 16 -10 15 -35.5 -10 0 0 0 -1 0 0 0 14.5 rect3.dat
1 16 -10 15 35.5 -10 0 0 0 -1 0 0 0 14.5 rect.dat
3 16 -20 15 -17 -20 15 -2.5 0 15 -17
4 16 0 15 17 0 15 -17 -20 15 -2.5 -20 15 2.5
3 16 0 15 17 -20 15 2.5 -20 15 17

4 16 0 -15 50 40 -15 50 42 -13 50 0 15 50
4 16 0 15 -50 42 -13 -50 40 -15 -50 0 -15 -50
4 16 -20 -15 -50 -16 -15 -46 -16 -15 46 -20 -15 50
4 16 40 -15 50 38 -15 46 38 -15 -46 40 -15 -50
1 16 41 -14 0 1 0 0 1 1 0 0 0 50 rect.dat

4 16 -16 11 46 -2 11 46 38 -15 46 -16 -15 46
4 16 -16 -15 -46 38 -15 -46 -2 11 -46 -16 11 -46
1 16 -16 -2 0 0 -1 0 0 0 13 -46 0 0 rect.dat
1 16 -9 11 0 0 0 7 0 1 0 -46 0 0 rect3.dat
1 16 18 -2 0 0 0 20 0 1 -13 -46 0 0 rect.dat
4 16 -20 15 -50 -20 -15 -50 -20 2.3 -21 -20 15 -21
3 16 -20 2.3 -21 -20 -15 -50 -20 2.3 -17
4 16 -20 15 -2.5 -20 15 -17 -20 2.3 -17 -20 9 -2.5
4 16 -20 15 2.5 -20 9 2.5 -20 2.3 17 -20 15 17
4 16 -20 2.3 -17 -20 2.3 17 -20 9 2.5 -20 9 -2.5
4 16 -20 15 21 -20 2.3 21 -20 -15 50 -20 15 50
3 16 -20 -15 50 -20 2.3 21 -20 2.3 17
4 16 -20 2.3 17 -20 2.3 -17 -20 -15 -50 -20 -15 50
3 16 -20 -15 50 -16 -15 46 0 -15 50
4 16 40 -15 50 0 -15 50 -16 -15 46 38 -15 46
3 16 -16 -15 -46 -20 -15 -50 0 -15 -50
4 16 40 -15 -50 38 -15 -46 -16 -15 -46 0 -15 -50

0 // Clips
2 24 -20 2.3 -17 -20 15 -17
2 24 -20 15 -17 0 15 -17
2 24 -31.773215 8.426959 -17 -26.12 11.88 -17
2 24 -26.12 11.88 -21 -31.773215 8.426959 -21
2 24 -31.773215 8.426959 -21 -31.773215 8.426959 -17
2 24 -20 2.3 -21 -20 15 -21
1 16 -24 14 -17 -2.12 0 2.12 -2.12 0 -2.12 0 -1 0 1-4ndis.dat
1 16 -24 14 -17 2.12 0 -2.12 2.12 0 2.12 0 -1 0 1-4ndis.dat
1 16 -24 14 -21 -2.12 0 2.12 -2.12 0 -2.12 0 1 0 1-4ndis.dat
1 16 -24 14 -21 2.12 0 -2.12 2.12 0 2.12 0 1 0 1-4ndis.dat
0 BFC INVERTNEXT
1 16 -24 14 -17 -2.12 0 2.12 2.12 0 2.12 0 -4 0 3-4cylo.dat
1 16 -20 16 -17 -2.97 0 -13.68 -13.68 0 2.97 0 -4 0 1-8cylo.dat
1 16 -20 12 -17 7.53 0 -11.81 11.81 0 7.53 0 -4 0 1-4cylo.dat
1 16 -28.9465 10.1535 -19 2.8265 0 0 1.7265 -1 0 0 0 -2 rect1.dat
1 16 -28.965 17.825 -19 2.845 0 0 -1.705 1 0 0 0 2 rect.dat
1 16 -21.485 2.31 -19 0 0 1.485 0 1 -.01 -2 0 0 rect3.dat
1 16 -6.235 19.405 -19 6.235 0 0 -4.405 -1 0 0 0 -2 rect2p.dat
4 16 -31.81 19.53 -17 -26.12 16.12 -17 -24 18.24 -17 -28.03 23.477 -17
4 16 -12.47 23.81 -17 -17.563 25.793 -17 -23.026 25.675 -17 -20 15 -17
3 16 -12.47 23.81 -17 -20 15 -17 0 15 -17
4 16 -27.979 4.498 -17 -24 9.76 -17 -26.12 11.88 -17 -31.773 8.427 -17
4 16 -21.88 11.88 -17 -24 9.76 -17 -27.979 4.498 -17 -22.97 2.32 -17
3 16 -21.23 15.147 -17 -21.002 14 -17 -20 15 -17
3 16 -21.88 16.12 -17 -21.23 15.147 -17 -20 15 -17
4 16 -20 15 -17 -23.026 25.675 -17 -28.03 23.477 -17 -24 18.24 -17
3 16 -24 18.24 -17 -21.88 16.12 -17 -20 15 -17
4 16 -21.002 14 -17 -21.23 12.853 -17 -20 2.3 -17 -20 15 -17
4 16 -22.97 2.32 -17 -20 2.3 -17 -21.23 12.853 -17 -21.88 11.88 -17
4 16 -24 18.24 -21 -26.12 16.12 -21 -31.81 19.53 -21 -28.03 23.477 -21
4 16 -23.026 25.675 -21 -17.563 25.793 -21 -12.47 23.81 -21 -20 15 -21
3 16 -20 15 -21 -12.47 23.81 -21 0 15 -21
4 16 -26.12 11.88 -21 -24 9.76 -21 -27.979 4.498 -21 -31.773 8.427 -21
4 16 -27.979 4.498 -21 -24 9.76 -21 -21.88 11.88 -21 -22.97 2.32 -21
3 16 -21.002 14 -21 -21.23 15.147 -21 -20 15 -21
3 16 -21.23 15.147 -21 -21.88 16.12 -21 -20 15 -21
4 16 -28.03 23.477 -21 -23.026 25.675 -21 -20 15 -21 -24 18.24 -21
3 16 -21.88 16.12 -21 -24 18.24 -21 -20 15 -21
4 16 -20 2.3 -21 -21.23 12.853 -21 -21.002 14 -21 -20 15 -21
4 16 -21.23 12.853 -21 -20 2.3 -21 -22.97 2.32 -21 -21.88 11.88 -21

2 24 -20 2.3 21 -20 15 21
2 24 -31.773215 8.426959 21 -26.12 11.88 21
2 24 -26.12 11.88 17 -31.773215 8.426959 17
2 24 -31.773215 8.426959 17 -31.773215 8.426959 21
2 24 0 15 17 -20 15 17
2 24 -20 2.3 17 -20 15 17
1 16 -24 14 21 -2.12 0 2.12 -2.12 0 -2.12 0 -1 0 1-4ndis.dat
1 16 -24 14 21 2.12 0 -2.12 2.12 0 2.12 0 -1 0 1-4ndis.dat
1 16 -24 14 17 -2.12 0 2.12 -2.12 0 -2.12 0 1 0 1-4ndis.dat
1 16 -24 14 17 2.12 0 -2.12 2.12 0 2.12 0 1 0 1-4ndis.dat
0 BFC INVERTNEXT
1 16 -24 14 21 -2.12 0 2.12 2.12 0 2.12 0 -4 0 3-4cylo.dat
1 16 -20 16 21 -2.97 0 -13.68 -13.68 0 2.97 0 -4 0 1-8cylo.dat
1 16 -20 12 21 7.53 0 -11.81 11.81 0 7.53 0 -4 0 1-4cylo.dat
1 16 -28.9465 10.1535 19 2.8265 0 0 1.7265 -1 0 0 0 -2 rect1.dat
1 16 -28.965 17.825 19 2.845 0 0 -1.705 1 0 0 0 2 rect.dat
1 16 -21.485 2.31 19 0 0 1.485 0 1 -.01 -2 0 0 rect3.dat
1 16 -6.235 19.405 19 6.235 0 0 -4.405 -1 0 0 0 -2 rect2p.dat

4 16 -31.81 19.53 21 -26.12 16.12 21 -24 18.24 21 -28.03 23.477 21
4 16 -12.47 23.81 21 -17.563 25.793 21 -23.026 25.675 21 -20 15 21
3 16 -12.47 23.81 21 -20 15 21 0 15 21
4 16 -27.979 4.498 21 -24 9.76 21 -26.12 11.88 21 -31.773 8.427 21
4 16 -21.88 11.88 21 -24 9.76 21 -27.979 4.498 21 -22.97 2.32 21
3 16 -21.23 15.147 21 -21.002 14 21 -20 15 21
3 16 -21.88 16.12 21 -21.23 15.147 21 -20 15 21
4 16 -20 15 21 -23.026 25.675 21 -28.03 23.477 21 -24 18.24 21
3 16 -24 18.24 21 -21.88 16.12 21 -20 15 21
4 16 -21.002 14 21 -21.23 12.853 21 -20 2.3 21 -20 15 21
4 16 -22.97 2.32 21 -20 2.3 21 -21.23 12.853 21 -21.88 11.88 21
4 16 -24 18.24 17 -26.12 16.12 17 -31.81 19.53 17 -28.03 23.477 17
4 16 -23.026 25.675 17 -17.563 25.793 17 -12.47 23.81 17 -20 15 17
3 16 -20 15 17 -12.47 23.81 17 0 15 17
4 16 -26.12 11.88 17 -24 9.76 17 -27.979 4.498 17 -31.773 8.427 17
4 16 -27.979 4.498 17 -24 9.76 17 -21.88 11.88 17 -22.97 2.32 17
3 16 -21.002 14 17 -21.23 15.147 17 -20 15 17
3 16 -21.23 15.147 17 -21.88 16.12 17 -20 15 17
4 16 -28.03 23.477 17 -23.026 25.675 17 -20 15 17 -24 18.24 17
3 16 -21.88 16.12 17 -24 18.24 17 -20 15 17
4 16 -20 2.3 17 -21.23 12.853 17 -21.002 14 17 -20 15 17
4 16 -21.23 12.853 17 -20 2.3 17 -22.97 2.32 17 -21.88 11.88 17

5 24 -22.97 2.32 -17 -22.97 2.32 -21 -20 2.3 -17 -27.9793 4.49767 -17
5 24 -12.47 23.81 -21 -12.47 23.81 -17 0 15 -17 -17.5627 25.793 -21
5 24 -22.97 2.32 21 -22.97 2.32 17 -20 2.3 21 -27.9793 4.49767 21
5 24 -12.47 23.81 17 -12.47 23.81 21 0 15 21 -17.5627 25.793 17

0 // Stop
1 16 -26 12 0 0 6 0 -3 0 0 0 0 2.5 box4o8a.dat
1 16 -26 12 2.5 0 0 -3 3 0 0 0 -1 0 2-4disc.dat
1 16 -26 12 -2.5 0 0 -3 -3 0 0 0 1 0 2-4disc.dat
1 16 -26 12 -2.5 0 0 -3 3 0 0 0 5 0 2-4cylo.dat
