0 Hinge Plate  2 x  4 - Female
0 Name: 3597.dat
0 Author: James Jessiman
0 !LDRAW_ORG Part UPDATE 2009-02
0 !LICENSE Redistributable under CCAL version 2.0 : see CAreadme.txt

0 BFC CERTIFY CCW

0 !HISTORY 1999-02-01 [PTadmin] Official Update 1999-01
0 !HISTORY 2007-06-25 [PTadmin] Header formatted for Contributor Agreement
0 !HISTORY 2008-07-01 [PTadmin] Official Update 2008-01
0 !HISTORY 2008-07-07 [guyvivan] Made BFC compliant (2005-05-28)
0 !HISTORY 2009-09-03 [PTadmin] Official Update 2009-02

1 16 0 4 20 1 0 0 0 -1 0 0 0 1 stud4.dat
1 16 0 4 0 1 0 0 0 -1 0 0 0 1 stud4.dat
1 16 0 4 -20 1 0 0 0 -1 0 0 0 1 stud4.dat
0 BFC INVERTNEXT
1 16 0 8 0 16 0 0 0 -4 0 0 0 36 box5.dat
1 16 0 8 0 20 0 0 0 -8 0 0 0 40 box4o4a.dat
1 16 0 0 -24 2 0 0 0 -4 0 0 0 4 box4o4a.dat
4 16 20 8 40 16 8 36 -16 8 36 -20 8 40
4 16 -20 8 40 -16 8 36 -16 8 -36 -20 8 -40
4 16 -20 8 -40 -16 8 -36 16 8 -36 20 8 -40
4 16 20 8 -40 16 8 -36 16 8 36 20 8 40
2 24 -20 0 -8 -16 0 -8
2 24 16 0 -8 20 0 -8
2 24 20 -8 -20 20 -14 -16
2 24 20 -8 -28 20 -14 -32
2 24 16 -8 -20 16 -14 -16
2 24 16 -8 -28 16 -14 -32
2 24 -16 -8 -20 -16 -14 -16
2 24 -16 -8 -28 -16 -14 -32
2 24 -20 -8 -20 -20 -14 -16
2 24 -20 -8 -28 -20 -14 -32
2 24 20 -14 -16 16 -14 -16
2 24 -20 -14 -16 -16 -14 -16
2 24 20 -14 -32 16 -14 -32
2 24 -20 -14 -32 -16 -14 -32
1 16 20 -4 -24 0 1 0 0 0 4 4 0 0 2-4edge.dat
1 16 16 -4 -24 0 1 0 0 0 4 4 0 0 2-4edge.dat
1 16 2 -4 -24 0 1 0 0 0 -4 4 0 0 2-4edge.dat
1 16 -2 -4 -24 0 1 0 0 0 -4 4 0 0 2-4edge.dat
1 16 -16 -4 -24 0 1 0 0 0 4 4 0 0 2-4edge.dat
1 16 -20 -4 -24 0 1 0 0 0 4 4 0 0 2-4edge.dat
1 16 0 0 16 20 0 0 0 1 0 0 0 24 rect3.dat
1 16 0 0 -24 -16 0 0 0 1 0 0 0 -16 rect3.dat
1 16 20 -4 -24 0 -1 0 0 0 4 4 0 0 2-4ndis.dat
4 16 20 0 -16 20 -14 -16 20 -8 -20 20 0 -20
4 16 20 0 -28 20 -8 -28 20 -14 -32 20 0 -32
1 16 16 -4 -24 0 1 0 0 0 4 4 0 0 2-4ndis.dat
4 16 -20 0 -32 -20 -14 -32 -20 -8 -28 -20 0 -28
4 16 -20 0 -20 -20 -8 -20 -20 -14 -16 -20 0 -16
1 16 2 -4 -24 0 -1 0 0 0 -4 4 0 0 2-4disc.dat
1 16 -2 -4 -24 0 1 0 0 0 -4 4 0 0 2-4disc.dat
1 16 -16 -4 -24 0 -1 0 0 0 4 4 0 0 2-4ndis.dat
4 16 -16 0 -16 -16 -14 -16 -16 -8 -20 -16 0 -20
4 16 -16 0 -28 -16 -8 -28 -16 -14 -32 -16 0 -32
1 16 -20 -4 -24 0 1 0 0 0 4 4 0 0 2-4ndis.dat
4 16 16 0 -32 16 -14 -32 16 -8 -28 16 0 -28
4 16 16 0 -20 16 -8 -20 16 -14 -16 16 0 -16
0 BFC INVERTNEXT
1 16 20 -4 -24 0 -4 0 0 0 4 4 0 0 2-4cyli.dat
1 16 2 -4 -24 0 -4 0 0 0 -4 4 0 0 2-4cyli.dat
0 BFC INVERTNEXT
1 16 -20 -4 -24 0 4 0 0 0 4 4 0 0 2-4cyli.dat
1 16 -20 0 -32 0 4 0 -14 0 0 0 0 -8 1-4cyli.dat
1 16 -20 0 -32 0 1 0 -14 0 0 0 0 -8 1-4edge.dat
1 16 -16 0 -32 0 1 0 -14 0 0 0 0 -8 1-4edge.dat
1 16 -16 0 -32 0 -1 0 -14 0 0 0 0 -8 1-4disc.dat
1 16 -20 0 -32 0 1 0 -14 0 0 0 0 -8 1-4disc.dat
1 16 -16 0 -16 0 -4 0 -14 0 0 0 0 8 1-4cyli.dat
1 16 -16 0 -16 0 -1 0 -14 0 0 0 0 8 1-4edge.dat
1 16 -20 0 -16 0 -1 0 -14 0 0 0 0 8 1-4edge.dat
1 16 -20 0 -16 0 1 0 -14 0 0 0 0 8 1-4disc.dat
1 16 -16 0 -16 0 -1 0 -14 0 0 0 0 8 1-4disc.dat
1 16 16 0 -32 0 4 0 -14 0 0 0 0 -8 1-4cyli.dat
1 16 16 0 -32 0 1 0 -14 0 0 0 0 -8 1-4edge.dat
1 16 20 0 -32 0 1 0 -14 0 0 0 0 -8 1-4edge.dat
1 16 20 0 -32 0 -1 0 -14 0 0 0 0 -8 1-4disc.dat
1 16 16 0 -32 0 1 0 -14 0 0 0 0 -8 1-4disc.dat
1 16 20 0 -16 0 -4 0 -14 0 0 0 0 8 1-4cyli.dat
1 16 20 0 -16 0 -1 0 -14 0 0 0 0 8 1-4edge.dat
1 16 16 0 -16 0 -1 0 -14 0 0 0 0 8 1-4edge.dat
1 16 16 0 -16 0 1 0 -14 0 0 0 0 8 1-4disc.dat
1 16 20 0 -16 0 -1 0 -14 0 0 0 0 8 1-4disc.dat
4 16 20 -8 -20 20 -14 -16 16 -14 -16 16 -8 -20
4 16 -16 -8 -20 -16 -14 -16 -20 -14 -16 -20 -8 -20
4 16 16 -8 -28 16 -14 -32 20 -14 -32 20 -8 -28
4 16 -20 -8 -28 -20 -14 -32 -16 -14 -32 -16 -8 -28
1 16 0 0 20 1 0 0 0 1 0 0 0 1 stug2.dat
1 16 18 -6 -28 -2 0 0 0 0 -2 0 -1 0 rect3.dat
1 16 -18 -6 -28 -2 0 0 0 0 -2 0 -1 0 rect3.dat
1 16 -18 -6 -20 2 0 0 0 0 -2 0 1 0 rect3.dat
1 16 18 -6 -20 2 0 0 0 0 -2 0 1 0 rect3.dat
0
