0 ~Minifig Glasses, Thin Brown Eyebrows and Smile Pattern
0 Name: s\3626p87s01.dat
0 Author: Howard Lande [HowardLande]
0 !LDRAW_ORG Subpart UPDATE 2014-01
0 !LICENSE Redistributable under CCAL version 2.0 : see CAreadme.txt

0 BFC CERTIFY CCW

0 !HISTORY 2014-06-21 [PTadmin] Official Update 2014-01

0 // Head without stud

1 16 0 4 0 13 0 0 0 13 0 0 0 13 2-4cyli.dat
1 16 0 4 0 8 0 0 0 -6.4 0 0 0 8 t04o6250.dat
1 16 0 4 0 0 0 8 0 -6.4 0 -8 0 0 t04o6250.dat
1 16 0 4 0 -8 0 0 0 -6.4 0 0 0 -8 t04o6250.dat
1 16 0 4 0 0 0 -8 0 -6.4 0 8 0 0 t04o6250.dat
1 16 0 17 0 8 0 0 0 6.4 0 0 0 8 t04o6250.dat
1 16 0 17 0 0 0 -8 0 6.4 0 8 0 0 t04o6250.dat
1 16 0 17 0 -8 0 0 0 6.4 0 0 0 -8 t04o6250.dat
1 16 0 17 0 0 0 8 0 6.4 0 -8 0 0 t04o6250.dat
1 16 0 4 0 12.0104 0 4.9749 0 13 0 -4.9749 0 12.0104 1-16cyli.dat
1 16 0 4 0 -13 0 0 0 13 0 0 0 -13 1-16cyli.dat

0 // Pattern
4 0 -9.192 7.56 -9.192 -9.192 6.86 -9.192 -11.5 6.62 -5.739 -11.56 7.32 -5.649
4 0 -11.56 7.32 -5.649 -11.5 6.62 -5.739 -11.66 6.74 -5.5 -11.68 7.16 -5.47
3 0 -11.68 7.16 -5.47 -11.66 6.74 -5.5 -11.74 6.94 -5.38
3 16 -12.011 4 -4.975 -12.011 17 -4.975 -11.74 6.94 -5.38
3 16 -11.74 6.94 -5.38 -11.66 6.74 -5.5 -12.011 4 -4.975
4 16 -12.011 4 -4.975 -11.66 6.74 -5.5 -11.5 6.62 -5.739 -9.192 4 -9.192
3 16 -9.192 4 -9.192 -11.5 6.62 -5.739 -9.192 6.86 -9.192
3 16 -11.68 7.16 -5.47 -11.74 6.94 -5.38 -12.011 17 -4.975
4 16 -11.56 7.32 -5.649 -11.68 7.16 -5.47 -12.011 17 -4.975 -9.192 17 -9.192
3 16 -9.192 17 -9.192 -9.192 7.56 -9.192 -11.56 7.32 -5.649
3 0 -5.69 11.606 -11.533 -4.975 11.64 -12.011 -4.975 11.011 -12.011
4 0 -6.1 11.54 -11.259 -5.69 11.606 -11.533 -4.975 11.011 -12.011 -5.66 10.98 -11.553
4 0 -6.1 11.54 -11.259 -5.66 10.98 -11.553 -6.075 10.843 -11.276 -6.572 11.323 -10.943
4 0 -6.572 11.323 -10.943 -6.075 10.843 -11.276 -6.43 10.589 -11.038 -6.966 10.964 -10.68
4 0 -6.966 10.964 -10.68 -6.43 10.589 -11.038 -6.716 10.259 -10.847 -7.262 10.525 -10.482
4 0 -7.262 10.525 -10.482 -6.716 10.259 -10.847 -6.94 9.88 -10.697 -7.48 10.02 -10.336
4 0 -7.48 10.02 -10.336 -6.94 9.88 -10.697 -7.039 9.507 -10.631 -7.586 9.63 -10.265
4 0 -7.586 9.63 -10.265 -7.039 9.507 -10.631 -7.055 9.021 -10.621 -7.613 9.054 -10.248
4 0 -7.613 9.054 -10.248 -7.055 9.021 -10.621 -7.031 8.538 -10.637 -7.593 8.473 -10.261
4 0 -7.593 8.473 -10.261 -7.031 8.538 -10.637 -6.98 7.96 -10.671 -7.54 7.74 -10.296
4 0 -7.54 7.74 -10.296 -6.98 7.96 -10.671 -6.962 7.594 -10.683 -7.4 7.06 -10.39
4 0 -7.4 7.06 -10.39 -6.962 7.594 -10.683 -6.792 7.27 -10.796 -7.284 6.759 -10.467
4 0 -7.025 6.527 -10.641 -7.284 6.759 -10.467 -6.792 7.27 -10.796 -6.699 6.408 -10.858
4 0 -6.699 6.408 -10.858 -6.792 7.27 -10.796 -6.393 7.075 -11.063 -6.32 6.361 -11.112
4 0 -6.32 6.361 -11.112 -6.393 7.075 -11.063 -5.94 7 -11.366 -5.75 6.361 -11.493
4 0 -5.75 6.361 -11.493 -5.94 7 -11.366 -5.38 7 -11.74 -4.975 6.361 -12.011
4 15 -6.075 10.843 -11.276 -5.66 10.98 -11.553 -4.975 11.011 -12.011 -5.252 9.716 -11.826
4 15 -6.43 10.589 -11.038 -6.075 10.843 -11.276 -5.252 9.716 -11.826 -6.716 10.259 -10.847
4 15 -6.94 9.88 -10.697 -6.716 10.259 -10.847 -5.252 9.716 -11.826 -5.556 9.186 -11.622
4 15 -7.039 9.507 -10.631 -6.94 9.88 -10.697 -5.556 9.186 -11.622 -7.055 9.021 -10.621
4 15 -7.055 9.021 -10.621 -5.556 9.186 -11.622 -5.663 8.56 -11.551 -7.031 8.538 -10.637
4 15 -7.031 8.538 -10.637 -5.663 8.56 -11.551 -5.556 7.934 -11.622 -6.98 7.96 -10.671
4 15 -6.962 7.594 -10.683 -6.98 7.96 -10.671 -5.556 7.934 -11.622 -6.792 7.27 -10.796
4 15 -6.393 7.075 -11.063 -6.792 7.27 -10.796 -5.556 7.934 -11.622 -5.94 7 -11.366
4 15 -5.94 7 -11.366 -5.556 7.934 -11.622 -5.252 7.404 -11.826 -5.38 7 -11.74
3 15 -5.252 9.716 -11.826 -4.975 11.011 -12.011 -4.975 9.953 -12.011
3 0 -5.38 7 -11.74 -4.975 7 -12.011 -4.975 6.361 -12.011
4 15 -5.38 7 -11.74 -5.252 7.404 -11.826 -4.975 7.16 -12.011 -4.975 7 -12.011
3 0 -5.252 7.404 -11.826 -4.975 9.953 -12.011 -4.975 7.16 -12.011
4 0 -5.556 9.186 -11.622 -5.252 9.716 -11.826 -4.975 9.953 -12.011 -5.252 7.404 -11.826
4 0 -5.556 9.186 -11.622 -5.252 7.404 -11.826 -5.556 7.934 -11.622 -5.663 8.56 -11.551
4 0 -7.54 7.74 -10.296 -7.4 7.06 -10.39 -9.192 6.86 -9.192 -9.192 7.56 -9.192
4 70 -5.734 4.6 -11.503 -5.294 5.394 -11.798 -4.975 5.42 -12.011 -5.333 4.582 -11.772
4 70 -5.719 5.377 -11.513 -5.294 5.394 -11.798 -5.734 4.6 -11.503 -6.23 4.686 -11.172
4 70 -6.152 5.393 -11.224 -5.719 5.377 -11.513 -6.23 4.686 -11.172 -6.699 4.846 -10.859
4 70 -6.586 5.451 -10.934 -6.152 5.393 -11.224 -6.699 4.846 -10.859 -7.137 5.089 -10.566
4 70 -7.005 5.555 -10.654 -6.586 5.451 -10.934 -7.137 5.089 -10.566 -7.518 5.408 -10.311
4 70 -7.402 5.714 -10.389 -7.005 5.555 -10.654 -7.518 5.408 -10.311 -7.831 5.794 -10.102
3 70 -7.77 5.935 -10.143 -7.402 5.714 -10.389 -7.831 5.794 -10.102
3 70 -7.77 5.935 -10.143 -7.831 5.794 -10.102 -8 6.12 -9.989
3 70 -5.333 4.582 -11.772 -4.975 5.42 -12.011 -4.975 4.581 -12.011
3 16 -4.975 4.581 -12.011 -4.975 4 -12.011 -5.333 4.582 -11.772
3 16 -5.734 4.6 -11.503 -5.333 4.582 -11.772 -4.975 4 -12.011
4 16 -6.23 4.686 -11.172 -5.734 4.6 -11.503 -4.975 4 -12.011 -9.192 4 -9.192
3 16 -6.699 4.846 -10.859 -6.23 4.686 -11.172 -9.192 4 -9.192
3 16 -7.137 5.089 -10.566 -6.699 4.846 -10.859 -9.192 4 -9.192
3 16 -7.518 5.408 -10.311 -7.137 5.089 -10.566 -9.192 4 -9.192
3 16 -7.831 5.794 -10.102 -7.518 5.408 -10.311 -9.192 4 -9.192
4 16 -8 6.12 -9.989 -7.831 5.794 -10.102 -9.192 4 -9.192 -9.192 6.86 -9.192
4 16 -8 6.12 -9.989 -9.192 6.86 -9.192 -7.4 7.06 -10.39 -7.284 6.759 -10.467
4 16 -7.77 5.935 -10.143 -8 6.12 -9.989 -7.284 6.759 -10.467 -7.025 6.527 -10.641
4 16 -7.402 5.714 -10.389 -7.77 5.935 -10.143 -7.025 6.527 -10.641 -6.699 6.408 -10.858
4 16 -7.005 5.555 -10.654 -7.402 5.714 -10.389 -6.699 6.408 -10.858 -6.586 5.451 -10.934
4 16 -6.586 5.451 -10.934 -6.699 6.408 -10.858 -6.32 6.361 -11.112 -6.152 5.393 -11.224
4 16 -6.152 5.393 -11.224 -6.32 6.361 -11.112 -5.75 6.361 -11.493 -5.719 5.377 -11.513
4 16 -5.719 5.377 -11.513 -5.75 6.361 -11.493 -4.975 6.361 -12.011 -5.294 5.394 -11.798
3 16 -4.975 6.361 -12.011 -4.975 5.42 -12.011 -5.294 5.394 -11.798
3 16 -7.593 8.473 -10.261 -7.54 7.74 -10.296 -9.192 7.56 -9.192
3 16 -7.613 9.054 -10.248 -7.593 8.473 -10.261 -9.192 7.56 -9.192
4 16 -7.586 9.63 -10.265 -7.613 9.054 -10.248 -9.192 7.56 -9.192 -9.192 17 -9.192
3 16 -7.48 10.02 -10.336 -7.586 9.63 -10.265 -9.192 17 -9.192
3 16 -7.262 10.525 -10.482 -7.48 10.02 -10.336 -9.192 17 -9.192
3 16 -6.966 10.964 -10.68 -7.262 10.525 -10.482 -9.192 17 -9.192
3 16 -6.572 11.323 -10.943 -6.966 10.964 -10.68 -9.192 17 -9.192
3 16 -6.1 11.54 -11.259 -6.572 11.323 -10.943 -9.192 17 -9.192
4 16 -5.69 11.606 -11.533 -6.1 11.54 -11.259 -9.192 17 -9.192 -4.975 17 -12.011
3 16 -4.975 17 -12.011 -4.975 11.64 -12.011 -5.69 11.606 -11.533
4 15 -4.26 7.92 -12.153 -4.85 7.675 -12.035 -4.899 7.92 -12.026 -4.85 8.165 -12.035
4 15 -4.26 7.92 -12.153 -4.85 8.165 -12.035 -4.712 8.372 -12.063 -4.505 8.51 -12.104
4 15 -4.26 7.92 -12.153 -4.505 8.51 -12.104 -4.26 8.559 -12.153 -4.015 8.51 -12.201
4 15 -4.26 7.92 -12.153 -4.015 8.51 -12.201 -3.808 8.372 -12.243 -3.67 8.165 -12.27
4 15 -4.26 7.92 -12.153 -3.67 8.165 -12.27 -3.621 7.92 -12.28 -3.67 7.675 -12.27
4 15 -4.26 7.92 -12.153 -3.67 7.675 -12.27 -3.808 7.468 -12.243 -4.015 7.33 -12.201
4 15 -4.26 7.92 -12.153 -4.015 7.33 -12.201 -4.26 7.281 -12.153 -4.505 7.33 -12.104
4 15 -4.26 7.92 -12.153 -4.505 7.33 -12.104 -4.712 7.468 -12.063 -4.85 7.675 -12.035
4 0 -2.964 7.934 -12.411 -3.67 7.675 -12.27 -3.621 7.92 -12.28 -2.857 8.56 -12.432
4 0 -2.857 8.56 -12.432 -3.621 7.92 -12.28 -3.67 8.165 -12.27 -2.964 9.186 -12.411
4 0 -2.964 9.186 -12.411 -3.67 8.165 -12.27 -3.808 8.372 -12.243 -3.268 9.716 -12.35
4 0 -3.268 9.716 -12.35 -3.808 8.372 -12.243 -4.015 8.51 -12.201 -3.723 10.071 -12.26
4 0 -3.723 10.071 -12.26 -4.015 8.51 -12.201 -4.26 8.559 -12.153 -4.26 10.195 -12.153
4 0 -4.26 10.195 -12.153 -4.26 8.559 -12.153 -4.505 8.51 -12.104 -4.797 10.071 -12.046
4 0 -4.797 10.071 -12.046 -4.505 8.51 -12.104 -4.712 8.372 -12.063 -4.975 9.953 -12.011
4 0 -4.797 7 -12.046 -4.505 7.33 -12.104 -4.26 7.281 -12.153 -4.26 6.925 -12.153
4 0 -4.26 6.925 -12.153 -4.26 7.281 -12.153 -4.015 7.33 -12.201 -3.723 7 -12.26
4 0 -3.723 7 -12.26 -4.015 7.33 -12.201 -3.808 7.468 -12.243 -3.268 7.404 -12.35
4 0 -3.268 7.404 -12.35 -3.808 7.468 -12.243 -3.67 7.675 -12.27 -2.964 7.934 -12.411
4 0 -4.04 6.361 -12.197 -4.364 6.361 -12.132 -4.26 6.925 -12.153 -3.723 7 -12.26
4 0 -3.519 6.361 -12.3 -4.04 6.361 -12.197 -3.723 7 -12.26 -3.48 7 -12.308
4 0 -2.812 6.361 -12.441 -3.519 6.361 -12.3 -3.48 7 -12.308 -2.806 7 -12.442
4 0 -2.188 6.361 -12.565 -2.812 6.361 -12.441 -2.806 7 -12.442 -2.02 7.02 -12.598
4 0 -1.86 6.38 -12.63 -2.188 6.361 -12.565 -2.02 7.02 -12.598 -1.501 6.468 -12.702
4 0 -1.501 6.468 -12.702 -2.02 7.02 -12.598 -1.72 7.097 -12.658 -1.162 6.683 -12.769
4 0 -1.162 6.683 -12.769 -1.72 7.097 -12.658 -1.499 7.313 -12.702 -0.852 7.05 -12.831
4 0 -0.78 7.36 -12.845 -0.852 7.05 -12.831 -1.499 7.313 -12.702 -1.345 7.675 -12.733
4 0 -0.734 7.904 -12.854 -0.78 7.36 -12.845 -1.345 7.675 -12.733 -1.3 7.9 -12.742
4 0 -0.702 8.18 -12.86 -0.734 7.904 -12.854 -1.3 7.9 -12.742 -1.28 8.408 -12.746
4 0 -0.72 8.895 -12.857 -0.702 8.18 -12.86 -1.28 8.408 -12.746 -1.297 8.95 -12.742
4 0 -0.8 9.54 -12.841 -0.72 8.895 -12.857 -1.297 8.95 -12.742 -1.384 9.542 -12.725
4 0 -0.966 10.051 -12.808 -0.8 9.54 -12.841 -1.384 9.542 -12.725 -1.5 9.92 -12.702
4 0 -1.22 10.524 -12.757 -0.966 10.051 -12.808 -1.5 9.92 -12.702 -1.747 10.349 -12.653
4 0 -1.535 10.953 -12.695 -1.22 10.524 -12.757 -1.747 10.349 -12.653 -2.155 10.673 -12.572
4 0 -1.96 11.3 -12.61 -1.535 10.953 -12.695 -2.155 10.673 -12.572 -2.639 10.864 -12.475
4 0 -2.454 11.453 -12.512 -1.96 11.3 -12.61 -2.639 10.864 -12.475 -3.18 10.96 -12.368
4 0 -2.975 11.552 -12.408 -2.454 11.453 -12.512 -3.18 10.96 -12.368 -3.609 11.623 -12.282
4 0 -3.609 11.623 -12.282 -3.18 10.96 -12.368 -3.798 10.992 -12.245 -4.407 11.652 -12.124
4 0 -4.407 11.652 -12.124 -3.798 10.992 -12.245 -4.461 11.013 -12.113 -4.975 11.64 -12.011
3 0 -4.975 11.011 -12.011 -4.975 11.64 -12.011 -4.461 11.013 -12.113
4 0 -4.364 6.361 -12.132 -4.975 6.361 -12.011 -4.797 7 -12.046 -4.26 6.925 -12.153
3 15 -3.268 7.404 -12.35 -3.48 7 -12.308 -3.723 7 -12.26
4 15 -2.806 7 -12.442 -3.268 7.404 -12.35 -2.964 7.934 -12.411 -2.02 7.02 -12.598
3 15 -3.48 7 -12.308 -3.268 7.404 -12.35 -2.806 7 -12.442
4 15 -1.72 7.097 -12.658 -2.02 7.02 -12.598 -2.964 7.934 -12.411 -1.499 7.313 -12.702
4 15 -1.345 7.675 -12.733 -1.499 7.313 -12.702 -2.964 7.934 -12.411 -1.3 7.9 -12.742
4 15 -1.3 7.9 -12.742 -2.964 7.934 -12.411 -2.857 8.56 -12.432 -1.28 8.408 -12.746
4 15 -1.297 8.95 -12.742 -1.28 8.408 -12.746 -2.857 8.56 -12.432 -2.964 9.186 -12.411
4 15 -1.384 9.542 -12.725 -1.297 8.95 -12.742 -2.964 9.186 -12.411 -3.268 9.716 -12.35
4 15 -1.5 9.92 -12.702 -1.384 9.542 -12.725 -3.268 9.716 -12.35 -1.747 10.349 -12.653
4 15 -2.155 10.673 -12.572 -1.747 10.349 -12.653 -3.268 9.716 -12.35 -2.639 10.864 -12.475
4 15 -2.639 10.864 -12.475 -3.268 9.716 -12.35 -3.723 10.071 -12.26 -3.18 10.96 -12.368
4 15 -3.798 10.992 -12.245 -3.18 10.96 -12.368 -3.723 10.071 -12.26 -4.26 10.195 -12.153
4 15 -4.461 11.013 -12.113 -3.798 10.992 -12.245 -4.26 10.195 -12.153 -4.797 10.071 -12.046
4 15 -4.975 11.011 -12.011 -4.461 11.013 -12.113 -4.797 10.071 -12.046 -4.975 9.953 -12.011
4 0 0 7.98 -13 0 7.18 -13 -0.24 7.2 -12.952 -0.24 8 -12.952
4 0 -0.24 8 -12.952 -0.24 7.2 -12.952 -0.5 7.26 -12.901 -0.48 8.06 -12.905
4 0 -0.48 8.06 -12.905 -0.5 7.26 -12.901 -0.78 7.36 -12.845 -0.734 7.904 -12.854
3 0 -0.48 8.06 -12.905 -0.734 7.904 -12.854 -0.702 8.18 -12.86
3 0 -4.797 7 -12.046 -4.975 6.361 -12.011 -4.975 7 -12.011
3 15 -4.975 7.16 -12.011 -4.797 7 -12.046 -4.975 7 -12.011
4 0 -4.712 7.468 -12.063 -4.505 7.33 -12.104 -4.797 7 -12.046 -4.975 7.16 -12.011
3 0 -4.712 7.468 -12.063 -4.975 7.16 -12.011 -4.85 7.675 -12.035
3 0 -4.85 7.675 -12.035 -4.975 7.16 -12.011 -4.899 7.92 -12.026
3 0 -4.975 7.16 -12.011 -4.975 9.953 -12.011 -4.899 7.92 -12.026
3 0 -4.85 8.165 -12.035 -4.899 7.92 -12.026 -4.975 9.953 -12.011
3 0 -4.712 8.372 -12.063 -4.85 8.165 -12.035 -4.975 9.953 -12.011
4 70 -2.52 6.06 -12.499 -2.02 5.5 -12.598 -3.254 4.989 -12.353 -3.602 5.706 -12.284
4 70 -3.602 5.706 -12.284 -3.254 4.989 -12.353 -3.737 4.832 -12.257 -4.023 5.598 -12.2
4 70 -4.023 5.598 -12.2 -3.737 4.832 -12.257 -4.231 4.706 -12.159 -4.437 5.509 -12.118
4 70 -4.437 5.509 -12.118 -4.231 4.706 -12.159 -4.727 4.621 -12.06 -4.975 5.42 -12.011
3 70 -4.975 4.581 -12.011 -4.975 5.42 -12.011 -4.727 4.621 -12.06
4 0 0 15.6 -13 0 14.78 -13 -0.52 14.774 -12.897 -0.777 15.587 -12.845
4 0 -0.777 15.587 -12.845 -0.52 14.774 -12.897 -1.043 14.772 -12.793 -1.297 15.542 -12.742
4 0 -1.297 15.542 -12.742 -1.043 14.772 -12.793 -1.57 14.755 -12.688 -1.824 15.472 -12.637
4 0 -1.824 15.472 -12.637 -1.57 14.755 -12.688 -2.092 14.719 -12.584 -2.345 15.372 -12.534
4 0 -2.345 15.372 -12.534 -2.092 14.719 -12.584 -2.606 14.658 -12.482 -2.854 15.233 -12.432
4 0 -2.854 15.233 -12.432 -2.606 14.658 -12.482 -3.118 14.564 -12.38 -3.341 15.04 -12.336
4 0 -3.341 15.04 -12.336 -3.118 14.564 -12.38 -3.619 14.414 -12.28 -3.791 14.766 -12.246
4 0 -4 14.58 -12.205 -3.791 14.766 -12.246 -3.619 14.414 -12.28 -4.08 14.16 -12.189
4 0 -4.15 14.459 -12.175 -4 14.58 -12.205 -4.08 14.16 -12.189 -4.283 14.31 -12.148
3 0 -4.08 14.16 -12.189 -4.274 14.111 -12.15 -4.283 14.31 -12.148
3 16 -0.777 15.587 -12.845 0 17 -13 0 15.6 -13
3 16 -1.297 15.542 -12.742 0 17 -13 -0.777 15.587 -12.845
3 16 -1.824 15.472 -12.637 0 17 -13 -1.297 15.542 -12.742
4 16 0 17 -13 -1.824 15.472 -12.637 -2.345 15.372 -12.534 -4.975 17 -12.011
3 16 -2.854 15.233 -12.432 -4.975 17 -12.011 -2.345 15.372 -12.534
3 16 -3.341 15.04 -12.336 -4.975 17 -12.011 -2.854 15.233 -12.432
3 16 -3.791 14.766 -12.246 -4.975 17 -12.011 -3.341 15.04 -12.336
3 16 -4 14.58 -12.205 -4.975 17 -12.011 -3.791 14.766 -12.246
3 16 -4.15 14.459 -12.175 -4.975 17 -12.011 -4 14.58 -12.205
3 16 -4.283 14.31 -12.148 -4.975 17 -12.011 -4.15 14.459 -12.175
4 16 -4.975 17 -12.011 -4.283 14.31 -12.148 -4.274 14.111 -12.15 -4.975 11.64 -12.011
4 16 -4.407 11.652 -12.124 -4.975 11.64 -12.011 -4.274 14.111 -12.15 -4.08 14.16 -12.189
4 16 -3.609 11.623 -12.282 -4.407 11.652 -12.124 -4.08 14.16 -12.189 -3.619 14.414 -12.28
4 16 -2.975 11.552 -12.408 -3.609 11.623 -12.282 -3.619 14.414 -12.28 -3.118 14.564 -12.38
4 16 -2.454 11.453 -12.512 -2.975 11.552 -12.408 -3.118 14.564 -12.38 -2.606 14.658 -12.482
4 16 -1.96 11.3 -12.61 -2.454 11.453 -12.512 -2.606 14.658 -12.482 -2.092 14.719 -12.584
4 16 -1.535 10.953 -12.695 -1.96 11.3 -12.61 -2.092 14.719 -12.584 -1.57 14.755 -12.688
4 16 -1.535 10.953 -12.695 -1.57 14.755 -12.688 -1.043 14.772 -12.793 -0.52 14.774 -12.897
4 16 -1.535 10.953 -12.695 -0.52 14.774 -12.897 0 14.78 -13 -1.22 10.524 -12.757
3 16 -0.72 8.895 -12.857 -0.48 8.06 -12.905 -0.702 8.18 -12.86
3 16 -0.24 8 -12.952 -0.48 8.06 -12.905 -0.72 8.895 -12.857
4 16 0 7.98 -13 -0.24 8 -12.952 -0.72 8.895 -12.857 -0.8 9.54 -12.841
4 16 0 14.78 -13 0 7.98 -13 -0.8 9.54 -12.841 -0.966 10.051 -12.808
3 16 -0.966 10.051 -12.808 -1.22 10.524 -12.757 0 14.78 -13
4 16 -2.188 6.361 -12.565 -1.86 6.38 -12.63 -2.02 5.5 -12.598 -2.52 6.06 -12.499
4 16 -2.812 6.361 -12.441 -2.188 6.361 -12.565 -2.52 6.06 -12.499 -3.602 5.706 -12.284
3 16 -3.602 5.706 -12.284 -3.519 6.361 -12.3 -2.812 6.361 -12.441
4 16 -4.04 6.361 -12.197 -3.519 6.361 -12.3 -3.602 5.706 -12.284 -4.023 5.598 -12.2
4 16 -4.364 6.361 -12.132 -4.04 6.361 -12.197 -4.023 5.598 -12.2 -4.437 5.509 -12.118
4 16 -4.975 6.361 -12.011 -4.364 6.361 -12.132 -4.437 5.509 -12.118 -4.975 5.42 -12.011
3 16 -4.975 4 -12.011 -4.975 4.581 -12.011 -4.727 4.621 -12.06
3 16 -4.975 4 -12.011 -4.727 4.621 -12.06 -4.231 4.706 -12.159
3 16 -4.975 4 -12.011 -4.231 4.706 -12.159 -3.737 4.832 -12.257
4 16 -4.975 4 -12.011 -3.737 4.832 -12.257 -3.254 4.989 -12.353 0 4 -13
3 16 0 4 -13 -3.254 4.989 -12.353 -2.02 5.5 -12.598
4 16 -1.162 6.683 -12.769 0 4 -13 -2.02 5.5 -12.598 -1.501 6.468 -12.702
3 16 -2.02 5.5 -12.598 -1.86 6.38 -12.63 -1.501 6.468 -12.702
3 16 -0.852 7.05 -12.831 -0.78 7.36 -12.845 -0.5 7.26 -12.901
3 16 -0.852 7.05 -12.831 -0.5 7.26 -12.901 -0.24 7.2 -12.952
4 16 -0.852 7.05 -12.831 -0.24 7.2 -12.952 0 7.18 -13 -1.162 6.683 -12.769
3 16 0 4 -13 -1.162 6.683 -12.769 0 7.18 -13
3 16 1.162 6.683 -12.769 0 4 -13 0 7.18 -13
4 15 4.899 7.92 -12.026 4.85 7.675 -12.035 4.26 7.92 -12.153 4.85 8.165 -12.035
4 15 4.712 8.372 -12.063 4.85 8.165 -12.035 4.26 7.92 -12.153 4.505 8.51 -12.104
4 15 4.26 8.559 -12.153 4.505 8.51 -12.104 4.26 7.92 -12.153 4.015 8.51 -12.201
4 15 3.808 8.372 -12.243 4.015 8.51 -12.201 4.26 7.92 -12.153 3.67 8.165 -12.27
4 15 3.621 7.92 -12.28 3.67 8.165 -12.27 4.26 7.92 -12.153 3.67 7.675 -12.27
4 15 3.808 7.468 -12.243 3.67 7.675 -12.27 4.26 7.92 -12.153 4.015 7.33 -12.201
4 15 4.26 7.281 -12.153 4.015 7.33 -12.201 4.26 7.92 -12.153 4.505 7.33 -12.104
4 15 4.712 7.468 -12.063 4.505 7.33 -12.104 4.26 7.92 -12.153 4.85 7.675 -12.035
4 0 3.621 7.92 -12.28 3.67 7.675 -12.27 2.964 7.934 -12.411 2.857 8.56 -12.432
4 0 3.67 8.165 -12.27 3.621 7.92 -12.28 2.857 8.56 -12.432 2.964 9.186 -12.411
4 0 3.808 8.372 -12.243 3.67 8.165 -12.27 2.964 9.186 -12.411 3.268 9.716 -12.35
4 0 4.015 8.51 -12.201 3.808 8.372 -12.243 3.268 9.716 -12.35 3.723 10.071 -12.26
4 0 4.26 8.559 -12.153 4.015 8.51 -12.201 3.723 10.071 -12.26 4.26 10.195 -12.153
4 0 4.505 8.51 -12.104 4.26 8.559 -12.153 4.26 10.195 -12.153 4.797 10.071 -12.046
4 0 4.712 8.372 -12.063 4.505 8.51 -12.104 4.797 10.071 -12.046 4.975 9.953 -12.011
4 0 4.26 7.281 -12.153 4.505 7.33 -12.104 4.797 7 -12.046 4.26 6.925 -12.153
4 0 4.015 7.33 -12.201 4.26 7.281 -12.153 4.26 6.925 -12.153 3.723 7 -12.26
4 0 3.808 7.468 -12.243 4.015 7.33 -12.201 3.723 7 -12.26 3.268 7.404 -12.35
4 0 3.67 7.675 -12.27 3.808 7.468 -12.243 3.268 7.404 -12.35 2.964 7.934 -12.411
4 0 4.26 6.925 -12.153 4.364 6.361 -12.132 4.04 6.361 -12.197 3.723 7 -12.26
4 0 3.723 7 -12.26 4.04 6.361 -12.197 3.519 6.361 -12.3 3.48 7 -12.308
4 0 3.48 7 -12.308 3.519 6.361 -12.3 2.812 6.361 -12.441 2.806 7 -12.442
4 0 2.806 7 -12.442 2.812 6.361 -12.441 2.188 6.361 -12.565 2.02 7.02 -12.598
4 0 2.02 7.02 -12.598 2.188 6.361 -12.565 1.86 6.38 -12.63 1.501 6.468 -12.702
4 0 1.72 7.097 -12.658 2.02 7.02 -12.598 1.501 6.468 -12.702 1.162 6.683 -12.769
4 0 1.499 7.313 -12.702 1.72 7.097 -12.658 1.162 6.683 -12.769 0.852 7.05 -12.831
4 0 1.499 7.313 -12.702 0.852 7.05 -12.831 0.78 7.36 -12.845 1.345 7.675 -12.733
4 0 1.345 7.675 -12.733 0.78 7.36 -12.845 0.734 7.904 -12.854 1.3 7.9 -12.742
4 0 1.3 7.9 -12.742 0.734 7.904 -12.854 0.702 8.18 -12.86 1.28 8.408 -12.746
4 0 1.28 8.408 -12.746 0.702 8.18 -12.86 0.72 8.895 -12.857 1.297 8.95 -12.742
4 0 1.297 8.95 -12.742 0.72 8.895 -12.857 0.8 9.54 -12.841 1.384 9.542 -12.725
4 0 1.384 9.542 -12.725 0.8 9.54 -12.841 0.966 10.051 -12.808 1.5 9.92 -12.702
4 0 1.5 9.92 -12.702 0.966 10.051 -12.808 1.22 10.524 -12.757 1.747 10.349 -12.653
4 0 1.747 10.349 -12.653 1.22 10.524 -12.757 1.535 10.953 -12.695 2.155 10.673 -12.572
4 0 2.155 10.673 -12.572 1.535 10.953 -12.695 1.96 11.3 -12.61 2.639 10.864 -12.475
4 0 2.639 10.864 -12.475 1.96 11.3 -12.61 2.454 11.453 -12.512 3.18 10.96 -12.368
4 0 3.18 10.96 -12.368 2.454 11.453 -12.512 2.975 11.552 -12.408 3.609 11.623 -12.282
4 0 3.798 10.992 -12.245 3.18 10.96 -12.368 3.609 11.623 -12.282 4.407 11.652 -12.124
4 0 4.461 11.013 -12.113 3.798 10.992 -12.245 4.407 11.652 -12.124 4.975 11.64 -12.011
3 0 4.975 11.011 -12.011 4.461 11.013 -12.113 4.975 11.64 -12.011
4 0 4.797 7 -12.046 4.975 6.361 -12.011 4.364 6.361 -12.132 4.26 6.925 -12.153
3 15 3.268 7.404 -12.35 3.723 7 -12.26 3.48 7 -12.308
4 15 2.964 7.934 -12.411 3.268 7.404 -12.35 2.806 7 -12.442 2.02 7.02 -12.598
3 15 3.48 7 -12.308 2.806 7 -12.442 3.268 7.404 -12.35
4 15 2.964 7.934 -12.411 2.02 7.02 -12.598 1.72 7.097 -12.658 1.499 7.313 -12.702
4 15 2.964 7.934 -12.411 1.499 7.313 -12.702 1.345 7.675 -12.733 1.3 7.9 -12.742
4 15 2.857 8.56 -12.432 2.964 7.934 -12.411 1.3 7.9 -12.742 1.28 8.408 -12.746
4 15 2.857 8.56 -12.432 1.28 8.408 -12.746 1.297 8.95 -12.742 2.964 9.186 -12.411
4 15 2.964 9.186 -12.411 1.297 8.95 -12.742 1.384 9.542 -12.725 3.268 9.716 -12.35
4 15 3.268 9.716 -12.35 1.384 9.542 -12.725 1.5 9.92 -12.702 1.747 10.349 -12.653
4 15 3.268 9.716 -12.35 1.747 10.349 -12.653 2.155 10.673 -12.572 2.639 10.864 -12.475
4 15 3.723 10.071 -12.26 3.268 9.716 -12.35 2.639 10.864 -12.475 3.18 10.96 -12.368
4 15 3.723 10.071 -12.26 3.18 10.96 -12.368 3.798 10.992 -12.245 4.26 10.195 -12.153
4 15 4.26 10.195 -12.153 3.798 10.992 -12.245 4.461 11.013 -12.113 4.797 10.071 -12.046
4 15 4.797 10.071 -12.046 4.461 11.013 -12.113 4.975 11.011 -12.011 4.975 9.953 -12.011
4 0 0.24 7.2 -12.952 0 7.18 -13 0 7.98 -13 0.24 8 -12.952
4 0 0.5 7.26 -12.901 0.24 7.2 -12.952 0.24 8 -12.952 0.48 8.06 -12.905
4 0 0.78 7.36 -12.845 0.5 7.26 -12.901 0.48 8.06 -12.905 0.734 7.904 -12.854
3 0 0.702 8.18 -12.86 0.734 7.904 -12.854 0.48 8.06 -12.905
3 0 4.975 7 -12.011 4.975 6.361 -12.011 4.797 7 -12.046
3 15 4.975 7.16 -12.011 4.975 7 -12.011 4.797 7 -12.046
4 0 4.797 7 -12.046 4.505 7.33 -12.104 4.712 7.468 -12.063 4.975 7.16 -12.011
3 0 4.85 7.675 -12.035 4.975 7.16 -12.011 4.712 7.468 -12.063
3 0 4.899 7.92 -12.026 4.975 7.16 -12.011 4.85 7.675 -12.035
3 0 4.975 7.16 -12.011 4.899 7.92 -12.026 4.975 9.953 -12.011
3 0 4.975 9.953 -12.011 4.899 7.92 -12.026 4.85 8.165 -12.035
3 0 4.975 9.953 -12.011 4.85 8.165 -12.035 4.712 8.372 -12.063
4 70 3.254 4.989 -12.353 2.02 5.5 -12.598 2.52 6.06 -12.499 3.602 5.706 -12.284
4 70 3.737 4.832 -12.257 3.254 4.989 -12.353 3.602 5.706 -12.284 4.023 5.598 -12.2
4 70 4.231 4.706 -12.159 3.737 4.832 -12.257 4.023 5.598 -12.2 4.437 5.509 -12.118
4 70 4.727 4.621 -12.06 4.231 4.706 -12.159 4.437 5.509 -12.118 4.975 5.42 -12.011
3 70 4.975 4.581 -12.011 4.727 4.621 -12.06 4.975 5.42 -12.011
4 0 0.52 14.774 -12.897 0 14.78 -13 0 15.6 -13 0.777 15.587 -12.845
4 0 1.043 14.772 -12.793 0.52 14.774 -12.897 0.777 15.587 -12.845 1.297 15.542 -12.742
4 0 1.57 14.755 -12.688 1.043 14.772 -12.793 1.297 15.542 -12.742 1.824 15.472 -12.637
4 0 2.092 14.719 -12.584 1.57 14.755 -12.688 1.824 15.472 -12.637 2.345 15.372 -12.534
4 0 2.606 14.658 -12.482 2.092 14.719 -12.584 2.345 15.372 -12.534 2.854 15.233 -12.432
4 0 3.118 14.564 -12.38 2.606 14.658 -12.482 2.854 15.233 -12.432 3.341 15.04 -12.336
4 0 3.619 14.414 -12.28 3.118 14.564 -12.38 3.341 15.04 -12.336 3.791 14.766 -12.246
4 0 3.619 14.414 -12.28 3.791 14.766 -12.246 4 14.58 -12.205 4.08 14.16 -12.189
4 0 4.08 14.16 -12.189 4 14.58 -12.205 4.15 14.459 -12.175 4.283 14.31 -12.148
3 0 4.283 14.31 -12.148 4.274 14.111 -12.15 4.08 14.16 -12.189
3 16 0.777 15.587 -12.845 0 15.6 -13 0 17 -13
3 16 1.297 15.542 -12.742 0.777 15.587 -12.845 0 17 -13
3 16 1.824 15.472 -12.637 1.297 15.542 -12.742 0 17 -13
4 16 2.345 15.372 -12.534 1.824 15.472 -12.637 0 17 -13 4.975 17 -12.011
3 16 2.854 15.233 -12.432 2.345 15.372 -12.534 4.975 17 -12.011
3 16 3.341 15.04 -12.336 2.854 15.233 -12.432 4.975 17 -12.011
3 16 3.791 14.766 -12.246 3.341 15.04 -12.336 4.975 17 -12.011
3 16 4.975 17 -12.011 4 14.58 -12.205 3.791 14.766 -12.246
3 16 4.15 14.459 -12.175 4 14.58 -12.205 4.975 17 -12.011
3 16 4.283 14.31 -12.148 4.15 14.459 -12.175 4.975 17 -12.011
4 16 4.274 14.111 -12.15 4.283 14.31 -12.148 4.975 17 -12.011 4.975 11.64 -12.011
4 16 4.274 14.111 -12.15 4.975 11.64 -12.011 4.407 11.652 -12.124 4.08 14.16 -12.189
4 16 4.08 14.16 -12.189 4.407 11.652 -12.124 3.609 11.623 -12.282 3.619 14.414 -12.28
4 16 3.619 14.414 -12.28 3.609 11.623 -12.282 2.975 11.552 -12.408 3.118 14.564 -12.38
4 16 3.118 14.564 -12.38 2.975 11.552 -12.408 2.454 11.453 -12.512 2.606 14.658 -12.482
4 16 2.606 14.658 -12.482 2.454 11.453 -12.512 1.96 11.3 -12.61 2.092 14.719 -12.584
4 16 2.092 14.719 -12.584 1.96 11.3 -12.61 1.535 10.953 -12.695 1.57 14.755 -12.688
4 16 1.043 14.772 -12.793 1.57 14.755 -12.688 1.535 10.953 -12.695 0.52 14.774 -12.897
4 16 0 14.78 -13 0.52 14.774 -12.897 1.535 10.953 -12.695 1.22 10.524 -12.757
3 16 0.48 8.06 -12.905 0.72 8.895 -12.857 0.702 8.18 -12.86
3 16 0.24 8 -12.952 0.72 8.895 -12.857 0.48 8.06 -12.905
4 16 0.72 8.895 -12.857 0.24 8 -12.952 0 7.98 -13 0.8 9.54 -12.841
4 16 0.8 9.54 -12.841 0 7.98 -13 0 14.78 -13 0.966 10.051 -12.808
3 16 0.966 10.051 -12.808 0 14.78 -13 1.22 10.524 -12.757
4 16 2.02 5.5 -12.598 1.86 6.38 -12.63 2.188 6.361 -12.565 2.52 6.06 -12.499
4 16 2.52 6.06 -12.499 2.188 6.361 -12.565 2.812 6.361 -12.441 3.602 5.706 -12.284
3 16 3.602 5.706 -12.284 2.812 6.361 -12.441 3.519 6.361 -12.3
4 16 3.602 5.706 -12.284 3.519 6.361 -12.3 4.04 6.361 -12.197 4.023 5.598 -12.2
4 16 4.023 5.598 -12.2 4.04 6.361 -12.197 4.364 6.361 -12.132 4.437 5.509 -12.118
4 16 4.437 5.509 -12.118 4.364 6.361 -12.132 4.975 6.361 -12.011 4.975 5.42 -12.011
3 16 4.975 4 -12.011 4.727 4.621 -12.06 4.975 4.581 -12.011
3 16 4.975 4 -12.011 4.231 4.706 -12.159 4.727 4.621 -12.06
3 16 4.975 4 -12.011 3.737 4.832 -12.257 4.231 4.706 -12.159
4 16 3.254 4.989 -12.353 3.737 4.832 -12.257 4.975 4 -12.011 0 4 -13
3 16 0 4 -13 2.02 5.5 -12.598 3.254 4.989 -12.353
4 16 2.02 5.5 -12.598 0 4 -13 1.162 6.683 -12.769 1.501 6.468 -12.702
3 16 2.02 5.5 -12.598 1.501 6.468 -12.702 1.86 6.38 -12.63
3 16 0.852 7.05 -12.831 0.5 7.26 -12.901 0.78 7.36 -12.845
3 16 0.852 7.05 -12.831 0.24 7.2 -12.952 0.5 7.26 -12.901
4 16 0 7.18 -13 0.24 7.2 -12.952 0.852 7.05 -12.831 1.162 6.683 -12.769
4 0 4.975 11.011 -12.011 4.975 11.64 -12.011 5.69 11.606 -11.533 5.66 10.98 -11.553
3 0 5.66 10.98 -11.553 5.69 11.606 -11.533 6.1 11.54 -11.259
4 0 6.075 10.843 -11.276 5.66 10.98 -11.553 6.1 11.54 -11.259 6.572 11.323 -10.943
4 0 6.43 10.589 -11.038 6.075 10.843 -11.276 6.572 11.323 -10.943 6.966 10.964 -10.68
4 0 6.716 10.259 -10.847 6.43 10.589 -11.038 6.966 10.964 -10.68 7.262 10.525 -10.482
4 0 6.94 9.88 -10.697 6.716 10.259 -10.847 7.262 10.525 -10.482 7.48 10.02 -10.336
4 0 7.039 9.507 -10.631 6.94 9.88 -10.697 7.48 10.02 -10.336 7.586 9.63 -10.265
4 0 7.055 9.021 -10.621 7.039 9.507 -10.631 7.586 9.63 -10.265 7.613 9.054 -10.248
4 0 7.031 8.538 -10.637 7.055 9.021 -10.621 7.613 9.054 -10.248 7.593 8.473 -10.261
4 0 6.98 7.96 -10.671 7.031 8.538 -10.637 7.593 8.473 -10.261 7.54 7.74 -10.296
4 0 6.962 7.594 -10.683 6.98 7.96 -10.671 7.54 7.74 -10.296 7.4 7.06 -10.39
4 0 6.792 7.27 -10.796 6.962 7.594 -10.683 7.4 7.06 -10.39 7.284 6.759 -10.467
4 0 6.792 7.27 -10.796 7.284 6.759 -10.467 7.025 6.527 -10.641 6.699 6.408 -10.858
4 0 6.393 7.075 -11.063 6.792 7.27 -10.796 6.699 6.408 -10.858 6.32 6.361 -11.112
4 0 5.94 7 -11.366 6.393 7.075 -11.063 6.32 6.361 -11.112 5.75 6.361 -11.493
4 0 4.975 6.361 -12.011 5.38 7 -11.74 5.94 7 -11.366 5.75 6.361 -11.493
4 15 5.252 9.716 -11.826 4.975 11.011 -12.011 5.66 10.98 -11.553 6.075 10.843 -11.276
4 15 5.252 9.716 -11.826 6.075 10.843 -11.276 6.43 10.589 -11.038 6.716 10.259 -10.847
4 15 5.252 9.716 -11.826 6.716 10.259 -10.847 6.94 9.88 -10.697 5.556 9.186 -11.622
4 15 5.556 9.186 -11.622 6.94 9.88 -10.697 7.039 9.507 -10.631 7.055 9.021 -10.621
4 15 5.663 8.56 -11.551 5.556 9.186 -11.622 7.055 9.021 -10.621 7.031 8.538 -10.637
4 15 5.556 7.934 -11.622 5.663 8.56 -11.551 7.031 8.538 -10.637 6.98 7.96 -10.671
4 15 5.556 7.934 -11.622 6.98 7.96 -10.671 6.962 7.594 -10.683 6.792 7.27 -10.796
4 15 5.556 7.934 -11.622 6.792 7.27 -10.796 6.393 7.075 -11.063 5.94 7 -11.366
4 15 5.252 7.404 -11.826 5.556 7.934 -11.622 5.94 7 -11.366 5.38 7 -11.74
3 15 5.252 9.716 -11.826 4.975 9.953 -12.011 4.975 11.011 -12.011
3 0 5.38 7 -11.74 4.975 6.361 -12.011 4.975 7 -12.011
4 15 5.252 7.404 -11.826 5.38 7 -11.74 4.975 7 -12.011 4.975 7.16 -12.011
4 0 5.252 7.404 -11.826 4.975 7.16 -12.011 4.975 9.953 -12.011 5.252 9.716 -11.826
3 0 5.252 7.404 -11.826 5.252 9.716 -11.826 5.556 9.186 -11.622
4 0 5.556 7.934 -11.622 5.252 7.404 -11.826 5.556 9.186 -11.622 5.663 8.56 -11.551
4 0 7.4 7.06 -10.39 7.54 7.74 -10.296 9.192 7.56 -9.192 9.192 6.86 -9.192
4 70 5.333 4.582 -11.772 4.975 5.42 -12.011 5.294 5.394 -11.798 5.734 4.6 -11.503
4 70 5.734 4.6 -11.503 5.294 5.394 -11.798 5.719 5.377 -11.513 6.23 4.686 -11.172
4 70 6.23 4.686 -11.172 5.719 5.377 -11.513 6.152 5.393 -11.224 6.699 4.846 -10.859
4 70 6.699 4.846 -10.859 6.152 5.393 -11.224 6.586 5.451 -10.934 7.137 5.089 -10.566
4 70 7.137 5.089 -10.566 6.586 5.451 -10.934 7.005 5.555 -10.654 7.518 5.408 -10.311
4 70 7.518 5.408 -10.311 7.005 5.555 -10.654 7.402 5.714 -10.389 7.831 5.794 -10.102
3 70 7.831 5.794 -10.102 7.402 5.714 -10.389 7.77 5.935 -10.143
3 70 8 6.12 -9.989 7.831 5.794 -10.102 7.77 5.935 -10.143
3 70 5.333 4.582 -11.772 4.975 4.581 -12.011 4.975 5.42 -12.011
3 16 4.975 4 -12.011 4.975 4.581 -12.011 5.333 4.582 -11.772
3 16 5.333 4.582 -11.772 5.734 4.6 -11.503 4.975 4 -12.011
3 16 5.734 4.6 -11.503 6.23 4.686 -11.172 4.975 4 -12.011
4 16 4.975 4 -12.011 6.23 4.686 -11.172 6.699 4.846 -10.859 9.192 4 -9.192
3 16 6.699 4.846 -10.859 7.137 5.089 -10.566 9.192 4 -9.192
3 16 7.137 5.089 -10.566 7.518 5.408 -10.311 9.192 4 -9.192
3 16 7.518 5.408 -10.311 7.831 5.794 -10.102 9.192 4 -9.192
4 16 7.831 5.794 -10.102 8 6.12 -9.989 9.192 6.86 -9.192 9.192 4 -9.192
4 16 7.284 6.759 -10.467 7.4 7.06 -10.39 9.192 6.86 -9.192 8 6.12 -9.989
4 16 7.284 6.759 -10.467 8 6.12 -9.989 7.77 5.935 -10.143 7.025 6.527 -10.641
4 16 7.025 6.527 -10.641 7.77 5.935 -10.143 7.402 5.714 -10.389 6.699 6.408 -10.858
4 16 6.699 6.408 -10.858 7.402 5.714 -10.389 7.005 5.555 -10.654 6.586 5.451 -10.934
4 16 6.32 6.361 -11.112 6.699 6.408 -10.858 6.586 5.451 -10.934 6.152 5.393 -11.224
4 16 5.75 6.361 -11.493 6.32 6.361 -11.112 6.152 5.393 -11.224 5.719 5.377 -11.513
4 16 5.719 5.377 -11.513 5.294 5.394 -11.798 4.975 6.361 -12.011 5.75 6.361 -11.493
3 16 4.975 5.42 -12.011 4.975 6.361 -12.011 5.294 5.394 -11.798
3 16 7.54 7.74 -10.296 7.593 8.473 -10.261 9.192 7.56 -9.192
3 16 7.593 8.473 -10.261 7.613 9.054 -10.248 9.192 7.56 -9.192
4 16 7.613 9.054 -10.248 7.586 9.63 -10.265 9.192 17 -9.192 9.192 7.56 -9.192
3 16 7.586 9.63 -10.265 7.48 10.02 -10.336 9.192 17 -9.192
3 16 7.48 10.02 -10.336 7.262 10.525 -10.482 9.192 17 -9.192
3 16 7.262 10.525 -10.482 6.966 10.964 -10.68 9.192 17 -9.192
3 16 6.966 10.964 -10.68 6.572 11.323 -10.943 9.192 17 -9.192
3 16 6.572 11.323 -10.943 6.1 11.54 -11.259 9.192 17 -9.192
3 16 6.1 11.54 -11.259 5.69 11.606 -11.533 9.192 17 -9.192
4 16 4.975 11.64 -12.011 4.975 17 -12.011 9.192 17 -9.192 5.69 11.606 -11.533
4 0 11.5 6.62 -5.739 9.192 6.86 -9.192 9.192 7.56 -9.192 11.56 7.32 -5.649
4 0 11.66 6.74 -5.5 11.5 6.62 -5.739 11.56 7.32 -5.649 11.68 7.16 -5.47
3 0 11.74 6.94 -5.38 11.66 6.74 -5.5 11.68 7.16 -5.47
3 16 12.011 17 -4.975 12.011 4 -4.975 11.74 6.94 -5.38
3 16 11.66 6.74 -5.5 11.74 6.94 -5.38 12.011 4 -4.975
4 16 11.5 6.62 -5.739 11.66 6.74 -5.5 12.011 4 -4.975 9.192 4 -9.192
3 16 9.192 4 -9.192 9.192 6.86 -9.192 11.5 6.62 -5.739
3 16 11.74 6.94 -5.38 11.68 7.16 -5.47 12.011 17 -4.975
3 16 11.68 7.16 -5.47 11.56 7.32 -5.649 12.011 17 -4.975
4 16 9.192 7.56 -9.192 9.192 17 -9.192 12.011 17 -4.975 11.56 7.32 -5.649

0 // Conditional lines
5 24 -12.011 17 -4.975 -12.011 4 -4.975 -13 17 0 -9.192 17 -9.192
5 24 -9.192 17 -9.192 -9.192 4 -9.192 -12.011 17 -4.975 -4.975 17 -12.011
5 24 -4.975 17 -12.011 -4.975 4 -12.011 -9.192 17 -9.192 0 17 -13
5 24 0 17 -13 0 4 -13 -4.975 17 -12.011 4.975 17 -12.011
5 24 4.975 17 -12.011 4.975 4 -12.011 0 17 -13 9.192 17 -9.192
5 24 9.192 17 -9.192 9.192 4 -9.192 4.975 17 -12.011 12.011 17 -4.975
5 24 12.011 17 -4.975 12.011 4 -4.975 9.192 17 -9.192 13 17 0
