0 Minifig Head with DarkRed Lips, Open/Closed Mouth, Freckles 2-Sided Pattern
0 Name: 3626cpbj.dat
0 Author: Magnus Forsberg [MagFors]
0 !LDRAW_ORG Part UPDATE 2013-02
0 !LICENSE Redistributable under CCAL version 2.0 : see CAreadme.txt

0 BFC CERTIFY CCW
0 !KEYWORDS Pepper Potts, Iron Man, Armoured Suit Mark XLII

0 !HISTORY 2013-12-23 [PTadmin] Official Update 2013-02

1 16 0 0 0 1 0 0 0 1 0 0 0 1 s\3626cs02.dat
1 16 0 4 0 -9.1924 0 -9.1924 0 13 0 -9.1924 0 9.1924 1-4cyli.dat
1 16 0 4 0 9.1924 0 9.1924 0 13 0 9.1924 0 -9.1924 1-4cyli.dat
1 16 0 4 0 0 0 -8 0 -6.4 0 -8 0 0 t04o6250.dat
1 16 0 4 0 8 0 0 0 -6.4 0 0 0 -8 t04o6250.dat
1 16 0 4 0 0 0 8 0 -6.4 0 8 0 0 t04o6250.dat
1 16 0 4 0 -8 0 0 0 -6.4 0 0 0 8 t04o6250.dat
1 16 0 17 0 7.391 0 -3.0615 0 6.4 0 3.0615 0 7.391 t08o6250.dat
1 16 0 17 0 3.0615 0 7.391 0 6.4 0 -7.391 0 3.0615 t04o6250.dat
1 16 0 17 0 -7.391 0 3.0615 0 6.4 0 -3.0615 0 -7.391 t04o6250.dat
1 16 0 17 0 -3.0615 0 -7.391 0 6.4 0 7.391 0 -3.0615 t04o6250.dat

0 // added conditional lines
5 24 -9.1924 4 9.1924 -9.1924 17 9.1924 -4.9752 4 12.0104 -18.3848 4 0
5 24 -4.9752 4 12.0104 -4.9749 17 12.0104 0 4 13 -9.1924 4 9.1924
5 24 0 4 13 0 17 13 4.9752 4 12.0104 -4.9752 4 12.0104
5 24 4.9752 4 12.0104 4.9746 17 12.0099 9.1924 4 9.1924 0 4 13
5 24 9.1924 4 9.1924 9.1924 17 9.1924 4.9752 4 12.0104 18.3848 4 0

5 24 9.1924 4 -9.1924 9.1924 17 -9.1924 4.9752 4 -12.0104 18.3848 4 0
5 24 4.9752 4 -12.0104 4.9749 17 -12.0104 0 4 -13 9.1924 4 -9.1924
5 24 0 4 -13 0 17 -13 -4.9752 4 -12.0104 4.9752 4 -12.0104
5 24 -4.9752 4 -12.0104 -4.9746 17 -12.0099 -9.1924 4 -9.1924 0 4 -13
5 24 -9.1924 4 -9.1924 -9.1924 17 -9.1924 -4.9752 4 -12.0104 -18.3848 4 0

5 24 3.0614 21 7.391 0 21 8 3.7935 20.6954 9.1585 2.2688 21 5.4775
5 24 3.0614 21 7.391 3.7935 20.6954 9.1585 0 21 8 6.1228 21 6.123
5 24 3.7935 20.6954 9.1585 0 20.6954 9.9137 4.4144 19.8282 10.6574 3.0614 21 7.391
5 24 3.7935 20.6954 9.1585 4.4144 19.8282 10.6574 0 20.6954 9.9137 7.5875 20.6954 7.5875
5 24 4.4144 19.8282 10.6574 0 19.8282 11.5355 4.8291 18.5309 11.6587 3.7935 20.6954 9.1585
5 24 4.4144 19.8282 10.6574 4.8291 18.5309 11.6587 0 19.8282 11.5355 8.8289 19.8282 8.8285
5 24 4.8291 18.5309 11.6587 0 18.5309 12.6197 4.9746 17 12.0099 4.4144 19.8282 10.6574
5 24 4.8291 18.5309 11.6587 4.9746 17 12.0099 0 18.5309 12.6197 9.6584 18.5309 9.6583
5 24 4.9746 17 12.0099 0 17 13 4.9748 15.343 12.0104 4.8291 18.5309 11.6587
5 24 0 21 8 -3.0615 21 7.391 0 20.6954 9.9137 0 21 5.9289
5 24 0 21 8 0 20.6954 9.9137 -3.0615 21 7.391 3.0614 21 7.391
5 24 0 20.6954 9.9137 -3.7938 20.6954 9.1589 0 19.8282 11.5355 0 21 8
5 24 0 20.6954 9.9137 0 19.8282 11.5355 -3.7938 20.6954 9.1589 3.7935 20.6954 9.1585
5 24 0 19.8282 11.5355 -4.4144 19.8282 10.6571 0 18.5309 12.6197 0 20.6954 9.9137
5 24 0 19.8282 11.5355 0 18.5309 12.6197 -4.4144 19.8282 10.6571 4.4144 19.8282 10.6574
5 24 0 18.5309 12.6197 -4.8292 18.5309 11.6586 0 17 13 0 19.8282 11.5355
5 24 0 18.5309 12.6197 0 17 13 -4.8292 18.5309 11.6586 4.8291 18.5309 11.6587
5 24 0 17 13 -4.9749 17 12.0104 -0.0004 15.343 13 0 18.5309 12.6197
5 24 -3.0615 21 7.391 -3.7938 20.6954 9.1589 -6.123 21 6.1228 0 21 8
5 24 -3.7938 20.6954 9.1589 -4.4144 19.8282 10.6571 -7.5875 20.6954 7.5875 0 20.6954 9.9137
5 24 -4.4144 19.8282 10.6571 -4.8292 18.5309 11.6586 -8.8285 19.8282 8.8289 0 19.8282 11.5355
5 24 -4.8292 18.5309 11.6586 -4.9749 17 12.0104 -9.6583 18.5309 9.6584 0 18.5309 12.6197

0 // frontside
4 15 -3.5218 9.2635 -12.2997 -4.192 8.9858 -12.1664 -4.2473 9.2635 -12.1554 -4.192 9.5411 -12.1664
4 15 -3.5218 9.2635 -12.2997 -4.192 9.5411 -12.1664 -4.0348 9.7765 -12.1977 -3.7994 9.9337 -12.2445
4 15 -3.5218 9.2635 -12.2997 -3.7994 9.9337 -12.2445 -3.5218 9.989 -12.2997 -3.2441 9.9337 -12.3549
4 15 -3.5218 9.2635 -12.2997 -3.2441 9.9337 -12.3549 -3.0087 9.7765 -12.4017 -2.8515 9.5411 -12.433
4 15 -3.5218 9.2635 -12.2997 -2.8515 9.5411 -12.433 -2.7962 9.2635 -12.444 -2.8515 8.9858 -12.433
4 15 -3.5218 9.2635 -12.2997 -2.8515 8.9858 -12.433 -3.0087 8.7505 -12.4017 -3.2441 8.5932 -12.3549
4 15 -3.5218 9.2635 -12.2997 -3.2441 8.5932 -12.3549 -3.5218 8.538 -12.2997 -3.7994 8.5932 -12.2445
4 15 -3.5218 9.2635 -12.2997 -3.7994 8.5932 -12.2445 -4.0348 8.7505 -12.1977 -4.192 8.9858 -12.1664
4 0 -4.2473 9.2635 -12.1554 -4.192 8.9858 -12.1664 -4.8785 9.3702 -12.0299 -4.9751 9.9843 -12.0107
4 0 -4.192 9.5411 -12.1664 -4.2473 9.2635 -12.1554 -4.9751 9.9843 -12.0107 -4.8785 10.5474 -12.0299
4 0 -4.0348 9.7765 -12.1977 -4.192 9.5411 -12.1664 -4.8785 10.5474 -12.0299 -4.5596 11.0247 -12.0933
4 0 -3.7994 9.9337 -12.2445 -4.0348 9.7765 -12.1977 -4.5596 11.0247 -12.0933 -4.0822 11.3437 -12.1882
4 0 -3.5218 9.989 -12.2997 -3.7994 9.9337 -12.2445 -4.0822 11.3437 -12.1882 -3.5191 11.4557 -12.3002
4 0 -3.2441 9.9337 -12.3549 -3.5218 9.989 -12.2997 -3.5191 11.4557 -12.3002 -2.956 11.3437 -12.4122
4 0 -3.0087 9.7765 -12.4017 -3.2441 9.9337 -12.3549 -2.956 11.3437 -12.4122 -2.4786 11.0247 -12.5071
4 0 -2.8515 9.5411 -12.433 -3.0087 9.7765 -12.4017 -2.4786 11.0247 -12.5071 -2.1597 10.5474 -12.5706
4 0 -2.7962 9.2635 -12.444 -2.8515 9.5411 -12.433 -2.1597 10.5474 -12.5706 -2.0477 9.9843 -12.5928
4 0 -2.8515 8.9858 -12.433 -2.7962 9.2635 -12.444 -2.0477 9.9843 -12.5928 -2.1597 9.3702 -12.5706
4 0 -3.0087 8.7505 -12.4017 -2.8515 8.9858 -12.433 -2.1597 9.3702 -12.5706 -2.4886 8.7799 -12.5051
4 0 -3.2441 8.5932 -12.3549 -3.0087 8.7505 -12.4017 -2.4886 8.7799 -12.5051 -2.9437 8.4227 -12.4146
4 0 -3.5218 8.538 -12.2997 -3.2441 8.5932 -12.3549 -2.9437 8.4227 -12.4146 -3.5218 8.3176 -12.2997
4 0 -3.7994 8.5932 -12.2445 -3.5218 8.538 -12.2997 -3.5218 8.3176 -12.2997 -4.0998 8.4227 -12.1847
4 0 -4.0348 8.7505 -12.1977 -3.7994 8.5932 -12.2445 -4.0998 8.4227 -12.1847 -4.5941 8.7692 -12.0865
4 0 -4.192 8.9858 -12.1664 -4.0348 8.7505 -12.1977 -4.5941 8.7692 -12.0865 -4.8785 9.3702 -12.0299
4 484 -1.15 7.1 -12.7713 -1.1 6.9 -12.7813 -1.2 6.75 -12.7614 -1.3 7.2 -12.7415
4 484 -1.3 7.2 -12.7415 -1.2 6.75 -12.7614 -1.4 6.6 -12.7216 -1.55 7.2 -12.6918
4 484 -1.55 7.2 -12.6918 -1.4 6.6 -12.7216 -2 6.4 -12.6023 -2.4 6.95 -12.5228
4 484 -2.4 6.95 -12.5228 -2 6.4 -12.6023 -2.7 6.25 -12.4631 -3.3 6.69 -12.3438
4 484 -3.3 6.69 -12.3438 -2.7 6.25 -12.4631 -3.4 6.15 -12.3239 -4 6.53 -12.2046
4 484 -4 6.53 -12.2046 -3.4 6.15 -12.3239 -4.1 6.1 -12.1847 -4.6 6.45 -12.0853
4 484 -4.6 6.45 -12.0853 -4.1 6.1 -12.1847 -4.63 6.07 -12.0793 -4.9751 6.42 -12.0107
3 484 -4.9751 6.07 -12.0107 -4.9751 6.42 -12.0107 -4.63 6.07 -12.0793
4 484 -5.5 6.43 -11.6599 -4.9751 6.42 -12.0107 -4.9751 6.07 -12.0107 -5.5 6.1 -11.6599
4 484 -5.9 6.45 -11.3926 -5.5 6.43 -11.6599 -5.5 6.1 -11.6599 -6 6.2 -11.3257
4 484 -6.2 6.5 -11.1921 -5.9 6.45 -11.3926 -6 6.2 -11.3257 -6.45 6.35 -11.025
4 484 -6.7 6.64 -10.8579 -6.2 6.5 -11.1921 -6.45 6.35 -11.025 -6.9 6.55 -10.7243
4 0 -1.9552 8.7254 -12.6112 -1.745 8.8305 -12.653 -1.6899 8.7254 -12.664 -1.8927 8.4752 -12.6236
4 0 -2.218 8.5678 -12.5589 -1.9552 8.7254 -12.6112 -1.8927 8.4752 -12.6236 -2.208 8.265 -12.5609
4 0 -2.5333 8.4627 -12.4962 -2.218 8.5678 -12.5589 -2.208 8.265 -12.5609 -2.5233 8.1074 -12.4982
4 0 -2.616 8.5086 -12.4798 -2.5333 8.4627 -12.4962 -2.5233 8.1074 -12.4982 -2.9437 7.9497 -12.4146
4 0 -2.9437 8.4227 -12.4146 -2.616 8.5086 -12.4798 -2.9437 7.9497 -12.4146 -3.2064 7.8972 -12.3624
4 0 -3.5218 8.3176 -12.2997 -2.9437 8.4227 -12.4146 -3.2064 7.8972 -12.3624 -3.5218 7.8972 -12.2997
4 0 -3.5218 8.3176 -12.2997 -3.5218 7.8972 -12.2997 -3.8371 7.9182 -12.237 -4.0998 8.4227 -12.1847
4 0 -4.0998 8.4227 -12.1847 -3.8371 7.9182 -12.237 -4.2049 8.0023 -12.1638 -4.4151 8.4752 -12.122
4 0 -4.4151 8.4752 -12.122 -4.2049 8.0023 -12.1638 -4.5058 8.0874 -12.104 -4.6497 8.6604 -12.0754
4 0 -5.4061 8.9156 -11.7226 -5.1234 8.8405 -11.9116 -5.1659 8.3701 -11.8832 -5.6604 8.5152 -11.5527
4 0 -5.9391 8.9482 -11.3665 -5.7289 8.9482 -11.5069 -5.6604 8.5152 -11.5527 -6.0126 8.5173 -11.3173
4 0 -6.0967 8.8956 -11.2611 -5.9391 8.9482 -11.3665 -6.0126 8.5173 -11.3173 -6.1787 8.4644 -11.2063
4 0 -6.3236 8.7282 -11.1095 -6.0967 8.8956 -11.2611 -6.1787 8.4644 -11.2063 -6.3503 8.3575 -11.0916
4 0 -6.6198 8.4441 -10.9115 -6.3236 8.7282 -11.1095 -6.3503 8.3575 -11.0916 -6.5978 8.1295 -10.9262
4 0 -6.8562 8.0588 -10.7535 -6.6198 8.4441 -10.9115 -6.5978 8.1295 -10.9262 -6.8832 7.8182 -10.7355
3 0 -6.8832 7.8182 -10.7355 -6.955 7.8375 -10.6875 -6.8562 8.0588 -10.7535
4 0 -5.6604 8.5152 -11.5527 -5.3561 8.3335 -11.756 -5.5813 8.2046 -11.6056 -5.8064 8.2609 -11.4551
4 0 -5.8064 8.2609 -11.4551 -5.5813 8.2046 -11.6056 -5.8064 7.9795 -11.4551 -5.9753 7.9795 -11.3423
4 0 -5.9753 7.9795 -11.3423 -5.8064 7.9795 -11.4551 -6.0316 7.6643 -11.3047 -6.0991 7.6868 -11.2595
4 0 -5.3625 7.6775 -11.7518 -5.2469 7.8772 -11.829 -5.0421 7.8246 -11.9659 -5.2575 7.5724 -11.822
4 0 -5.4151 7.5198 -11.7166 -5.3625 7.6775 -11.7518 -5.2575 7.5724 -11.822 -5.352 7.4778 -11.7588
4 0 0 15.9 -13 0 15.3 -13 -0.4 15.28 -12.9205 -0.6 15.88 -12.8807
4 0 -0.6 15.88 -12.8807 -0.4 15.28 -12.9205 -0.9 15.25 -12.821 -1.15 15.84 -12.7713
4 0 -1.15 15.84 -12.7713 -0.9 15.25 -12.821 -1.45 15.22 -12.7117 -1.85 15.75 -12.6321
4 0 -1.85 15.75 -12.6321 -1.45 15.22 -12.7117 -2 15.17 -12.6023 -2.4 15.65 -12.5228
4 0 -2.4 15.65 -12.5228 -2 15.17 -12.6023 -2.72 15.08 -12.4591 -2.9 15.55 -12.4233
4 0 -2.9 15.55 -12.4233 -2.72 15.08 -12.4591 -3.1 15.02 -12.3836 -3.45 15.35 -12.314
4 0 -3.45 15.35 -12.314 -3.1 15.02 -12.3836 -3.5 14.95 -12.304 -3.8 15.15 -12.2444
4 0 -3.8 15.15 -12.2444 -3.5 14.95 -12.304 -3.8 14.9 -12.2444 -4 15 -12.2046
4 0 -4 15 -12.2046 -3.8 14.9 -12.2444 -3.95 14.85 -12.2145 -4 14.9 -12.2046
4 92 -3.9512 14.1847 -12.2143 -4.0188 14.1152 -12.2009 -4.15 14.15 -12.1748 -3.99 14.35 -12.2066
4 92 -3.99 14.35 -12.2066 -4.15 14.15 -12.1748 -4.3 14.25 -12.1449 -4.07 14.5 -12.1907
4 92 -4.07 14.5 -12.1907 -4.3 14.25 -12.1449 -4.45 14.5 -12.1151 -4.18 14.75 -12.1688
4 92 -4.18 14.75 -12.1688 -4.45 14.5 -12.1151 -4.55 14.75 -12.0952 -4.23 14.95 -12.1589
4 92 -4.23 14.95 -12.1589 -4.55 14.75 -12.0952 -4.57 14.95 -12.0912 -4.22 15.2 -12.1608
4 92 -4.22 15.2 -12.1608 -4.57 14.95 -12.0912 -4.55 15.2 -12.0952 -4.2 15.35 -12.1648
4 92 -4.2 15.35 -12.1648 -4.55 15.2 -12.0952 -4.45 15.45 -12.1151 -4.25 15.45 -12.1549
3 92 -4.25 15.45 -12.1549 -4.45 15.45 -12.1151 -4.35 15.5 -12.135
4 92 -5.48 11.78 -11.6733 -5.6892 11.5708 -11.5335 -5.7758 11.78 -11.4756 -5.6892 11.9892 -11.5335
4 92 -5.48 11.78 -11.6733 -5.6892 11.9892 -11.5335 -5.48 12.0758 -11.6733 -5.2708 11.9892 -11.8131
4 92 -5.48 11.78 -11.6733 -5.2708 11.9892 -11.8131 -5.1842 11.78 -11.871 -5.2708 11.5708 -11.8131
4 92 -5.48 11.78 -11.6733 -5.2708 11.5708 -11.8131 -5.48 11.4842 -11.6733 -5.6892 11.5708 -11.5335
4 92 -6.57 12.69 -10.9448 -6.7792 12.4808 -10.805 -6.8658 12.69 -10.7471 -6.7792 12.8992 -10.805
4 92 -6.57 12.69 -10.9448 -6.7792 12.8992 -10.805 -6.57 12.9858 -10.9448 -6.3608 12.8992 -11.0846
4 92 -6.57 12.69 -10.9448 -6.3608 12.8992 -11.0846 -6.2742 12.69 -11.1425 -6.3608 12.4808 -11.0846
4 92 -6.57 12.69 -10.9448 -6.3608 12.4808 -11.0846 -6.57 12.3942 -10.9448 -6.7792 12.4808 -10.805
4 92 -7.42 11.88 -10.3767 -7.6292 11.6708 -10.2369 -7.7158 11.88 -10.179 -7.6292 12.0892 -10.2369
4 92 -7.42 11.88 -10.3767 -7.6292 12.0892 -10.2369 -7.42 12.1758 -10.3767 -7.2108 12.0892 -10.5166
4 92 -7.42 11.88 -10.3767 -7.2108 12.0892 -10.5166 -7.1242 11.88 -10.5745 -7.2108 11.6708 -10.5166
4 92 -7.42 11.88 -10.3767 -7.2108 11.6708 -10.5166 -7.42 11.5842 -10.3767 -7.6292 11.6708 -10.2369
4 320 -0.4 15.28 -12.9205 0 15.3 -13 -0.3 14.85 -12.9403 -0.6 14.76 -12.8807
4 320 -0.9 15.25 -12.821 -0.4 15.28 -12.9205 -0.6 14.76 -12.8807 -0.95 14.7 -12.8111
4 320 -0.95 14.7 -12.8111 -1.3 14.7 -12.7415 -1.45 15.22 -12.7117 -0.9 15.25 -12.821
4 320 -1.45 15.22 -12.7117 -1.3 14.7 -12.7415 -1.72 14.75 -12.658 -2.04 14.85 -12.5943
4 320 -2 15.17 -12.6023 -1.45 15.22 -12.7117 -2.04 14.85 -12.5943 -2.39 14.95 -12.5247
3 320 -2.39 14.95 -12.5247 -2.72 15.08 -12.4591 -2 15.17 -12.6023
4 320 -2.4 15.65 -12.5228 -2.9 15.55 -12.4233 -2.5 15.8 -12.5029 -2.1 15.95 -12.5824
4 320 -1.85 15.75 -12.6321 -2.4 15.65 -12.5228 -2.1 15.95 -12.5824 -1.69 16.05 -12.6639
4 320 -1.85 15.75 -12.6321 -1.69 16.05 -12.6639 -1.2 16.15 -12.7614 -1.15 15.84 -12.7713
4 320 -1.15 15.84 -12.7713 -1.2 16.15 -12.7614 -0.7 16.23 -12.8608 -0.6 15.88 -12.8807
4 320 -0.6 15.88 -12.8807 -0.7 16.23 -12.8608 -0.25 16.25 -12.9503 0 15.9 -13
3 320 0 15.9 -13 -0.25 16.25 -12.9503 0 16.25 -13
4 0 -4.4151 8.4752 -12.122 -4.6497 8.6604 -12.0754 -4.5941 8.7692 -12.0865 -4.0998 8.4227 -12.1847
3 0 -2.9437 8.4227 -12.4146 -2.6139 8.5988 -12.4802 -2.616 8.5086 -12.4798
3 0 -2.9437 8.4227 -12.4146 -2.4886 8.7799 -12.5051 -2.6139 8.5988 -12.4802
4 0 -4.5058 8.0874 -12.104 -4.7328 8.0574 -12.0589 -4.9332 8.2676 -12.019 -4.6497 8.6604 -12.0754
4 0 -4.8306 8.7154 -12.0394 -4.719 8.6505 -12.0616 -4.9332 8.2676 -12.019 -4.9751 8.7757 -12.0107
3 0 -4.9332 8.2676 -12.019 -4.719 8.6505 -12.0616 -4.6497 8.6604 -12.0754
3 0 -5.3561 8.3335 -11.756 -5.6604 8.5152 -11.5527 -5.1659 8.3701 -11.8832
3 0 -5.6604 8.5152 -11.5527 -5.7289 8.9482 -11.5069 -5.4061 8.9156 -11.7226
4 0 -4.9751 7.8726 -12.0107 -5.0421 7.8246 -11.9659 -5.2469 7.8772 -11.829 -5.0721 8.1074 -11.9459
4 0 -4.9751 8.2279 -12.0107 -4.9332 8.2676 -12.019 -4.7328 8.0574 -12.0589 -4.9106 7.9297 -12.0235
4 0 -4.9751 8.2885 -12.0107 -5.1659 8.3701 -11.8832 -5.1234 8.8405 -11.9116 -4.9751 8.7757 -12.0107
3 0 -4.9751 7.8726 -12.0107 -5.0721 8.1074 -11.9459 -4.9751 8.2279 -12.0107
3 0 -4.9751 7.8726 -12.0107 -4.9751 8.2279 -12.0107 -4.9106 7.9297 -12.0235
3 0 -4.9332 8.2676 -12.019 -4.9751 8.2885 -12.0107 -4.9751 8.7757 -12.0107
3 320 -0.3 14.85 -12.9403 0 15.3 -13 -0.1216 14.8897 -12.9758
3 320 -0.1216 14.8897 -12.9758 0 15.3 -13 0 14.9 -13
4 484 -7.3696 6.8717 -10.4104 -7.3741 6.9535 -10.4074 -6.7 6.64 -10.8579 -6.9 6.55 -10.7243
3 16 0 4 -13 -1.2 6.75 -12.7614 -1.1 6.9 -12.7813
3 16 0 4 -13 -1.4 6.6 -12.7216 -1.2 6.75 -12.7614
3 16 0 4 -13 -2 6.4 -12.6023 -1.4 6.6 -12.7216
3 16 0 4 -13 -2.7 6.25 -12.4631 -2 6.4 -12.6023
4 16 -3.4 6.15 -12.3239 -2.7 6.25 -12.4631 0 4 -13 -4.9752 4 -12.0104
3 16 -4.9752 4 -12.0104 -4.1 6.1 -12.1847 -3.4 6.15 -12.3239
3 16 -4.9752 4 -12.0104 -4.63 6.07 -12.0793 -4.1 6.1 -12.1847
3 16 -4.9752 4 -12.0104 -4.9751 6.07 -12.0107 -4.63 6.07 -12.0793
3 16 -4.9752 4 -12.0104 -5.5 6.1 -11.6599 -4.9751 6.07 -12.0107
3 16 -4.9752 4 -12.0104 -6 6.2 -11.3257 -5.5 6.1 -11.6599
4 16 -6.45 6.35 -11.025 -6 6.2 -11.3257 -4.9752 4 -12.0104 -9.1924 4 -9.1924
3 16 -9.1924 4 -9.1924 -6.9 6.55 -10.7243 -6.45 6.35 -11.025
3 16 -9.1924 4 -9.1924 -7.3696 6.8717 -10.4104 -6.9 6.55 -10.7243
3 16 -9.1924 4 -9.1924 -7.3741 6.9535 -10.4074 -7.3696 6.8717 -10.4104
4 16 -7.3741 6.9535 -10.4074 -6.955 7.8375 -10.6875 -6.8832 7.8182 -10.7355 -6.7 6.64 -10.8579
4 16 -6.0126 8.5173 -11.3173 -5.6604 8.5152 -11.5527 -5.8064 8.2609 -11.4551 -6.1787 8.4644 -11.2063
4 16 -5.9753 7.9795 -11.3423 -6.3503 8.3575 -11.0916 -6.1787 8.4644 -11.2063 -5.8064 8.2609 -11.4551
4 16 -6.5978 8.1295 -10.9262 -6.3503 8.3575 -11.0916 -5.9753 7.9795 -11.3423 -6.8832 7.8182 -10.7355
4 16 -6.8832 7.8182 -10.7355 -5.9753 7.9795 -11.3423 -6.0991 7.6868 -11.2595 -6.7 6.64 -10.8579
3 16 -4.9751 8.2279 -12.0107 -4.9751 8.2885 -12.0107 -4.9332 8.2676 -12.019
4 16 -5.0721 8.1074 -11.9459 -5.1659 8.3701 -11.8832 -4.9751 8.2885 -12.0107 -4.9751 8.2279 -12.0107
4 16 -5.2469 7.8772 -11.829 -5.3561 8.3335 -11.756 -5.1659 8.3701 -11.8832 -5.0721 8.1074 -11.9459
4 16 -5.5813 8.2046 -11.6056 -5.3561 8.3335 -11.756 -5.2469 7.8772 -11.829 -5.8064 7.9795 -11.4551
4 16 -5.8064 7.9795 -11.4551 -5.2469 7.8772 -11.829 -5.3625 7.6775 -11.7518 -6.0316 7.6643 -11.3047
4 16 -6.0316 7.6643 -11.3047 -5.3625 7.6775 -11.7518 -5.4151 7.5198 -11.7166 -6.2 6.5 -11.1921
4 16 -5.0421 7.8246 -11.9659 -4.9751 7.8726 -12.0107 -4.9751 6.42 -12.0107 -5.2575 7.5724 -11.822
4 16 -5.352 7.4778 -11.7588 -5.2575 7.5724 -11.822 -4.9751 6.42 -12.0107 -5.5 6.43 -11.6599
4 16 -5.9 6.45 -11.3926 -5.4151 7.5198 -11.7166 -5.352 7.4778 -11.7588 -5.5 6.43 -11.6599
3 16 -5.9 6.45 -11.3926 -6.2 6.5 -11.1921 -5.4151 7.5198 -11.7166
4 16 -6.7 6.64 -10.8579 -6.0991 7.6868 -11.2595 -6.0316 7.6643 -11.3047 -6.2 6.5 -11.1921
4 16 -4.9751 6.42 -12.0107 -4.9751 7.8726 -12.0107 -4.9106 7.9297 -12.0235 -4.7328 8.0574 -12.0589
4 16 -4.5058 8.0874 -12.104 -4.6 6.45 -12.0853 -4.9751 6.42 -12.0107 -4.7328 8.0574 -12.0589
4 16 -4.6 6.45 -12.0853 -4.5058 8.0874 -12.104 -4.2049 8.0023 -12.1638 -4 6.53 -12.2046
3 16 -4 6.53 -12.2046 -4.2049 8.0023 -12.1638 -3.8371 7.9182 -12.237
4 16 -4 6.53 -12.2046 -3.8371 7.9182 -12.237 -3.5218 7.8972 -12.2997 -3.3 6.69 -12.3438
3 16 -3.3 6.69 -12.3438 -3.5218 7.8972 -12.2997 -3.2064 7.8972 -12.3624
4 16 -3.3 6.69 -12.3438 -3.2064 7.8972 -12.3624 -2.9437 7.9497 -12.4146 -2.4 6.95 -12.5228
3 16 -2.4 6.95 -12.5228 -2.9437 7.9497 -12.4146 -2.5233 8.1074 -12.4982
4 16 -2.4 6.95 -12.5228 -2.5233 8.1074 -12.4982 -2.208 8.265 -12.5609 -1.55 7.2 -12.6918
3 16 -1.55 7.2 -12.6918 -2.208 8.265 -12.5609 -1.8927 8.4752 -12.6236
4 16 -1.55 7.2 -12.6918 -1.8927 8.4752 -12.6236 -1.6899 8.7254 -12.664 -1.3 7.2 -12.7415
4 16 -1.15 7.1 -12.7713 -1.3 7.2 -12.7415 -1.6899 8.7254 -12.664 -0.1216 14.8897 -12.9758
4 16 -2.616 8.5086 -12.4798 -2.6139 8.5988 -12.4802 -2.4886 8.7799 -12.5051 -2.5333 8.4627 -12.4962
4 16 -2.218 8.5678 -12.5589 -2.5333 8.4627 -12.4962 -2.4886 8.7799 -12.5051 -1.9552 8.7254 -12.6112
3 16 -1.9552 8.7254 -12.6112 -2.4886 8.7799 -12.5051 -2.1597 9.3702 -12.5706
4 16 -1.9552 8.7254 -12.6112 -2.1597 9.3702 -12.5706 -2.0477 9.9843 -12.5928 -1.745 8.8305 -12.653
4 16 -4.719 8.6505 -12.0616 -4.8306 8.7154 -12.0394 -4.5941 8.7692 -12.0865 -4.6497 8.6604 -12.0754
4 16 -4.8785 9.3702 -12.0299 -4.5941 8.7692 -12.0865 -4.8306 8.7154 -12.0394 -4.9751 8.7757 -12.0107
3 16 -4.9751 8.7757 -12.0107 -4.9751 9.9843 -12.0107 -4.8785 9.3702 -12.0299
3 16 -4.9751 8.7757 -12.0107 -5.1234 8.8405 -11.9116 -4.9751 9.9843 -12.0107
3 16 -5.1234 8.8405 -11.9116 -5.4061 8.9156 -11.7226 -4.9751 9.9843 -12.0107
3 16 -5.4061 8.9156 -11.7226 -5.7289 8.9482 -11.5069 -4.9751 9.9843 -12.0107
3 16 -5.7289 8.9482 -11.5069 -5.9391 8.9482 -11.3665 -4.9751 9.9843 -12.0107
4 16 -4.9751 9.9843 -12.0107 -5.9391 8.9482 -11.3665 -6.0967 8.8956 -11.2611 -7.2108 11.6708 -10.5166
3 16 -4.9751 9.9843 -12.0107 -5.1842 11.78 -11.871 -4.9746 17 -12.0099
3 16 -4.9751 9.9843 -12.0107 -5.2708 11.5708 -11.8131 -5.1842 11.78 -11.871
3 16 -4.9751 9.9843 -12.0107 -5.48 11.4842 -11.6733 -5.2708 11.5708 -11.8131
4 16 -5.6892 11.5708 -11.5335 -5.48 11.4842 -11.6733 -4.9751 9.9843 -12.0107 -7.2108 11.6708 -10.5166
4 16 -5.6892 11.5708 -11.5335 -7.2108 11.6708 -10.5166 -7.1242 11.88 -10.5745 -5.7758 11.78 -11.4756
4 16 -6.57 12.3942 -10.9448 -5.7758 11.78 -11.4756 -7.1242 11.88 -10.5745 -7.2108 12.0892 -10.5166
4 16 -6.7792 12.4808 -10.805 -6.57 12.3942 -10.9448 -7.2108 12.0892 -10.5166 -7.42 12.1758 -10.3767
4 16 -6.8658 12.69 -10.7471 -6.7792 12.4808 -10.805 -7.42 12.1758 -10.3767 -9.1924 17 -9.1924
4 16 -5.7758 11.78 -11.4756 -6.57 12.3942 -10.9448 -6.3608 12.4808 -11.0846 -5.6892 11.9892 -11.5335
4 16 -5.6892 11.9892 -11.5335 -6.3608 12.4808 -11.0846 -6.2742 12.69 -11.1425 -5.48 12.0758 -11.6733
4 16 -6.3236 8.7282 -11.1095 -7.42 11.5842 -10.3767 -7.2108 11.6708 -10.5166 -6.0967 8.8956 -11.2611
3 16 -6.6198 8.4441 -10.9115 -7.42 11.5842 -10.3767 -6.3236 8.7282 -11.1095
3 16 -6.8562 8.0588 -10.7535 -7.42 11.5842 -10.3767 -6.6198 8.4441 -10.9115
4 16 -7.42 11.5842 -10.3767 -6.8562 8.0588 -10.7535 -6.955 7.8375 -10.6875 -7.6292 11.6708 -10.2369
4 16 -7.6292 11.6708 -10.2369 -6.955 7.8375 -10.6875 -7.3741 6.9535 -10.4074 -9.1924 4 -9.1924
3 16 -9.1924 4 -9.1924 -7.7158 11.88 -10.179 -7.6292 11.6708 -10.2369
3 16 -7.7158 11.88 -10.179 -9.1924 17 -9.1924 -7.6292 12.0892 -10.2369
3 16 -7.6292 12.0892 -10.2369 -9.1924 17 -9.1924 -7.42 12.1758 -10.3767
3 16 -6.8658 12.69 -10.7471 -9.1924 17 -9.1924 -6.7792 12.8992 -10.805
4 16 -6.7792 12.8992 -10.805 -9.1924 17 -9.1924 -4.9746 17 -12.0099 -6.57 12.9858 -10.9448
3 16 -5.1842 11.78 -11.871 -5.2708 11.9892 -11.8131 -4.9746 17 -12.0099
4 16 -4.9746 17 -12.0099 -5.2708 11.9892 -11.8131 -5.48 12.0758 -11.6733 -6.2742 12.69 -11.1425
3 16 -6.2742 12.69 -11.1425 -6.3608 12.8992 -11.0846 -4.9746 17 -12.0099
3 16 -6.3608 12.8992 -11.0846 -6.57 12.9858 -10.9448 -4.9746 17 -12.0099
3 16 -4.45 15.45 -12.1151 -4.9746 17 -12.0099 -4.35 15.5 -12.135
3 16 -4.55 15.2 -12.0952 -4.9746 17 -12.0099 -4.45 15.45 -12.1151
3 16 -4.57 14.95 -12.0912 -4.9746 17 -12.0099 -4.55 15.2 -12.0952
4 16 -4.9751 9.9843 -12.0107 -4.9746 17 -12.0099 -4.57 14.95 -12.0912 -4.8785 10.5474 -12.0299
3 16 -4.8785 10.5474 -12.0299 -4.57 14.95 -12.0912 -4.55 14.75 -12.0952
3 16 -4.8785 10.5474 -12.0299 -4.55 14.75 -12.0952 -4.45 14.5 -12.1151
4 16 -4.8785 10.5474 -12.0299 -4.45 14.5 -12.1151 -4.3 14.25 -12.1449 -4.5596 11.0247 -12.0933
4 16 -4.0822 11.3437 -12.1882 -4.5596 11.0247 -12.0933 -4.3 14.25 -12.1449 -4.15 14.15 -12.1748
3 16 -4.0822 11.3437 -12.1882 -4.15 14.15 -12.1748 -4.0188 14.1152 -12.2009
4 16 -4.0822 11.3437 -12.1882 -4.0188 14.1152 -12.2009 -3.9512 14.1847 -12.2143 -3.5191 11.4557 -12.3002
4 16 -4.25 15.45 -12.1549 -4.35 15.5 -12.135 -4.9746 17 -12.0099 -2.9 15.55 -12.4233
3 16 -2.9 15.55 -12.4233 -4.9746 17 -12.0099 -2.5 15.8 -12.5029
3 16 -2.5 15.8 -12.5029 -4.9746 17 -12.0099 -2.1 15.95 -12.5824
3 16 -2.1 15.95 -12.5824 -4.9746 17 -12.0099 -1.69 16.05 -12.6639
3 16 -1.69 16.05 -12.6639 -4.9746 17 -12.0099 -1.2 16.15 -12.7614
3 16 -1.2 16.15 -12.7614 -4.9746 17 -12.0099 -0.7 16.23 -12.8608
4 16 -0.25 16.25 -12.9503 -0.7 16.23 -12.8608 -4.9746 17 -12.0099 0 17 -13
3 16 0 16.25 -13 -0.25 16.25 -12.9503 0 17 -13
4 16 -4.2 15.35 -12.1648 -4.25 15.45 -12.1549 -2.9 15.55 -12.4233 -3.45 15.35 -12.314
4 16 -4.22 15.2 -12.1608 -4.2 15.35 -12.1648 -3.45 15.35 -12.314 -3.8 15.15 -12.2444
4 16 -4.23 14.95 -12.1589 -4.22 15.2 -12.1608 -3.8 15.15 -12.2444 -4 15 -12.2046
4 16 -4 14.9 -12.2046 -4.18 14.75 -12.1688 -4.23 14.95 -12.1589 -4 15 -12.2046
4 16 -4.18 14.75 -12.1688 -4 14.9 -12.2046 -3.95 14.85 -12.2145 -4.07 14.5 -12.1907
4 16 -3.95 14.85 -12.2145 -3.8 14.9 -12.2444 -3.99 14.35 -12.2066 -4.07 14.5 -12.1907
4 16 -3.99 14.35 -12.2066 -3.8 14.9 -12.2444 -3.5 14.95 -12.304 -3.9512 14.1847 -12.2143
4 16 -3.9512 14.1847 -12.2143 -3.5 14.95 -12.304 -3.1 15.02 -12.3836 -2.72 15.08 -12.4591
4 16 -3.5191 11.4557 -12.3002 -3.9512 14.1847 -12.2143 -2.72 15.08 -12.4591 -2.39 14.95 -12.5247
4 16 -2.956 11.3437 -12.4122 -3.5191 11.4557 -12.3002 -2.39 14.95 -12.5247 -2.04 14.85 -12.5943
4 16 -2.956 11.3437 -12.4122 -2.04 14.85 -12.5943 -1.72 14.75 -12.658 -2.4786 11.0247 -12.5071
4 16 -2.1597 10.5474 -12.5706 -2.4786 11.0247 -12.5071 -1.72 14.75 -12.658 -1.3 14.7 -12.7415
4 16 -2.0477 9.9843 -12.5928 -2.1597 10.5474 -12.5706 -1.3 14.7 -12.7415 -0.95 14.7 -12.8111
4 16 -1.745 8.8305 -12.653 -2.0477 9.9843 -12.5928 -0.95 14.7 -12.8111 -0.6 14.76 -12.8807
4 16 -1.6899 8.7254 -12.664 -1.745 8.8305 -12.653 -0.6 14.76 -12.8807 -0.3 14.85 -12.9403
3 16 -1.6899 8.7254 -12.664 -0.3 14.85 -12.9403 -0.1216 14.8897 -12.9758
4 16 -1.15 7.1 -12.7713 -0.1216 14.8897 -12.9758 0 14.9 -13 -1.1 6.9 -12.7813
3 16 0 4 -13 -1.1 6.9 -12.7813 0 14.9 -13
4 15 4.2473 9.2635 -12.1554 4.192 8.9858 -12.1664 3.5218 9.2635 -12.2997 4.192 9.5411 -12.1664
4 15 4.0348 9.7765 -12.1977 4.192 9.5411 -12.1664 3.5218 9.2635 -12.2997 3.7994 9.9337 -12.2445
4 15 3.5218 9.989 -12.2997 3.7994 9.9337 -12.2445 3.5218 9.2635 -12.2997 3.2441 9.9337 -12.3549
4 15 3.0087 9.7765 -12.4017 3.2441 9.9337 -12.3549 3.5218 9.2635 -12.2997 2.8515 9.5411 -12.433
4 15 2.7962 9.2635 -12.444 2.8515 9.5411 -12.433 3.5218 9.2635 -12.2997 2.8515 8.9858 -12.433
4 15 3.0087 8.7505 -12.4017 2.8515 8.9858 -12.433 3.5218 9.2635 -12.2997 3.2441 8.5932 -12.3549
4 15 3.5218 8.538 -12.2997 3.2441 8.5932 -12.3549 3.5218 9.2635 -12.2997 3.7994 8.5932 -12.2445
4 15 4.0348 8.7505 -12.1977 3.7994 8.5932 -12.2445 3.5218 9.2635 -12.2997 4.192 8.9858 -12.1664
4 0 4.8785 9.3702 -12.0299 4.192 8.9858 -12.1664 4.2473 9.2635 -12.1554 4.9751 9.9843 -12.0107
4 0 4.9751 9.9843 -12.0107 4.2473 9.2635 -12.1554 4.192 9.5411 -12.1664 4.8785 10.5474 -12.0299
4 0 4.8785 10.5474 -12.0299 4.192 9.5411 -12.1664 4.0348 9.7765 -12.1977 4.5596 11.0247 -12.0933
4 0 4.5596 11.0247 -12.0933 4.0348 9.7765 -12.1977 3.7994 9.9337 -12.2445 4.0822 11.3437 -12.1882
4 0 4.0822 11.3437 -12.1882 3.7994 9.9337 -12.2445 3.5218 9.989 -12.2997 3.5191 11.4557 -12.3002
4 0 3.5191 11.4557 -12.3002 3.5218 9.989 -12.2997 3.2441 9.9337 -12.3549 2.956 11.3437 -12.4122
4 0 2.956 11.3437 -12.4122 3.2441 9.9337 -12.3549 3.0087 9.7765 -12.4017 2.4786 11.0247 -12.5071
4 0 2.4786 11.0247 -12.5071 3.0087 9.7765 -12.4017 2.8515 9.5411 -12.433 2.1597 10.5474 -12.5706
4 0 2.1597 10.5474 -12.5706 2.8515 9.5411 -12.433 2.7962 9.2635 -12.444 2.0477 9.9843 -12.5928
4 0 2.0477 9.9843 -12.5928 2.7962 9.2635 -12.444 2.8515 8.9858 -12.433 2.1597 9.3702 -12.5706
4 0 2.1597 9.3702 -12.5706 2.8515 8.9858 -12.433 3.0087 8.7505 -12.4017 2.4886 8.7799 -12.5051
4 0 2.4886 8.7799 -12.5051 3.0087 8.7505 -12.4017 3.2441 8.5932 -12.3549 2.9437 8.4227 -12.4146
4 0 2.9437 8.4227 -12.4146 3.2441 8.5932 -12.3549 3.5218 8.538 -12.2997 3.5218 8.3176 -12.2997
4 0 3.5218 8.3176 -12.2997 3.5218 8.538 -12.2997 3.7994 8.5932 -12.2445 4.0998 8.4227 -12.1847
4 0 4.0998 8.4227 -12.1847 3.7994 8.5932 -12.2445 4.0348 8.7505 -12.1977 4.5941 8.7692 -12.0865
4 0 4.5941 8.7692 -12.0865 4.0348 8.7505 -12.1977 4.192 8.9858 -12.1664 4.8785 9.3702 -12.0299
4 484 1.2 6.75 -12.7614 1.1 6.9 -12.7813 1.15 7.1 -12.7713 1.3 7.2 -12.7415
4 484 1.4 6.6 -12.7216 1.2 6.75 -12.7614 1.3 7.2 -12.7415 1.55 7.2 -12.6918
4 484 2 6.4 -12.6023 1.4 6.6 -12.7216 1.55 7.2 -12.6918 2.4 6.95 -12.5228
4 484 2.7 6.25 -12.4631 2 6.4 -12.6023 2.4 6.95 -12.5228 3.3 6.69 -12.3438
4 484 3.4 6.15 -12.3239 2.7 6.25 -12.4631 3.3 6.69 -12.3438 4 6.53 -12.2046
4 484 4.1 6.1 -12.1847 3.4 6.15 -12.3239 4 6.53 -12.2046 4.6 6.45 -12.0853
4 484 4.63 6.07 -12.0793 4.1 6.1 -12.1847 4.6 6.45 -12.0853 4.9751 6.42 -12.0107
3 484 4.9751 6.07 -12.0107 4.63 6.07 -12.0793 4.9751 6.42 -12.0107
4 484 4.9751 6.07 -12.0107 4.9751 6.42 -12.0107 5.5 6.43 -11.6599 5.5 6.1 -11.6599
4 484 5.5 6.1 -11.6599 5.5 6.43 -11.6599 5.9 6.45 -11.3926 6 6.2 -11.3257
4 484 6 6.2 -11.3257 5.9 6.45 -11.3926 6.2 6.5 -11.1921 6.45 6.35 -11.025
4 484 6.45 6.35 -11.025 6.2 6.5 -11.1921 6.7 6.64 -10.8579 6.9 6.55 -10.7243
4 0 1.6899 8.7254 -12.664 1.745 8.8305 -12.653 1.9552 8.7254 -12.6112 1.8927 8.4752 -12.6236
4 0 1.8927 8.4752 -12.6236 1.9552 8.7254 -12.6112 2.218 8.5678 -12.5589 2.208 8.265 -12.5609
4 0 2.208 8.265 -12.5609 2.218 8.5678 -12.5589 2.5333 8.4627 -12.4962 2.5233 8.1074 -12.4982
4 0 2.5233 8.1074 -12.4982 2.5333 8.4627 -12.4962 2.616 8.5086 -12.4798 2.9437 7.9497 -12.4146
4 0 2.9437 7.9497 -12.4146 2.616 8.5086 -12.4798 2.9437 8.4227 -12.4146 3.2064 7.8972 -12.3624
4 0 3.2064 7.8972 -12.3624 2.9437 8.4227 -12.4146 3.5218 8.3176 -12.2997 3.5218 7.8972 -12.2997
4 0 3.8371 7.9182 -12.237 3.5218 7.8972 -12.2997 3.5218 8.3176 -12.2997 4.0998 8.4227 -12.1847
4 0 4.2049 8.0023 -12.1638 3.8371 7.9182 -12.237 4.0998 8.4227 -12.1847 4.4151 8.4752 -12.122
4 0 4.5058 8.0874 -12.104 4.2049 8.0023 -12.1638 4.4151 8.4752 -12.122 4.6497 8.6604 -12.0754
4 0 5.1659 8.3701 -11.8832 5.1234 8.8405 -11.9116 5.4061 8.9156 -11.7226 5.6604 8.5152 -11.5527
4 0 5.6604 8.5152 -11.5527 5.7289 8.9482 -11.5069 5.9391 8.9482 -11.3665 6.0126 8.5173 -11.3173
4 0 6.0126 8.5173 -11.3173 5.9391 8.9482 -11.3665 6.0967 8.8956 -11.2611 6.1787 8.4644 -11.2063
4 0 6.1787 8.4644 -11.2063 6.0967 8.8956 -11.2611 6.3236 8.7282 -11.1095 6.3503 8.3575 -11.0916
4 0 6.3503 8.3575 -11.0916 6.3236 8.7282 -11.1095 6.6198 8.4441 -10.9115 6.5978 8.1295 -10.9262
4 0 6.5978 8.1295 -10.9262 6.6198 8.4441 -10.9115 6.8562 8.0588 -10.7535 6.8832 7.8182 -10.7355
3 0 6.8832 7.8182 -10.7355 6.8562 8.0588 -10.7535 6.955 7.8375 -10.6875
4 0 5.5813 8.2046 -11.6056 5.3561 8.3335 -11.756 5.6604 8.5152 -11.5527 5.8064 8.2609 -11.4551
4 0 5.8064 7.9795 -11.4551 5.5813 8.2046 -11.6056 5.8064 8.2609 -11.4551 5.9753 7.9795 -11.3423
4 0 6.0316 7.6643 -11.3047 5.8064 7.9795 -11.4551 5.9753 7.9795 -11.3423 6.0991 7.6868 -11.2595
4 0 5.0421 7.8246 -11.9659 5.2469 7.8772 -11.829 5.3625 7.6775 -11.7518 5.2575 7.5724 -11.822
4 0 5.2575 7.5724 -11.822 5.3625 7.6775 -11.7518 5.4151 7.5198 -11.7166 5.352 7.4778 -11.7588
4 0 0.4 15.28 -12.9205 0 15.3 -13 0 15.9 -13 0.6 15.88 -12.8807
4 0 0.9 15.25 -12.821 0.4 15.28 -12.9205 0.6 15.88 -12.8807 1.15 15.84 -12.7713
4 0 1.45 15.22 -12.7117 0.9 15.25 -12.821 1.15 15.84 -12.7713 1.85 15.75 -12.6321
4 0 2 15.17 -12.6023 1.45 15.22 -12.7117 1.85 15.75 -12.6321 2.4 15.65 -12.5228
4 0 2.72 15.08 -12.4591 2 15.17 -12.6023 2.4 15.65 -12.5228 2.9 15.55 -12.4233
4 0 3.1 15.02 -12.3836 2.72 15.08 -12.4591 2.9 15.55 -12.4233 3.45 15.35 -12.314
4 0 3.5 14.95 -12.304 3.1 15.02 -12.3836 3.45 15.35 -12.314 3.8 15.15 -12.2444
4 0 3.8 14.9 -12.2444 3.5 14.95 -12.304 3.8 15.15 -12.2444 4 15 -12.2046
4 0 3.95 14.85 -12.2145 3.8 14.9 -12.2444 4 15 -12.2046 4 14.9 -12.2046
4 92 4.15 14.15 -12.1748 4.0188 14.1152 -12.2009 3.9512 14.1847 -12.2143 3.99 14.35 -12.2066
4 92 4.3 14.25 -12.1449 4.15 14.15 -12.1748 3.99 14.35 -12.2066 4.07 14.5 -12.1907
4 92 4.45 14.5 -12.1151 4.3 14.25 -12.1449 4.07 14.5 -12.1907 4.18 14.75 -12.1688
4 92 4.55 14.75 -12.0952 4.45 14.5 -12.1151 4.18 14.75 -12.1688 4.23 14.95 -12.1589
4 92 4.57 14.95 -12.0912 4.55 14.75 -12.0952 4.23 14.95 -12.1589 4.22 15.2 -12.1608
4 92 4.55 15.2 -12.0952 4.57 14.95 -12.0912 4.22 15.2 -12.1608 4.2 15.35 -12.1648
4 92 4.45 15.45 -12.1151 4.55 15.2 -12.0952 4.2 15.35 -12.1648 4.25 15.45 -12.1549
3 92 4.45 15.45 -12.1151 4.25 15.45 -12.1549 4.35 15.5 -12.135
4 92 5.7758 11.78 -11.4756 5.6892 11.5708 -11.5335 5.48 11.78 -11.6733 5.6892 11.9892 -11.5335
4 92 5.48 12.0758 -11.6733 5.6892 11.9892 -11.5335 5.48 11.78 -11.6733 5.2708 11.9892 -11.8131
4 92 5.1842 11.78 -11.871 5.2708 11.9892 -11.8131 5.48 11.78 -11.6733 5.2708 11.5708 -11.8131
4 92 5.48 11.4842 -11.6733 5.2708 11.5708 -11.8131 5.48 11.78 -11.6733 5.6892 11.5708 -11.5335
4 92 6.6858 12.69 -10.8674 6.5992 12.4808 -10.9253 6.39 12.69 -11.0651 6.5992 12.8992 -10.9253
4 92 6.39 12.9858 -11.0651 6.5992 12.8992 -10.9253 6.39 12.69 -11.0651 6.1808 12.8992 -11.2049
4 92 6.0942 12.69 -11.2628 6.1808 12.8992 -11.2049 6.39 12.69 -11.0651 6.1808 12.4808 -11.2049
4 92 6.39 12.3942 -11.0651 6.1808 12.4808 -11.2049 6.39 12.69 -11.0651 6.5992 12.4808 -10.9253
4 92 7.7158 11.88 -10.179 7.6292 11.6708 -10.2369 7.42 11.88 -10.3767 7.6292 12.0892 -10.2369
4 92 7.42 12.1758 -10.3767 7.6292 12.0892 -10.2369 7.42 11.88 -10.3767 7.2108 12.0892 -10.5166
4 92 7.1242 11.88 -10.5745 7.2108 12.0892 -10.5166 7.42 11.88 -10.3767 7.2108 11.6708 -10.5166
4 92 7.42 11.5842 -10.3767 7.2108 11.6708 -10.5166 7.42 11.88 -10.3767 7.6292 11.6708 -10.2369
4 320 0.3 14.85 -12.9403 0 15.3 -13 0.4 15.28 -12.9205 0.6 14.76 -12.8807
4 320 0.6 14.76 -12.8807 0.4 15.28 -12.9205 0.9 15.25 -12.821 0.95 14.7 -12.8111
4 320 1.45 15.22 -12.7117 1.3 14.7 -12.7415 0.95 14.7 -12.8111 0.9 15.25 -12.821
4 320 1.72 14.75 -12.658 1.3 14.7 -12.7415 1.45 15.22 -12.7117 2.04 14.85 -12.5943
4 320 2.04 14.85 -12.5943 1.45 15.22 -12.7117 2 15.17 -12.6023 2.39 14.95 -12.5247
3 320 2.39 14.95 -12.5247 2 15.17 -12.6023 2.72 15.08 -12.4591
4 320 2.5 15.8 -12.5029 2.9 15.55 -12.4233 2.4 15.65 -12.5228 2.1 15.95 -12.5824
4 320 2.1 15.95 -12.5824 2.4 15.65 -12.5228 1.85 15.75 -12.6321 1.69 16.05 -12.6639
4 320 1.2 16.15 -12.7614 1.69 16.05 -12.6639 1.85 15.75 -12.6321 1.15 15.84 -12.7713
4 320 0.7 16.23 -12.8608 1.2 16.15 -12.7614 1.15 15.84 -12.7713 0.6 15.88 -12.8807
4 320 0.25 16.25 -12.9503 0.7 16.23 -12.8608 0.6 15.88 -12.8807 0 15.9 -13
3 320 0 15.9 -13 0 16.25 -13 0.25 16.25 -12.9503
4 0 4.5941 8.7692 -12.0865 4.6497 8.6604 -12.0754 4.4151 8.4752 -12.122 4.0998 8.4227 -12.1847
3 0 2.9437 8.4227 -12.4146 2.616 8.5086 -12.4798 2.6139 8.5988 -12.4802
3 0 2.9437 8.4227 -12.4146 2.6139 8.5988 -12.4802 2.4886 8.7799 -12.5051
4 0 4.9332 8.2676 -12.019 4.7328 8.0574 -12.0589 4.5058 8.0874 -12.104 4.6497 8.6604 -12.0754
4 0 4.9332 8.2676 -12.019 4.719 8.6505 -12.0616 4.8306 8.7154 -12.0394 4.9751 8.7757 -12.0107
3 0 4.9332 8.2676 -12.019 4.6497 8.6604 -12.0754 4.719 8.6505 -12.0616
3 0 5.3561 8.3335 -11.756 5.1659 8.3701 -11.8832 5.6604 8.5152 -11.5527
3 0 5.6604 8.5152 -11.5527 5.4061 8.9156 -11.7226 5.7289 8.9482 -11.5069
4 0 5.2469 7.8772 -11.829 5.0421 7.8246 -11.9659 4.9751 7.8726 -12.0107 5.0721 8.1074 -11.9459
4 0 4.7328 8.0574 -12.0589 4.9332 8.2676 -12.019 4.9751 8.2279 -12.0107 4.9106 7.9297 -12.0235
4 0 5.1234 8.8405 -11.9116 5.1659 8.3701 -11.8832 4.9751 8.2885 -12.0107 4.9751 8.7757 -12.0107
3 0 4.9751 7.8726 -12.0107 4.9751 8.2279 -12.0107 5.0721 8.1074 -11.9459
3 0 4.9751 7.8726 -12.0107 4.9106 7.9297 -12.0235 4.9751 8.2279 -12.0107
3 0 4.9332 8.2676 -12.019 4.9751 8.7757 -12.0107 4.9751 8.2885 -12.0107
3 320 0.3 14.85 -12.9403 0.1216 14.8897 -12.9758 0 15.3 -13
3 320 0.1216 14.8897 -12.9758 0 14.9 -13 0 15.3 -13
4 484 6.7 6.64 -10.8579 7.3741 6.9535 -10.4074 7.3696 6.8717 -10.4104 6.9 6.55 -10.7243
3 16 0 4 -13 1.1 6.9 -12.7813 1.2 6.75 -12.7614
3 16 0 4 -13 1.2 6.75 -12.7614 1.4 6.6 -12.7216
3 16 0 4 -13 1.4 6.6 -12.7216 2 6.4 -12.6023
3 16 0 4 -13 2 6.4 -12.6023 2.7 6.25 -12.4631
4 16 0 4 -13 2.7 6.25 -12.4631 3.4 6.15 -12.3239 4.9752 4 -12.0104
3 16 4.9752 4 -12.0104 3.4 6.15 -12.3239 4.1 6.1 -12.1847
3 16 4.9752 4 -12.0104 4.1 6.1 -12.1847 4.63 6.07 -12.0793
3 16 4.9752 4 -12.0104 4.63 6.07 -12.0793 4.9751 6.07 -12.0107
3 16 4.9752 4 -12.0104 4.9751 6.07 -12.0107 5.5 6.1 -11.6599
3 16 4.9752 4 -12.0104 5.5 6.1 -11.6599 6 6.2 -11.3257
4 16 4.9752 4 -12.0104 6 6.2 -11.3257 6.45 6.35 -11.025 9.1924 4 -9.1924
3 16 9.1924 4 -9.1924 6.45 6.35 -11.025 6.9 6.55 -10.7243
3 16 9.1924 4 -9.1924 6.9 6.55 -10.7243 7.3696 6.8717 -10.4104
3 16 9.1924 4 -9.1924 7.3696 6.8717 -10.4104 7.3741 6.9535 -10.4074
4 16 6.8832 7.8182 -10.7355 6.955 7.8375 -10.6875 7.3741 6.9535 -10.4074 6.7 6.64 -10.8579
4 16 5.8064 8.2609 -11.4551 5.6604 8.5152 -11.5527 6.0126 8.5173 -11.3173 6.1787 8.4644 -11.2063
4 16 6.1787 8.4644 -11.2063 6.3503 8.3575 -11.0916 5.9753 7.9795 -11.3423 5.8064 8.2609 -11.4551
4 16 5.9753 7.9795 -11.3423 6.3503 8.3575 -11.0916 6.5978 8.1295 -10.9262 6.8832 7.8182 -10.7355
4 16 6.0991 7.6868 -11.2595 5.9753 7.9795 -11.3423 6.8832 7.8182 -10.7355 6.7 6.64 -10.8579
3 16 4.9751 8.2279 -12.0107 4.9332 8.2676 -12.019 4.9751 8.2885 -12.0107
4 16 4.9751 8.2885 -12.0107 5.1659 8.3701 -11.8832 5.0721 8.1074 -11.9459 4.9751 8.2279 -12.0107
4 16 5.1659 8.3701 -11.8832 5.3561 8.3335 -11.756 5.2469 7.8772 -11.829 5.0721 8.1074 -11.9459
4 16 5.2469 7.8772 -11.829 5.3561 8.3335 -11.756 5.5813 8.2046 -11.6056 5.8064 7.9795 -11.4551
4 16 5.3625 7.6775 -11.7518 5.2469 7.8772 -11.829 5.8064 7.9795 -11.4551 6.0316 7.6643 -11.3047
4 16 5.4151 7.5198 -11.7166 5.3625 7.6775 -11.7518 6.0316 7.6643 -11.3047 6.2 6.5 -11.1921
4 16 4.9751 6.42 -12.0107 4.9751 7.8726 -12.0107 5.0421 7.8246 -11.9659 5.2575 7.5724 -11.822
4 16 4.9751 6.42 -12.0107 5.2575 7.5724 -11.822 5.352 7.4778 -11.7588 5.5 6.43 -11.6599
4 16 5.352 7.4778 -11.7588 5.4151 7.5198 -11.7166 5.9 6.45 -11.3926 5.5 6.43 -11.6599
3 16 5.9 6.45 -11.3926 5.4151 7.5198 -11.7166 6.2 6.5 -11.1921
4 16 6.0316 7.6643 -11.3047 6.0991 7.6868 -11.2595 6.7 6.64 -10.8579 6.2 6.5 -11.1921
4 16 4.9106 7.9297 -12.0235 4.9751 7.8726 -12.0107 4.9751 6.42 -12.0107 4.7328 8.0574 -12.0589
4 16 4.9751 6.42 -12.0107 4.6 6.45 -12.0853 4.5058 8.0874 -12.104 4.7328 8.0574 -12.0589
4 16 4.2049 8.0023 -12.1638 4.5058 8.0874 -12.104 4.6 6.45 -12.0853 4 6.53 -12.2046
3 16 4 6.53 -12.2046 3.8371 7.9182 -12.237 4.2049 8.0023 -12.1638
4 16 3.5218 7.8972 -12.2997 3.8371 7.9182 -12.237 4 6.53 -12.2046 3.3 6.69 -12.3438
3 16 3.3 6.69 -12.3438 3.2064 7.8972 -12.3624 3.5218 7.8972 -12.2997
4 16 2.9437 7.9497 -12.4146 3.2064 7.8972 -12.3624 3.3 6.69 -12.3438 2.4 6.95 -12.5228
3 16 2.4 6.95 -12.5228 2.5233 8.1074 -12.4982 2.9437 7.9497 -12.4146
4 16 2.208 8.265 -12.5609 2.5233 8.1074 -12.4982 2.4 6.95 -12.5228 1.55 7.2 -12.6918
3 16 1.55 7.2 -12.6918 1.8927 8.4752 -12.6236 2.208 8.265 -12.5609
4 16 1.6899 8.7254 -12.664 1.8927 8.4752 -12.6236 1.55 7.2 -12.6918 1.3 7.2 -12.7415
4 16 1.6899 8.7254 -12.664 1.3 7.2 -12.7415 1.15 7.1 -12.7713 0.1216 14.8897 -12.9758
4 16 2.4886 8.7799 -12.5051 2.6139 8.5988 -12.4802 2.616 8.5086 -12.4798 2.5333 8.4627 -12.4962
4 16 2.4886 8.7799 -12.5051 2.5333 8.4627 -12.4962 2.218 8.5678 -12.5589 1.9552 8.7254 -12.6112
3 16 1.9552 8.7254 -12.6112 2.1597 9.3702 -12.5706 2.4886 8.7799 -12.5051
4 16 2.0477 9.9843 -12.5928 2.1597 9.3702 -12.5706 1.9552 8.7254 -12.6112 1.745 8.8305 -12.653
4 16 4.5941 8.7692 -12.0865 4.8306 8.7154 -12.0394 4.719 8.6505 -12.0616 4.6497 8.6604 -12.0754
4 16 4.8306 8.7154 -12.0394 4.5941 8.7692 -12.0865 4.8785 9.3702 -12.0299 4.9751 8.7757 -12.0107
3 16 4.9751 8.7757 -12.0107 4.8785 9.3702 -12.0299 4.9751 9.9843 -12.0107
3 16 4.9751 8.7757 -12.0107 4.9751 9.9843 -12.0107 5.1234 8.8405 -11.9116
3 16 5.1234 8.8405 -11.9116 4.9751 9.9843 -12.0107 5.4061 8.9156 -11.7226
3 16 5.4061 8.9156 -11.7226 4.9751 9.9843 -12.0107 5.7289 8.9482 -11.5069
3 16 5.9391 8.9482 -11.3665 5.7289 8.9482 -11.5069 4.9751 9.9843 -12.0107
4 16 6.0967 8.8956 -11.2611 5.9391 8.9482 -11.3665 4.9751 9.9843 -12.0107 7.2108 11.6708 -10.5166
3 16 4.9751 9.9843 -12.0107 4.9749 17 -12.0104 5.1842 11.78 -11.871
3 16 4.9751 9.9843 -12.0107 5.1842 11.78 -11.871 5.2708 11.5708 -11.8131
3 16 4.9751 9.9843 -12.0107 5.2708 11.5708 -11.8131 5.48 11.4842 -11.6733
4 16 4.9751 9.9843 -12.0107 5.48 11.4842 -11.6733 5.6892 11.5708 -11.5335 7.2108 11.6708 -10.5166
4 16 7.1242 11.88 -10.5745 7.2108 11.6708 -10.5166 5.6892 11.5708 -11.5335 5.7758 11.78 -11.4756
4 16 7.1242 11.88 -10.5745 5.7758 11.78 -11.4756 6.39 12.3942 -11.0651 7.2108 12.0892 -10.5166
4 16 7.2108 12.0892 -10.5166 6.39 12.3942 -11.0651 6.5992 12.4808 -10.9253 7.42 12.1758 -10.3767
4 16 7.42 12.1758 -10.3767 6.5992 12.4808 -10.9253 6.6858 12.69 -10.8674 9.1924 17 -9.1924
4 16 6.1808 12.4808 -11.2049 6.39 12.3942 -11.0651 5.7758 11.78 -11.4756 5.6892 11.9892 -11.5335
4 16 6.0942 12.69 -11.2628 6.1808 12.4808 -11.2049 5.6892 11.9892 -11.5335 5.48 12.0758 -11.6733
4 16 7.2108 11.6708 -10.5166 7.42 11.5842 -10.3767 6.3236 8.7282 -11.1095 6.0967 8.8956 -11.2611
3 16 6.6198 8.4441 -10.9115 6.3236 8.7282 -11.1095 7.42 11.5842 -10.3767
3 16 6.8562 8.0588 -10.7535 6.6198 8.4441 -10.9115 7.42 11.5842 -10.3767
4 16 6.955 7.8375 -10.6875 6.8562 8.0588 -10.7535 7.42 11.5842 -10.3767 7.6292 11.6708 -10.2369
4 16 7.3741 6.9535 -10.4074 6.955 7.8375 -10.6875 7.6292 11.6708 -10.2369 9.1924 4 -9.1924
3 16 9.1924 4 -9.1924 7.6292 11.6708 -10.2369 7.7158 11.88 -10.179
3 16 9.1924 4 -9.1924 7.7158 11.88 -10.179 9.1924 17 -9.1924
3 16 7.7158 11.88 -10.179 7.6292 12.0892 -10.2369 9.1924 17 -9.1924
3 16 7.6292 12.0892 -10.2369 7.42 12.1758 -10.3767 9.1924 17 -9.1924
4 16 9.1924 17 -9.1924 6.6858 12.69 -10.8674 6.5992 12.8992 -10.9253 4.9749 17 -12.0104
3 16 6.5992 12.8992 -10.9253 6.39 12.9858 -11.0651 4.9749 17 -12.0104
3 16 5.1842 11.78 -11.871 4.9749 17 -12.0104 5.2708 11.9892 -11.8131
4 16 5.48 12.0758 -11.6733 5.2708 11.9892 -11.8131 4.9749 17 -12.0104 6.0942 12.69 -11.2628
3 16 6.0942 12.69 -11.2628 4.9749 17 -12.0104 6.1808 12.8992 -11.2049
3 16 6.1808 12.8992 -11.2049 4.9749 17 -12.0104 6.39 12.9858 -11.0651
3 16 4.45 15.45 -12.1151 4.35 15.5 -12.135 4.9749 17 -12.0104
3 16 4.55 15.2 -12.0952 4.45 15.45 -12.1151 4.9749 17 -12.0104
3 16 4.57 14.95 -12.0912 4.55 15.2 -12.0952 4.9749 17 -12.0104
4 16 4.57 14.95 -12.0912 4.9749 17 -12.0104 4.9751 9.9843 -12.0107 4.8785 10.5474 -12.0299
3 16 4.8785 10.5474 -12.0299 4.55 14.75 -12.0952 4.57 14.95 -12.0912
3 16 4.8785 10.5474 -12.0299 4.45 14.5 -12.1151 4.55 14.75 -12.0952
4 16 4.3 14.25 -12.1449 4.45 14.5 -12.1151 4.8785 10.5474 -12.0299 4.5596 11.0247 -12.0933
4 16 4.3 14.25 -12.1449 4.5596 11.0247 -12.0933 4.0822 11.3437 -12.1882 4.15 14.15 -12.1748
3 16 4.0822 11.3437 -12.1882 4.0188 14.1152 -12.2009 4.15 14.15 -12.1748
4 16 3.9512 14.1847 -12.2143 4.0188 14.1152 -12.2009 4.0822 11.3437 -12.1882 3.5191 11.4557 -12.3002
4 16 4.9749 17 -12.0104 4.35 15.5 -12.135 4.25 15.45 -12.1549 2.9 15.55 -12.4233
3 16 2.9 15.55 -12.4233 2.5 15.8 -12.5029 4.9749 17 -12.0104
3 16 2.5 15.8 -12.5029 2.1 15.95 -12.5824 4.9749 17 -12.0104
3 16 2.1 15.95 -12.5824 1.69 16.05 -12.6639 4.9749 17 -12.0104
3 16 1.69 16.05 -12.6639 1.2 16.15 -12.7614 4.9749 17 -12.0104
3 16 1.2 16.15 -12.7614 0.7 16.23 -12.8608 4.9749 17 -12.0104
4 16 4.9749 17 -12.0104 0.7 16.23 -12.8608 0.25 16.25 -12.9503 0 17 -13
3 16 0.25 16.25 -12.9503 0 16.25 -13 0 17 -13
4 16 2.9 15.55 -12.4233 4.25 15.45 -12.1549 4.2 15.35 -12.1648 3.45 15.35 -12.314
4 16 3.45 15.35 -12.314 4.2 15.35 -12.1648 4.22 15.2 -12.1608 3.8 15.15 -12.2444
4 16 3.8 15.15 -12.2444 4.22 15.2 -12.1608 4.23 14.95 -12.1589 4 15 -12.2046
4 16 4.23 14.95 -12.1589 4.18 14.75 -12.1688 4 14.9 -12.2046 4 15 -12.2046
4 16 3.95 14.85 -12.2145 4 14.9 -12.2046 4.18 14.75 -12.1688 4.07 14.5 -12.1907
4 16 3.99 14.35 -12.2066 3.8 14.9 -12.2444 3.95 14.85 -12.2145 4.07 14.5 -12.1907
4 16 3.5 14.95 -12.304 3.8 14.9 -12.2444 3.99 14.35 -12.2066 3.9512 14.1847 -12.2143
4 16 3.1 15.02 -12.3836 3.5 14.95 -12.304 3.9512 14.1847 -12.2143 2.72 15.08 -12.4591
4 16 2.72 15.08 -12.4591 3.9512 14.1847 -12.2143 3.5191 11.4557 -12.3002 2.39 14.95 -12.5247
4 16 2.39 14.95 -12.5247 3.5191 11.4557 -12.3002 2.956 11.3437 -12.4122 2.04 14.85 -12.5943
4 16 1.72 14.75 -12.658 2.04 14.85 -12.5943 2.956 11.3437 -12.4122 2.4786 11.0247 -12.5071
4 16 1.72 14.75 -12.658 2.4786 11.0247 -12.5071 2.1597 10.5474 -12.5706 1.3 14.7 -12.7415
4 16 1.3 14.7 -12.7415 2.1597 10.5474 -12.5706 2.0477 9.9843 -12.5928 0.95 14.7 -12.8111
4 16 0.95 14.7 -12.8111 2.0477 9.9843 -12.5928 1.745 8.8305 -12.653 0.6 14.76 -12.8807
4 16 0.6 14.76 -12.8807 1.745 8.8305 -12.653 1.6899 8.7254 -12.664 0.3 14.85 -12.9403
3 16 1.6899 8.7254 -12.664 0.1216 14.8897 -12.9758 0.3 14.85 -12.9403
4 16 0 14.9 -13 0.1216 14.8897 -12.9758 1.15 7.1 -12.7713 1.1 6.9 -12.7813
3 16 0 4 -13 0 14.9 -13 1.1 6.9 -12.7813
3 16 -9.1924 4 -9.1924 -9.1924 17 -9.1924 -7.7158 11.88 -10.179

0 // backside
4 15 3.6218 9.2235 12.2798 4.2099 8.9798 12.1629 4.2584 9.2235 12.1532 4.2099 9.4671 12.1629
4 15 3.6218 9.2235 12.2798 4.2099 9.4671 12.1629 4.0719 9.6736 12.1903 3.8654 9.8117 12.2314
4 15 3.6218 9.2235 12.2798 3.8654 9.8117 12.2314 3.6218 9.8601 12.2798 3.3781 9.8117 12.3283
4 15 3.6218 9.2235 12.2798 3.3781 9.8117 12.3283 3.1716 9.6736 12.3693 3.0336 9.4671 12.3968
4 15 3.6218 9.2235 12.2798 3.0336 9.4671 12.3968 2.9851 9.2235 12.4064 3.0336 8.9798 12.3968
4 15 3.6218 9.2235 12.2798 3.0336 8.9798 12.3968 3.1716 8.7733 12.3693 3.3781 8.6353 12.3283
4 15 3.6218 9.2235 12.2798 3.3781 8.6353 12.3283 3.6218 8.5868 12.2798 3.8654 8.6353 12.2314
4 15 3.6218 9.2235 12.2798 3.8654 8.6353 12.2314 4.0719 8.7733 12.1903 4.2099 8.9798 12.1629
4 0 4.2584 9.2235 12.1532 4.2099 8.9798 12.1629 4.9751 9.3702 12.0107 4.9751 9.9843 12.0107
4 0 4.2099 9.4671 12.1629 4.2584 9.2235 12.1532 4.9751 9.9843 12.0107 4.8594 10.5496 12.0337
4 0 4.0719 9.6736 12.1903 4.2099 9.4671 12.1629 4.8594 10.5496 12.0337 4.7019 10.7992 12.065
4 0 3.8654 9.8117 12.2314 4.0719 9.6736 12.1903 4.5596 11.0247 12.0933 4.0822 11.3437 12.1882
4 0 3.6218 9.8601 12.2798 3.8654 9.8117 12.2314 4.0822 11.3437 12.1882 3.5191 11.4557 12.3002
4 0 3.3781 9.8117 12.3283 3.6218 9.8601 12.2798 3.5191 11.4557 12.3002 2.956 11.3437 12.4122
4 0 3.1716 9.6736 12.3693 3.3781 9.8117 12.3283 2.956 11.3437 12.4122 2.4786 11.0247 12.5071
4 0 3.0336 9.4671 12.3968 3.1716 9.6736 12.3693 2.4786 11.0247 12.5071 2.1597 10.5474 12.5706
4 0 2.9851 9.2235 12.4064 3.0336 9.4671 12.3968 2.1597 10.5474 12.5706 2.0477 9.9843 12.5928
4 0 3.0336 8.9798 12.3968 2.9851 9.2235 12.4064 2.0477 9.9843 12.5928 2.0495 9.3702 12.5925
4 0 3.1716 8.7733 12.3693 3.0336 8.9798 12.3968 2.0495 9.3702 12.5925 2.4886 8.7799 12.5051
4 0 3.3781 8.6353 12.3283 3.1716 8.7733 12.3693 2.4886 8.7799 12.5051 2.9437 8.4227 12.4146
4 0 3.6218 8.5868 12.2798 3.3781 8.6353 12.3283 2.9437 8.4227 12.4146 3.5218 8.3176 12.2997
4 0 3.8654 8.6353 12.2314 3.6218 8.5868 12.2798 3.5218 8.3176 12.2997 4.0998 8.4227 12.1847
4 0 4.0719 8.7733 12.1903 3.8654 8.6353 12.2314 4.0998 8.4227 12.1847 4.5941 8.7692 12.0865
4 0 4.2099 8.9798 12.1629 4.0719 8.7733 12.1903 4.5941 8.7692 12.0865 4.9751 9.3702 12.0107
4 484 1.1835 4.3459 12.7647 1.3186 4.1902 12.7378 1.4989 4.1861 12.7019 1.1876 4.5261 12.7638
4 484 1.1876 4.5261 12.7638 1.4989 4.1861 12.7019 1.7365 4.2639 12.6547 1.331 4.7309 12.7353
4 484 1.331 4.7309 12.7353 1.7365 4.2639 12.6547 2.1639 4.5068 12.5697 1.7895 5.0546 12.6441
4 484 2.4 5.32 12.5228 2.1639 4.5068 12.5697 2.7 4.75 12.4631 3.3 5.52 12.3438
4 484 3.3 5.52 12.3438 2.7 4.75 12.4631 3.4 5 12.3239 4 5.6 12.2046
4 484 4 5.6 12.2046 3.4 5 12.3239 4.1 5.15 12.1847 4.6 5.65 12.0853
4 484 4.6 5.65 12.0853 4.1 5.15 12.1847 4.63 5.22 12.0793 4.9751 5.67 12.0107
3 484 4.63 5.22 12.0793 4.9751 5.27 12.0107 4.9751 5.67 12.0107
4 484 5.5 5.68 11.6599 4.9751 5.67 12.0107 4.9751 5.27 12.0107 5.5 5.32 11.6599
4 484 5.85 5.7 11.426 5.5 5.68 11.6599 5.5 5.32 11.6599 6 5.38 11.3257
4 484 6.2 5.7 11.1921 5.85 5.7 11.426 6 5.38 11.3257 6.45 5.45 11.025
4 484 6.6861 5.7587 10.8672 6.2 5.7 11.1921 6.45 5.45 11.025 6.8674 5.5854 10.746
4 0 2.1119 8.8701 12.58 1.7661 8.9276 12.6488 1.702 8.8277 12.6615 1.8822 8.5608 12.6257
4 0 2.4886 8.7799 12.5051 2.1119 8.8701 12.58 1.8822 8.5608 12.6257 2.178 8.3239 12.5669
4 0 2.4886 8.7799 12.5051 2.178 8.3239 12.5669 2.5233 8.1074 12.4982 2.9805 7.8588 12.4073
4 0 2.9437 8.4227 12.4146 2.4886 8.7799 12.5051 2.9805 7.8588 12.4073 3.2377 7.7836 12.3562
4 0 3.5218 8.3176 12.2997 2.9437 8.4227 12.4146 3.2377 7.7836 12.3562 3.5493 7.7283 12.2942
4 0 3.5218 8.3176 12.2997 3.5493 7.7283 12.2942 3.8703 7.7274 12.2304 4.0998 8.4227 12.1847
4 0 4.0998 8.4227 12.1847 3.8703 7.7274 12.2304 4.2415 7.7513 12.1566 4.5487 7.8098 12.0955
4 0 4.0998 8.4227 12.1847 4.5487 7.8098 12.0955 4.769 8.6573 12.0517 4.5941 8.7692 12.0865
4 0 5.5178 8.5565 11.648 5.2296 8.5063 11.8406 5.231 7.834 11.8397 5.8113 7.9099 11.4519
4 0 6.0516 8.5425 11.2913 5.8421 8.5608 11.4312 5.8113 7.9099 11.4519 5.9957 7.8948 11.3286
4 0 6.204 8.4764 11.1894 6.0516 8.5425 11.2913 5.9957 7.8948 11.3286 6.2481 7.8596 11.1599
4 0 6.4154 8.2898 11.0481 6.204 8.4764 11.1894 6.2481 7.8596 11.1599 6.4098 7.7882 11.0519
4 0 6.6857 7.9809 10.8675 6.4154 8.2898 11.0481 6.4098 7.7882 11.0519 6.6364 7.6195 10.9004
4 0 6.8877 7.5765 10.7325 6.6857 7.9809 10.8675 6.6364 7.6195 10.9004 6.8936 7.3345 10.7285
3 0 6.8936 7.3345 10.7285 6.9668 7.3474 10.6796 6.8877 7.5765 10.7325
4 0 5.8113 7.9099 11.4519 5.4173 7.7809 11.7152 5.6303 7.6729 11.5728 5.876 7.8069 11.4086
4 0 5.876 7.8069 11.4086 5.6303 7.6729 11.5728 5.835 7.509 11.436 6.0032 7.5243 11.3236
4 0 6.0032 7.5243 11.3236 5.835 7.509 11.436 6.0318 7.2554 11.3045 6.101 7.2719 11.2582
4 0 5.3665 7.3268 11.7491 5.3187 7.5358 11.7811 4.9751 7.555 12.0107 5.2526 7.2313 11.8252
4 0 5.4051 7.1652 11.7233 5.3665 7.3268 11.7491 5.2526 7.2313 11.8252 5.3386 7.1288 11.7678
4 92 4.03 12.43 12.1986 4.2392 12.2208 12.157 4.3258 12.43 12.1398 4.2392 12.6392 12.157
4 92 4.03 12.43 12.1986 4.2392 12.6392 12.157 4.03 12.7258 12.1986 3.8208 12.6392 12.2402
4 92 4.03 12.43 12.1986 3.8208 12.6392 12.2402 3.7342 12.43 12.2575 3.8208 12.2208 12.2402
4 92 4.03 12.43 12.1986 3.8208 12.2208 12.2402 4.03 12.1342 12.1986 4.2392 12.2208 12.157
4 92 5.3841 12.9609 11.7373 5.5933 12.7517 11.5975 5.68 12.9609 11.5396 5.5933 13.1701 11.5975
4 92 5.3841 12.9609 11.7373 5.5933 13.1701 11.5975 5.3841 13.2568 11.7373 5.175 13.1701 11.8771
4 92 5.3841 12.9609 11.7373 5.175 13.1701 11.8771 5.0883 12.9609 11.935 5.175 12.7517 11.8771
4 92 5.3841 12.9609 11.7373 5.175 12.7517 11.8771 5.3841 12.6651 11.7373 5.5933 12.7517 11.5975
4 92 6.0058 11.9091 11.3218 6.215 11.6999 11.182 6.3017 11.9091 11.1241 6.215 12.1182 11.182
4 92 6.0058 11.9091 11.3218 6.215 12.1182 11.182 6.0058 12.2049 11.3218 5.7967 12.1182 11.4616
4 92 6.0058 11.9091 11.3218 5.7967 12.1182 11.4616 5.71 11.9091 11.5195 5.7967 11.6999 11.4616
4 92 6.0058 11.9091 11.3218 5.7967 11.6999 11.4616 6.0058 11.6132 11.3218 6.215 11.6999 11.182
4 320 0.4 14 12.9205 0 14.02 13 0.3 13.57 12.9403 0.6 13.48 12.8807
4 320 0.9 14.02 12.821 0.4 14 12.9205 0.6 13.48 12.8807 0.95 13.46 12.8111
4 320 0.95 13.46 12.8111 1.3 13.56 12.7415 1.4 14.09 12.7216 0.9 14.02 12.821
4 320 1.4 14.09 12.7216 1.3 13.56 12.7415 1.72 13.81 12.658 2.04 14.11 12.5943
3 320 1.4 14.09 12.7216 2.04 14.11 12.5943 2 14.24 12.6023
3 320 2.04 14.11 12.5943 2.32 14.4 12.5387 2 14.24 12.6023
4 320 2.3 17.1 12.5173 2.75 17 12.4527 2.4 17.2 12.4726 2 17.35 12.5149
4 320 1.85 17.1 12.6068 2.3 17.1 12.5173 2 17.35 12.5149 1.69 17.45 12.5517
4 320 1.85 17.1 12.6068 1.69 17.45 12.5517 1.2 17.55 12.6242 1.15 17 12.7707
4 320 1.15 17 12.7707 1.2 17.55 12.6242 0.7 17.63 12.7038 0 17 13
4 0 4.5487 7.8098 12.0955 4.7722 7.7602 12.051 4.9751 7.8521 12.0107 4.8112 8.4925 12.0433
3 0 5.4173 7.7809 11.7152 5.8113 7.9099 11.4519 5.231 7.834 11.8397
3 0 5.8113 7.9099 11.4519 5.8421 8.5608 11.4312 5.5178 8.5565 11.648
4 0 5.231 7.834 11.8397 5.2296 8.5063 11.8406 4.9751 7.8521 12.0107 4.9751 7.555 12.0107
3 0 4.9751 7.8521 12.0107 4.9751 8.4547 12.0107 4.8112 8.4925 12.0433
3 0 5.3187 7.5358 11.7811 5.231 7.834 11.8397 4.9751 7.555 12.0107
3 0 4.9751 7.555 12.0107 4.9751 7.8521 12.0107 4.7722 7.7602 12.051
3 0 4.9751 7.8521 12.0107 5.2296 8.5063 11.8406 4.9751 8.4547 12.0107
3 320 0.3 13.57 12.9403 0 14.02 13 0.1216 13.6097 12.9758
3 320 0.1216 13.6097 12.9758 0 14.02 13 0 13.62 13
4 484 7.3858 5.8206 10.3996 7.4044 5.9004 10.3871 6.6861 5.7587 10.8672 6.8674 5.5854 10.746
4 16 4.1 5.15 12.1847 3.4 5 12.3239 4.9752 4 12.0104 4.63 5.22 12.0793
3 16 4.9752 4 12.0104 4.9751 5.27 12.0107 4.63 5.22 12.0793
3 16 4.9752 4 12.0104 5.5 5.32 11.6599 4.9751 5.27 12.0107
3 16 4.9752 4 12.0104 6 5.38 11.3257 5.5 5.32 11.6599
4 16 6.45 5.45 11.025 6 5.38 11.3257 4.9752 4 12.0104 9.1924 4 9.1924
3 16 9.1924 4 9.1924 6.8674 5.5854 10.746 6.45 5.45 11.025
3 16 9.1924 4 9.1924 7.3858 5.8206 10.3996 6.8674 5.5854 10.746
3 16 9.1924 4 9.1924 7.4044 5.9004 10.3871 7.3858 5.8206 10.3996
4 16 7.4044 5.9004 10.3871 6.9668 7.3474 10.6796 6.8936 7.3345 10.7285 6.6861 5.7587 10.8672
4 16 5.9957 7.8948 11.3286 5.8113 7.9099 11.4519 5.876 7.8069 11.4086 6.2481 7.8596 11.1599
4 16 6.0032 7.5243 11.3236 6.4098 7.7882 11.0519 6.2481 7.8596 11.1599 5.876 7.8069 11.4086
4 16 6.6364 7.6195 10.9004 6.4098 7.7882 11.0519 6.0032 7.5243 11.3236 6.8936 7.3345 10.7285
3 16 6.101 7.2719 11.2582 6.8936 7.3345 10.7285 6.0032 7.5243 11.3236
4 16 5.4173 7.7809 11.7152 5.231 7.834 11.8397 5.3187 7.5358 11.7811 5.6303 7.6729 11.5728
4 16 5.835 7.509 11.436 5.6303 7.6729 11.5728 5.3187 7.5358 11.7811 5.3665 7.3268 11.7491
4 16 5.3665 7.3268 11.7491 5.4051 7.1652 11.7233 6.0318 7.2554 11.3045 5.835 7.509 11.436
4 16 5.2526 7.2313 11.8252 4.9751 7.555 12.0107 4.9751 5.67 12.0107 5.3386 7.1288 11.7678
4 16 5.3386 7.1288 11.7678 4.9751 5.67 12.0107 5.5 5.68 11.6599 5.85 5.7 11.426
4 16 5.4051 7.1652 11.7233 5.3386 7.1288 11.7678 5.85 5.7 11.426 6.2 5.7 11.1921
4 16 6.0318 7.2554 11.3045 5.4051 7.1652 11.7233 6.2 5.7 11.1921 6.6861 5.7587 10.8672
4 16 6.101 7.2719 11.2582 6.0318 7.2554 11.3045 6.6861 5.7587 10.8672 6.8936 7.3345 10.7285
4 16 4.9751 5.67 12.0107 4.9751 7.555 12.0107 4.7722 7.7602 12.051 4.5487 7.8098 12.0955
4 16 4.6 5.65 12.0853 4.9751 5.67 12.0107 4.5487 7.8098 12.0955 4.2415 7.7513 12.1566
4 16 4 5.6 12.2046 4.6 5.65 12.0853 4.2415 7.7513 12.1566 3.8703 7.7274 12.2304
4 16 4 5.6 12.2046 3.8703 7.7274 12.2304 3.5493 7.7283 12.2942 3.3 5.52 12.3438
3 16 3.3 5.52 12.3438 3.5493 7.7283 12.2942 3.2377 7.7836 12.3562
4 16 3.3 5.52 12.3438 3.2377 7.7836 12.3562 2.9805 7.8588 12.4073 2.4 5.32 12.5228
3 16 2.4 5.32 12.5228 2.9805 7.8588 12.4073 2.5233 8.1074 12.4982
4 16 2.4 5.32 12.5228 2.5233 8.1074 12.4982 2.178 8.3239 12.5669 1.7895 5.0546 12.6441
4 16 2.178 8.3239 12.5669 1.8822 8.5608 12.6257 1.331 4.7309 12.7353 1.7895 5.0546 12.6441
4 16 1.331 4.7309 12.7353 1.8822 8.5608 12.6257 1.702 8.8277 12.6615 1.1876 4.5261 12.7638
4 16 4.8112 8.4925 12.0433 4.9751 8.4547 12.0107 4.9751 9.3702 12.0107 4.769 8.6573 12.0517
4 16 5.2296 8.5063 11.8406 5.5178 8.5565 11.648 4.9751 9.9843 12.0107 4.9751 9.3702 12.0107
3 16 5.5178 8.5565 11.648 5.8421 8.5608 11.4312 4.9751 9.9843 12.0107
3 16 6.0516 8.5425 11.2913 4.9751 9.9843 12.0107 5.8421 8.5608 11.4312
4 16 4.9751 9.9843 12.0107 6.0516 8.5425 11.2913 6.204 8.4764 11.1894 5.7967 11.6999 11.4616
4 16 5.7967 12.1182 11.4616 5.5933 12.7517 11.5975 5.3841 12.6651 11.7373 5.71 11.9091 11.5195
4 16 6.0058 12.2049 11.3218 5.68 12.9609 11.5396 5.5933 12.7517 11.5975 5.7967 12.1182 11.4616
4 16 6.4154 8.2898 11.0481 6.0058 11.6132 11.3218 5.7967 11.6999 11.4616 6.204 8.4764 11.1894
3 16 6.6857 7.9809 10.8675 6.0058 11.6132 11.3218 6.4154 8.2898 11.0481
3 16 6.8877 7.5765 10.7325 6.0058 11.6132 11.3218 6.6857 7.9809 10.8675
4 16 6.0058 11.6132 11.3218 6.8877 7.5765 10.7325 6.9668 7.3474 10.6796 6.215 11.6999 11.182
4 16 6.215 11.6999 11.182 6.9668 7.3474 10.6796 7.4044 5.9004 10.3871 9.1924 4 9.1924
4 16 6.3017 11.9091 11.1241 6.215 11.6999 11.182 9.1924 4 9.1924 9.1924 17 9.1924
3 16 6.3017 11.9091 11.1241 9.1924 17 9.1924 6.215 12.1182 11.182
4 16 6.0058 12.2049 11.3218 6.215 12.1182 11.182 9.1924 17 9.1924 5.68 12.9609 11.5396
4 16 5.5933 13.1701 11.5975 5.68 12.9609 11.5396 9.1924 17 9.1924 4.9746 17 12.0099
3 16 5.5933 13.1701 11.5975 4.9746 17 12.0099 5.3841 13.2568 11.7373
3 16 5.0883 12.9609 11.935 5.175 13.1701 11.8771 4.9746 17 12.0099
3 16 5.175 13.1701 11.8771 5.3841 13.2568 11.7373 4.9746 17 12.0099
4 16 1.7661 8.9276 12.6488 2.0477 9.9843 12.5928 0.95 13.46 12.8111 0.6 13.48 12.8807
4 16 1.702 8.8277 12.6615 1.7661 8.9276 12.6488 0.6 13.48 12.8807 0.3 13.57 12.9403
4 16 1.702 8.8277 12.6615 0.3 13.57 12.9403 0.1216 13.6097 12.9758 0 13.62 13
3 484 2.1639 4.5068 12.5697 2.4 5.32 12.5228 1.7895 5.0546 12.6441
3 0 4.769 8.6573 12.0517 4.9751 9.3702 12.0107 4.5941 8.7692 12.0865
4 0 2.956 11.3437 12.4122 2.4786 11.9232 12.5071 2.3734 11.8041 12.5281 2.3837 11.665 12.526
4 0 2.6943 11.9277 12.4642 2.4786 11.9232 12.5071 2.956 11.3437 12.4122 3.04 11.83 12.3955
4 0 3.4 11.73 12.3239 3.04 11.83 12.3955 2.956 11.3437 12.4122 3.5191 11.4557 12.3002
4 0 3.9 11.59 12.2245 3.4 11.73 12.3239 3.5191 11.4557 12.3002 4.0822 11.3437 12.1882
3 0 4.0822 11.3437 12.1882 4.2 11.48 12.1648 3.9 11.59 12.2245
3 0 4.0822 11.3437 12.1882 4.4 11.43 12.1251 4.2 11.48 12.1648
4 0 4.7 11.4 12.0654 4.4 11.43 12.1251 4.0822 11.3437 12.1882 4.5596 11.0247 12.0933
4 0 4.7019 10.7992 12.065 4.6942 10.9672 12.0666 4.5596 11.0247 12.0933 4.0719 9.6736 12.1903
4 0 4.5596 11.0247 12.0933 4.6942 10.9672 12.0666 4.86 11.06 12.0336 4.9751 11.35 12.0107
3 0 4.86 11.06 12.0336 4.9751 11.12 12.0107 4.9751 11.35 12.0107
3 0 4.5596 11.0247 12.0933 4.9751 11.35 12.0107 4.7 11.4 12.0654
4 0 5.05 11.2 11.9606 5.05 11.3 11.9606 4.9751 11.35 12.0107 4.9751 11.12 12.0107
3 0 2.4786 11.0247 12.5071 2.956 11.3437 12.4122 2.6502 11.1954 12.473
3 0 2.6502 11.1954 12.473 2.956 11.3437 12.4122 2.6535 11.3531 12.4723
4 0 2.4924 11.4816 12.5044 2.6535 11.3531 12.4723 2.956 11.3437 12.4122 2.3837 11.665 12.526
3 16 4.9751 8.4547 12.0107 5.2296 8.5063 11.8406 4.9751 9.3702 12.0107
3 0 2.4886 8.7799 12.5051 2.1963 8.9524 12.5633 2.1119 8.8701 12.58
3 0 2.4886 8.7799 12.5051 2.0495 9.3702 12.5925 2.1963 8.9524 12.5633
4 16 2.0495 9.3702 12.5925 1.7661 8.9276 12.6488 2.1119 8.8701 12.58 2.1963 8.9524 12.5633
3 16 1.7661 8.9276 12.6488 2.0495 9.3702 12.5925 2.0477 9.9843 12.5928
4 0 0 14.02 13 0.4 14 12.9205 0.4 14.62 12.9205 0 14.62 13
4 0 0.9 14.02 12.821 0.8 14.67 12.8409 0.4 14.62 12.9205 0.4 14 12.9205
4 0 1.4 14.09 12.7216 1.2 14.77 12.7614 0.8 14.67 12.8409 0.9 14.02 12.821
4 0 1.55 14.87 12.6918 1.2 14.77 12.7614 1.4 14.09 12.7216 2 14.24 12.6023
4 0 1.85 14.97 12.6321 1.55 14.87 12.6918 2 14.24 12.6023 2.32 14.4 12.5387
4 0 2 15.05 12.6023 1.85 14.97 12.6321 2.32 14.4 12.5387 2.75 14.7 12.4532
4 0 2.05 15.15 12.5924 2 15.05 12.6023 2.75 14.7 12.4532 3.1 15.02 12.3836
4 0 2.05 15.15 12.5924 3.1 15.02 12.3836 3.4 15.35 12.3239 3.5 15.7 12.304
4 0 2.05 15.15 12.5924 3.5 15.7 12.304 2.23 16.13 12.5566 2.06 16.13 12.5904
4 0 0 15.32 13 0.5 15.32 12.9006 0.5 15.86 12.9006 0 15.84 13
4 0 0.85 15.32 12.831 1 15.93 12.8011 0.5 15.86 12.9006 0.5 15.32 12.9006
4 0 1.3 15.32 12.7415 1.45 16.03 12.7117 1 15.93 12.8011 0.85 15.32 12.831
4 0 1.65 15.3 12.6719 1.8 16.1 12.6421 1.45 16.03 12.7117 1.3 15.32 12.7415
4 0 2 15.25 12.6023 2.06 16.13 12.5904 1.8 16.1 12.6421 1.65 15.3 12.6719
3 0 2.05 15.15 12.5924 2.06 16.13 12.5904 2 15.25 12.6023
4 0 2.23 16.13 12.5566 3.5 15.7 12.304 3.45 16 12.314 2.3 16.24 12.5426
4 0 2.3 16.24 12.5426 3.45 16 12.314 3.3 16.4 12.3438 3.05 16.7 12.3935
4 0 2.3 16.24 12.5426 3.05 16.7 12.3935 2.75 17 12.4527 2.25 16.36 12.5526
3 0 2.25 16.36 12.5526 2.75 17 12.4527 2.05 16.5 12.5924
4 0 1.8 16.55 12.6421 2.05 16.5 12.5924 2.75 17 12.4527 1.15 17 12.7707
3 0 1.6 16.55 12.6818 1.8 16.55 12.6421 1.15 17 12.7707
3 0 1.45 16.5 12.7117 1.6 16.55 12.6818 1.15 17 12.7707
4 0 1.32 16.44 12.7375 1.45 16.5 12.7117 1.15 17 12.7707 1.12 16.42 12.7773
4 0 1.12 16.42 12.7773 1.15 17 12.7707 0.6 16.93 12.8807 0.7 16.4 12.8608
4 0 0.33 16.39 12.9344 0.7 16.4 12.8608 0.6 16.93 12.8807 0 16.9 13
4 0 1.85 17.1 12.6068 1.15 17 12.7707 2.75 17 12.4527 2.3 17.1 12.5173
4 320 0 17 13 0 16.9 13 0.6 16.93 12.8807 1.15 17 12.7707
4 320 0.25 17.65 12.7882 0 17.65 12.8379 0 17 13 0.7 17.63 12.7038
3 0 0.33 16.39 12.9344 0 16.9 13 0 16.4 13
4 16 4.8594 10.5496 12.0337 4.86 11.06 12.0336 4.6942 10.9672 12.0666 4.7019 10.7992 12.065
4 16 4.9751 11.12 12.0107 4.86 11.06 12.0336 4.8594 10.5496 12.0337 4.9751 9.9843 12.0107
4 16 5.05 11.2 11.9606 4.9751 11.12 12.0107 4.9751 9.9843 12.0107 5.7967 11.6999 11.4616
4 16 5.05 11.2 11.9606 5.7967 11.6999 11.4616 5.71 11.9091 11.5195 5.05 11.3 11.9606
4 16 4.9751 11.35 12.0107 5.05 11.3 11.9606 5.71 11.9091 11.5195 5.3841 12.6651 11.7373
3 16 4.9751 11.35 12.0107 5.3841 12.6651 11.7373 5.175 12.7517 11.8771
3 16 4.9751 11.35 12.0107 5.175 12.7517 11.8771 5.0883 12.9609 11.935
3 16 4.9751 11.35 12.0107 5.0883 12.9609 11.935 4.9746 17 12.0099
4 16 2.6502 11.1954 12.473 2.6535 11.3531 12.4723 2.4924 11.4816 12.5044 2.4786 11.0247 12.5071
4 16 2.4786 11.0247 12.5071 2.4924 11.4816 12.5044 2.3837 11.665 12.526 2.1597 10.5474 12.5706
3 16 2.0477 9.9843 12.5928 2.1597 10.5474 12.5706 0.95 13.46 12.8111
4 16 2.3837 11.665 12.526 2.3734 11.8041 12.5281 0.95 13.46 12.8111 2.1597 10.5474 12.5706
4 16 0.95 13.46 12.8111 2.3734 11.8041 12.5281 2.4786 11.9232 12.5071 1.3 13.56 12.7415
4 16 4.9751 11.35 12.0107 4.3258 12.43 12.1398 4.2392 12.2208 12.157 4.7 11.4 12.0654
4 16 4.4 11.43 12.1251 4.7 11.4 12.0654 4.2392 12.2208 12.157 4.2 11.48 12.1648
4 16 4.2 11.48 12.1648 4.2392 12.2208 12.157 4.03 12.1342 12.1986 3.9 11.59 12.2245
4 16 3.9 11.59 12.2245 4.03 12.1342 12.1986 3.8208 12.2208 12.2402 3.4 11.73 12.3239
4 16 3.4 11.73 12.3239 3.8208 12.2208 12.2402 3.7342 12.43 12.2575 3.04 11.83 12.3955
4 16 2.6943 11.9277 12.4642 3.04 11.83 12.3955 3.7342 12.43 12.2575 1.72 13.81 12.658
4 16 2.6943 11.9277 12.4642 1.72 13.81 12.658 1.3 13.56 12.7415 2.4786 11.9232 12.5071
4 16 3.8208 12.6392 12.2402 2.04 14.11 12.5943 1.72 13.81 12.658 3.7342 12.43 12.2575
4 16 4.03 12.7258 12.1986 2.32 14.4 12.5387 2.04 14.11 12.5943 3.8208 12.6392 12.2402
3 16 4.03 12.7258 12.1986 2.75 14.7 12.4532 2.32 14.4 12.5387
3 16 4.03 12.7258 12.1986 3.1 15.02 12.3836 2.75 14.7 12.4532
4 16 3.4 15.35 12.3239 3.1 15.02 12.3836 4.03 12.7258 12.1986 4.2392 12.6392 12.157
4 16 3.5 15.7 12.304 3.4 15.35 12.3239 4.2392 12.6392 12.157 4.9746 17 12.0099
4 16 4.3258 12.43 12.1398 4.9751 11.35 12.0107 4.9746 17 12.0099 4.2392 12.6392 12.157
3 16 3.5 15.7 12.304 4.9746 17 12.0099 3.45 16 12.314
3 16 3.45 16 12.314 4.9746 17 12.0099 3.3 16.4 12.3438
3 16 3.3 16.4 12.3438 4.9746 17 12.0099 3.05 16.7 12.3935
3 16 3.05 16.7 12.3935 4.9746 17 12.0099 2.75 17 12.4527
3 16 2.75 17 12.4527 4.9746 17 12.0099 2.4 17.2 12.4726
4 16 2 17.35 12.5149 2.4 17.2 12.4726 4.9746 17 12.0099 4.8291 18.5309 11.6587
3 16 2 17.35 12.5149 4.8291 18.5309 11.6587 1.69 17.45 12.5517
4 16 1.2 17.55 12.6242 1.69 17.45 12.5517 4.8291 18.5309 11.6587 1.7966 18.2906 12.3218
4 15 0 15.84 13 0.5 15.86 12.9006 0.33 16.39 12.9344 0 16.4 13
4 15 0.5 15.86 12.9006 1 15.93 12.8011 0.7 16.4 12.8608 0.33 16.39 12.9344
4 15 1.12 16.42 12.7773 0.7 16.4 12.8608 1 15.93 12.8011 1.45 16.03 12.7117
4 15 1.32 16.44 12.7375 1.12 16.42 12.7773 1.45 16.03 12.7117 1.8 16.1 12.6421
4 15 1.45 16.5 12.7117 1.32 16.44 12.7375 1.8 16.1 12.6421 1.6 16.55 12.6818
4 15 1.8 16.55 12.6421 1.6 16.55 12.6818 1.8 16.1 12.6421 2.06 16.13 12.5904
4 15 2.05 16.5 12.5924 1.8 16.55 12.6421 2.06 16.13 12.5904 2.23 16.13 12.5566
4 15 2.23 16.13 12.5566 2.3 16.24 12.5426 2.25 16.36 12.5526 2.05 16.5 12.5924
4 15 0.4 14.62 12.9205 0.5 15.32 12.9006 0 15.32 13 0 14.62 13
4 15 0.8 14.67 12.8409 0.85 15.32 12.831 0.5 15.32 12.9006 0.4 14.62 12.9205
4 15 1.2 14.77 12.7614 1.3 15.32 12.7415 0.85 15.32 12.831 0.8 14.67 12.8409
4 15 1.55 14.87 12.6918 1.65 15.3 12.6719 1.3 15.32 12.7415 1.2 14.77 12.7614
4 15 2 15.05 12.6023 2.05 15.15 12.5924 2 15.25 12.6023 1.65 15.3 12.6719
4 15 1.85 14.97 12.6321 2 15.05 12.6023 1.65 15.3 12.6719 1.55 14.87 12.6918
4 16 1.1876 4.5261 12.7638 1.702 8.8277 12.6615 0 13.62 13 0 4 13
3 16 0 4 13 1.1835 4.3459 12.7647 1.1876 4.5261 12.7638
3 16 0 4 13 1.3186 4.1902 12.7378 1.1835 4.3459 12.7647
4 16 1.4989 4.1861 12.7019 1.3186 4.1902 12.7378 0 4 13 4.9752 4 12.0104
4 16 4.9752 4 12.0104 3.4 5 12.3239 2.7 4.75 12.4631 2.1639 4.5068 12.5697
3 16 4.9752 4 12.0104 2.1639 4.5068 12.5697 1.7365 4.2639 12.6547
3 16 4.9752 4 12.0104 1.7365 4.2639 12.6547 1.4989 4.1861 12.7019
4 92 0.25 18.202 12.6512 0.25 18.5309 12.5696 0 18.5309 12.6197 0 18.202 12.7009
4 92 0.62 18.182 12.5826 0.7 18.5309 12.4802 0.25 18.5309 12.5696 0.25 18.202 12.6512
4 92 1.2 18.5309 12.3808 0.7 18.5309 12.4802 1.21 18.172 12.4678 1.561 18.2129 12.3879
4 92 1.61 18.5309 12.2993 1.2 18.5309 12.3808 1.7966 18.2906 12.3218 1.8034 18.3714 12.3003
3 92 1.2 18.5309 12.3808 1.61 18.5309 12.2993 1.2 18.65 12.2812
4 92 0.7 18.5309 12.4802 1.2 18.5309 12.3808 1.2 18.65 12.2812 0.7 18.73 12.3138
4 92 0.25 18.5309 12.5696 0.7 18.5309 12.4802 0.7 18.73 12.3138 0.25 18.75 12.3865
4 92 0.25 18.5309 12.5696 0.25 18.75 12.3865 0 18.75 12.4361 0 18.5309 12.6197
3 92 1.561 18.2129 12.3879 1.7966 18.2906 12.3218 1.2 18.5309 12.3808
4 92 0.7 18.5309 12.4802 0.62 18.182 12.5826 0.93 18.172 12.5235 1.21 18.172 12.4678
4 16 0 17.65 12.8379 0.25 17.65 12.7882 0.25 18.202 12.6512 0 18.202 12.7009
4 16 0.25 17.65 12.7882 0.7 17.63 12.7038 0.62 18.182 12.5826 0.25 18.202 12.6512
3 16 0.7 17.63 12.7038 0.93 18.172 12.5235 0.62 18.182 12.5826
4 16 1.21 18.172 12.4678 0.93 18.172 12.5235 0.7 17.63 12.7038 1.2 17.55 12.6242
3 16 1.2 17.55 12.6242 1.561 18.2129 12.3879 1.21 18.172 12.4678
3 16 1.2 17.55 12.6242 1.7966 18.2906 12.3218 1.561 18.2129 12.3879
3 16 1.7966 18.2906 12.3218 4.8291 18.5309 11.6587 1.8034 18.3714 12.3003
3 16 1.8034 18.3714 12.3003 4.8291 18.5309 11.6587 1.61 18.5309 12.2993
4 16 1.61 18.5309 12.2993 4.8291 18.5309 11.6587 4.4144 19.8282 10.6574 0 19.8282 11.5355
3 16 0 18.75 12.4361 0.25 18.75 12.3865 0 19.8282 11.5355
3 16 0.7 18.73 12.3138 0 19.8282 11.5355 0.25 18.75 12.3865
3 16 1.2 18.65 12.2812 0 19.8282 11.5355 0.7 18.73 12.3138
3 16 1.61 18.5309 12.2993 0 19.8282 11.5355 1.2 18.65 12.2812
4 16 4.4144 19.8282 10.6574 3.7935 20.6954 9.1585 0 20.6954 9.9137 0 19.8282 11.5355
4 16 3.7935 20.6954 9.1585 3.0614 21 7.391 0 21 8 0 20.6954 9.9137
4 15 -4.2584 9.2235 12.1532 -4.2099 8.9798 12.1629 -3.6218 9.2235 12.2798 -4.2099 9.4671 12.1629
4 15 -4.0719 9.6736 12.1903 -4.2099 9.4671 12.1629 -3.6218 9.2235 12.2798 -3.8654 9.8117 12.2314
4 15 -3.6218 9.8601 12.2798 -3.8654 9.8117 12.2314 -3.6218 9.2235 12.2798 -3.3781 9.8117 12.3283
4 15 -3.1716 9.6736 12.3693 -3.3781 9.8117 12.3283 -3.6218 9.2235 12.2798 -3.0336 9.4671 12.3968
4 15 -2.9851 9.2235 12.4064 -3.0336 9.4671 12.3968 -3.6218 9.2235 12.2798 -3.0336 8.9798 12.3968
4 15 -3.1716 8.7733 12.3693 -3.0336 8.9798 12.3968 -3.6218 9.2235 12.2798 -3.3781 8.6353 12.3283
4 15 -3.6218 8.5868 12.2798 -3.3781 8.6353 12.3283 -3.6218 9.2235 12.2798 -3.8654 8.6353 12.2314
4 15 -4.0719 8.7733 12.1903 -3.8654 8.6353 12.2314 -3.6218 9.2235 12.2798 -4.2099 8.9798 12.1629
4 0 -4.9751 9.3702 12.0107 -4.2099 8.9798 12.1629 -4.2584 9.2235 12.1532 -4.9751 9.9843 12.0107
4 0 -4.9751 9.9843 12.0107 -4.2584 9.2235 12.1532 -4.2099 9.4671 12.1629 -4.8594 10.5496 12.0337
4 0 -4.8594 10.5496 12.0337 -4.2099 9.4671 12.1629 -4.0719 9.6736 12.1903 -4.7019 10.7992 12.065
4 0 -4.5596 11.0247 12.0933 -4.0719 9.6736 12.1903 -3.8654 9.8117 12.2314 -4.0822 11.3437 12.1882
4 0 -4.0822 11.3437 12.1882 -3.8654 9.8117 12.2314 -3.6218 9.8601 12.2798 -3.5191 11.4557 12.3002
4 0 -3.5191 11.4557 12.3002 -3.6218 9.8601 12.2798 -3.3781 9.8117 12.3283 -2.956 11.3437 12.4122
4 0 -2.956 11.3437 12.4122 -3.3781 9.8117 12.3283 -3.1716 9.6736 12.3693 -2.4786 11.0247 12.5071
4 0 -2.4786 11.0247 12.5071 -3.1716 9.6736 12.3693 -3.0336 9.4671 12.3968 -2.1597 10.5474 12.5706
4 0 -2.1597 10.5474 12.5706 -3.0336 9.4671 12.3968 -2.9851 9.2235 12.4064 -2.0477 9.9843 12.5928
4 0 -2.0477 9.9843 12.5928 -2.9851 9.2235 12.4064 -3.0336 8.9798 12.3968 -2.0495 9.3702 12.5925
4 0 -2.0495 9.3702 12.5925 -3.0336 8.9798 12.3968 -3.1716 8.7733 12.3693 -2.4886 8.7799 12.5051
4 0 -2.4886 8.7799 12.5051 -3.1716 8.7733 12.3693 -3.3781 8.6353 12.3283 -2.9437 8.4227 12.4146
4 0 -2.9437 8.4227 12.4146 -3.3781 8.6353 12.3283 -3.6218 8.5868 12.2798 -3.5218 8.3176 12.2997
4 0 -3.5218 8.3176 12.2997 -3.6218 8.5868 12.2798 -3.8654 8.6353 12.2314 -4.0998 8.4227 12.1847
4 0 -4.0998 8.4227 12.1847 -3.8654 8.6353 12.2314 -4.0719 8.7733 12.1903 -4.5941 8.7692 12.0865
4 0 -4.5941 8.7692 12.0865 -4.0719 8.7733 12.1903 -4.2099 8.9798 12.1629 -4.9751 9.3702 12.0107
4 484 -1.4989 4.1861 12.7019 -1.3186 4.1902 12.7378 -1.1835 4.3459 12.7647 -1.1876 4.5261 12.7638
4 484 -1.7365 4.2639 12.6547 -1.4989 4.1861 12.7019 -1.1876 4.5261 12.7638 -1.331 4.7309 12.7353
4 484 -2.1639 4.5068 12.5697 -1.7365 4.2639 12.6547 -1.331 4.7309 12.7353 -1.7895 5.0546 12.6441
4 484 -2.7 4.75 12.4631 -2.1639 4.5068 12.5697 -2.4 5.32 12.5228 -3.3 5.52 12.3438
4 484 -3.4 5 12.3239 -2.7 4.75 12.4631 -3.3 5.52 12.3438 -4 5.6 12.2046
4 484 -4.1 5.15 12.1847 -3.4 5 12.3239 -4 5.6 12.2046 -4.6 5.65 12.0853
4 484 -4.63 5.22 12.0793 -4.1 5.15 12.1847 -4.6 5.65 12.0853 -4.9751 5.67 12.0107
3 484 -4.63 5.22 12.0793 -4.9751 5.67 12.0107 -4.9751 5.27 12.0107
4 484 -4.9751 5.27 12.0107 -4.9751 5.67 12.0107 -5.5 5.68 11.6599 -5.5 5.32 11.6599
4 484 -5.5 5.32 11.6599 -5.5 5.68 11.6599 -5.85 5.7 11.426 -6 5.38 11.3257
4 484 -6 5.38 11.3257 -5.85 5.7 11.426 -6.2 5.7 11.1921 -6.45 5.45 11.025
4 484 -6.45 5.45 11.025 -6.2 5.7 11.1921 -6.6861 5.7587 10.8672 -6.8674 5.5854 10.746
4 0 -1.702 8.8277 12.6615 -1.7661 8.9276 12.6488 -2.1119 8.8701 12.58 -1.8822 8.5608 12.6257
4 0 -1.8822 8.5608 12.6257 -2.1119 8.8701 12.58 -2.4886 8.7799 12.5051 -2.178 8.3239 12.5669
4 0 -2.5233 8.1074 12.4982 -2.178 8.3239 12.5669 -2.4886 8.7799 12.5051 -2.9805 7.8588 12.4073
4 0 -2.9805 7.8588 12.4073 -2.4886 8.7799 12.5051 -2.9437 8.4227 12.4146 -3.2377 7.7836 12.3562
4 0 -3.2377 7.7836 12.3562 -2.9437 8.4227 12.4146 -3.5218 8.3176 12.2997 -3.5493 7.7283 12.2942
4 0 -3.8703 7.7274 12.2304 -3.5493 7.7283 12.2942 -3.5218 8.3176 12.2997 -4.0998 8.4227 12.1847
4 0 -4.2415 7.7513 12.1566 -3.8703 7.7274 12.2304 -4.0998 8.4227 12.1847 -4.5487 7.8098 12.0955
4 0 -4.769 8.6573 12.0517 -4.5487 7.8098 12.0955 -4.0998 8.4227 12.1847 -4.5941 8.7692 12.0865
4 0 -5.231 7.834 11.8397 -5.2296 8.5063 11.8406 -5.5178 8.5565 11.648 -5.8113 7.9099 11.4519
4 0 -5.8113 7.9099 11.4519 -5.8421 8.5608 11.4312 -6.0516 8.5425 11.2913 -5.9957 7.8948 11.3286
4 0 -5.9957 7.8948 11.3286 -6.0516 8.5425 11.2913 -6.204 8.4764 11.1894 -6.2481 7.8596 11.1599
4 0 -6.2481 7.8596 11.1599 -6.204 8.4764 11.1894 -6.4154 8.2898 11.0481 -6.4098 7.7882 11.0519
4 0 -6.4098 7.7882 11.0519 -6.4154 8.2898 11.0481 -6.6857 7.9809 10.8675 -6.6364 7.6195 10.9004
4 0 -6.6364 7.6195 10.9004 -6.6857 7.9809 10.8675 -6.8877 7.5765 10.7325 -6.8936 7.3345 10.7285
3 0 -6.8936 7.3345 10.7285 -6.8877 7.5765 10.7325 -6.9668 7.3474 10.6796
4 0 -5.6303 7.6729 11.5728 -5.4173 7.7809 11.7152 -5.8113 7.9099 11.4519 -5.876 7.8069 11.4086
4 0 -5.835 7.509 11.436 -5.6303 7.6729 11.5728 -5.876 7.8069 11.4086 -6.0032 7.5243 11.3236
4 0 -6.0318 7.2554 11.3045 -5.835 7.509 11.436 -6.0032 7.5243 11.3236 -6.101 7.2719 11.2582
4 0 -4.9751 7.555 12.0107 -5.3187 7.5358 11.7811 -5.3665 7.3268 11.7491 -5.2526 7.2313 11.8252
4 0 -5.2526 7.2313 11.8252 -5.3665 7.3268 11.7491 -5.4051 7.1652 11.7233 -5.3386 7.1288 11.7678
4 92 -4.3258 12.43 12.1398 -4.2392 12.2208 12.157 -4.03 12.43 12.1986 -4.2392 12.6392 12.157
4 92 -4.03 12.7258 12.1986 -4.2392 12.6392 12.157 -4.03 12.43 12.1986 -3.8208 12.6392 12.2402
4 92 -3.7342 12.43 12.2575 -3.8208 12.6392 12.2402 -4.03 12.43 12.1986 -3.8208 12.2208 12.2402
4 92 -4.03 12.1342 12.1986 -3.8208 12.2208 12.2402 -4.03 12.43 12.1986 -4.2392 12.2208 12.157
4 92 -5.68 12.9609 11.5396 -5.5933 12.7517 11.5975 -5.3841 12.9609 11.7373 -5.5933 13.1701 11.5975
4 92 -5.3841 13.2568 11.7373 -5.5933 13.1701 11.5975 -5.3841 12.9609 11.7373 -5.175 13.1701 11.8771
4 92 -5.0883 12.9609 11.935 -5.175 13.1701 11.8771 -5.3841 12.9609 11.7373 -5.175 12.7517 11.8771
4 92 -5.3841 12.6651 11.7373 -5.175 12.7517 11.8771 -5.3841 12.9609 11.7373 -5.5933 12.7517 11.5975
4 92 -6.3017 11.9091 11.1241 -6.215 11.6999 11.182 -6.0058 11.9091 11.3218 -6.215 12.1182 11.182
4 92 -6.0058 12.2049 11.3218 -6.215 12.1182 11.182 -6.0058 11.9091 11.3218 -5.7967 12.1182 11.4616
4 92 -5.71 11.9091 11.5195 -5.7967 12.1182 11.4616 -6.0058 11.9091 11.3218 -5.7967 11.6999 11.4616
4 92 -6.0058 11.6132 11.3218 -5.7967 11.6999 11.4616 -6.0058 11.9091 11.3218 -6.215 11.6999 11.182
4 320 -0.3 13.57 12.9403 0 14.02 13 -0.4 14 12.9205 -0.6 13.48 12.8807
4 320 -0.6 13.48 12.8807 -0.4 14 12.9205 -0.9 14.02 12.821 -0.95 13.46 12.8111
4 320 -1.4 14.09 12.7216 -1.3 13.56 12.7415 -0.95 13.46 12.8111 -0.9 14.02 12.821
4 320 -1.72 13.81 12.658 -1.3 13.56 12.7415 -1.4 14.09 12.7216 -2.04 14.11 12.5943
3 320 -1.4 14.09 12.7216 -2 14.24 12.6023 -2.04 14.11 12.5943
3 320 -2.04 14.11 12.5943 -2 14.24 12.6023 -2.32 14.4 12.5387
4 320 -2.4 17.2 12.4732 -2.75 17 12.4534 -2.3 17.1 12.5179 -2 17.35 12.5154
4 320 -2 17.35 12.5154 -2.3 17.1 12.5179 -1.85 17.1 12.6074 -1.69 17.45 12.5521
4 320 -1.2 17.55 12.6247 -1.69 17.45 12.5521 -1.85 17.1 12.6074 -1.15 17 12.7714
4 320 -0.7 17.63 12.7041 -1.2 17.55 12.6247 -1.15 17 12.7714 0 17 13
4 0 -4.9751 7.8521 12.0107 -4.7722 7.7602 12.051 -4.5487 7.8098 12.0955 -4.8112 8.4925 12.0433
3 0 -5.4173 7.7809 11.7152 -5.231 7.834 11.8397 -5.8113 7.9099 11.4519
3 0 -5.8113 7.9099 11.4519 -5.5178 8.5565 11.648 -5.8421 8.5608 11.4312
4 0 -4.9751 7.8521 12.0107 -5.2296 8.5063 11.8406 -5.231 7.834 11.8397 -4.9751 7.555 12.0107
3 0 -4.9751 7.8521 12.0107 -4.8112 8.4925 12.0433 -4.9751 8.4547 12.0107
3 0 -5.3187 7.5358 11.7811 -4.9751 7.555 12.0107 -5.231 7.834 11.8397
3 0 -4.9751 7.555 12.0107 -4.7722 7.7602 12.051 -4.9751 7.8521 12.0107
3 0 -4.9751 7.8521 12.0107 -4.9751 8.4547 12.0107 -5.2296 8.5063 11.8406
3 320 -0.3 13.57 12.9403 -0.1216 13.6097 12.9758 0 14.02 13
3 320 -0.1216 13.6097 12.9758 0 13.62 13 0 14.02 13
4 484 -6.6861 5.7587 10.8672 -7.4044 5.9004 10.3871 -7.3858 5.8206 10.3996 -6.8674 5.5854 10.746
4 16 -4.9752 4 12.0104 -3.4 5 12.3239 -4.1 5.15 12.1847 -4.63 5.22 12.0793
3 16 -4.9752 4 12.0104 -4.63 5.22 12.0793 -4.9751 5.27 12.0107
3 16 -4.9752 4 12.0104 -4.9751 5.27 12.0107 -5.5 5.32 11.6599
3 16 -4.9752 4 12.0104 -5.5 5.32 11.6599 -6 5.38 11.3257
4 16 -4.9752 4 12.0104 -6 5.38 11.3257 -6.45 5.45 11.025 -9.1924 4 9.1924
3 16 -9.1924 4 9.1924 -6.45 5.45 11.025 -6.8674 5.5854 10.746
3 16 -9.1924 4 9.1924 -6.8674 5.5854 10.746 -7.3858 5.8206 10.3996
3 16 -9.1924 4 9.1924 -7.3858 5.8206 10.3996 -7.4044 5.9004 10.3871
4 16 -6.8936 7.3345 10.7285 -6.9668 7.3474 10.6796 -7.4044 5.9004 10.3871 -6.6861 5.7587 10.8672
4 16 -5.876 7.8069 11.4086 -5.8113 7.9099 11.4519 -5.9957 7.8948 11.3286 -6.2481 7.8596 11.1599
4 16 -6.2481 7.8596 11.1599 -6.4098 7.7882 11.0519 -6.0032 7.5243 11.3236 -5.876 7.8069 11.4086
4 16 -6.0032 7.5243 11.3236 -6.4098 7.7882 11.0519 -6.6364 7.6195 10.9004 -6.8936 7.3345 10.7285
3 16 -6.101 7.2719 11.2582 -6.0032 7.5243 11.3236 -6.8936 7.3345 10.7285
4 16 -5.3187 7.5358 11.7811 -5.231 7.834 11.8397 -5.4173 7.7809 11.7152 -5.6303 7.6729 11.5728
4 16 -5.3187 7.5358 11.7811 -5.6303 7.6729 11.5728 -5.835 7.509 11.436 -5.3665 7.3268 11.7491
4 16 -6.0318 7.2554 11.3045 -5.4051 7.1652 11.7233 -5.3665 7.3268 11.7491 -5.835 7.509 11.436
4 16 -4.9751 5.67 12.0107 -4.9751 7.555 12.0107 -5.2526 7.2313 11.8252 -5.3386 7.1288 11.7678
4 16 -5.5 5.68 11.6599 -4.9751 5.67 12.0107 -5.3386 7.1288 11.7678 -5.85 5.7 11.426
4 16 -5.85 5.7 11.426 -5.3386 7.1288 11.7678 -5.4051 7.1652 11.7233 -6.2 5.7 11.1921
4 16 -6.2 5.7 11.1921 -5.4051 7.1652 11.7233 -6.0318 7.2554 11.3045 -6.6861 5.7587 10.8672
4 16 -6.6861 5.7587 10.8672 -6.0318 7.2554 11.3045 -6.101 7.2719 11.2582 -6.8936 7.3345 10.7285
4 16 -4.7722 7.7602 12.051 -4.9751 7.555 12.0107 -4.9751 5.67 12.0107 -4.5487 7.8098 12.0955
4 16 -4.5487 7.8098 12.0955 -4.9751 5.67 12.0107 -4.6 5.65 12.0853 -4.2415 7.7513 12.1566
4 16 -4.2415 7.7513 12.1566 -4.6 5.65 12.0853 -4 5.6 12.2046 -3.8703 7.7274 12.2304
4 16 -3.5493 7.7283 12.2942 -3.8703 7.7274 12.2304 -4 5.6 12.2046 -3.3 5.52 12.3438
3 16 -3.3 5.52 12.3438 -3.2377 7.7836 12.3562 -3.5493 7.7283 12.2942
4 16 -2.9805 7.8588 12.4073 -3.2377 7.7836 12.3562 -3.3 5.52 12.3438 -2.4 5.32 12.5228
3 16 -2.4 5.32 12.5228 -2.5233 8.1074 12.4982 -2.9805 7.8588 12.4073
4 16 -2.178 8.3239 12.5669 -2.5233 8.1074 12.4982 -2.4 5.32 12.5228 -1.7895 5.0546 12.6441
4 16 -1.331 4.7309 12.7353 -1.8822 8.5608 12.6257 -2.178 8.3239 12.5669 -1.7895 5.0546 12.6441
4 16 -1.702 8.8277 12.6615 -1.8822 8.5608 12.6257 -1.331 4.7309 12.7353 -1.1876 4.5261 12.7638
4 16 -4.9751 9.3702 12.0107 -4.9751 8.4547 12.0107 -4.8112 8.4925 12.0433 -4.769 8.6573 12.0517
4 16 -4.9751 9.9843 12.0107 -5.5178 8.5565 11.648 -5.2296 8.5063 11.8406 -4.9751 9.3702 12.0107
3 16 -5.5178 8.5565 11.648 -4.9751 9.9843 12.0107 -5.8421 8.5608 11.4312
3 16 -6.0516 8.5425 11.2913 -5.8421 8.5608 11.4312 -4.9751 9.9843 12.0107
4 16 -6.204 8.4764 11.1894 -6.0516 8.5425 11.2913 -4.9751 9.9843 12.0107 -5.7967 11.6999 11.4616
4 16 -5.3841 12.6651 11.7373 -5.5933 12.7517 11.5975 -5.7967 12.1182 11.4616 -5.71 11.9091 11.5195
4 16 -5.5933 12.7517 11.5975 -5.68 12.9609 11.5396 -6.0058 12.2049 11.3218 -5.7967 12.1182 11.4616
4 16 -5.7967 11.6999 11.4616 -6.0058 11.6132 11.3218 -6.4154 8.2898 11.0481 -6.204 8.4764 11.1894
3 16 -6.6857 7.9809 10.8675 -6.4154 8.2898 11.0481 -6.0058 11.6132 11.3218
3 16 -6.8877 7.5765 10.7325 -6.6857 7.9809 10.8675 -6.0058 11.6132 11.3218
4 16 -6.9668 7.3474 10.6796 -6.8877 7.5765 10.7325 -6.0058 11.6132 11.3218 -6.215 11.6999 11.182
4 16 -7.4044 5.9004 10.3871 -6.9668 7.3474 10.6796 -6.215 11.6999 11.182 -9.1924 4 9.1924
4 16 -9.1924 4 9.1924 -6.215 11.6999 11.182 -6.3017 11.9091 11.1241 -9.1924 17 9.1924
3 16 -6.3017 11.9091 11.1241 -6.215 12.1182 11.182 -9.1924 17 9.1924
4 16 -9.1924 17 9.1924 -6.215 12.1182 11.182 -6.0058 12.2049 11.3218 -5.68 12.9609 11.5396
4 16 -9.1924 17 9.1924 -5.68 12.9609 11.5396 -5.5933 13.1701 11.5975 -4.9749 17 12.0104
3 16 -5.5933 13.1701 11.5975 -5.3841 13.2568 11.7373 -4.9749 17 12.0104
3 16 -5.0883 12.9609 11.935 -4.9749 17 12.0104 -5.175 13.1701 11.8771
3 16 -5.175 13.1701 11.8771 -4.9749 17 12.0104 -5.3841 13.2568 11.7373
4 16 -0.95 13.46 12.8111 -2.0477 9.9843 12.5928 -1.7661 8.9276 12.6488 -0.6 13.48 12.8807
4 16 -0.6 13.48 12.8807 -1.7661 8.9276 12.6488 -1.702 8.8277 12.6615 -0.3 13.57 12.9403
4 16 -0.1216 13.6097 12.9758 -0.3 13.57 12.9403 -1.702 8.8277 12.6615 0 13.62 13
3 484 -2.1639 4.5068 12.5697 -1.7895 5.0546 12.6441 -2.4 5.32 12.5228
3 0 -4.769 8.6573 12.0517 -4.5941 8.7692 12.0865 -4.9751 9.3702 12.0107
4 0 -2.3734 11.8041 12.5281 -2.4786 11.9232 12.5071 -2.956 11.3437 12.4122 -2.3837 11.665 12.526
4 0 -2.956 11.3437 12.4122 -2.4786 11.9232 12.5071 -2.6943 11.9277 12.4642 -3.04 11.83 12.3955
4 0 -2.956 11.3437 12.4122 -3.04 11.83 12.3955 -3.4 11.73 12.3239 -3.5191 11.4557 12.3002
4 0 -3.5191 11.4557 12.3002 -3.4 11.73 12.3239 -3.9 11.59 12.2245 -4.0822 11.3437 12.1882
3 0 -4.0822 11.3437 12.1882 -3.9 11.59 12.2245 -4.2 11.48 12.1648
3 0 -4.0822 11.3437 12.1882 -4.2 11.48 12.1648 -4.4 11.43 12.1251
4 0 -4.0822 11.3437 12.1882 -4.4 11.43 12.1251 -4.7 11.4 12.0654 -4.5596 11.0247 12.0933
4 0 -4.5596 11.0247 12.0933 -4.6942 10.9672 12.0666 -4.7019 10.7992 12.065 -4.0719 9.6736 12.1903
4 0 -4.86 11.06 12.0336 -4.6942 10.9672 12.0666 -4.5596 11.0247 12.0933 -4.9751 11.35 12.0107
3 0 -4.86 11.06 12.0336 -4.9751 11.35 12.0107 -4.9751 11.12 12.0107
3 0 -4.5596 11.0247 12.0933 -4.7 11.4 12.0654 -4.9751 11.35 12.0107
4 0 -4.9751 11.35 12.0107 -5.05 11.3 11.9606 -5.05 11.2 11.9606 -4.9751 11.12 12.0107
3 0 -2.4786 11.0247 12.5071 -2.6502 11.1954 12.473 -2.956 11.3437 12.4122
3 0 -2.6502 11.1954 12.473 -2.6535 11.3531 12.4723 -2.956 11.3437 12.4122
4 0 -2.956 11.3437 12.4122 -2.6535 11.3531 12.4723 -2.4924 11.4816 12.5044 -2.3837 11.665 12.526
3 16 -4.9751 8.4547 12.0107 -4.9751 9.3702 12.0107 -5.2296 8.5063 11.8406
3 0 -2.4886 8.7799 12.5051 -2.1119 8.8701 12.58 -2.1963 8.9524 12.5633
3 0 -2.4886 8.7799 12.5051 -2.1963 8.9524 12.5633 -2.0495 9.3702 12.5925
4 16 -2.1119 8.8701 12.58 -1.7661 8.9276 12.6488 -2.0495 9.3702 12.5925 -2.1963 8.9524 12.5633
3 16 -1.7661 8.9276 12.6488 -2.0477 9.9843 12.5928 -2.0495 9.3702 12.5925
4 0 -0.4 14.62 12.9205 -0.4 14 12.9205 0 14.02 13 0 14.62 13
4 0 -0.4 14.62 12.9205 -0.8 14.67 12.8409 -0.9 14.02 12.821 -0.4 14 12.9205
4 0 -0.8 14.67 12.8409 -1.2 14.77 12.7614 -1.4 14.09 12.7216 -0.9 14.02 12.821
4 0 -1.4 14.09 12.7216 -1.2 14.77 12.7614 -1.55 14.87 12.6918 -2 14.24 12.6023
4 0 -2 14.24 12.6023 -1.55 14.87 12.6918 -1.85 14.97 12.6321 -2.32 14.4 12.5387
4 0 -2.32 14.4 12.5387 -1.85 14.97 12.6321 -2 15.05 12.6023 -2.75 14.7 12.4532
4 0 -2.75 14.7 12.4532 -2 15.05 12.6023 -2.05 15.15 12.5924 -3.1 15.02 12.3836
4 0 -3.4 15.35 12.3239 -3.1 15.02 12.3836 -2.05 15.15 12.5924 -3.5 15.7 12.304
4 0 -2.23 16.13 12.5566 -3.5 15.7 12.304 -2.05 15.15 12.5924 -2.06 16.13 12.5904
4 0 -0.5 15.86 12.9006 -0.5 15.32 12.9006 0 15.32 13 0 15.84 13
4 0 -0.5 15.86 12.9006 -1 15.93 12.8011 -0.85 15.32 12.831 -0.5 15.32 12.9006
4 0 -1 15.93 12.8011 -1.45 16.03 12.7117 -1.3 15.32 12.7415 -0.85 15.32 12.831
4 0 -1.45 16.03 12.7117 -1.8 16.1 12.6421 -1.65 15.3 12.6719 -1.3 15.32 12.7415
4 0 -1.8 16.1 12.6421 -2.06 16.13 12.5904 -2 15.25 12.6023 -1.65 15.3 12.6719
3 0 -2.05 15.15 12.5924 -2 15.25 12.6023 -2.06 16.13 12.5904
4 0 -3.45 16 12.314 -3.5 15.7 12.304 -2.23 16.13 12.5566 -2.3 16.24 12.5426
4 0 -3.3 16.4 12.3438 -3.45 16 12.314 -2.3 16.24 12.5426 -3.05 16.7 12.3935
4 0 -2.75 17 12.4534 -3.05 16.7 12.3935 -2.3 16.24 12.5426 -2.25 16.36 12.5526
3 0 -2.25 16.36 12.5526 -2.05 16.5 12.5924 -2.75 17 12.4534
4 0 -2.75 17 12.4534 -2.05 16.5 12.5924 -1.8 16.55 12.6421 -1.15 17 12.7714
3 0 -1.8 16.55 12.6421 -1.6 16.55 12.6818 -1.15 17 12.7714
3 0 -1.45 16.5 12.7117 -1.15 17 12.7714 -1.6 16.55 12.6818
4 0 -1.15 17 12.7714 -1.45 16.5 12.7117 -1.32 16.44 12.7375 -1.12 16.42 12.7773
4 0 -0.6 16.93 12.8807 -1.15 17 12.7714 -1.12 16.42 12.7773 -0.7 16.4 12.8608
4 0 -0.6 16.93 12.8807 -0.7 16.4 12.8608 -0.33 16.39 12.9344 0 16.9 13
4 0 -2.75 17 12.4534 -1.15 17 12.7714 -1.85 17.1 12.6074 -2.3 17.1 12.5179
4 320 -0.6 16.93 12.8807 0 16.9 13 0 17 13 -1.15 17 12.7714
3 320 0 17 13 0 17.65 12.8379 -0.25 17.65 12.7886
3 320 0 17 13 -0.25 17.65 12.7886 -0.7 17.63 12.7041
3 0 -0.33 16.39 12.9344 0 16.4 13 0 16.9 13
4 16 -4.6942 10.9672 12.0666 -4.86 11.06 12.0336 -4.8594 10.5496 12.0337 -4.7019 10.7992 12.065
4 16 -4.8594 10.5496 12.0337 -4.86 11.06 12.0336 -4.9751 11.12 12.0107 -4.9751 9.9843 12.0107
4 16 -4.9751 9.9843 12.0107 -4.9751 11.12 12.0107 -5.05 11.2 11.9606 -5.7967 11.6999 11.4616
4 16 -5.71 11.9091 11.5195 -5.7967 11.6999 11.4616 -5.05 11.2 11.9606 -5.05 11.3 11.9606
4 16 -5.71 11.9091 11.5195 -5.05 11.3 11.9606 -4.9751 11.35 12.0107 -5.3841 12.6651 11.7373
3 16 -4.9751 11.35 12.0107 -5.175 12.7517 11.8771 -5.3841 12.6651 11.7373
3 16 -4.9751 11.35 12.0107 -5.0883 12.9609 11.935 -5.175 12.7517 11.8771
3 16 -4.9751 11.35 12.0107 -4.9749 17 12.0104 -5.0883 12.9609 11.935
4 16 -2.4924 11.4816 12.5044 -2.6535 11.3531 12.4723 -2.6502 11.1954 12.473 -2.4786 11.0247 12.5071
4 16 -2.3837 11.665 12.526 -2.4924 11.4816 12.5044 -2.4786 11.0247 12.5071 -2.1597 10.5474 12.5706
3 16 -2.0477 9.9843 12.5928 -0.95 13.46 12.8111 -2.1597 10.5474 12.5706
4 16 -0.95 13.46 12.8111 -2.3734 11.8041 12.5281 -2.3837 11.665 12.526 -2.1597 10.5474 12.5706
4 16 -2.4786 11.9232 12.5071 -2.3734 11.8041 12.5281 -0.95 13.46 12.8111 -1.3 13.56 12.7415
4 16 -4.2392 12.2208 12.157 -4.3258 12.43 12.1398 -4.9751 11.35 12.0107 -4.7 11.4 12.0654
4 16 -4.2392 12.2208 12.157 -4.7 11.4 12.0654 -4.4 11.43 12.1251 -4.2 11.48 12.1648
4 16 -4.03 12.1342 12.1986 -4.2392 12.2208 12.157 -4.2 11.48 12.1648 -3.9 11.59 12.2245
4 16 -3.8208 12.2208 12.2402 -4.03 12.1342 12.1986 -3.9 11.59 12.2245 -3.4 11.73 12.3239
4 16 -3.7342 12.43 12.2575 -3.8208 12.2208 12.2402 -3.4 11.73 12.3239 -3.04 11.83 12.3955
4 16 -3.7342 12.43 12.2575 -3.04 11.83 12.3955 -2.6943 11.9277 12.4642 -1.72 13.81 12.658
4 16 -1.3 13.56 12.7415 -1.72 13.81 12.658 -2.6943 11.9277 12.4642 -2.4786 11.9232 12.5071
4 16 -1.72 13.81 12.658 -2.04 14.11 12.5943 -3.8208 12.6392 12.2402 -3.7342 12.43 12.2575
4 16 -2.04 14.11 12.5943 -2.32 14.4 12.5387 -4.03 12.7258 12.1986 -3.8208 12.6392 12.2402
3 16 -4.03 12.7258 12.1986 -2.32 14.4 12.5387 -2.75 14.7 12.4532
3 16 -4.03 12.7258 12.1986 -2.75 14.7 12.4532 -3.1 15.02 12.3836
4 16 -4.03 12.7258 12.1986 -3.1 15.02 12.3836 -3.4 15.35 12.3239 -4.2392 12.6392 12.157
4 16 -4.2392 12.6392 12.157 -3.4 15.35 12.3239 -3.5 15.7 12.304 -4.9749 17 12.0104
4 16 -4.9749 17 12.0104 -4.9751 11.35 12.0107 -4.3258 12.43 12.1398 -4.2392 12.6392 12.157
3 16 -3.5 15.7 12.304 -3.45 16 12.314 -4.9749 17 12.0104
3 16 -3.45 16 12.314 -3.3 16.4 12.3438 -4.9749 17 12.0104
3 16 -3.3 16.4 12.3438 -3.05 16.7 12.3935 -4.9749 17 12.0104
3 16 -3.05 16.7 12.3935 -2.75 17 12.4534 -4.9749 17 12.0104
3 16 -4.9749 17 12.0104 -2.75 17 12.4534 -2.4 17.2 12.4732
4 16 -4.9749 17 12.0104 -2.4 17.2 12.4732 -2 17.35 12.5154 -4.8292 18.5309 11.6586
3 16 -2 17.35 12.5154 -1.69 17.45 12.5521 -4.8292 18.5309 11.6586
4 16 -4.8292 18.5309 11.6586 -1.69 17.45 12.5521 -1.2 17.55 12.6247 -1.7966 18.2906 12.3219
4 15 -0.33 16.39 12.9344 -0.5 15.86 12.9006 0 15.84 13 0 16.4 13
4 15 -0.7 16.4 12.8608 -1 15.93 12.8011 -0.5 15.86 12.9006 -0.33 16.39 12.9344
4 15 -1 15.93 12.8011 -0.7 16.4 12.8608 -1.12 16.42 12.7773 -1.45 16.03 12.7117
4 15 -1.45 16.03 12.7117 -1.12 16.42 12.7773 -1.32 16.44 12.7375 -1.8 16.1 12.6421
4 15 -1.8 16.1 12.6421 -1.32 16.44 12.7375 -1.45 16.5 12.7117 -1.6 16.55 12.6818
4 15 -1.8 16.1 12.6421 -1.6 16.55 12.6818 -1.8 16.55 12.6421 -2.06 16.13 12.5904
4 15 -2.06 16.13 12.5904 -1.8 16.55 12.6421 -2.05 16.5 12.5924 -2.23 16.13 12.5566
4 15 -2.25 16.36 12.5526 -2.3 16.24 12.5426 -2.23 16.13 12.5566 -2.05 16.5 12.5924
4 15 0 15.32 13 -0.5 15.32 12.9006 -0.4 14.62 12.9205 0 14.62 13
4 15 -0.5 15.32 12.9006 -0.85 15.32 12.831 -0.8 14.67 12.8409 -0.4 14.62 12.9205
4 15 -0.85 15.32 12.831 -1.3 15.32 12.7415 -1.2 14.77 12.7614 -0.8 14.67 12.8409
4 15 -1.3 15.32 12.7415 -1.65 15.3 12.6719 -1.55 14.87 12.6918 -1.2 14.77 12.7614
4 15 -2 15.25 12.6023 -2.05 15.15 12.5924 -2 15.05 12.6023 -1.65 15.3 12.6719
4 15 -1.65 15.3 12.6719 -2 15.05 12.6023 -1.85 14.97 12.6321 -1.55 14.87 12.6918
4 16 0 13.62 13 -1.702 8.8277 12.6615 -1.1876 4.5261 12.7638 0 4 13
3 16 0 4 13 -1.1876 4.5261 12.7638 -1.1835 4.3459 12.7647
3 16 0 4 13 -1.1835 4.3459 12.7647 -1.3186 4.1902 12.7378
4 16 0 4 13 -1.3186 4.1902 12.7378 -1.4989 4.1861 12.7019 -4.9752 4 12.0104
4 16 -2.7 4.75 12.4631 -3.4 5 12.3239 -4.9752 4 12.0104 -2.1639 4.5068 12.5697
3 16 -4.9752 4 12.0104 -1.7365 4.2639 12.6547 -2.1639 4.5068 12.5697
3 16 -4.9752 4 12.0104 -1.4989 4.1861 12.7019 -1.7365 4.2639 12.6547
4 92 0 18.5309 12.6197 -0.25 18.5309 12.5695 -0.25 18.202 12.6513 0 18.202 12.7009
4 92 -0.25 18.5309 12.5695 -0.7 18.5309 12.48 -0.62 18.182 12.5827 -0.25 18.202 12.6513
4 92 -1.21 18.172 12.4679 -0.7 18.5309 12.48 -1.2 18.5309 12.3806 -1.561 18.2129 12.388
4 92 -1.7966 18.2906 12.3219 -1.2 18.5309 12.3806 -1.61 18.5309 12.2991 -1.8034 18.3714 12.3004
3 92 -1.61 18.5309 12.2991 -1.2 18.5309 12.3806 -1.2 18.65 12.2811
4 92 -1.2 18.65 12.2811 -1.2 18.5309 12.3806 -0.7 18.5309 12.48 -0.7 18.73 12.3137
4 92 -0.7 18.73 12.3137 -0.7 18.5309 12.48 -0.25 18.5309 12.5695 -0.25 18.75 12.3864
4 92 0 18.75 12.4361 -0.25 18.75 12.3864 -0.25 18.5309 12.5695 0 18.5309 12.6197
3 92 -1.561 18.2129 12.388 -1.2 18.5309 12.3806 -1.7966 18.2906 12.3219
4 92 -0.93 18.172 12.5236 -0.62 18.182 12.5827 -0.7 18.5309 12.48 -1.21 18.172 12.4679
4 16 -0.25 18.202 12.6513 -0.25 17.65 12.7886 0 17.65 12.8379 0 18.202 12.7009
4 16 -0.62 18.182 12.5827 -0.7 17.63 12.7041 -0.25 17.65 12.7886 -0.25 18.202 12.6513
3 16 -0.7 17.63 12.7041 -0.62 18.182 12.5827 -0.93 18.172 12.5236
4 16 -0.7 17.63 12.7041 -0.93 18.172 12.5236 -1.21 18.172 12.4679 -1.2 17.55 12.6247
3 16 -1.2 17.55 12.6247 -1.21 18.172 12.4679 -1.561 18.2129 12.388
3 16 -1.2 17.55 12.6247 -1.561 18.2129 12.388 -1.7966 18.2906 12.3219
3 16 -1.7966 18.2906 12.3219 -1.8034 18.3714 12.3004 -4.8292 18.5309 11.6586
3 16 -1.8034 18.3714 12.3004 -1.61 18.5309 12.2991 -4.8292 18.5309 11.6586
4 16 -4.4144 19.8282 10.6571 -4.8292 18.5309 11.6586 -1.61 18.5309 12.2991 0 19.8282 11.5355
3 16 -0.25 18.75 12.3864 0 18.75 12.4361 0 19.8282 11.5355
3 16 -0.7 18.73 12.3137 -0.25 18.75 12.3864 0 19.8282 11.5355
3 16 -1.2 18.65 12.2811 -0.7 18.73 12.3137 0 19.8282 11.5355
3 16 -1.61 18.5309 12.2991 -1.2 18.65 12.2811 0 19.8282 11.5355
4 16 0 20.6954 9.9137 -3.7938 20.6954 9.1589 -4.4144 19.8282 10.6571 0 19.8282 11.5355
4 16 0 21 8 -3.0615 21 7.391 -3.7938 20.6954 9.1589 0 20.6954 9.9137
3 0 4.5487 7.8098 12.0955 4.8112 8.4925 12.0433 4.769 8.6573 12.0517
3 0 -4.5487 7.8098 12.0955 -4.769 8.6573 12.0517 -4.8112 8.4925 12.0433
