0 ~Technic Gear 24 Tooth Crown - Common Structure
0 Name: s\3650s01.dat
0 Author: Donald Sutter [technog]
0 !LDRAW_ORG Subpart UPDATE 2011-02
0 !LICENSE Redistributable under CCAL version 2.0 : see CAreadme.txt

0 BFC CERTIFY CCW

0 !HISTORY 2006-02-20 [guyvivan] Fixed gaps near torus and use more primitives (rect)
0 !HISTORY 2006-05-27 [technog] Removed 3-8edge near axlehole, used more primitives
0 !HISTORY 2011-12-29 [PTadmin] Official Update 2011-02

1 16 0 0 -8 1.148 0 2.772 2.772 0 -1.148 0 1 0 3-8ring2.dat
1 16 0 0 -8 -1.148 0 -2.772 -2.772 0 1.148 0 1 0 3-8ring2.dat
1 16 0 0 12 -0.765 0 -1.848 -1.848 0 0.765 0 -1 0 3-8ring3.dat
1 16 0 0 12 0.765 0 1.848 1.848 0 -0.765 0 -1 0 3-8ring3.dat
1 16 0 0 12 -3.061 0 -7.391 -7.391 0 3.061 0 1 0 3-8edge.dat
1 16 0 0 12 3.061 0 7.391 7.391 0 -3.061 0 1 0 3-8edge.dat
1 16 0 0 10 3.444 0 8.315 8.315 0 -3.444 0 1 0 3-8edge.dat
1 16 0 0 10 -3.444 0 -8.315 -8.315 0 3.444 0 1 0 3-8edge.dat
1 16 0 0 -8 3.444 0 8.315 8.315 0 -3.444 0 1 0 3-8edge.dat
1 16 0 0 -8 -3.444 0 -8.315 -8.315 0 3.444 0 1 0 3-8edge.dat
1 16 0 0 -8 -3.444 0 -8.315 -8.315 0 3.444 0 18 0 3-8cyli.dat
1 16 0 0 -8 3.444 0 8.315 8.315 0 -3.444 0 18 0 3-8cyli.dat
4 16 2.298 5.544 -8 0.9 5.821 -8 0.9 8.821 -8 3.447 8.316 -8
4 16 0.9 -5.821 -8 2.298 -5.544 -8 3.447 -8.316 -8 0.9 -8.821 -8
4 16 -0.9 5.821 -8 -2.298 5.544 -8 -3.447 8.316 -8 -0.9 8.821 -8
4 16 -2.298 -5.544 -8 -0.9 -5.821 -8 -0.9 -8.821 -8 -3.447 -8.316 -8
1 16 0 0 -8 1 0 0 0 0 1 0 20 0 axlehol5.dat
4 16 0.9 13.2 0 0.9 8.821 0 3.447 8.316 0 3.447 14.316 0
4 16 0 13.2 0 0.9 13.2 0 3.447 14.316 0 0 15 0
1 16 0 0 0 5 0 0 0 0 5 0 -1 0 4-4ring3.dat
1 16 0 0 -6 5 0 0 0 0 5 0 1 0 4-4ring3.dat
1 16 0 0 0 5 0 0 0 0 5 0 -1 0 4-4ring4.dat
1 16 0 0 0 1 0 0 0 0 1 0 -1 0 4-4rin25.dat
1 16 0 0 0 5.74 0 13.858 -13.858 0 5.74 0 1 0 3-8edge.dat
1 16 0 0 0 -5.74 0 -13.858 13.858 0 -5.74 0 1 0 3-8edge.dat
0 BFC INVERTNEXT
1 16 0 0 -6 -5.74 0 -13.858 13.858 0 -5.74 0 6 0 3-8cyli.dat
0 BFC INVERTNEXT
1 16 0 0 -6 5.74 0 13.858 -13.858 0 5.74 0 6 0 3-8cyli.dat
2 24 0.9 8.821 0 3.447 8.316 0
1 16 3.447 11.316 -3 0 -1 0 3 0 0 0 0 3 rect.dat
1 16 4.596 14.087 -3 1.149 0 0 -0.229 1 0 0 0 3 rect2p.dat
2 24 0.9 8.821 -6 3.447 8.316 -6
4 16 0.9 8.821 -6 0.9 13.2 -6 3.447 14.316 -6 3.447 8.316 -6
4 16 0.9 13.2 -6 0 13.2 -6 0 15 -6 3.447 14.316 -6
4 16 -0.9 -13.2 0 -0.9 -8.821 0 -3.447 -8.316 0 -3.447 -14.316 0
4 16 0 -13.2 0 -0.9 -13.2 0 -3.447 -14.316 0 0 -15 0
2 24 -0.9 -8.821 0 -3.447 -8.316 0
1 16 -3.447 -11.316 -3 0 1 0 -3 0 0 0 0 3 rect.dat
1 16 -4.596 -14.087 -3 -1.149 0 0 0.229 -1 0 0 0 3 rect2p.dat
2 24 -0.9 -8.821 -6 -3.447 -8.316 -6
4 16 -0.9 -8.821 -6 -0.9 -13.2 -6 -3.447 -14.316 -6 -3.447 -8.316 -6
4 16 -0.9 -13.2 -6 0 -13.2 -6 0 -15 -6 -3.447 -14.316 -6
4 16 0.9 -13.2 -6 0.9 -8.821 -6 3.447 -8.316 -6 3.447 -14.316 -6
4 16 0 -13.2 -6 0.9 -13.2 -6 3.447 -14.316 -6 0 -15 -6
2 24 0.9 -8.821 -6 3.447 -8.316 -6
0 BFC INVERTNEXT
1 16 0 -8.821 -3 0 0 0.9 0 -4.379 0 3 0 0 box3u4a.dat
1 16 3.447 -11.316 -3 0 -1 0 3 0 0 0 0 3 rect.dat
1 16 4.596 -14.087 -3 1.149 0 0 0.229 -1 0 0 0 3 rect2p.dat
2 24 0.9 -8.821 0 3.447 -8.316 0
4 16 0.9 -8.821 0 0.9 -13.2 0 3.447 -14.316 0 3.447 -8.316 0
4 16 0.9 -13.2 0 0 -13.2 0 0 -15 0 3.447 -14.316 0
4 16 -0.9 13.2 -6 -0.9 8.821 -6 -3.447 8.3 -6 -3.447 14.316 -6
4 16 0 13.2 -6 -0.9 13.2 -6 -3.447 14.316 -6 0 15 -6
2 24 -0.9 8.821 -6 -3.447 8.316 -6
0 BFC INVERTNEXT
1 16 0 8.821 -3 0 0 0.9 0 4.379 0 3 0 0 box3u4a.dat
1 16 -3.447 11.316 -3 0 1 0 3 0 0 0 0 3 rect.dat
1 16 -4.596 14.087 -3 -1.149 0 0 -0.229 1 0 0 0 3 rect2p.dat
2 24 -0.9 8.821 0 -3.447 8.316 0
4 16 -0.9 8.821 0 -0.9 13.2 0 -3.447 14.316 0 -3.447 8.316 0
4 16 -0.9 13.2 0 0 13.2 0 0 15 0 -3.447 14.316 0
2 24 0.9 5.821 -8 0.9 8.821 -8
2 24 0.9 8.821 -8 0.9 8.821 -6
2 24 0.9 8.821 -8 3.447 8.316 -8
2 24 0.9 8.821 10 0.9 8.821 0
2 24 0.9 8.821 10 3.447 8.316 10
2 24 0.9 -5.821 -8 0.9 -8.821 -8
2 24 0.9 -8.821 -8 0.9 -8.821 -6
2 24 0.9 -8.821 -8 3.447 -8.316 -8
2 24 0.9 -8.821 10 0.9 -8.821 0
2 24 0.9 -8.821 10 3.447 -8.316 10
4 16 3.064 -7.392 12 0.9 -7.821 12 0.9 -8.821 10 3.447 -8.316 10
4 16 3.064 -7.392 12 3.447 -8.316 10 6.363 -6.363 10 5.656 -5.656 12
4 16 5.656 -5.656 12 6.363 -6.363 10 8.316 -3.447 10 7.392 -3.064 12
4 16 9 0 10 8 0 12 7.392 -3.064 12 8.316 -3.447 10
5 24 9 0 10 8 0 12 7.392 -3.064 12 7.392 3.064 12
5 24 -9 0 10 -8 0 12 -7.392 3.064 12 -7.392 -3.064 12
4 16 3.447 8.316 -8 0.9 8.821 -8 0.9 8.821 -6 3.447 8.316 -6
4 16 3.447 8.316 0 0.9 8.821 0 0.9 8.821 10 3.447 8.316 10
4 16 0.9 -8.821 -8 3.447 -8.316 -8 3.447 -8.316 -6 0.9 -8.821 -6
4 16 0.9 -8.821 0 3.447 -8.316 0 3.447 -8.316 10 0.9 -8.821 10
1 16 1.45 5.711 2 -0.55 0 0 0.109 1 0 0 0 10 rect.dat
1 16 -1.45 5.711 2 0.55 0 0 0.109 1 0 0 0 10 rect.dat
4 16 0.9 -7.821 -8 0.9 -8.821 -8 0.9 -8.821 10 0.9 -7.821 12
4 16 0.9 -5.821 -8 0.9 -7.821 -8 0.9 -7.821 12 0.9 -5.821 12
2 24 -0.9 -5.821 -8 -0.9 -8.821 -8
2 24 -0.9 -8.821 -8 -0.9 -8.821 -6
2 24 -0.9 -8.821 -8 -3.447 -8.316 -8
2 24 -0.9 -7.821 12 -3.064 -7.392 12
2 24 0.9 -7.821 12 3.064 -7.392 12
2 24 0.9 7.821 12 3.064 7.392 12
2 24 -0.9 7.821 12 -3.064 7.392 12
2 24 -0.9 -7.821 12 -0.9 -8.821 10
2 24 -0.9 -5.821 12 -0.9 -7.821 12
2 24 0.9 -7.821 12 0.9 -8.821 10
2 24 0.9 -5.821 12 0.9 -7.821 12
2 24 0.9 7.821 12 0.9 8.821 10
2 24 0.9 5.821 12 0.9 7.821 12
2 24 -0.9 7.821 12 -0.9 8.821 10
2 24 -0.9 5.821 12 -0.9 7.821 12
2 24 -0.9 -8.821 10 -0.9 -8.821 0
2 24 -0.9 -8.821 10 -3.447 -8.316 10
4 16 -0.9 -7.821 12 -3.064 -7.392 12 -3.447 -8.316 10 -0.9 -8.821 10
5 24 -3.064 -7.392 12 -3.447 -8.316 10 -0.9 -7.821 12 -5.656 -5.656 12
4 16 -5.656 -5.656 12 -6.363 -6.363 10 -3.447 -8.316 10 -3.064 -7.392 12
5 24 -5.656 -5.656 12 -6.363 -6.363 10 -3.064 -7.392 12 -7.392 -3.064 12
4 16 -7.392 -3.064 12 -8.316 -3.447 10 -6.363 -6.363 10 -5.656 -5.656 12
5 24 -7.392 -3.064 12 -8.316 -3.447 10 -5.656 -5.656 12 -8 0 12
5 24 3.064 7.392 12 3.447 8.316 10 0.9 7.821 12 5.656 5.656 12
5 24 5.656 5.656 12 6.363 6.363 10 3.064 7.392 12 7.392 3.064 12
5 24 7.392 3.064 12 8.316 3.447 10 5.656 5.656 12 8 0 12
5 24 -3.064 7.392 12 -3.447 8.316 10 -0.9 7.821 12 -5.656 5.656 12
5 24 -5.656 5.656 12 -6.363 6.363 10 -3.064 7.392 12 -7.392 3.064 12
5 24 -7.392 3.064 12 -8.316 3.447 10 -5.656 5.656 12 -8 0 12
5 24 3.064 -7.392 12 3.447 -8.316 10 0.9 -7.821 12 5.656 -5.656 12
5 24 5.656 -5.656 12 6.363 -6.363 10 3.064 -7.392 12 7.392 -3.064 12
5 24 7.392 -3.064 12 8.316 -3.447 10 5.656 -5.656 12 8 0 12
4 16 -8.316 -3.447 10 -7.392 -3.064 12 -8 0 12 -9 0 10
4 16 -3.064 7.392 12 -0.9 7.821 12 -0.9 8.821 10 -3.447 8.316 10
4 16 0.9 7.821 12 3.064 7.392 12 3.447 8.316 10 0.9 8.821 10
4 16 -2.298 5.544 12 -0.9 5.821 12 -0.9 7.821 12 -3.064 7.392 12
4 16 -3.064 7.392 12 -3.447 8.316 10 -6.363 6.363 10 -5.656 5.656 12
4 16 -5.656 5.656 12 -6.363 6.363 10 -8.316 3.447 10 -7.392 3.064 12
4 16 7.392 3.064 12 8.316 3.447 10 6.363 6.363 10 5.656 5.656 12
4 16 -9 0 10 -8 0 12 -7.392 3.064 12 -8.316 3.447 10
4 16 8.316 3.447 10 7.392 3.064 12 8 0 12 9 0 10
4 16 0.9 5.821 12 2.298 5.544 12 3.064 7.392 12 0.9 7.821 12
4 16 2.298 -5.544 12 0.9 -5.821 12 0.9 -7.821 12 3.064 -7.392 12
4 16 -0.9 -5.821 12 -2.298 -5.544 12 -3.064 -7.392 12 -0.9 -7.821 12
4 16 5.656 5.656 12 6.363 6.363 10 3.447 8.316 10 3.064 7.392 12
2 24 -0.9 5.821 -8 -0.9 8.821 -8
2 24 -0.9 8.821 -8 -0.9 8.821 -6
2 24 -0.9 8.821 -8 -3.447 8.316 -8
2 24 -0.9 8.821 10 -0.9 8.821 0
2 24 -0.9 8.821 10 -3.447 8.316 10
4 16 -0.9 -8.821 -6 -3.447 -8.316 -6 -3.447 -8.316 -8 -0.9 -8.821 -8
4 16 -0.9 -8.821 10 -3.447 -8.316 10 -3.447 -8.316 0 -0.9 -8.821 0
4 16 -0.9 8.821 -8 -3.447 8.316 -8 -3.447 8.316 -6 -0.9 8.821 -6
4 16 -0.9 8.821 0 -3.447 8.316 0 -3.447 8.316 10 -0.9 8.821 10
1 16 -1.45 -5.711 2 0.55 0 0 -0.109 -1 0 0 0 10 rect.dat
1 16 1.45 -5.711 2 -0.55 0 0 -0.109 -1 0 0 0 10 rect.dat
4 16 -0.9 -7.821 12 -0.9 -8.821 10 -0.9 -8.821 -8 -0.9 -7.821 -8
4 16 -0.9 -5.821 12 -0.9 -7.821 12 -0.9 -7.821 -8 -0.9 -5.821 -8
4 16 -0.9 7.821 -8 -0.9 8.821 -8 -0.9 8.821 10 -0.9 7.821 12
4 16 -0.9 5.821 -8 -0.9 7.821 -8 -0.9 7.821 12 -0.9 5.821 12
4 16 0.9 7.821 12 0.9 8.821 10 0.9 8.821 -8 0.9 7.821 -8
4 16 0.9 5.821 12 0.9 7.821 12 0.9 7.821 -8 0.9 5.821 -8
1 16 0 0 -6 0 0 19 -19 0 0 0 1 0 4-4edge.dat
1 16 0 0 -6 0 0 25.4 -25.4 0 0 0 1 0 4-4edge.dat
1 16 0 0 -6 0 0 -22.2 -22.2 0 0 0 -14 0 t04i1429.dat
1 16 0 0 -6 0 0 -22.2 -22.2 0 0 0 -14 0 t04o1429.dat
1 16 0 0 -6 -22.2 0 0 0 0 22.2 0 -14 0 t04o1429.dat
1 16 0 0 -6 0 0 22.2 22.2 0 0 0 -14 0 t04o1429.dat
1 16 0 0 -6 22.2 0 0 0 0 -22.2 0 -14 0 t04o1429.dat
1 16 0 0 -6 -22.2 0 0 0 0 22.2 0 -14 0 t04i1429.dat
1 16 0 0 -6 0 0 22.2 22.2 0 0 0 -14 0 t04i1429.dat
1 16 0 0 -6 22.2 0 0 0 0 -22.2 0 -14 0 t04i1429.dat
4 16 -4.4 -26.64 0 -2.65 -26.87 0 -2.65 -24.87 0 -3.88 -24.71 0
4 16 2.65 -26.87 0 2.65 -24.87 0 -2.65 -24.87 0 -2.65 -26.87 0
4 16 -11.15 -24.59 0 -9.51 -25.27 0 -9 -23.34 0 -10.14 -22.86 0
4 16 -4.39 -26.64 0 -3.88 -24.71 0 -9 -23.34 0 -9.51 -25.27 0
4 16 -17.13 -20.87 0 -15.73 -21.95 0 -14.73 -20.21 0 -15.72 -19.46 0
4 16 -11.14 -24.6 0 -10.14 -22.86 0 -14.73 -20.21 0 -15.73 -21.95 0
4 16 -21.95 -15.73 0 -20.87 -17.13 0 -19.46 -15.71 0 -20.22 -14.73 0
4 16 -17.13 -20.87 0 -15.71 -19.46 0 -19.46 -15.71 0 -20.87 -17.13 0
4 16 -25.27 -9.51 0 -24.6 -11.14 0 -22.86 -10.14 0 -23.34 -8.99 0
4 16 -21.95 -15.73 0 -20.21 -14.73 0 -22.86 -10.14 0 -24.6 -11.14 0
4 16 -26.87 -2.64 0 -26.64 -4.39 0 -24.71 -3.88 0 -24.87 -2.65 0
4 16 -25.27 -9.51 0 -23.34 -9 0 -24.71 -3.88 0 -26.64 -4.39 0
4 16 25.4 0 -6 26.87 0 -6 26.87 -2.65 -6 26.64 -4.4 -6
4 16 26.64 -4.4 0 26.87 -2.65 0 24.87 -2.65 0 24.71 -3.88 0
4 16 26.87 2.65 0 24.87 2.65 0 24.87 -2.65 0 26.87 -2.65 0
4 16 24.59 -11.15 0 25.27 -9.51 0 23.34 -9 0 22.86 -10.14 0
4 16 26.64 -4.39 0 24.71 -3.88 0 23.34 -9 0 25.27 -9.51 0
4 16 20.87 -17.13 0 21.95 -15.73 0 20.21 -14.73 0 19.46 -15.72 0
4 16 24.6 -11.14 0 22.86 -10.14 0 20.21 -14.73 0 21.95 -15.73 0
4 16 15.73 -21.95 0 17.13 -20.87 0 15.71 -19.46 0 14.73 -20.22 0
4 16 20.87 -17.13 0 19.46 -15.71 0 15.71 -19.46 0 17.13 -20.87 0
4 16 9.51 -25.27 0 11.14 -24.6 0 10.14 -22.86 0 8.99 -23.34 0
4 16 15.73 -21.95 0 14.73 -20.21 0 10.14 -22.86 0 11.14 -24.6 0
4 16 2.64 -26.87 0 4.39 -26.64 0 3.88 -24.71 0 2.65 -24.87 0
4 16 9.51 -25.27 0 9 -23.34 0 3.88 -24.71 0 4.39 -26.64 0
4 16 4.4 26.64 0 2.65 26.87 0 2.65 24.87 0 3.88 24.71 0
4 16 -2.65 26.87 0 -2.65 24.87 0 2.65 24.87 0 2.65 26.87 0
4 16 11.15 24.59 0 9.51 25.27 0 9 23.34 0 10.14 22.86 0
4 16 4.39 26.64 0 3.88 24.71 0 9 23.34 0 9.51 25.27 0
4 16 17.13 20.87 0 15.73 21.95 0 14.73 20.21 0 15.72 19.46 0
4 16 11.14 24.6 0 10.14 22.86 0 14.73 20.21 0 15.73 21.95 0
4 16 21.95 15.73 0 20.87 17.13 0 19.46 15.71 0 20.22 14.73 0
4 16 17.13 20.87 0 15.71 19.46 0 19.46 15.71 0 20.87 17.13 0
4 16 25.27 9.51 0 24.6 11.14 0 22.86 10.14 0 23.34 8.99 0
4 16 21.95 15.73 0 20.21 14.73 0 22.86 10.14 0 24.6 11.14 0
4 16 26.87 2.64 0 26.64 4.39 0 24.71 3.88 0 24.87 2.65 0
4 16 25.27 9.51 0 23.34 9 0 24.71 3.88 0 26.64 4.39 0
4 16 -26.64 4.4 0 -26.87 2.65 0 -24.87 2.65 0 -24.71 3.88 0
4 16 -26.87 -2.65 0 -24.87 -2.65 0 -24.87 2.65 0 -26.87 2.65 0
4 16 -24.59 11.15 0 -25.27 9.51 0 -23.34 9 0 -22.86 10.14 0
4 16 -26.64 4.39 0 -24.71 3.88 0 -23.34 9 0 -25.27 9.51 0
4 16 -20.87 17.13 0 -21.95 15.73 0 -20.21 14.73 0 -19.46 15.72 0
4 16 -24.6 11.14 0 -22.86 10.14 0 -20.21 14.73 0 -21.95 15.73 0
4 16 -15.73 21.95 0 -17.13 20.87 0 -15.71 19.46 0 -14.73 20.22 0
4 16 -20.87 17.13 0 -19.46 15.71 0 -15.71 19.46 0 -17.13 20.87 0
4 16 -9.51 25.27 0 -11.14 24.6 0 -10.14 22.86 0 -8.99 23.34 0
4 16 -15.73 21.95 0 -14.73 20.21 0 -10.14 22.86 0 -11.14 24.6 0
4 16 -2.64 26.87 0 -4.39 26.64 0 -3.88 24.71 0 -2.65 24.87 0
4 16 -9.51 25.27 0 -9 23.34 0 -3.88 24.71 0 -4.39 26.64 0
3 16 2.65 -26.87 -6 0 -26.87 -6 0 -25.4 -6
4 16 0 -25.4 -6 9.7282 -23.4696 -6 4.39 -26.64 -6 2.64 -26.87 -6
4 16 4.39 -26.64 -6 9.7282 -23.4696 -6 11.14 -24.6 -6 9.51 -25.27 -6
4 16 11.14 -24.6 -6 9.7282 -23.4696 -6 17.9578 -17.9578 -6 15.73 -21.95 -6
4 16 17.9578 -17.9578 -6 20.87 -17.13 -6 17.13 -20.87 -6 15.73 -21.95 -6
4 16 17.9578 -17.9578 -6 23.4696 -9.7282 -6 21.95 -15.73 -6 20.87 -17.13 -6
4 16 21.95 -15.73 -6 23.4696 -9.7282 -6 25.27 -9.51 -6 24.59 -11.15 -6
4 16 25.27 -9.51 -6 23.4696 -9.7282 -6 25.4 0 -6 26.64 -4.39 -6
4 16 0 -25.4 -6 0 -26.87 -6 -2.65 -26.87 -6 -4.4 -26.64 -6
3 16 -26.87 -2.65 -6 -26.87 0 -6 -25.4 0 -6
4 16 -25.4 0 -6 -23.4696 -9.7282 -6 -26.64 -4.39 -6 -26.87 -2.64 -6
4 16 -26.64 -4.39 -6 -23.4696 -9.7282 -6 -24.6 -11.14 -6 -25.27 -9.51 -6
4 16 -24.6 -11.14 -6 -23.4696 -9.7282 -6 -17.9578 -17.9578 -6 -21.95 -15.73 -6
4 16 -17.9578 -17.9578 -6 -17.13 -20.87 -6 -20.87 -17.13 -6 -21.95 -15.73 -6
4 16 -17.9578 -17.9578 -6 -9.7282 -23.4696 -6 -15.73 -21.95 -6 -17.13 -20.87 -6
4 16 -15.73 -21.95 -6 -9.7282 -23.4696 -6 -9.51 -25.27 -6 -11.15 -24.59 -6
4 16 -9.51 -25.27 -6 -9.7282 -23.4696 -6 0 -25.4 -6 -4.39 -26.64 -6
4 16 -25.4 0 -6 -26.87 0 -6 -26.87 2.65 -6 -26.64 4.4 -6
3 16 -2.65 26.87 -6 0 26.87 -6 0 25.4 -6
4 16 0 25.4 -6 -9.7282 23.4696 -6 -4.39 26.64 -6 -2.64 26.87 -6
4 16 -4.39 26.64 -6 -9.7282 23.4696 -6 -11.14 24.6 -6 -9.51 25.27 -6
4 16 -11.14 24.6 -6 -9.7282 23.4696 -6 -17.9578 17.9578 -6 -15.73 21.95 -6
4 16 -17.9578 17.9578 -6 -20.87 17.13 -6 -17.13 20.87 -6 -15.73 21.95 -6
4 16 -17.9578 17.9578 -6 -23.4696 9.7282 -6 -21.95 15.73 -6 -20.87 17.13 -6
4 16 -21.95 15.73 -6 -23.4696 9.7282 -6 -25.27 9.51 -6 -24.59 11.15 -6
4 16 -25.27 9.51 -6 -23.4696 9.7282 -6 -25.4 0 -6 -26.64 4.39 -6
4 16 0 25.4 -6 0 26.87 -6 2.65 26.87 -6 4.4 26.64 -6
3 16 26.87 2.65 -6 26.87 0 -6 25.4 0 -6
4 16 25.4 0 -6 23.4696 9.7282 -6 26.64 4.39 -6 26.87 2.64 -6
4 16 26.64 4.39 -6 23.4696 9.7282 -6 24.6 11.14 -6 25.27 9.51 -6
4 16 24.6 11.14 -6 23.4696 9.7282 -6 17.9578 17.9578 -6 21.95 15.73 -6
4 16 17.9578 17.9578 -6 17.13 20.87 -6 20.87 17.13 -6 21.95 15.73 -6
4 16 17.9578 17.9578 -6 9.7282 23.4696 -6 15.73 21.95 -6 17.13 20.87 -6
4 16 15.73 21.95 -6 9.7282 23.4696 -6 9.51 25.27 -6 11.15 24.59 -6
4 16 9.51 25.27 -6 9.7282 23.4696 -6 0 25.4 -6 4.39 26.64 -6
1 16 26.755 -3.515 -3 0.115 0 0 0.875 1 0 0 0 3 rect2p.dat
1 16 24.935 -10.325 -3 0.335 0 0 0.815 1 0 0 0 3 rect2p.dat
1 16 21.41 -16.43 -3 0.54 0 0 0.7 1 0 0 0 3 rect2p.dat
1 16 16.43 -21.41 -3 0.7 0 0 0.54 1 0 0 0 3 rect2p.dat
1 16 10.325 -24.935 -3 0.815 0 0 0.335 1 0 0 0 3 rect2p.dat
1 16 3.515 -26.755 -3 0.875 0 0 0.115 1 0 0 0 3 rect2p.dat
1 16 -3.515 -26.755 -3 0.875 1 0 -0.115 0 0 0 0 3 rect2p.dat
1 16 -10.325 -24.935 -3 0.815 1 0 -0.335 0 0 0 0 3 rect2p.dat
1 16 -16.43 -21.41 -3 0.7 1 0 -0.54 0 0 0 0 3 rect2p.dat
1 16 -21.41 -16.43 -3 0.54 1 0 -0.7 0 0 0 0 3 rect2p.dat
1 16 -24.935 -10.325 -3 0.335 1 0 -0.815 0 0 0 0 3 rect2p.dat
1 16 -26.755 -3.515 -3 0.115 1 0 -0.875 0 0 0 0 3 rect2p.dat
1 16 -26.755 3.515 -3 -0.115 0 0 -0.875 -1 0 0 0 3 rect2p.dat
1 16 -24.935 10.325 -3 -0.335 0 0 -0.815 -1 0 0 0 3 rect2p.dat
1 16 -21.41 16.43 -3 -0.54 0 0 -0.7 -1 0 0 0 3 rect2p.dat
1 16 -16.43 21.41 -3 -0.7 0 0 -0.54 -1 0 0 0 3 rect2p.dat
1 16 -10.325 24.935 -3 -0.815 0 0 -0.335 -1 0 0 0 3 rect2p.dat
1 16 -3.515 26.755 -3 -0.875 0 0 -0.115 -1 0 0 0 3 rect2p.dat
1 16 3.515 26.755 -3 -0.875 -1 0 0.115 0 0 0 0 3 rect2p.dat
1 16 10.325 24.935 -3 -0.815 -1 0 0.335 0 0 0 0 3 rect2p.dat
1 16 16.43 21.41 -3 -0.7 -1 0 0.54 0 0 0 0 3 rect2p.dat
1 16 21.41 16.43 -3 -0.54 -1 0 0.7 0 0 0 0 3 rect2p.dat
1 16 24.935 10.325 -3 -0.335 -1 0 0.815 0 0 0 0 3 rect2p.dat
1 16 26.755 3.515 -3 -0.115 -1 0 0.875 0 0 0 0 3 rect2p.dat
0
