0 Slope Brick 45  2 x  2 Inverted with Computer Screen Pattern
0 Name: 3660p01.dat
0 Author: Bram Lambrecht
0 !LDRAW_ORG Part UPDATE 2004-03
0 !LICENSE Redistributable under CCAL version 2.0 : see CAreadme.txt

0 BFC CERTIFY CCW

0 !HISTORY 1999-02-01 [PTadmin] Official Update 1999-01
0 !HISTORY 2001-11-23 [BrickCaster] New pattern with screen "text"
0 !HISTORY 2002-02-18 [PTadmin] Official Update 2002-01
0 !HISTORY 2003-10-15 [westrate] BFC'd, Subfiled
0 !HISTORY 2004-09-15 [PTadmin] Official Update 2004-03
0 !HISTORY 2007-06-29 [PTadmin] Header formatted for Contributor Agreement
0 !HISTORY 2008-07-01 [PTadmin] Official Update 2008-01

1 16 0 0 0 1 0 0 0 1 0 0 0 1 s\3660s01.dat
2 24 20 24 -10 -20 24 -10
2 24 20 4 -30 20 24 -10
2 24 -20 4 -30 -20 24 -10
2 24 20 4 -30 -20 4 -30
4 16 -20 22.385 -11.615 -20 24 -10 20 24 -10 20 22.385 -11.615
4 16 -20 5.415 -28.585 -20 22.385 -11.615 -18.5 22.385 -11.615 -18.5 5.415 -28.585
4 16 18.5 5.415 -28.585 18.5 22.385 -11.615 20 22.385 -11.615 20 5.415 -28.585
4 16 -20 4 -30 -20 5.415 -28.585 20 5.415 -28.585 20 4 -30
3 16 -18.5 5.415 -28.585 -18.5 6.122 -27.878 -17.5 5.415 -28.585
3 16 17.5 5.415 -28.585 18.5 6.122 -27.878 18.5 5.415 -28.585
3 16 17.5 22.385 -11.615 18.5 22.385 -11.615 18.5 21.678 -12.322
3 16 -18.5 22.385 -11.615 -17.5 22.385 -11.615 -18.5 21.678 -12.322
3 15 -16.5 20.971 -13.029 -15 20.971 -13.029 -16.5 19.91 -14.09
3 15 5.5 20.971 -13.029 7 20.971 -13.029 7 19.91 -14.09
3 15 5.5 6.829 -27.171 7 7.89 -26.11 7 6.829 -27.171
3 15 -16.5 6.829 -27.171 -16.5 7.89 -26.11 -15 6.829 -27.171
4 15 7 6.829 -27.171 7 20.971 -13.029 11.5 20.971 -13.029 11.5 6.829 -27.171
4 15 11.5 15.314 -18.686 11.5 18.143 -15.857 15.5 18.143 -15.857 15.5 15.314 -18.686
4 15 11.5 9.657 -24.343 11.5 12.486 -21.514 15.5 12.486 -21.514 15.5 9.657 -24.343
4 15 -17.5 20.971 -13.029 -17.5 22.385 -11.615 17.5 22.385 -11.615 17.5 20.971 -13.029
4 15 -17.5 5.415 -28.585 -17.5 6.829 -27.171 17.5 6.829 -27.171 17.5 5.415 -28.585
4 15 -18.5 6.829 -27.171 -18.5 20.971 -13.029 -16.5 20.971 -13.029 -16.5 6.829 -27.171
4 15 15.5 6.829 -27.171 15.5 20.971 -13.029 18.5 20.971 -13.029 18.5 6.829 -27.171
4 15 -18.5 20.971 -13.029 -18.5 21.678 -12.322 -17.5 22.385 -11.615 -17.5 20.971 -13.029
4 15 -18.5 6.122 -27.878 -18.5 6.829 -27.171 -17.5 6.829 -27.171 -17.5 5.415 -28.585
4 15 17.5 5.415 -28.585 17.5 6.829 -27.171 18.5 6.829 -27.171 18.5 6.122 -27.878
4 15 17.5 20.971 -13.029 17.5 22.385 -11.615 18.5 21.678 -12.322 18.5 20.971 -13.029
4 4 11.5 6.829 -27.171 11.5 9.657 -24.343 15.5 9.657 -24.343 15.5 6.829 -27.171
2 4 15.5 9.657 -24.343 11.5 9.657 -24.343
2 4 15.5 6.829 -27.171 11.5 6.829 -27.171
2 4 15.5 6.829 -27.171 15.5 9.657 -24.343
2 4 11.5 6.829 -27.171 11.5 9.657 -24.343
4 14 11.5 18.143 -15.857 11.5 20.971 -13.029 15.5 20.971 -13.029 15.5 18.143 -15.857
2 14 15.5 20.971 -13.029 11.5 20.971 -13.029
2 14 15.5 18.143 -15.857 11.5 18.143 -15.857
2 14 15.5 18.143 -15.857 15.5 20.971 -13.029
2 14 11.5 18.143 -15.857 11.5 20.971 -13.029
4 2 -16.5 18.85 -15.15 -16.5 19.91 -14.09 -15 20.971 -13.029 -15 18.85 -15.15
2 2 15.5 15.314 -18.686 11.5 15.314 -18.686
2 2 15.5 12.486 -21.514 11.5 12.486 -21.514
2 2 15.5 12.486 -21.514 15.5 15.314 -18.686
2 2 11.5 12.486 -21.514 11.5 15.314 -18.686
4 2 5.5 18.85 -15.15 5.5 20.971 -13.029 7 19.91 -14.09 7 18.85 -15.15
4 2 5.5 6.829 -27.171 5.5 8.95 -25.05 7 8.95 -25.05 7 7.89 -26.11
4 2 -16.5 7.89 -26.11 -16.5 8.95 -25.05 -15 8.95 -25.05 -15 6.829 -27.171
4 2 11.5 12.486 -21.514 11.5 15.314 -18.686 15.5 15.314 -18.686 15.5 12.486 -21.514
4 2 -16.5 8.95 -25.05 -16.5 18.85 -15.15 -13.5 18.85 -15.15 -13.5 8.95 -25.05
4 2 4 8.95 -25.05 4 18.85 -15.15 7 18.85 -15.15 7 8.95 -25.05
4 2 -13.5 17.082 -16.918 -13.5 17.789 -16.211 4 17.789 -16.211 4 17.082 -16.918
4 2 -13.5 15.314 -18.686 -13.5 16.021 -17.979 4 16.021 -17.979 4 15.314 -18.686
4 2 -13.5 13.546 -20.454 -13.5 14.253 -19.746 4 14.253 -19.746 4 13.546 -20.454
4 2 -13.5 11.779 -22.221 -13.5 12.486 -21.514 4 12.486 -21.514 4 11.779 -22.221
4 2 -13.5 10.011 -23.989 -13.5 10.718 -23.282 4 10.718 -23.282 4 10.011 -23.989
4 2 -15 18.85 -15.15 -15 20.971 -13.029 5.5 20.971 -13.029 5.5 18.85 -15.15
4 2 -15 6.829 -27.171 -15 8.95 -25.05 5.5 8.95 -25.05 5.5 6.829 -27.171
4 2 -7 17.789 -16.211 -7 18.85 -15.15 -5.5 18.85 -15.15 -5.5 17.789 -16.211
4 2 -1 17.789 -16.211 -1 18.85 -15.15 0.5 18.85 -15.15 0.5 17.789 -16.211
4 2 -9.5 16.021 -17.979 -9.5 17.082 -16.918 -8 17.082 -16.918 -8 16.021 -17.979
4 2 -9.5 14.253 -19.746 -9.5 15.314 -18.686 -8 15.314 -18.686 -8 14.253 -19.746
4 2 -2.5 8.95 -25.05 -2.5 10.011 -23.989 0.5 10.011 -23.989 0.5 8.95 -25.05
4 2 -4 14.253 -19.746 -4 15.314 -18.686 0.5 15.314 -18.686 0.5 14.253 -19.746
4 2 -2.5 16.021 -17.979 -2.5 17.082 -16.918 2 17.082 -16.918 2 16.021 -17.979
4 2 -4 10.718 -23.282 -4 11.779 -22.221 2 11.779 -22.221 2 10.718 -23.282
4 2 -2.5 12.486 -21.514 -2.5 13.546 -20.454 4 13.546 -20.454 4 12.486 -21.514
2 2 -15 20.971 -13.029 5.5 20.971 -13.029
2 2 -15 6.829 -27.171 5.5 6.829 -27.171
2 2 7 7.89 -26.11 5.5 6.829 -27.171
2 2 7 19.91 -14.09 5.5 20.971 -13.029
2 2 -16.5 19.91 -14.09 -15 20.971 -13.029
2 2 -16.5 7.89 -26.11 -15 6.829 -27.171
2 2 -16.5 7.89 -26.11 -16.5 19.91 -14.09
2 2 7 7.89 -26.11 7 19.91 -14.09
4 15 -13.5 17.789 -16.211 -13.5 18.85 -15.15 -7 18.85 -15.15 -7 17.789 -16.211
4 15 -13.5 16.021 -17.979 -13.5 17.082 -16.918 -9.5 17.082 -16.918 -9.5 16.021 -17.979
4 15 -13.5 14.253 -19.746 -13.5 15.314 -18.686 -9.5 15.314 -18.686 -9.5 14.253 -19.746
4 15 -8 14.253 -19.746 -8 15.314 -18.686 -4 15.314 -18.686 -4 14.253 -19.746
4 15 -5.5 17.789 -16.211 -5.5 18.85 -15.15 -1 18.85 -15.15 -1 17.789 -16.211
4 15 0.5 17.789 -16.211 0.5 18.85 -15.15 4 18.85 -15.15 4 17.789 -16.211
4 15 2 16.021 -17.979 2 17.082 -16.918 4 17.082 -16.918 4 16.021 -17.979
4 15 2 10.718 -23.282 2 11.779 -22.221 4 11.779 -22.221 4 10.718 -23.282
4 15 0.5 14.253 -19.746 0.5 15.314 -18.686 4 15.314 -18.686 4 14.253 -19.746
4 15 0.5 8.95 -25.05 0.5 10.011 -23.989 4 10.011 -23.989 4 8.95 -25.05
4 15 -8 16.021 -17.979 -8 17.082 -16.918 -2.5 17.082 -16.918 -2.5 16.021 -17.979
4 15 -13.5 12.486 -21.514 -13.5 13.546 -20.454 -2.5 13.546 -20.454 -2.5 12.486 -21.514
4 15 -13.5 10.718 -23.282 -13.5 11.779 -22.221 -4 11.779 -22.221 -4 10.718 -23.282
4 15 -13.5 8.95 -25.05 -13.5 10.011 -23.989 -2.5 10.011 -23.989 -2.5 8.95 -25.05
2 15 -7 18.319 -15.681 -13.5 18.319 -15.681
2 15 -1 18.319 -15.681 -5.5 18.319 -15.681
2 15 4 18.319 -15.681 0.5 18.319 -15.681
2 15 4 14.784 -19.216 0.5 14.784 -19.216
2 15 4 9.481 -24.519 0.5 9.481 -24.519
2 15 -9.5 16.552 -17.448 -13.5 16.552 -17.448
2 15 -9.5 14.784 -19.216 -13.5 14.784 -19.216
2 15 -4 14.784 -19.216 -8 14.784 -19.216
2 15 -2.5 16.552 -17.448 -8 16.552 -17.448
2 15 -2.5 13.016 -20.984 -13.5 13.016 -20.984
2 15 -2.5 9.481 -24.519 -13.5 9.481 -24.519
2 15 -4 11.248 -22.752 -13.5 11.248 -22.752
2 15 4 11.248 -22.752 2 11.248 -22.752
2 15 4 16.552 -17.448 2 16.552 -17.448
0
