0 Train Window  1 x  2 x  3
0 Name: 4035.dat
0 Author: James Jessiman
0 !LDRAW_ORG Part UPDATE 2013-02
0 !LICENSE Redistributable under CCAL version 2.0 : see CAreadme.txt

0 BFC CERTIFY CW

0 !HISTORY 2007-06-30 [PTadmin] Header formatted for Contributor Agreement
0 !HISTORY 2008-07-01 [PTadmin] Official Update 2008-01
0 !HISTORY 2008-07-07 [DeannaEarley] BFCd and tidied (2005-02-21)
0 !HISTORY 2009-12-29 [PTadmin] Official Update 2009-03
0 !HISTORY 2013-07-18 [cwdee] Correct overlapping faces (per Kevin Loddewykx)
0 !HISTORY 2013-12-23 [PTadmin] Official Update 2013-02

 1 16 0 68 0 1 0 0 0 -1 0 0 0 1 stud3.dat

 0 BFC INVERTNEXT
 1 16 0 72 0 16 0 0 0 -4 0 0 0 6 box5.dat

 4 16 -20 72 10 -16 72 6 16 72 6 20 72 10 
 4 16 -20 72 -10 -16 72 -6 -16 72 6 -20 72 10 
 4 16 20 72 -10 16 72 -6 -16 72 -6 -20 72 -10 
 4 16 20 72 10 16 72 6 16 72 -6 20 72 -10 

 2 24 20 72 -10 -20 72 -10
 2 24 20 72 10 -20 72 10
 2 24 20 72 -10 20 72 10
 2 24 -20 72 -10 -20 72 10

 2 24 20 0 -10 -20 0 -10
 2 24 20 0 10 -20 0 10
 2 24 20 0 -10 20 0 10
 2 24 -20 0 -10 -20 0 10

 2 24 20 0 -10 20 72 -10
 2 24 20 0 10 20 72 10
 2 24 -20 0 -10 -20 72 -10
 2 24 -20 0 10 -20 72 10

 1 16 6 12 -10 4 0 0 0 0 -4 0 1 0 1-4edge.dat
 2 24 10 12 -10 10 60 -10
 1 16 6 60 -10 4 0 0 0 0 4 0 1 0 1-4edge.dat
 2 24 6 64 -10 -6 64 -10
 1 16 -6 60 -10 -4 0 0 0 0 4 0 1 0 1-4edge.dat
 2 24 -10 60 -10 -10 12 -10
 1 16 -6 12 -10 -4 0 0 0 0 -4 0 1 0 1-4edge.dat
 2 24 -6 8 -10 6 8 -10

 1 16 6 12 -6 4 0 0 0 0 -4 0 1 0 1-4edge.dat
 2 24 10 12 -6 10 60 -6
 1 16 6 60 -6 4 0 0 0 0 4 0 1 0 1-4edge.dat
 1 16 -6 60 -6 -4 0 0 0 0 4 0 1 0 1-4edge.dat
 2 24 -10 60 -6 -10 12 -6
 1 16 -6 12 -6 -4 0 0 0 0 -4 0 1 0 1-4edge.dat
 2 24 -6 8 -6 6 8 -6

 0 BFC INVERTNEXT
 1 16 0 34 10 16 0 0 0 0 30 0 -16 0 box4o4a.dat

 2 24 16 4 -6 -16 4 -6
 2 24 16 64 -6 6 64 -6
 2 24 -16 64 -6 -6 64 -6
 2 24 16 4 -6 16 64 -6
 2 24 -16 4 -6 -16 64 -6

 0 BFC INVERTNEXT
 1 16 6 12 -10 4 0 0 0 0 -4 0 4 0 1-4cyli.dat
 4 16  10 12 -10  10 60 -10  10 60 -6  10 12 -6
 0 BFC INVERTNEXT
 1 16 6 60 -10 4 0 0 0 0 4 0 4 0 1-4cyli.dat
 4 16  6 64 -10 -6 64 -10 -6 64 -6  6 64 -6
 0 BFC INVERTNEXT
 1 16 -6 60 -10 -4 0 0 0 0 4 0 4 0 1-4cyli.dat
 4 16 -10 60 -10 -10 12 -10 -10 12 -6 -10 60 -6
 0 BFC INVERTNEXT
 1 16 -6 12 -10 -4 0 0 0 0 -4 0 4 0 1-4cyli.dat
 4 16 -6  8 -10  6  8 -10  6  8 -6 -6  8 -6

 1 16 6 12 -6 4 0 0 0 0 -4 0 -1 0 1-4ndis.dat
 1 16 6 60 -6 4 0 0 0 0 4 0 -1 0 1-4ndis.dat
 1 16 -6 60 -6 -4 0 0 0 0 4 0 -1 0 1-4ndis.dat
 1 16 -6 12 -6 -4 0 0 0 0 -4 0 -1 0 1-4ndis.dat

 4 16 -16 4 -6 -10 8 -6 10 8 -6 16 4 -6 
 4 16 10 64 -6 16 64 -6 16 4 -6 10 8 -6 
 4 16 -10 8 -6 -16 4 -6 -16 64 -6 -10 64 -6

 4 16 -20 0 10 -16 4 10 16 4 10 20 0 10 
 4 16 -16 64 10 -20 72 10 20 72 10 16 64 10 
 4 16 16 64 10 20 72 10 20 0 10 16 4 10 
 4 16 -16 4 10 -20 0 10 -20 72 10 -16 64 10

 1 16 6 12 -10 4 0 0 0 0 -4 0 1 0 1-4ndis.dat
 1 16 6 60 -10 4 0 0 0 0 4 0 1 0 1-4ndis.dat
 1 16 -6 60 -10 -4 0 0 0 0 4 0 1 0 1-4ndis.dat
 1 16 -6 12 -10 -4 0 0 0 0 -4 0 1 0 1-4ndis.dat

 4 16  20  0 -10  10  8 -10 -10  8 -10 -20  0 -10
 4 16  10 64 -10  20 72 -10 -20 72 -10 -10 64 -10
 4 16  10  8 -10  20  0 -10  20 72 -10  10 64 -10
 4 16 -10 64 -10 -20 72 -10 -20 0 -10 -10 8 -10 

 4 16 -20 0 -10 -20 0 10 20 0 10 20 0 -10 
 4 16  20  0 -10  20  0 10  20 72 10  20 72 -10
 4 16 -20 72 -10 -20 72 10 -20 0 10 -20 0 -10 

 1 16 10 0 0 1 0 0 0 1 0 0 0 1 stud2.dat
 1 16 -10 0 0 1 0 0 0 1 0 0 0 1 stud2.dat
0
