0 Tile  1 x  8 with "Flatiron Building" Pattern
0 Name: 4162p0y.dat
0 Author: Owen Burgoyne [C3POwen]
0 !LDRAW_ORG Part UPDATE 2015-01
0 !LICENSE Redistributable under CCAL version 2.0 : see CAreadme.txt

0 BFC CERTIFY CCW

0 !HISTORY 2015-10-11 [PTadmin] Official Update 2015-01

1 16 0 0 0 1 0 0 0 1 0 0 0 1 s\4162s01.dat
4 15 -40.848 0 -3.808 -39.903 0 -3.808 -39.903 0 -0.21 -40.848 0 3.903
3 15 -40.848 0 3.903 -39.903 0 -0.21 -39.903 0 0.669
4 15 -39.903 0 0.669 -39.903 0 -0.21 -36.037 0 -0.21 -36.037 0 0.669
3 15 -40.848 0 3.903 -39.903 0 0.669 -39.903 0 3.005
4 15 -39.903 0 3.005 -35.592 0 3.005 -35.592 0 3.903 -40.848 0 3.903
4 15 -34.344 0 4.458 -34.344 0 -3.808 -33.399 0 -3.808 -33.399 0 4.458
4 15 -31.109 0 -2.574 -32.103 0 -2.608 -31.965 0 -2.974 -31.751 0 -3.278
4 15 -32.149 0 -2.174 -32.103 0 -2.608 -31.215 0 -2.174 -31.154 0 -1.83
3 15 -31.215 0 -2.174 -32.103 0 -2.608 -31.109 0 -2.574
4 15 -31.996 0 -1.402 -32.149 0 -2.174 -31.154 0 -1.83 -31.537 0 -0.864
4 15 -31.109 0 -2.574 -31.751 0 -3.278 -31.476 0 -3.524 -30.82 0 -2.851
4 15 -30.82 0 -2.851 -31.145 0 -3.712 -30.764 0 -3.841 -30.398 0 -3.012
4 15 -30.398 0 -3.012 -30.764 0 -3.841 -30.349 0 -3.916 -29.881 0 -3.062
4 15 -29.881 0 -3.062 -30.349 0 -3.916 -29.914 0 -3.941 -29.519 0 -3.041
3 15 -30.82 0 -2.851 -31.476 0 -3.524 -31.145 0 -3.712
4 15 -30.801 0 -0.533 -31.537 0 -0.864 -30.92 0 -1.531 -30.453 0 -1.309
3 15 -31.537 0 -0.864 -31.154 0 -1.83 -30.92 0 -1.531
4 15 -31.618 0 0.948 -31.823 0 0.17 -30.846 0 0.17 -30.657 0 0.681
4 15 -31.112 0 1.548 -31.618 0 0.948 -30.657 0 0.681 -30.29 0 0.992
4 15 -29.814 0 -0.386 -30.801 0 -0.533 -30.116 0 -1.234 -29.692 0 -1.187
4 15 -30.343 0 1.932 -31.112 0 1.548 -30.29 0 0.992 -29.829 0 1.148
4 15 -29.346 0 2.06 -30.343 0 1.932 -29.829 0 1.148 -29.357 0 1.192
4 15 -29.333 0 -0.354 -29.814 0 -0.386 -29.692 0 -1.187 -29.191 0 -1.141
3 15 -30.801 0 -0.533 -30.453 0 -1.309 -30.116 0 -1.234
4 15 -29.29 0 -3.889 -29.169 0 -2.979 -29.519 0 -3.041 -29.914 0 -3.941
4 15 -29.169 0 -2.979 -29.29 0 -3.889 -28.752 0 -3.735 -28.303 0 -3.486
4 15 -28.558 0 -2.723 -29.169 0 -2.979 -28.303 0 -3.486 -27.946 0 -3.151
4 15 -29.191 0 -1.141 -28.713 0 -1.07 -28.936 0 -0.303 -29.333 0 -0.354
4 15 -26.985 0 -3.368 -27.896 0 -3.518 -27.801 0 -3.807 -26.869 0 -3.807
4 15 -27.946 0 -3.151 -27.896 0 -3.518 -26.985 0 -3.368 -27.035 0 -2.874
4 15 -27.035 0 -2.874 -27.957 0 -1.608 -28.13 0 -2.274 -27.946 0 -3.151
3 15 -28.13 0 -2.274 -28.558 0 -2.723 -27.946 0 -3.151
4 15 -27.957 0 -1.608 -27.035 0 -2.874 -27.035 0 0.282 -27.957 0 -0.731
4 15 -28.291 0 -0.943 -28.363 0 -0.141 -28.936 0 -0.303 -28.713 0 -1.07
4 15 -29.346 0 2.06 -29.357 0 1.192 -28.724 0 1.135 -28.335 0 1.937
4 15 -28.335 0 1.937 -28.724 0 1.135 -28.291 0 0.965 -27.613 0 1.571
4 15 -28.363 0 -0.141 -28.291 0 -0.943 -27.957 0 -0.731 -28.052 0 0.092
4 15 -28.052 0 0.092 -27.957 0 -0.731 -27.035 0 0.282 -27.957 0 0.392
4 15 -27.957 0 0.392 -27.035 0 0.282 -27.18 0 1.004 -28.041 0 0.708
4 15 -27.613 0 1.571 -28.291 0 0.965 -28.041 0 0.708 -27.18 0 1.004
4 15 -24.308 0 -1.72 -25.241 0 -1.72 -25.2 0 -2.232 -24.202 0 -2.342
4 15 -25.075 0 -2.681 -24.876 0 -3.061 -24.202 0 -2.342 -25.2 0 -2.232
4 15 -24.876 0 -3.061 -24.614 0 -3.369 -23.914 0 -2.725 -24.202 0 -2.342
4 15 -25.241 0 -1.72 -24.308 0 -1.72 -24.308 0 1.013 -25.241 0 1.013
4 15 -26.019 0 1.911 -26.019 0 1.013 -25.241 0 1.013 -25.241 0 1.911
4 15 -24.308 0 1.911 -25.241 0 3.133 -25.241 0 1.911 -24.308 0 1.013
3 15 -25.241 0 1.911 -25.241 0 1.013 -24.308 0 1.013
4 15 -23.914 0 -2.725 -24.288 0 -3.601 -23.902 0 -3.752 -23.491 0 -2.914
4 15 -23.491 0 -2.914 -23.902 0 -3.752 -23.465 0 -3.822 -22.986 0 -2.942
3 15 -22.986 0 -2.942 -23.465 0 -3.822 -22.986 0 -3.808
4 15 -24.308 0 1.911 -24.308 0 1.013 -23.008 0 1.013 -23.008 0 1.911
3 15 -24.308 0 3.133 -25.241 0 3.133 -24.308 0 1.911
3 15 -23.914 0 -2.725 -24.614 0 -3.369 -24.288 0 -3.601
4 15 -21.839 0 1.914 -21.839 0 -3.808 -20.894 0 -3.808 -20.894 0 1.914
4 15 -21.839 0 3.903 -21.839 0 2.782 -20.894 0 2.782 -20.894 0 3.903
4 15 -19.271 0 -3.808 -18.326 0 -3.808 -18.326 0 -0.497 -19.271 0 1.914
3 15 -18.361 0 1.914 -19.271 0 1.914 -18.359 0 1.269
4 15 -18.176 0 0.247 -18.359 0 1.269 -19.271 0 1.914 -18.288 0 -0.095
3 15 -19.271 0 1.914 -18.326 0 -0.497 -18.288 0 -0.095
4 15 -17.976 0 1.664 -18.359 0 1.269 -17.776 0 0.758 -17.193 0 1.047
4 15 -17.193 0 1.047 -16.493 0 1.114 -16.998 0 2.047 -17.51 0 1.919
3 15 -17.51 0 1.919 -17.976 0 1.664 -17.193 0 1.047
3 15 -16.493 0 2.047 -16.998 0 2.047 -16.493 0 1.114
3 15 -18.359 0 1.269 -18.176 0 0.247 -17.776 0 0.758
4 15 -14.83 0 -1.785 -15.715 0 -2.124 -15.451 0 -2.63 -14.653 0 -2.147
4 15 -14.653 0 -2.147 -15.451 0 -2.63 -15.104 0 -3.068 -14.42 0 -2.457
4 15 -14.943 0 -1.385 -15.937 0 -0.963 -15.882 0 -1.564 -15.715 0 -2.124
3 15 -14.943 0 -1.385 -15.715 0 -2.124 -14.83 0 -1.785
3 15 -14.98 0 -0.963 -15.937 0 -0.963 -14.943 0 -1.385
4 15 -14.42 0 -2.457 -15.104 0 -3.068 -14.682 0 -3.431 -14.137 0 -2.711
4 15 -13.809 0 -2.907 -14.193 0 -3.707 -13.649 0 -3.882 -13.447 0 -3.032
4 15 -13.447 0 -3.032 -13.649 0 -3.882 -13.06 0 -3.941 -13.06 0 -3.073
4 15 -14.193 0 -3.707 -13.809 0 -2.907 -14.137 0 -2.711 -14.682 0 -3.431
4 15 -14.943 0 -0.531 -15.882 0 -0.359 -15.937 0 -0.963 -14.98 0 -0.963
4 15 -15.715 0 0.21 -15.882 0 -0.359 -14.943 0 -0.531 -14.83 0 -0.124
4 15 -15.451 0 0.725 -15.715 0 0.21 -14.83 0 -0.124 -14.653 0 0.244
4 15 -15.104 0 1.171 -15.451 0 0.725 -14.653 0 0.244 -14.42 0 0.559
4 15 -14.682 0 1.539 -15.104 0 1.171 -14.42 0 0.559 -14.137 0 0.819
4 15 -14.137 0 0.819 -13.809 0 1.02 -14.193 0 1.821 -14.682 0 1.539
4 15 -13.649 0 2 -14.193 0 1.821 -13.809 0 1.02 -13.447 0 1.149
4 15 -13.06 0 2.06 -13.649 0 2 -13.447 0 1.149 -13.06 0 1.192
4 15 -12.673 0 -3.032 -13.06 0 -3.073 -13.06 0 -3.941 -12.47 0 -3.882
4 15 -12.311 0 -2.907 -12.673 0 -3.032 -12.47 0 -3.882 -11.922 0 -3.707
4 15 -11.982 0 -2.711 -12.311 0 -2.907 -11.922 0 -3.707 -11.43 0 -3.431
4 15 -11.457 0 -2.147 -11.695 0 -2.457 -11.011 0 -3.068 -10.668 0 -2.63
4 15 -11.695 0 -2.457 -11.982 0 -2.711 -11.43 0 -3.431 -11.011 0 -3.068
4 15 -11.278 0 -1.785 -11.457 0 -2.147 -10.668 0 -2.63 -10.405 0 -2.124
4 15 -11.166 0 -1.385 -11.278 0 -1.785 -10.405 0 -2.124 -10.239 0 -1.564
4 15 -11.166 0 -1.385 -10.239 0 -1.564 -10.183 0 -0.963 -11.129 0 -0.963
4 15 -11.922 0 1.821 -12.311 0 1.02 -11.982 0 0.819 -11.43 0 1.539
4 15 -11.43 0 1.539 -11.982 0 0.819 -11.695 0 0.559 -11.011 0 1.171
4 15 -12.47 0 2 -13.06 0 2.06 -12.673 0 1.149 -12.311 0 1.02
3 15 -12.47 0 2 -12.311 0 1.02 -11.922 0 1.821
3 15 -13.06 0 2.06 -13.06 0 1.192 -12.673 0 1.149
4 15 -11.011 0 1.171 -11.695 0 0.559 -11.457 0 0.244 -10.668 0 0.725
4 15 -10.405 0 0.21 -11.278 0 -0.124 -11.166 0 -0.531 -10.239 0 -0.359
4 15 -10.183 0 -0.963 -10.239 0 -0.359 -11.166 0 -0.531 -11.129 0 -0.963
4 15 -11.278 0 -0.124 -10.405 0 0.21 -10.668 0 0.725 -11.457 0 0.244
4 15 -8.932 0 -3.808 -7.987 0 -3.808 -7.987 0 -0.308 -8.932 0 1.915
4 15 -7.876 0 0.287 -7.566 0 0.759 -8.02 0 1.292 -8.932 0 1.915
4 15 -7.089 0 1.076 -6.49 0 1.192 -6.854 0 2.008 -7.305 0 1.854
4 15 -7.566 0 0.759 -7.089 0 1.076 -7.697 0 1.611 -8.02 0 1.292
3 15 -8.932 0 1.915 -7.987 0 -0.308 -7.876 0 0.287
3 15 -8.022 0 1.915 -8.932 0 1.915 -8.02 0 1.292
3 15 -7.305 0 1.854 -7.697 0 1.611 -7.089 0 1.076
4 15 -6.356 0 2.06 -6.854 0 2.008 -6.49 0 1.192 -5.862 0 2.015
4 15 -5.093 0 -0.33 -5.093 0 -3.808 -4.159 0 -0.363 -4.195 0 0.148
4 15 -5.181 0 0.277 -5.093 0 -0.33 -4.195 0 0.148 -4.303 0 0.615
3 15 -4.159 0 -0.363 -5.093 0 -3.808 -4.159 0 -3.808
4 15 -5.181 0 0.277 -4.303 0 0.615 -4.482 0 1.029 -5.447 0 0.765
4 15 -5.885 0 1.085 -5.424 0 1.882 -5.862 0 2.015 -6.49 0 1.192
4 15 -5.045 0 1.668 -5.885 0 1.085 -5.447 0 0.765 -4.73 0 1.382
3 15 -5.424 0 1.882 -5.885 0 1.085 -5.045 0 1.668
3 15 -4.73 0 1.382 -5.447 0 0.765 -4.482 0 1.029
4 15 1.841 0 -2.898 0.896 0 -3.808 4.24 0 -3.808 4.285 0 -2.898
4 15 0.896 0 -3.808 1.841 0 -2.898 1.841 0 -0.23 0.896 0 3.903
4 15 1.841 0 0.669 1.841 0 -0.23 4.252 0 -0.23 4.253 0 0.669
4 15 4.285 0 -2.898 4.24 0 -3.808 4.768 0 -3.765 4.851 0 -2.81
4 15 4.851 0 -2.81 4.768 0 -3.765 5.24 0 -3.636 5.651 0 -3.43
4 15 5.302 0 -2.548 4.851 0 -2.81 5.651 0 -3.43 5.996 0 -3.158
4 15 4.835 0 -0.306 5.463 0 0.259 4.686 0 0.73 4.252 0 -0.23
3 15 0.896 0 3.903 1.841 0 0.669 1.841 0 3.005
4 15 4.219 0 3.903 0.896 0 3.903 1.841 0 3.005 4.219 0 3.005
4 15 4.706 0 3.866 4.219 0 3.903 4.219 0 3.005 4.739 0 2.937
3 15 0.896 0 3.903 1.841 0 -0.23 1.841 0 0.669
4 15 5.086 0 0.93 4.686 0 0.73 5.463 0 0.259 5.897 0 0.56
4 15 5.142 0 3.753 4.706 0 3.866 4.739 0 2.937 5.521 0 3.573
4 15 5.521 0 3.573 4.739 0 2.937 5.142 0 2.732 5.837 0 3.331
3 15 4.686 0 0.73 4.253 0 0.669 4.252 0 -0.23
4 15 5.463 0 0.259 4.835 0 -0.306 5.296 0 -0.535 6.005 0 -0.032
4 15 5.302 0 -2.548 5.996 0 -3.158 6.271 0 -2.826 5.598 0 -2.127
4 15 6.599 0 -2.014 5.696 0 -1.564 5.598 0 -2.127 6.473 0 -2.441
4 15 5.596 0 -0.945 6.368 0 -0.458 6.005 0 -0.032 5.296 0 -0.535
4 15 5.596 0 -0.945 5.696 0 -1.564 6.572 0 -0.979 6.368 0 -0.458
4 15 5.696 0 -1.564 6.599 0 -2.014 6.64 0 -1.553 6.572 0 -0.979
3 15 5.598 0 -2.127 6.271 0 -2.826 6.473 0 -2.441
4 15 6.373 0 1.391 5.486 0 1.837 5.375 0 1.292 6.197 0 0.953
4 15 5.4 0 2.372 5.486 0 1.837 6.392 0 2.271 6.276 0 2.675
4 15 6.088 0 3.031 5.837 0 3.331 5.142 0 2.732 5.4 0 2.372
4 15 5.375 0 1.292 5.086 0 0.93 5.897 0 0.56 6.197 0 0.953
4 15 5.486 0 1.837 6.373 0 1.391 6.431 0 1.825 6.392 0 2.271
3 15 6.088 0 3.031 5.4 0 2.372 6.276 0 2.675
4 15 9.14 0 -2.674 8.17 0 -2.912 8.418 0 -3.263 8.733 0 -3.549
4 15 9.582 0 -2.982 9.112 0 -3.763 9.55 0 -3.896 10.188 0 -3.085
4 15 9.582 0 -2.982 9.14 0 -2.674 8.733 0 -3.549 9.112 0 -3.763
4 15 8.17 0 -2.912 9.14 0 -2.674 8.87 0 -2.194 7.99 0 -2.502
4 15 8.78 0 1.914 7.846 0 1.914 7.846 0 -1.53 8.78 0 -1.574
4 15 8.78 0 -1.574 7.846 0 -1.53 7.882 0 -2.04 8.87 0 -2.194
3 15 7.882 0 -2.04 7.99 0 -2.502 8.87 0 -2.194
4 15 10.188 0 -3.085 10.044 0 -3.941 10.549 0 -3.891 10.77 0 -2.974
4 15 10.77 0 -2.974 10.549 0 -3.891 10.999 0 -3.741 11.388 0 -3.502
3 15 11.709 0 -3.185 11.709 0 -3.807 12.62 0 -3.807
4 15 11.558 0 -2.191 11.709 0 -3.185 12.62 0 -3.807 11.674 0 -1.597
4 15 11.388 0 -3.502 11.709 0 -3.185 11.242 0 -2.663 10.77 0 -2.974
4 15 12.62 0 1.914 11.674 0 1.914 11.674 0 -1.597 12.62 0 -3.807
3 15 11.558 0 -2.191 11.242 0 -2.663 11.709 0 -3.185
3 15 10.188 0 -3.085 9.55 0 -3.896 10.044 0 -3.941
4 15 14.302 0 1.914 14.302 0 -3.808 15.248 0 -3.808 15.248 0 1.914
4 15 14.302 0 3.903 14.302 0 2.782 15.248 0 2.782 15.248 0 3.903
4 15 16.904 0 4.458 16.904 0 -3.808 17.849 0 -3.808 17.849 0 4.458
4 15 20.227 0 -1.786 19.348 0 -2.119 19.606 0 -2.63 20.403 0 -2.149
4 15 20.077 0 -0.964 19.132 0 -0.952 19.186 0 -1.555 20.115 0 -1.386
4 15 20.115 0 -1.386 19.186 0 -1.555 19.348 0 -2.119 20.227 0 -1.786
4 15 20.403 0 -2.149 19.606 0 -2.63 19.948 0 -3.075 20.632 0 -2.463
4 15 20.912 0 -2.721 20.366 0 -3.441 20.853 0 -3.719 21.242 0 -2.919
4 15 21.242 0 -2.919 20.853 0 -3.719 21.399 0 -3.894 21.608 0 -3.044
4 15 21.608 0 -3.044 21.399 0 -3.894 21.996 0 -3.952 21.996 0 -3.085
4 15 20.366 0 -3.441 20.912 0 -2.721 20.632 0 -2.463 19.948 0 -3.075
4 15 20.115 0 -0.533 19.186 0 -0.348 19.132 0 -0.952 20.077 0 -0.964
4 15 19.186 0 -0.348 20.115 0 -0.533 20.227 0 -0.13 19.348 0 0.22
4 15 20.403 0 0.235 19.606 0 0.734 19.348 0 0.22 20.227 0 -0.13
4 15 19.947 0 1.176 19.606 0 0.734 20.632 0 0.553 20.365 0 1.54
4 15 20.912 0 0.815 21.242 0 1.014 20.852 0 1.821 20.365 0 1.54
3 15 20.365 0 1.54 20.632 0 0.553 20.912 0 0.815
4 15 21.608 0 1.139 21.995 0 2.06 21.398 0 2 21.242 0 1.014
3 15 21.398 0 2 20.852 0 1.821 21.242 0 1.014
3 15 19.606 0 0.734 20.403 0 0.235 20.632 0 0.553
4 15 21.996 0 -3.952 22.601 0 -3.875 22.383 0 -3.044 21.996 0 -3.085
4 15 22.744 0 -2.919 22.601 0 -3.875 23.15 0 -3.641 23.073 0 -2.721
3 15 22.744 0 -2.919 22.383 0 -3.044 22.601 0 -3.875
4 15 23.073 0 -2.721 23.15 0 -3.641 23.617 0 -3.297 23.36 0 -2.463
4 15 23.972 0 -2.886 24.882 0 -3.808 23.898 0 -1.386 23.781 0 -1.786
3 15 23.972 0 -2.886 23.972 0 -3.808 24.882 0 -3.808
4 15 23.36 0 -2.463 23.617 0 -3.297 23.972 0 -2.886 23.598 0 -2.149
3 15 23.781 0 -1.786 23.598 0 -2.149 23.972 0 -2.886
3 15 23.937 0 -0.964 23.898 0 -1.386 24.882 0 -3.808
4 15 23.121 0 1.765 22.383 0 1.139 22.744 0 1.014 23.577 0 1.439
4 15 23.577 0 1.439 22.744 0 1.014 23.073 0 0.815 23.937 0 1.048
4 15 21.995 0 2.06 21.996 0 1.181 22.383 0 1.139 22.587 0 1.986
3 15 21.995 0 2.06 21.608 0 1.139 21.996 0 1.181
3 15 22.587 0 1.986 22.383 0 1.139 23.121 0 1.765
3 15 23.937 0 1.048 23.073 0 0.815 23.36 0 0.553
3 15 23.937 0 1.048 23.598 0 0.235 23.781 0 -0.13
4 15 23.898 0 -0.533 23.937 0 -0.964 24.882 0 -3.808 23.937 0 1.048
3 15 23.937 0 1.048 23.781 0 -0.13 23.898 0 -0.533
4 15 24.882 0 4.459 23.937 0 4.459 23.937 0 1.048 24.882 0 -3.808
3 15 23.937 0 1.048 23.36 0 0.553 23.598 0 0.235
4 15 26.475 0 1.914 26.475 0 -3.808 27.42 0 -3.808 27.42 0 1.914
4 15 26.475 0 3.903 26.475 0 2.782 27.42 0 2.782 27.42 0 3.903
4 15 29.057 0 -3.808 30.002 0 -3.808 30.002 0 -0.308 29.057 0 1.915
4 15 30.113 0 0.287 30.423 0 0.759 29.969 0 1.292 29.057 0 1.915
4 15 30.9 0 1.076 31.499 0 1.192 31.135 0 2.008 30.684 0 1.854
4 15 30.423 0 0.759 30.9 0 1.076 30.292 0 1.611 29.969 0 1.292
3 15 29.057 0 1.915 30.002 0 -0.308 30.113 0 0.287
3 15 29.967 0 1.915 29.057 0 1.915 29.969 0 1.292
3 15 30.684 0 1.854 30.292 0 1.611 30.9 0 1.076
4 15 31.633 0 2.06 31.135 0 2.008 31.499 0 1.192 32.127 0 2.015
4 15 32.897 0 -0.33 32.897 0 -3.808 33.83 0 -0.363 33.794 0 0.148
4 15 32.808 0 0.277 32.897 0 -0.33 33.794 0 0.148 33.686 0 0.615
3 15 33.83 0 -0.363 32.897 0 -3.808 33.83 0 -3.808
4 15 32.808 0 0.277 33.686 0 0.615 33.507 0 1.029 32.542 0 0.765
4 15 32.104 0 1.085 32.565 0 1.882 32.127 0 2.015 31.499 0 1.192
4 15 32.944 0 1.668 32.104 0 1.085 32.542 0 0.765 33.259 0 1.382
3 15 32.565 0 1.882 32.104 0 1.085 32.944 0 1.668
3 15 33.259 0 1.382 32.542 0 0.765 33.507 0 1.029
4 15 36.158 0 -4.729 35.169 0 -4.729 35.518 0 -5.513 36.525 0 -5.245
4 15 36.119 0 -6.111 36.997 0 -5.54 36.525 0 -5.245 35.518 0 -5.513
4 15 36.331 0 -2.149 35.535 0 -2.63 35.876 0 -3.075 36.56 0 -2.463
4 15 36.841 0 -2.721 36.56 0 -2.463 36.294 0 -3.441 36.781 0 -3.719
3 15 36.56 0 -2.463 35.876 0 -3.075 36.294 0 -3.441
4 15 37.48 0 -5.673 36.997 0 -5.54 36.92 0 -6.49 37.869 0 -6.616
4 15 37.869 0 -5.706 37.48 0 -5.673 37.869 0 -6.616 38.497 0 -6.561
4 15 37.171 0 -2.919 36.841 0 -2.721 36.781 0 -3.719 37.328 0 -3.894
4 15 37.537 0 -3.044 37.171 0 -2.919 37.328 0 -3.894 37.925 0 -3.952
3 15 37.537 0 -3.044 37.925 0 -3.952 37.926 0 -3.085
4 15 38.313 0 -3.044 37.926 0 -3.085 37.925 0 -3.952 38.518 0 -3.879
3 15 36.997 0 -5.54 36.119 0 -6.111 36.92 0 -6.49
4 15 36.005 0 -0.964 35.06 0 -0.952 35.114 0 -1.555 36.043 0 -1.386
4 15 35.276 0 -2.119 36.155 0 -1.786 36.043 0 -1.386 35.114 0 -1.555
4 15 35.06 0 -0.952 36.005 0 -0.964 36.043 0 -0.533 35.114 0 -0.348
4 15 36.155 0 -0.13 35.277 0 0.22 35.114 0 -0.348 36.043 0 -0.533
4 15 35.876 0 1.176 35.535 0 0.734 36.56 0 0.553 36.294 0 1.54
4 15 35.535 0 0.734 35.277 0 0.22 36.331 0 0.235 36.56 0 0.553
4 15 36.155 0 -1.786 35.276 0 -2.119 35.535 0 -2.63 36.331 0 -2.149
4 15 36.841 0 0.815 36.782 0 1.821 36.294 0 1.54 36.56 0 0.553
4 15 36.782 0 1.821 36.841 0 0.815 37.171 0 1.014 37.329 0 2
4 15 37.329 0 2 37.171 0 1.014 37.537 0 1.139 37.926 0 2.06
3 15 36.331 0 0.235 35.277 0 0.22 36.155 0 -0.13
4 15 38.497 0 -6.561 39.069 0 -6.394 38.373 0 -5.658 37.869 0 -5.706
4 15 39.574 0 -6.126 39.144 0 -5.29 38.796 0 -5.512 39.069 0 -6.394
3 15 38.796 0 -5.512 38.373 0 -5.658 39.069 0 -6.394
4 15 40.002 0 -5.767 39.419 0 -5.012 39.144 0 -5.29 39.574 0 -6.126
4 15 38.313 0 -3.044 38.518 0 -3.879 39.052 0 -3.658 38.675 0 -2.919
4 15 39.052 0 -3.658 39.509 0 -3.332 39.004 0 -2.721 38.675 0 -2.919
4 15 39.419 0 -5.012 40.002 0 -5.767 40.347 0 -5.321 39.624 0 -4.686
4 15 39.624 0 -4.686 40.347 0 -5.321 40.602 0 -4.795 39.763 0 -4.319
4 15 39.842 0 -3.93 39.763 0 -4.319 40.761 0 -4.198 40.814 0 -3.539
3 15 40.814 0 -3.539 39.868 0 -3.541 39.842 0 -3.93
3 15 39.868 0 -2.941 39.868 0 -3.541 40.814 0 -3.539
4 15 39.868 0 -2.941 40.814 0 -3.539 39.713 0 -1.786 39.53 0 -2.149
3 15 40.761 0 -4.198 39.763 0 -4.319 40.602 0 -4.795
4 15 39.509 0 -3.332 39.868 0 -2.941 39.291 0 -2.463 39.004 0 -2.721
4 15 39.004 0 0.815 39.548 0 1.407 39.082 0 1.749 38.675 0 1.014
4 15 37.926 0 2.06 37.926 0 1.181 38.313 0 1.139 38.532 0 1.982
3 15 37.926 0 2.06 37.537 0 1.139 37.926 0 1.181
4 15 38.675 0 1.014 39.082 0 1.749 38.532 0 1.982 38.313 0 1.139
4 15 39.548 0 1.407 39.004 0 0.815 39.291 0 0.553 39.904 0 1.004
4 15 39.868 0 -0.964 39.83 0 -1.386 40.814 0 -3.539 40.814 0 1.915
4 15 39.83 0 -0.533 39.868 0 -0.964 40.814 0 1.915 39.904 0 1.004
3 15 39.83 0 -1.386 39.713 0 -1.786 40.814 0 -3.539
3 15 39.904 0 1.004 39.53 0 0.235 39.713 0 -0.13
3 15 39.904 0 1.004 39.291 0 0.553 39.53 0 0.235
3 15 40.814 0 1.915 39.904 0 1.915 39.904 0 1.004
3 15 39.904 0 1.004 39.713 0 -0.13 39.83 0 -0.533
3 15 39.53 0 -2.149 39.291 0 -2.463 39.868 0 -2.941
4 16 -39.903 0 -3.808 -40.848 0 -3.808 -80 0 -10 -29.914 0 -3.941
4 16 -80 0 -10 -40.848 0 -3.808 -40.848 0 3.903 -80 0 10
4 16 -34.344 0 -3.808 -29.914 0 -3.941 -30.349 0 -3.916 -33.399 0 -3.808
3 16 -33.399 0 -3.808 -30.349 0 -3.916 -30.764 0 -3.841
3 16 -34.344 0 -3.808 -39.903 0 -3.808 -29.914 0 -3.941
4 16 -29.914 0 -3.941 -13.06 0 -3.941 -23.465 0 -3.822 -26.869 0 -3.807
4 16 -39.903 0 -3.808 -34.344 0 -3.808 -36.037 0 -0.21 -39.903 0 -0.21
3 16 -31.751 0 -3.278 -33.399 0 -3.808 -31.476 0 -3.524
3 16 -31.476 0 -3.524 -33.399 0 -3.808 -31.145 0 -3.712
3 16 -31.965 0 -2.974 -33.399 0 -3.808 -31.751 0 -3.278
4 16 -33.399 0 -3.808 -32.149 0 -2.174 -31.996 0 -1.402 -31.823 0 0.17
4 16 -29.692 0 -1.187 -29.881 0 -3.062 -29.519 0 -3.041 -29.169 0 -2.979
4 16 -30.398 0 -3.012 -29.881 0 -3.062 -30.116 0 -1.234 -30.453 0 -1.309
3 16 -31.145 0 -3.712 -33.399 0 -3.808 -30.764 0 -3.841
3 16 -32.103 0 -2.608 -33.399 0 -3.808 -31.965 0 -2.974
3 16 -28.752 0 -3.735 -29.29 0 -3.889 -27.801 0 -3.807
4 16 -26.869 0 -3.807 -27.801 0 -3.807 -29.29 0 -3.889 -29.914 0 -3.941
4 16 -28.303 0 -3.486 -28.752 0 -3.735 -27.801 0 -3.807 -27.896 0 -3.518
3 16 -21.839 0 -3.808 -22.986 0 -3.808 -23.465 0 -3.822
3 16 -23.902 0 -3.752 -26.869 0 -3.807 -23.465 0 -3.822
3 16 -24.288 0 -3.601 -26.869 0 -3.807 -23.902 0 -3.752
3 16 -27.946 0 -3.151 -28.303 0 -3.486 -27.896 0 -3.518
3 16 -24.876 0 -3.061 -26.869 0 -3.807 -24.614 0 -3.369
4 16 -25.075 0 -2.681 -26.985 0 -3.368 -26.869 0 -3.807 -24.876 0 -3.061
3 16 -24.614 0 -3.369 -26.869 0 -3.807 -24.288 0 -3.601
4 16 -13.06 0 -3.941 -29.914 0 -3.941 -80 0 -10 37.869 0 -6.616
3 16 -32.149 0 -2.174 -33.399 0 -3.808 -32.103 0 -2.608
4 16 -31.215 0 -2.174 -30.82 0 -2.851 -30.92 0 -1.531 -31.154 0 -1.83
4 16 -30.453 0 -1.309 -30.92 0 -1.531 -30.82 0 -2.851 -30.398 0 -3.012
3 16 -31.215 0 -2.174 -31.109 0 -2.574 -30.82 0 -2.851
3 16 -31.823 0 0.17 -31.996 0 -1.402 -31.537 0 -0.864
4 16 -33.399 0 4.458 -33.399 0 -3.808 -31.823 0 0.17 -31.618 0 0.948
4 16 -29.814 0 -0.386 -29.333 0 -0.354 -29.829 0 1.148 -30.29 0 0.992
4 16 -30.801 0 -0.533 -29.814 0 -0.386 -30.846 0 0.17 -31.823 0 0.17
3 16 -29.692 0 -1.187 -30.116 0 -1.234 -29.881 0 -3.062
4 16 -29.191 0 -1.141 -29.169 0 -2.979 -28.558 0 -2.723 -28.13 0 -2.274
4 16 -27.035 0 -2.874 -25.2 0 -2.232 -25.241 0 -1.72 -27.035 0 0.282
4 16 -25.075 0 -2.681 -25.2 0 -2.232 -27.035 0 -2.874 -26.985 0 -3.368
4 16 -24.202 0 -2.342 -23.914 0 -2.725 -23.491 0 -2.914 -24.308 0 -1.72
4 16 -28.713 0 -1.07 -29.191 0 -1.141 -28.13 0 -2.274 -27.957 0 -1.608
3 16 -28.291 0 -0.943 -28.713 0 -1.07 -27.957 0 -1.608
3 16 -27.957 0 -0.731 -28.291 0 -0.943 -27.957 0 -1.608
4 16 -24.308 0 -1.72 -23.491 0 -2.914 -22.986 0 -2.942 -23.008 0 1.013
3 16 -29.191 0 -1.141 -29.692 0 -1.187 -29.169 0 -2.979
4 16 -29.357 0 1.192 -29.333 0 -0.354 -28.936 0 -0.303 -28.724 0 1.135
3 16 -31.823 0 0.17 -31.537 0 -0.864 -30.801 0 -0.533
4 16 -20.894 0 -3.808 -21.839 0 -3.808 -23.465 0 -3.822 -13.06 0 -3.941
3 16 -19.271 0 -3.808 -20.894 0 -3.808 -13.06 0 -3.941
4 16 -20.894 0 1.914 -20.894 0 -3.808 -19.271 0 -3.808 -19.271 0 1.914
4 16 -13.06 0 -3.941 -13.649 0 -3.882 -18.326 0 -3.808 -19.271 0 -3.808
3 16 -14.193 0 -3.707 -18.326 0 -3.808 -13.649 0 -3.882
4 16 -8.932 0 -3.808 -12.47 0 -3.882 -13.06 0 -3.941 -7.987 0 -3.808
3 16 -15.104 0 -3.068 -18.326 0 -3.808 -14.682 0 -3.431
3 16 -15.451 0 -2.63 -18.326 0 -3.808 -15.104 0 -3.068
3 16 -14.682 0 -3.431 -18.326 0 -3.808 -14.193 0 -3.707
4 16 -13.06 0 -3.073 -12.311 0 -2.907 -13.809 0 -2.907 -13.447 0 -3.032
3 16 -12.311 0 -2.907 -13.06 0 -3.073 -12.673 0 -3.032
3 16 -22.986 0 -2.942 -22.986 0 -3.808 -21.839 0 -3.808
3 16 -10.668 0 -2.63 -11.011 0 -3.068 -8.932 0 -3.808
3 16 -5.093 0 -3.808 -7.987 0 -3.808 -13.06 0 -3.941
4 16 -4.159 0 -0.363 -4.159 0 -3.808 0.896 0 -3.808 0.896 0 3.903
4 16 36.92 0 -6.49 0.896 0 -3.808 -4.159 0 -3.808 -13.06 0 -3.941
4 16 9.55 0 -3.896 4.768 0 -3.765 4.24 0 -3.808 10.044 0 -3.941
3 16 -4.159 0 -3.808 -5.093 0 -3.808 -13.06 0 -3.941
3 16 -11.43 0 -3.431 -11.922 0 -3.707 -8.932 0 -3.808
3 16 -11.011 0 -3.068 -11.43 0 -3.431 -8.932 0 -3.808
4 16 -7.987 0 -3.808 -5.093 0 -3.808 -5.093 0 -0.33 -7.987 0 -0.308
4 16 4.252 0 -0.23 1.841 0 -2.898 4.285 0 -2.898 5.696 0 -1.564
4 16 -14.137 0 -2.711 -13.809 0 -2.907 -12.311 0 -2.907 -11.982 0 -2.711
4 16 5.24 0 -3.636 4.768 0 -3.765 9.112 0 -3.763 8.733 0 -3.549
3 16 -11.922 0 -3.707 -12.47 0 -3.882 -8.932 0 -3.808
4 16 10.044 0 -3.941 4.24 0 -3.808 0.896 0 -3.808 36.92 0 -6.49
4 16 -18.326 0 -3.808 -15.715 0 -2.124 -15.882 0 -1.564 -18.326 0 -0.497
4 16 -14.42 0 -2.457 -14.137 0 -2.711 -11.982 0 -2.711 -11.695 0 -2.457
4 16 -14.653 0 -2.147 -14.42 0 -2.457 -11.695 0 -2.457 -11.457 0 -2.147
4 16 -14.83 0 -1.785 -14.653 0 -2.147 -11.457 0 -2.147 -11.278 0 -1.785
3 16 -18.326 0 -0.497 -15.882 0 -1.564 -15.937 0 -0.963
4 16 -23.008 0 1.013 -22.986 0 -2.942 -21.839 0 -3.808 -21.839 0 1.914
4 16 -18.326 0 -0.497 -15.937 0 -0.963 -15.882 0 -0.359 -18.288 0 -0.095
4 16 -14.943 0 -1.385 -14.83 0 -1.785 -11.166 0 -1.385 -14.98 0 -0.963
4 16 -11.129 0 -0.963 -14.943 0 -0.531 -14.98 0 -0.963 -11.166 0 -1.385
3 16 -15.715 0 -2.124 -18.326 0 -3.808 -15.451 0 -2.63
3 16 -11.166 0 -1.385 -14.83 0 -1.785 -11.278 0 -1.785
4 16 -14.943 0 -0.531 -11.129 0 -0.963 -11.166 0 -0.531 -11.278 0 -0.124
3 16 -10.405 0 -2.124 -10.668 0 -2.63 -8.932 0 -3.808
3 16 -10.239 0 -1.564 -10.405 0 -2.124 -8.932 0 -3.808
4 16 -8.932 0 -3.808 -8.932 0 1.915 -10.183 0 -0.963 -10.239 0 -1.564
4 16 -7.876 0 0.287 -7.987 0 -0.308 -5.093 0 -0.33 -7.089 0 1.076
4 16 5.596 0 -0.945 5.296 0 -0.535 4.835 0 -0.306 5.696 0 -1.564
4 16 5.696 0 -1.564 4.285 0 -2.898 4.851 0 -2.81 5.598 0 -2.127
3 16 5.598 0 -2.127 4.851 0 -2.81 5.302 0 -2.548
3 16 4.252 0 -0.23 5.696 0 -1.564 4.835 0 -0.306
4 16 -36.037 0 0.669 -36.037 0 -0.21 -34.344 0 -3.808 -34.344 0 4.458
4 16 -28.363 0 -0.141 -28.041 0 0.708 -28.291 0 0.965 -28.724 0 1.135
4 16 -30.657 0 0.681 -30.846 0 0.17 -29.814 0 -0.386 -30.29 0 0.992
3 16 -29.357 0 1.192 -29.829 0 1.148 -29.333 0 -0.354
4 16 -39.903 0 3.005 -39.903 0 0.669 -36.037 0 0.669 -35.592 0 3.005
4 16 -28.363 0 -0.141 -28.052 0 0.092 -27.957 0 0.392 -28.041 0 0.708
4 16 -18.176 0 0.247 -18.288 0 -0.095 -15.882 0 -0.359 -17.776 0 0.758
4 16 -15.882 0 -0.359 -15.715 0 0.21 -16.493 0 1.114 -17.193 0 1.047
3 16 -23.008 0 1.013 -24.308 0 1.013 -24.308 0 -1.72
3 16 -16.493 0 1.114 -15.715 0 0.21 -15.451 0 0.725
4 16 -26.019 0 1.013 -26.019 0 1.911 -27.18 0 1.004 -27.035 0 0.282
4 16 -26.019 0 1.013 -27.035 0 0.282 -25.241 0 -1.72 -25.241 0 1.013
3 16 -17.193 0 1.047 -17.776 0 0.758 -15.882 0 -0.359
4 16 -15.104 0 1.171 -16.493 0 2.047 -16.493 0 1.114 -15.451 0 0.725
3 16 -28.724 0 1.135 -28.936 0 -0.303 -28.363 0 -0.141
4 16 -33.399 0 4.458 -30.343 0 1.932 -29.346 0 2.06 -25.241 0 3.133
3 16 -33.399 0 4.458 -31.112 0 1.548 -30.343 0 1.932
4 16 -28.335 0 1.937 -27.613 0 1.571 -26.019 0 1.911 -25.241 0 3.133
3 16 -26.019 0 1.911 -27.613 0 1.571 -27.18 0 1.004
3 16 -25.241 0 3.133 -29.346 0 2.06 -28.335 0 1.937
3 16 -25.241 0 3.133 -26.019 0 1.911 -25.241 0 1.911
4 16 -34.344 0 4.458 -80 0 10 -40.848 0 3.903 -35.592 0 3.903
3 16 -34.344 0 4.458 -35.592 0 3.005 -36.037 0 0.669
3 16 -80 0 10 -34.344 0 4.458 -33.399 0 4.458
3 16 -34.344 0 4.458 -35.592 0 3.903 -35.592 0 3.005
4 16 -21.839 0 3.903 -33.399 0 4.458 -25.241 0 3.133 -24.308 0 3.133
4 16 -20.894 0 3.903 -80 0 10 -33.399 0 4.458 -21.839 0 3.903
3 16 -33.399 0 4.458 -31.618 0 0.948 -31.112 0 1.548
4 16 -24.308 0 3.133 -24.308 0 1.911 -23.008 0 1.911 -21.839 0 2.782
4 16 -21.839 0 1.914 -20.894 0 1.914 -20.894 0 2.782 -21.839 0 2.782
4 16 -23.008 0 1.911 -23.008 0 1.013 -21.839 0 1.914 -21.839 0 2.782
3 16 -18.361 0 1.914 -18.359 0 1.269 -17.976 0 1.664
4 16 -20.894 0 3.903 -19.271 0 1.914 -18.361 0 1.914 -16.998 0 2.047
3 16 -17.51 0 1.919 -18.361 0 1.914 -17.976 0 1.664
3 16 -20.894 0 2.782 -20.894 0 1.914 -19.271 0 1.914
3 16 -21.839 0 3.903 -24.308 0 3.133 -21.839 0 2.782
4 16 -13.649 0 2 -20.894 0 3.903 -16.493 0 2.047 -14.193 0 1.821
3 16 -20.894 0 3.903 -16.998 0 2.047 -16.493 0 2.047
3 16 -20.894 0 3.903 -20.894 0 2.782 -19.271 0 1.914
3 16 -16.998 0 2.047 -18.361 0 1.914 -17.51 0 1.919
4 16 -80 0 10 -20.894 0 3.903 0.896 0 3.903 16.904 0 4.458
4 16 -11.695 0 0.559 -14.42 0 0.559 -14.653 0 0.244 -11.457 0 0.244
4 16 -11.457 0 0.244 -14.653 0 0.244 -14.83 0 -0.124 -11.278 0 -0.124
3 16 -11.278 0 -0.124 -14.83 0 -0.124 -14.943 0 -0.531
4 16 -14.42 0 0.559 -11.695 0 0.559 -11.982 0 0.819 -14.137 0 0.819
4 16 -13.06 0 1.192 -13.447 0 1.149 -13.809 0 1.02 -12.311 0 1.02
4 16 -12.311 0 1.02 -13.809 0 1.02 -14.137 0 0.819 -11.982 0 0.819
3 16 -13.06 0 1.192 -12.311 0 1.02 -12.673 0 1.149
3 16 -8.932 0 1.915 -10.668 0 0.725 -10.405 0 0.21
4 16 -5.093 0 -0.33 -5.181 0 0.277 -6.49 0 1.192 -7.089 0 1.076
3 16 0.896 0 3.903 -4.195 0 0.148 -4.159 0 -0.363
3 16 -8.932 0 1.915 -10.239 0 -0.359 -10.183 0 -0.963
3 16 4.252 0 -0.23 1.841 0 -0.23 1.841 0 -2.898
3 16 0.896 0 3.903 -4.482 0 1.029 -4.303 0 0.615
3 16 -7.089 0 1.076 -7.566 0 0.759 -7.876 0 0.287
4 16 -5.181 0 0.277 -5.447 0 0.765 -5.885 0 1.085 -6.49 0 1.192
4 16 4.253 0 0.669 4.686 0 0.73 4.219 0 3.005 1.841 0 0.669
3 16 0.896 0 3.903 -4.303 0 0.615 -4.195 0 0.148
4 16 4.686 0 0.73 5.086 0 0.93 5.375 0 1.292 5.486 0 1.837
3 16 -16.493 0 2.047 -14.682 0 1.539 -14.193 0 1.821
3 16 -8.932 0 1.915 -11.43 0 1.539 -11.011 0 1.171
3 16 -8.932 0 1.915 -10.405 0 0.21 -10.239 0 -0.359
3 16 -8.932 0 1.915 -11.011 0 1.171 -10.668 0 0.725
3 16 -8.022 0 1.915 -8.02 0 1.292 -7.697 0 1.611
4 16 -13.06 0 2.06 -12.47 0 2 -8.932 0 1.915 0.896 0 3.903
3 16 -12.47 0 2 -11.922 0 1.821 -8.932 0 1.915
4 16 -13.06 0 2.06 0.896 0 3.903 -20.894 0 3.903 -13.649 0 2
3 16 -8.932 0 1.915 -11.922 0 1.821 -11.43 0 1.539
4 16 -8.932 0 1.915 -8.022 0 1.915 -6.854 0 2.008 -6.356 0 2.06
3 16 -6.854 0 2.008 -8.022 0 1.915 -7.305 0 1.854
3 16 -8.022 0 1.915 -7.697 0 1.611 -7.305 0 1.854
3 16 0.896 0 3.903 -6.356 0 2.06 -5.862 0 2.015
3 16 0.896 0 3.903 -5.862 0 2.015 -5.424 0 1.882
3 16 0.896 0 3.903 -5.424 0 1.882 -5.045 0 1.668
3 16 0.896 0 3.903 -5.045 0 1.668 -4.73 0 1.382
4 16 4.219 0 3.005 4.686 0 0.73 5.486 0 1.837 4.739 0 2.937
4 16 4.739 0 2.937 5.486 0 1.837 5.4 0 2.372 5.142 0 2.732
3 16 4.219 0 3.005 1.841 0 3.005 1.841 0 0.669
3 16 0.896 0 3.903 -4.73 0 1.382 -4.482 0 1.029
4 16 4.706 0 3.866 5.142 0 3.753 14.302 0 3.903 16.904 0 4.458
3 16 16.904 0 4.458 0.896 0 3.903 4.219 0 3.903
3 16 0.896 0 3.903 -8.932 0 1.915 -6.356 0 2.06
3 16 -16.493 0 2.047 -15.104 0 1.171 -14.682 0 1.539
3 16 16.904 0 4.458 4.219 0 3.903 4.706 0 3.866
3 16 10.999 0 -3.741 10.549 0 -3.891 11.709 0 -3.807
4 16 12.62 0 -3.807 11.709 0 -3.807 10.549 0 -3.891 10.044 0 -3.941
3 16 11.388 0 -3.502 10.999 0 -3.741 11.709 0 -3.807
3 16 12.62 0 -3.807 10.044 0 -3.941 14.302 0 -3.808
4 16 8.733 0 -3.549 8.418 0 -3.263 5.651 0 -3.43 5.24 0 -3.636
4 16 8.418 0 -3.263 8.17 0 -2.912 5.996 0 -3.158 5.651 0 -3.43
3 16 11.709 0 -3.185 11.388 0 -3.502 11.709 0 -3.807
4 16 9.582 0 -2.982 10.188 0 -3.085 8.87 0 -2.194 9.14 0 -2.674
3 16 9.112 0 -3.763 4.768 0 -3.765 9.55 0 -3.896
4 16 14.302 0 1.914 12.62 0 1.914 12.62 0 -3.807 14.302 0 -3.808
4 16 15.248 0 -3.808 14.302 0 -3.808 10.044 0 -3.941 36.92 0 -6.49
4 16 16.904 0 -3.808 36.92 0 -6.49 21.996 0 -3.952 17.849 0 -3.808
4 16 15.248 0 1.914 15.248 0 -3.808 16.904 0 -3.808 16.904 0 4.458
3 16 17.849 0 -3.808 21.996 0 -3.952 21.399 0 -3.894
3 16 20.853 0 -3.719 17.849 0 -3.808 21.399 0 -3.894
4 16 23.972 0 -3.808 22.601 0 -3.875 21.996 0 -3.952 24.882 0 -3.808
3 16 16.904 0 -3.808 15.248 0 -3.808 36.92 0 -6.49
3 16 19.132 0 -0.952 17.849 0 -3.808 19.186 0 -1.555
3 16 20.366 0 -3.441 17.849 0 -3.808 20.853 0 -3.719
3 16 19.606 0 -2.63 17.849 0 -3.808 19.948 0 -3.075
3 16 19.948 0 -3.075 17.849 0 -3.808 20.366 0 -3.441
3 16 23.617 0 -3.297 23.15 0 -3.641 23.972 0 -3.808
4 16 21.242 0 -2.919 21.608 0 -3.044 21.996 0 -3.085 22.744 0 -2.919
3 16 23.15 0 -3.641 22.601 0 -3.875 23.972 0 -3.808
3 16 22.744 0 -2.919 21.996 0 -3.085 22.383 0 -3.044
4 16 7.99 0 -2.502 6.473 0 -2.441 6.271 0 -2.826 8.17 0 -2.912
4 16 6.473 0 -2.441 7.99 0 -2.502 7.882 0 -2.04 6.599 0 -2.014
4 16 8.78 0 -1.574 10.188 0 -3.085 10.77 0 -2.974 11.558 0 -2.191
3 16 6.271 0 -2.826 5.996 0 -3.158 8.17 0 -2.912
4 16 6.64 0 -1.553 6.599 0 -2.014 7.882 0 -2.04 7.846 0 -1.53
3 16 8.78 0 -1.574 8.87 0 -2.194 10.188 0 -3.085
3 16 6.572 0 -0.979 6.64 0 -1.553 7.846 0 -1.53
3 16 11.558 0 -2.191 10.77 0 -2.974 11.242 0 -2.663
3 16 19.186 0 -1.555 17.849 0 -3.808 19.348 0 -2.119
4 16 20.632 0 -2.463 20.912 0 -2.721 23.073 0 -2.721 23.36 0 -2.463
4 16 21.242 0 -2.919 22.744 0 -2.919 23.073 0 -2.721 20.912 0 -2.721
3 16 19.348 0 -2.119 17.849 0 -3.808 19.606 0 -2.63
4 16 20.403 0 -2.149 20.632 0 -2.463 23.36 0 -2.463 23.598 0 -2.149
4 16 17.849 0 -3.808 19.132 0 -0.952 19.186 0 -0.348 17.849 0 4.458
4 16 11.674 0 -1.597 11.674 0 1.914 8.78 0 -1.574 11.558 0 -2.191
4 16 20.227 0 -1.786 20.403 0 -2.149 23.598 0 -2.149 23.781 0 -1.786
4 16 20.115 0 -1.386 20.227 0 -1.786 23.781 0 -1.786 23.898 0 -1.386
3 16 27.42 0 -3.808 26.475 0 -3.808 36.119 0 -6.111
4 16 24.882 0 -3.808 36.92 0 -6.49 36.119 0 -6.111 26.475 0 -3.808
4 16 37.869 0 -5.706 38.373 0 -5.658 37.925 0 -3.952 37.48 0 -5.673
4 16 36.997 0 -5.54 37.48 0 -5.673 37.328 0 -3.894 36.525 0 -5.245
4 16 36.119 0 -6.111 35.518 0 -5.513 30.002 0 -3.808 29.057 0 -3.808
4 16 32.897 0 -3.808 35.518 0 -5.513 35.169 0 -4.729 33.83 0 -3.808
4 16 24.882 0 -3.808 26.475 0 -3.808 26.475 0 1.914 24.882 0 4.459
4 16 36.158 0 -4.729 36.525 0 -5.245 37.328 0 -3.894 36.781 0 -3.719
3 16 37.328 0 -3.894 37.48 0 -5.673 37.925 0 -3.952
4 16 35.169 0 -4.729 36.158 0 -4.729 36.294 0 -3.441 35.876 0 -3.075
3 16 24.882 0 -3.808 21.996 0 -3.952 36.92 0 -6.49
3 16 39.069 0 -6.394 38.497 0 -6.561 80 0 -10
4 16 38.518 0 -3.879 37.925 0 -3.952 38.796 0 -5.512 39.144 0 -5.29
3 16 40.002 0 -5.767 39.574 0 -6.126 80 0 -10
3 16 39.574 0 -6.126 39.069 0 -6.394 80 0 -10
3 16 40.347 0 -5.321 40.002 0 -5.767 80 0 -10
3 16 40.602 0 -4.795 40.347 0 -5.321 80 0 -10
3 16 38.497 0 -6.561 37.869 0 -6.616 80 0 -10
4 16 38.518 0 -3.879 39.144 0 -5.29 39.419 0 -5.012 39.624 0 -4.686
4 16 39.052 0 -3.658 38.518 0 -3.879 39.624 0 -4.686 39.763 0 -4.319
3 16 40.761 0 -4.198 40.602 0 -4.795 80 0 -10
4 16 39.052 0 -3.658 39.763 0 -4.319 39.842 0 -3.93 39.509 0 -3.332
3 16 40.814 0 -3.539 40.761 0 -4.198 80 0 -10
3 16 37.925 0 -3.952 38.373 0 -5.658 38.796 0 -5.512
3 16 37.869 0 -6.616 -80 0 -10 80 0 -10
3 16 29.057 0 -3.808 27.42 0 -3.808 36.119 0 -6.111
4 16 35.114 0 -1.555 33.83 0 -0.363 33.83 0 -3.808 35.276 0 -2.119
4 16 33.83 0 -3.808 35.169 0 -4.729 35.876 0 -3.075 35.535 0 -2.63
4 16 30.002 0 -3.808 32.897 0 -3.808 32.897 0 -0.33 30.002 0 -0.308
3 16 32.897 0 -3.808 30.002 0 -3.808 35.518 0 -5.513
4 16 36.155 0 -1.786 36.331 0 -2.149 39.53 0 -2.149 39.713 0 -1.786
4 16 39.291 0 -2.463 36.331 0 -2.149 36.56 0 -2.463 39.004 0 -2.721
3 16 35.276 0 -2.119 33.83 0 -3.808 35.535 0 -2.63
4 16 37.926 0 -3.085 38.313 0 -3.044 38.675 0 -2.919 37.171 0 -2.919
3 16 37.171 0 -2.919 37.537 0 -3.044 37.926 0 -3.085
4 16 39.509 0 -3.332 39.842 0 -3.93 39.868 0 -3.541 39.868 0 -2.941
3 16 36.294 0 -3.441 36.158 0 -4.729 36.781 0 -3.719
4 16 37.171 0 -2.919 38.675 0 -2.919 39.004 0 -2.721 36.841 0 -2.721
3 16 39.53 0 -2.149 36.331 0 -2.149 39.291 0 -2.463
3 16 36.56 0 -2.463 36.841 0 -2.721 39.004 0 -2.721
4 16 36.043 0 -1.386 36.155 0 -1.786 39.713 0 -1.786 39.83 0 -1.386
4 16 40.814 0 1.915 40.814 0 -3.539 80 0 -10 80 0 10
3 16 23.972 0 -2.886 23.617 0 -3.297 23.972 0 -3.808
3 16 -13.06 0 -3.941 37.869 0 -6.616 36.92 0 -6.49
4 16 20.077 0 -0.964 20.115 0 -1.386 23.898 0 -1.386 23.937 0 -0.964
4 16 6.368 0 -0.458 7.846 0 1.914 6.197 0 0.953 6.005 0 -0.032
4 16 20.227 0 -0.13 20.115 0 -0.533 23.781 0 -0.13 23.598 0 0.235
4 16 6.368 0 -0.458 6.572 0 -0.979 7.846 0 -1.53 7.846 0 1.914
3 16 6.197 0 0.953 5.897 0 0.56 6.005 0 -0.032
3 16 5.897 0 0.56 5.463 0 0.259 6.005 0 -0.032
3 16 7.846 0 1.914 6.373 0 1.391 6.197 0 0.953
3 16 17.849 0 4.458 19.348 0 0.22 19.606 0 0.734
3 16 17.849 0 4.458 19.186 0 -0.348 19.348 0 0.22
3 16 17.849 0 4.458 19.606 0 0.734 19.947 0 1.176
4 16 20.115 0 -0.533 20.077 0 -0.964 23.898 0 -0.533 23.781 0 -0.13
4 16 23.36 0 0.553 20.632 0 0.553 20.403 0 0.235 23.598 0 0.235
4 16 20.632 0 0.553 23.36 0 0.553 23.073 0 0.815 20.912 0 0.815
3 16 23.598 0 0.235 20.403 0 0.235 20.227 0 -0.13
3 16 23.898 0 -0.533 20.077 0 -0.964 23.937 0 -0.964
4 16 21.242 0 1.014 22.744 0 1.014 21.996 0 1.181 21.608 0 1.139
4 16 21.242 0 1.014 20.912 0 0.815 23.073 0 0.815 22.744 0 1.014
3 16 21.996 0 1.181 22.744 0 1.014 22.383 0 1.139
3 16 7.846 0 1.914 6.431 0 1.825 6.373 0 1.391
3 16 6.392 0 2.271 6.431 0 1.825 7.846 0 1.914
4 16 8.78 0 1.914 11.674 0 1.914 14.302 0 3.903 5.837 0 3.331
4 16 14.302 0 2.782 14.302 0 1.914 15.248 0 1.914 15.248 0 2.782
3 16 11.674 0 1.914 8.78 0 1.914 8.78 0 -1.574
4 16 7.846 0 1.914 8.78 0 1.914 6.088 0 3.031 6.276 0 2.675
3 16 14.302 0 3.903 5.521 0 3.573 5.837 0 3.331
3 16 5.837 0 3.331 6.088 0 3.031 8.78 0 1.914
4 16 14.302 0 3.903 11.674 0 1.914 12.62 0 1.914 14.302 0 2.782
3 16 14.302 0 2.782 12.62 0 1.914 14.302 0 1.914
3 16 6.276 0 2.675 6.392 0 2.271 7.846 0 1.914
3 16 17.849 0 4.458 20.365 0 1.54 20.852 0 1.821
4 16 21.398 0 2 21.995 0 2.06 23.937 0 4.459 17.849 0 4.458
3 16 17.849 0 4.458 20.852 0 1.821 21.398 0 2
3 16 23.937 0 4.459 23.121 0 1.765 23.577 0 1.439
3 16 23.937 0 4.459 21.995 0 2.06 22.587 0 1.986
3 16 23.937 0 4.459 22.587 0 1.986 23.121 0 1.765
3 16 24.882 0 4.459 26.475 0 1.914 26.475 0 2.782
3 16 17.849 0 4.458 19.947 0 1.176 20.365 0 1.54
3 16 16.904 0 4.458 15.248 0 3.903 15.248 0 2.782
4 16 16.904 0 4.458 17.849 0 4.458 80 0 10 -80 0 10
3 16 16.904 0 4.458 15.248 0 2.782 15.248 0 1.914
3 16 16.904 0 4.458 14.302 0 3.903 15.248 0 3.903
3 16 24.882 0 4.459 26.475 0 2.782 26.475 0 3.903
3 16 80 0 10 23.937 0 4.459 24.882 0 4.459
3 16 23.937 0 4.459 23.577 0 1.439 23.937 0 1.048
4 16 24.882 0 4.459 26.475 0 3.903 27.42 0 3.903 80 0 10
3 16 80 0 10 17.849 0 4.458 23.937 0 4.459
4 16 26.475 0 2.782 26.475 0 1.914 27.42 0 1.914 27.42 0 2.782
4 16 30.113 0 0.287 30.002 0 -0.308 32.897 0 -0.33 30.9 0 1.076
4 16 35.114 0 -0.348 33.794 0 0.148 33.83 0 -0.363 35.06 0 -0.952
3 16 33.83 0 -0.363 35.114 0 -1.555 35.06 0 -0.952
4 16 33.794 0 0.148 35.114 0 -0.348 35.277 0 0.22 33.686 0 0.615
3 16 30.9 0 1.076 30.423 0 0.759 30.113 0 0.287
4 16 32.808 0 0.277 32.542 0 0.765 32.104 0 1.085 31.499 0 1.192
4 16 32.897 0 -0.33 32.808 0 0.277 31.499 0 1.192 30.9 0 1.076
4 16 33.686 0 0.615 35.277 0 0.22 35.535 0 0.734 33.507 0 1.029
4 16 33.507 0 1.029 35.535 0 0.734 35.876 0 1.176 33.259 0 1.382
4 16 36.005 0 -0.964 36.043 0 -1.386 39.83 0 -1.386 39.868 0 -0.964
4 16 36.155 0 -0.13 36.043 0 -0.533 39.713 0 -0.13 39.53 0 0.235
4 16 36.331 0 0.235 36.155 0 -0.13 39.53 0 0.235 39.291 0 0.553
4 16 36.005 0 -0.964 39.868 0 -0.964 39.83 0 -0.533 36.043 0 -0.533
3 16 39.713 0 -0.13 36.043 0 -0.533 39.83 0 -0.533
4 16 36.841 0 0.815 36.56 0 0.553 39.004 0 0.815 37.171 0 1.014
4 16 36.56 0 0.553 36.331 0 0.235 39.291 0 0.553 39.004 0 0.815
4 16 37.171 0 1.014 39.004 0 0.815 38.675 0 1.014 37.926 0 1.181
4 16 27.42 0 1.914 27.42 0 -3.808 29.057 0 -3.808 29.057 0 1.915
3 16 29.967 0 1.915 30.292 0 1.611 30.684 0 1.854
3 16 29.967 0 1.915 29.969 0 1.292 30.292 0 1.611
3 16 27.42 0 2.782 27.42 0 1.914 29.057 0 1.915
4 16 27.42 0 3.903 27.42 0 2.782 29.057 0 1.915 29.967 0 1.915
4 16 31.135 0 2.008 31.633 0 2.06 27.42 0 3.903 29.967 0 1.915
3 16 31.135 0 2.008 29.967 0 1.915 30.684 0 1.854
4 16 27.42 0 3.903 31.633 0 2.06 32.127 0 2.015 37.329 0 2
4 16 37.329 0 2 32.127 0 2.015 32.565 0 1.882 36.782 0 1.821
4 16 33.259 0 1.382 35.876 0 1.176 36.294 0 1.54 32.944 0 1.668
4 16 32.944 0 1.668 36.294 0 1.54 36.782 0 1.821 32.565 0 1.882
3 16 37.926 0 1.181 37.537 0 1.139 37.171 0 1.014
4 16 40.814 0 1.915 27.42 0 3.903 37.926 0 2.06 39.904 0 1.915
3 16 37.926 0 2.06 38.532 0 1.982 39.904 0 1.915
3 16 39.904 0 1.915 39.082 0 1.749 39.548 0 1.407
3 16 80 0 10 27.42 0 3.903 40.814 0 1.915
3 16 39.904 0 1.915 39.548 0 1.407 39.904 0 1.004
3 16 38.532 0 1.982 39.082 0 1.749 39.904 0 1.915
3 16 27.42 0 3.903 37.329 0 2 37.926 0 2.06
3 16 37.926 0 1.181 38.675 0 1.014 38.313 0 1.139
3 16 14.302 0 3.903 5.142 0 3.753 5.521 0 3.573
