0 Tile  1 x  8 with "Robie House" Pattern
0 Name: 4162p01.dat
0 Author: Philippe Hurbain [Philo]
0 !LDRAW_ORG Part UPDATE 2012-01
0 !LICENSE Redistributable under CCAL version 2.0 : see CAreadme.txt

0 BFC CERTIFY CCW

0 !KEYWORDS Architecture, Set 21010, Frank Lloyd Wright

0 !HISTORY 2012-03-30 [PTadmin] Official Update 2012-01

0 // Text produced by txt2dat, Copyright 2005-2007, 2009 R. Crawford
0 // Using font: "Myriad Web Pro" style: "Regular" size: 50pt
0 // Font match is not perfect, but comes close.

1 16 0 0 0 1 0 0 0 1 0 0 0 1 s\4162s01.dat
0 // Char: 82
3 0 -37.26 0 -0.73 -38.5 0 -4.6 -37.26 0 -4.6
4 0 -37.26 0 0.2 -37.26 0 -0.73 -36.12 0 -0.73 -36.02 0 0.2
4 0 -38.5 0 -4.6 -37.26 0 -0.73 -37.26 0 0.2 -38.5 0 4.27
4 0 -34.46 0 -0.28 -34.53 0 0.65 -35.18 0 0.31 -35.44 0 -0.83
4 0 -35.44 0 -0.83 -35.18 0 0.31 -36.02 0 0.2 -36.12 0 -0.73
4 0 -34.46 0 -0.28 -35.44 0 -0.83 -34.93 0 -1.13 -33.88 0 -0.65
4 0 -37.26 0 3.41 -36.75 0 3.49 -37.38 0 4.42 -38.5 0 4.27
4 0 -36.15 0 4.47 -37.38 0 4.42 -36.75 0 3.49 -36.06 0 3.52
3 0 -38.5 0 4.27 -37.26 0 0.2 -37.26 0 3.41
4 0 -35.07 0 4.39 -36.06 0 3.52 -35.17 0 3.41 -34.2 0 4.17
3 0 -36.06 0 3.52 -35.07 0 4.39 -36.15 0 4.47
4 0 -34.2 0 4.17 -35.17 0 3.41 -34.51 0 3.1 -33.55 0 3.8
4 0 -33.88 0 -0.65 -34.93 0 -1.13 -34.56 0 -1.66 -33.44 0 -1.26
4 0 -34.3 0 -2.47 -33.94 0 -3.91 -32.81 0 -3.36 -33.14 0 -2.11
4 0 -33.44 0 -1.26 -34.56 0 -1.66 -34.3 0 -2.47 -33.14 0 -2.11
4 0 -32.58 0 -4.2 -33.94 0 -3.91 -33.7 0 -4.6 -32.42 0 -4.6
3 0 -32.81 0 -3.36 -33.94 0 -3.91 -32.58 0 -4.2
4 0 -33.98 0 1.87 -34.12 0 1.18 -32.85 0 1.25 -32.74 0 2
4 0 -34.12 0 1.18 -34.53 0 0.65 -33.74 0 0.08 -33.19 0 0.6
4 0 -33.55 0 3.8 -34.51 0 3.1 -34.11 0 2.58 -32.94 0 3.02
4 0 -34.11 0 2.58 -33.98 0 1.87 -32.74 0 2 -32.94 0 3.02
3 0 -32.85 0 1.25 -34.12 0 1.18 -33.19 0 0.6
3 0 -34.53 0 0.65 -34.46 0 -0.28 -33.74 0 0.08
0 // Char: 111
4 0 -31.18 0 -3.15 -30.67 0 -3.82 -29.76 0 -3.14 -30.18 0 -2.35
4 0 -31.49 0 -2.35 -31.18 0 -3.15 -30.18 0 -2.35 -30.33 0 -1.39
4 0 -29.76 0 -3.14 -30.67 0 -3.82 -30 0 -4.34 -29.12 0 -3.65
4 0 -29.23 0 -4.64 -28.34 0 -4.75 -28.34 0 -3.83 -29.12 0 -3.65
4 0 -28.34 0 -3.83 -28.34 0 -4.75 -27.46 0 -4.64 -27.54 0 -3.65
3 0 -29.12 0 -3.65 -30 0 -4.34 -29.23 0 -4.64
4 0 -30.33 0 -1.39 -31.49 0 -0.45 -31.59 0 -1.43 -31.49 0 -2.35
4 0 -30.19 0 -0.42 -31.17 0 0.38 -31.49 0 -0.45 -30.33 0 -1.39
4 0 -30.64 0 1.07 -31.17 0 0.38 -29.78 0 0.38 -29.95 0 1.59
4 0 -29.14 0 0.9 -29.15 0 1.9 -29.95 0 1.59 -29.78 0 0.38
4 0 -29.15 0 1.9 -29.14 0 0.9 -28.3 0 1.08 -28.25 0 2
3 0 -31.17 0 0.38 -30.19 0 -0.42 -29.78 0 0.38
4 0 -27.54 0 -3.65 -27.46 0 -4.64 -26.65 0 -4.33 -26.88 0 -3.13
4 0 -26.45 0 -2.34 -26.88 0 -3.13 -25.44 0 -3.13 -25.11 0 -2.28
4 0 -26.88 0 -3.13 -26.65 0 -4.33 -25.96 0 -3.82 -25.44 0 -3.13
4 0 -25.11 0 -2.28 -25.01 0 -1.31 -26.3 0 -1.35 -26.45 0 -2.34
4 0 -26.3 0 -1.35 -25.01 0 -1.31 -25.11 0 -0.39 -26.43 0 -0.41
4 0 -27.47 0 0.9 -26.57 0 1.59 -27.35 0 1.9 -28.3 0 1.08
3 0 -28.3 0 1.08 -27.35 0 1.9 -28.25 0 2
4 0 -26.57 0 1.59 -27.47 0 0.9 -26.84 0 0.37 -25.91 0 1.08
4 0 -26.43 0 -0.41 -25.11 0 -0.39 -25.41 0 0.4 -26.84 0 0.37
3 0 -25.41 0 0.4 -25.91 0 1.08 -26.84 0 0.37
0 // Char: 98
4 0 -23.51 0 -3.87 -23.55 0 -4.6 -22.47 0 -4.6 -22.42 0 -3.53
4 0 -23.5 0 -2.91 -23.51 0 -3.87 -22.42 0 -3.53 -22.13 0 -2.64
4 0 -21.83 0 -4.21 -21.07 0 -4.61 -21.12 0 -3.62 -21.72 0 -3.22
4 0 -20.39 0 -3.76 -21.12 0 -3.62 -21.07 0 -4.61 -20.14 0 -4.75
4 0 -22.42 0 -3.53 -21.83 0 -4.21 -21.72 0 -3.22 -22.13 0 -2.64
4 0 -22.23 0 0.8 -23.5 0 -2.91 -22.26 0 -0.91 -22.12 0 -0.19
4 0 -22.23 0 0.8 -22.23 0 4.89 -23.5 0 4.89 -23.5 0 -2.91
3 0 -22.26 0 -1.96 -22.26 0 -0.91 -23.5 0 -2.91
4 0 -21.67 0 1.47 -22.23 0 0.8 -21.71 0 0.44 -21.1 0 0.88
4 0 -20.91 0 1.87 -21.67 0 1.47 -21.1 0 0.88 -20.37 0 1.03
3 0 -22.12 0 -0.19 -21.71 0 0.44 -22.23 0 0.8
3 0 -22.13 0 -2.64 -22.26 0 -1.96 -23.5 0 -2.91
4 0 -19.56 0 -3.6 -20.14 0 -4.75 -19.34 0 -4.64 -18.63 0 -4.33
4 0 -18.92 0 -3.1 -19.56 0 -3.6 -18.63 0 -4.33 -18 0 -3.8
4 0 -18.52 0 -2.33 -18.92 0 -3.1 -17.52 0 -3.1 -17.23 0 -2.26
4 0 -18.38 0 -1.33 -18.52 0 -2.33 -17.23 0 -2.26 -17.13 0 -1.28
3 0 -18 0 -3.8 -17.52 0 -3.1 -18.92 0 -3.1
4 0 -19.55 0 0.86 -18.5 0 1.59 -19.18 0 1.9 -19.95 0 2
4 0 -20.37 0 1.03 -19.55 0 0.86 -19.95 0 2 -20.91 0 1.87
4 0 -18.5 0 1.59 -19.55 0 0.86 -18.92 0 0.36 -17.92 0 1.08
4 0 -17.22 0 -0.38 -18.52 0 -0.39 -18.38 0 -1.33 -17.13 0 -1.28
4 0 -18.52 0 -0.39 -17.22 0 -0.38 -17.48 0 0.41 -18.92 0 0.36
3 0 -18.92 0 0.36 -17.48 0 0.41 -17.92 0 1.08
3 0 -20.14 0 -4.75 -19.56 0 -3.6 -20.39 0 -3.76
0 // Char: 105
4 0 -15.62 0 1.85 -15.62 0 -4.6 -14.38 0 -4.6 -14.38 0 1.85
4 0 -15.79 0 3.81 -15.57 0 3.25 -15.01 0 3.03 -14.99 0 4.59
3 0 -15.79 0 3.81 -14.99 0 4.59 -15.57 0 4.36
4 0 -15.01 0 3.03 -14.43 0 3.25 -14.21 0 3.81 -14.99 0 4.59
3 0 -14.21 0 3.81 -14.43 0 4.36 -14.99 0 4.59
0 // Char: 101
4 0 -12.79 0 -2.4 -12.49 0 -3.19 -11.51 0 -2.55 -11.69 0 -1.63
4 0 -12.89 0 -1.48 -12.79 0 -2.4 -11.69 0 -1.63 -11.68 0 -0.73
4 0 -11.51 0 -2.55 -12.49 0 -3.19 -12 0 -3.85 -11.04 0 -3.23
4 0 -11.33 0 -4.35 -10.53 0 -4.65 -10.33 0 -3.65 -11.04 0 -3.23
4 0 -10.33 0 -3.65 -10.53 0 -4.65 -9.6 0 -4.75 -9.44 0 -3.79
3 0 -12 0 -3.85 -11.33 0 -4.35 -11.04 0 -3.23
4 0 -8.17 0 -0.73 -11.68 0 -0.73 -11.69 0 -1.63 -7.01 0 -1.63
4 0 -12.79 0 -0.55 -12.89 0 -1.48 -11.68 0 -0.73 -12.51 0 0.28
4 0 -11.47 0 0.02 -12.03 0 1 -12.51 0 0.28 -11.68 0 -0.73
4 0 -11.4 0 1.55 -12.03 0 1 -11.07 0 0.61 -10.51 0 0.99
4 0 -10.63 0 1.89 -11.4 0 1.55 -10.51 0 0.99 -9.82 0 1.12
3 0 -12.03 0 1 -11.47 0 0.02 -11.07 0 0.61
4 0 -9.44 0 -3.79 -9.6 0 -4.75 -8.38 0 -4.64 -8.43 0 -3.7
4 0 -8.43 0 -3.7 -8.38 0 -4.64 -7.34 0 -4.32 -7.56 0 -3.45
4 0 -8.17 0 -0.73 -7.01 0 -1.63 -6.97 0 -1.07 -7.05 0 -0.25
4 0 -9.12 0 0.99 -8.23 0 1.6 -8.91 0 1.9 -9.73 0 2
4 0 -9.82 0 1.12 -9.12 0 0.99 -9.73 0 2 -10.63 0 1.89
4 0 -8.23 0 1.6 -9.12 0 0.99 -8.6 0 0.61 -7.68 0 1.11
4 0 -7.05 0 -0.25 -7.29 0 0.47 -8.28 0 0.02 -8.17 0 -0.73
4 0 -8.28 0 0.02 -7.29 0 0.47 -7.68 0 1.11 -8.6 0 0.61
3 16 -39.5 0 -5.78 -37.26 0 -4.6 -38.5 0 -4.6
4 16 -37.26 0 -4.6 -33.94 0 -3.91 -34.3 0 -2.47 -36.12 0 -0.73
4 16 -33.7 0 -4.6 -33.94 0 -3.91 -37.26 0 -4.6 -39.5 0 -5.78
4 16 -32.42 0 -4.6 -33.7 0 -4.6 -39.5 0 -5.78 -28.34 0 -4.75
4 16 -32.58 0 -4.2 -32.42 0 -4.6 -30.67 0 -3.82 -31.18 0 -3.15
4 16 -32.81 0 -3.36 -32.58 0 -4.2 -31.18 0 -3.15 -31.49 0 -2.35
3 16 -32.42 0 -4.6 -30 0 -4.34 -30.67 0 -3.82
4 16 -34.56 0 -1.66 -34.93 0 -1.13 -35.44 0 -0.83 -36.12 0 -0.73
3 16 -37.26 0 -4.6 -36.12 0 -0.73 -37.26 0 -0.73
3 16 -34.3 0 -2.47 -34.56 0 -1.66 -36.12 0 -0.73
4 16 -31.49 0 -2.35 -31.59 0 -1.43 -33.14 0 -2.11 -32.81 0 -3.36
4 16 -33.44 0 -1.26 -33.14 0 -2.11 -31.59 0 -1.43 -31.49 0 -0.45
4 16 -33.74 0 0.08 -33.88 0 -0.65 -33.44 0 -1.26 -33.19 0 0.6
3 16 -32.42 0 -4.6 -28.34 0 -4.75 -29.23 0 -4.64
4 16 -29.76 0 -3.14 -29.12 0 -3.65 -28.34 0 -3.83 -26.88 0 -3.13
3 16 -29.23 0 -4.64 -30 0 -4.34 -32.42 0 -4.6
4 16 -23.55 0 -4.6 -27.46 0 -4.64 -28.34 0 -4.75 -20.14 0 -4.75
4 16 -22.47 0 -4.6 -23.55 0 -4.6 -20.14 0 -4.75 -21.07 0 -4.61
3 16 -26.65 0 -4.33 -27.46 0 -4.64 -23.55 0 -4.6
3 16 -26.65 0 -4.33 -23.55 0 -4.6 -25.96 0 -3.82
4 16 -25.44 0 -3.13 -25.96 0 -3.82 -23.55 0 -4.6 -23.51 0 -3.87
3 16 -26.88 0 -3.13 -28.34 0 -3.83 -27.54 0 -3.65
4 16 -26.88 0 -3.13 -26.45 0 -2.34 -30.18 0 -2.35 -29.76 0 -3.14
4 16 -30.33 0 -1.39 -26.45 0 -2.34 -26.3 0 -1.35 -30.19 0 -0.42
4 16 -25.44 0 -3.13 -23.51 0 -3.87 -23.5 0 -2.91 -25.11 0 -2.28
4 16 -25.11 0 -0.39 -25.01 0 -1.31 -23.5 0 -2.91 -23.5 0 4.89
3 16 -23.5 0 -2.91 -25.01 0 -1.31 -25.11 0 -2.28
3 16 -30.33 0 -1.39 -30.18 0 -2.35 -26.45 0 -2.34
3 16 -21.83 0 -4.21 -22.42 0 -3.53 -22.47 0 -4.6
4 16 -20.14 0 -4.75 -28.34 0 -4.75 -39.5 0 -5.78 -6.5 0 -5.78
4 16 -37.26 0 0.2 -36.02 0 0.2 -36.75 0 3.49 -37.26 0 3.41
4 16 -33.98 0 1.87 -35.17 0 3.41 -35.18 0 0.31 -34.53 0 0.65
4 16 -36.02 0 0.2 -35.18 0 0.31 -36.06 0 3.52 -36.75 0 3.49
4 16 -34.51 0 3.1 -35.17 0 3.41 -33.98 0 1.87 -34.11 0 2.58
3 16 -33.74 0 0.08 -34.46 0 -0.28 -33.88 0 -0.65
3 16 -34.53 0 0.65 -34.12 0 1.18 -33.98 0 1.87
3 16 -37.38 0 4.42 -39.5 0 6.22 -38.5 0 4.27
4 16 -38.5 0 4.27 -39.5 0 6.22 -39.5 0 -5.78 -38.5 0 -4.6
3 16 -39.5 0 6.22 -37.38 0 4.42 -36.15 0 4.47
4 16 -35.07 0 4.39 -23.5 0 4.89 -39.5 0 6.22 -36.15 0 4.47
4 16 -23.5 0 4.89 -34.2 0 4.17 -33.55 0 3.8 -28.25 0 2
3 16 -35.17 0 3.41 -36.06 0 3.52 -35.18 0 0.31
3 16 -23.5 0 4.89 -35.07 0 4.39 -34.2 0 4.17
4 16 -31.17 0 0.38 -30.64 0 1.07 -32.85 0 1.25 -33.19 0 0.6
4 16 -29.78 0 0.38 -30.19 0 -0.42 -26.84 0 0.37 -28.3 0 1.08
3 16 -29.78 0 0.38 -28.3 0 1.08 -29.14 0 0.9
3 16 -25.11 0 -0.39 -23.5 0 4.89 -25.41 0 0.4
4 16 -26.43 0 -0.41 -26.84 0 0.37 -30.19 0 -0.42 -26.3 0 -1.35
3 16 -26.84 0 0.37 -27.47 0 0.9 -28.3 0 1.08
4 16 -32.74 0 2 -32.85 0 1.25 -30.64 0 1.07 -29.95 0 1.59
4 16 -32.94 0 3.02 -32.74 0 2 -29.95 0 1.59 -29.15 0 1.9
4 16 -29.15 0 1.9 -28.25 0 2 -33.55 0 3.8 -32.94 0 3.02
3 16 -26.57 0 1.59 -25.91 0 1.08 -23.5 0 4.89
3 16 -28.25 0 2 -27.35 0 1.9 -23.5 0 4.89
3 16 -23.5 0 4.89 -27.35 0 1.9 -26.57 0 1.59
3 16 -25.91 0 1.08 -25.41 0 0.4 -23.5 0 4.89
4 16 -31.49 0 -0.45 -31.17 0 0.38 -33.19 0 0.6 -33.44 0 -1.26
4 16 -6.5 0 6.22 -39.5 0 6.22 -23.5 0 4.89 -22.23 0 4.89
4 16 -21.72 0 -3.22 -21.12 0 -3.62 -20.39 0 -3.76 -22.26 0 -1.96
3 16 -21.83 0 -4.21 -22.47 0 -4.6 -21.07 0 -4.61
4 16 -15.62 0 -4.6 -19.34 0 -4.64 -20.14 0 -4.75 -6.5 0 -5.78
4 16 -14.38 0 -4.6 -15.62 0 -4.6 -6.5 0 -5.78 -10.53 0 -4.65
3 16 -18 0 -3.8 -15.62 0 -4.6 -17.52 0 -3.1
3 16 -19.34 0 -4.64 -15.62 0 -4.6 -18.63 0 -4.33
3 16 -18 0 -3.8 -18.63 0 -4.33 -15.62 0 -4.6
4 16 -12.89 0 -1.48 -14.38 0 1.85 -14.38 0 -4.6 -12.79 0 -2.4
4 16 -20.39 0 -3.76 -19.56 0 -3.6 -18.92 0 -3.1 -22.26 0 -1.96
3 16 -22.26 0 -1.96 -22.13 0 -2.64 -21.72 0 -3.22
4 16 -22.26 0 -0.91 -22.26 0 -1.96 -18.38 0 -1.33 -18.52 0 -0.39
4 16 -22.26 0 -1.96 -18.92 0 -3.1 -18.52 0 -2.33 -18.38 0 -1.33
3 16 -17.52 0 -3.1 -15.62 0 -4.6 -17.23 0 -2.26
4 16 -17.13 0 -1.28 -17.23 0 -2.26 -15.62 0 -4.6 -15.62 0 1.85
4 16 -22.12 0 -0.19 -22.26 0 -0.91 -18.52 0 -0.39 -18.92 0 0.36
3 16 -9.6 0 -4.75 -10.53 0 -4.65 -6.5 0 -5.78
3 16 -11.33 0 -4.35 -12 0 -3.85 -14.38 0 -4.6
3 16 -10.53 0 -4.65 -11.33 0 -4.35 -14.38 0 -4.6
3 16 -8.38 0 -4.64 -6.5 0 -5.78 -7.34 0 -4.32
3 16 -6.5 0 -5.78 -8.38 0 -4.64 -9.6 0 -4.75
4 16 -7.01 0 -1.63 -7.56 0 -3.45 -7.34 0 -4.32 -6.5 0 -5.78
4 16 -9.44 0 -3.79 -8.43 0 -3.7 -7.01 0 -1.63 -11.69 0 -1.63
3 16 -7.01 0 -1.63 -8.43 0 -3.7 -7.56 0 -3.45
3 16 -14.38 0 -4.6 -12.49 0 -3.19 -12.79 0 -2.4
3 16 -14.38 0 1.85 -12.89 0 -1.48 -12.79 0 -0.55
4 16 -11.51 0 -2.55 -11.04 0 -3.23 -10.33 0 -3.65 -11.69 0 -1.63
3 16 -10.33 0 -3.65 -9.44 0 -3.79 -11.69 0 -1.63
3 16 -7.01 0 -1.63 -6.5 0 -5.78 -6.97 0 -1.07
4 16 -11.47 0 0.02 -11.68 0 -0.73 -8.17 0 -0.73 -11.07 0 0.61
4 16 -6.97 0 -1.07 -6.5 0 -5.78 -6.5 0 6.22 -7.05 0 -0.25
3 16 -12.49 0 -3.19 -14.38 0 -4.6 -12 0 -3.85
4 16 -20.37 0 1.03 -21.1 0 0.88 -21.71 0 0.44 -18.92 0 0.36
3 16 -21.71 0 0.44 -22.12 0 -0.19 -18.92 0 0.36
3 16 -15.62 0 1.85 -17.48 0 0.41 -17.22 0 -0.38
3 16 -18.92 0 0.36 -19.55 0 0.86 -20.37 0 1.03
3 16 -17.92 0 1.08 -17.48 0 0.41 -15.62 0 1.85
4 16 -22.23 0 4.89 -19.95 0 2 -19.18 0 1.9 -15.79 0 3.81
3 16 -20.91 0 1.87 -19.95 0 2 -22.23 0 4.89
4 16 -15.79 0 3.81 -19.18 0 1.9 -18.5 0 1.59 -15.57 0 3.25
3 16 -21.67 0 1.47 -20.91 0 1.87 -22.23 0 4.89
4 16 -15.01 0 3.03 -15.57 0 3.25 -15.62 0 1.85 -14.38 0 1.85
3 16 -14.99 0 4.59 -22.23 0 4.89 -15.57 0 4.36
3 16 -15.57 0 4.36 -22.23 0 4.89 -15.79 0 3.81
4 16 -15.62 0 1.85 -15.57 0 3.25 -18.5 0 1.59 -17.92 0 1.08
3 16 -14.99 0 4.59 -6.5 0 6.22 -22.23 0 4.89
3 16 -17.22 0 -0.38 -17.13 0 -1.28 -15.62 0 1.85
3 16 -21.67 0 1.47 -22.23 0 4.89 -22.23 0 0.8
3 16 -12.79 0 -0.55 -12.51 0 0.28 -14.38 0 1.85
4 16 -9.82 0 1.12 -10.51 0 0.99 -11.07 0 0.61 -8.28 0 0.02
3 16 -12.03 0 1 -14.38 0 1.85 -12.51 0 0.28
3 16 -8.17 0 -0.73 -8.28 0 0.02 -11.07 0 0.61
3 16 -7.05 0 -0.25 -6.5 0 6.22 -7.29 0 0.47
4 16 -9.82 0 1.12 -8.28 0 0.02 -8.6 0 0.61 -9.12 0 0.99
3 16 -6.5 0 6.22 -7.68 0 1.11 -7.29 0 0.47
4 16 -11.4 0 1.55 -14.43 0 3.25 -14.38 0 1.85 -12.03 0 1
4 16 -14.21 0 3.81 -14.43 0 3.25 -11.4 0 1.55 -10.63 0 1.89
4 16 -14.43 0 4.36 -14.21 0 3.81 -10.63 0 1.89 -9.73 0 2
3 16 -14.43 0 3.25 -15.01 0 3.03 -14.38 0 1.85
4 16 -9.73 0 2 -8.91 0 1.9 -6.5 0 6.22 -14.43 0 4.36
3 16 -8.23 0 1.6 -6.5 0 6.22 -8.91 0 1.9
3 16 -7.68 0 1.11 -6.5 0 6.22 -8.23 0 1.6
3 16 -14.43 0 4.36 -6.5 0 6.22 -14.99 0 4.59
0 // Char: 72
4 0 3.21 0 -4.6 4.45 0 -4.6 4.45 0 -0.41 3.21 0 4.39
3 0 4.45 0 4.39 3.21 0 4.39 4.45 0 0.65
3 0 4.45 0 -0.41 4.45 0 0.65 3.21 0 4.39
4 0 8.94 0 0.65 4.45 0 0.65 4.45 0 -0.41 8.94 0 -0.41
4 0 8.94 0 -0.41 8.94 0 -4.6 10.18 0 -4.6 10.18 0 4.39
3 0 8.94 0 0.65 10.18 0 4.39 8.94 0 4.39
3 0 10.18 0 4.39 8.94 0 0.65 8.94 0 -0.41
0 // Char: 111
4 0 12.12 0 -3.15 12.63 0 -3.82 13.55 0 -3.14 13.12 0 -2.35
4 0 11.82 0 -2.35 12.12 0 -3.15 13.12 0 -2.35 12.98 0 -1.39
4 0 13.55 0 -3.14 12.63 0 -3.82 13.3 0 -4.34 14.18 0 -3.65
4 0 14.08 0 -4.64 14.97 0 -4.75 14.97 0 -3.83 14.18 0 -3.65
4 0 14.97 0 -3.83 14.97 0 -4.75 15.84 0 -4.64 15.77 0 -3.65
3 0 14.18 0 -3.65 13.3 0 -4.34 14.08 0 -4.64
4 0 12.98 0 -1.39 11.82 0 -0.45 11.71 0 -1.43 11.82 0 -2.35
4 0 13.12 0 -0.42 12.14 0 0.38 11.82 0 -0.45 12.98 0 -1.39
4 0 12.66 0 1.07 12.14 0 0.38 13.52 0 0.38 13.35 0 1.59
4 0 14.17 0 0.9 14.15 0 1.9 13.35 0 1.59 13.52 0 0.38
4 0 14.15 0 1.9 14.17 0 0.9 15.01 0 1.08 15.06 0 2
3 0 12.14 0 0.38 13.12 0 -0.42 13.52 0 0.38
4 0 15.77 0 -3.65 15.84 0 -4.64 16.65 0 -4.33 16.42 0 -3.13
4 0 16.86 0 -2.34 16.42 0 -3.13 17.87 0 -3.13 18.19 0 -2.28
4 0 16.42 0 -3.13 16.65 0 -4.33 17.35 0 -3.82 17.87 0 -3.13
4 0 18.19 0 -2.28 18.3 0 -1.31 17.01 0 -1.35 16.86 0 -2.34
4 0 17.01 0 -1.35 18.3 0 -1.31 18.2 0 -0.39 16.87 0 -0.41
4 0 15.84 0 0.9 16.74 0 1.59 15.96 0 1.9 15.01 0 1.08
3 0 15.01 0 1.08 15.96 0 1.9 15.06 0 2
4 0 16.74 0 1.59 15.84 0 0.9 16.47 0 0.37 17.4 0 1.08
4 0 16.87 0 -0.41 18.2 0 -0.39 17.9 0 0.4 16.47 0 0.37
3 0 17.9 0 0.4 17.4 0 1.08 16.47 0 0.37
0 // Char: 117
4 0 21.66 0 -3.49 20.38 0 -4.02 21.11 0 -4.56 22.06 0 -4.75
4 0 20.38 0 -4.02 21.66 0 -3.49 21.17 0 -2.81 19.92 0 -3.12
4 0 22.06 0 -4.75 22.96 0 -4.61 22.48 0 -3.72 21.66 0 -3.49
4 0 21.01 0 -1.67 19.77 0 1.85 19.77 0 -1.88 21.17 0 -2.81
3 0 19.77 0 -1.88 19.92 0 -3.12 21.17 0 -2.81
3 0 21.01 0 -1.67 21.01 0 1.85 19.77 0 1.85
4 0 23.12 0 -3.6 22.48 0 -3.72 22.96 0 -4.61 23.69 0 -4.2
4 0 23.67 0 -3.23 23.12 0 -3.6 23.69 0 -4.2 24.27 0 -3.51
4 0 24.38 0 -4.6 25.47 0 -4.6 25.43 0 -3.81 24.27 0 -3.51
4 0 24.27 0 -3.51 25.43 0 -3.81 25.42 0 -2.81 24.05 0 -2.7
3 0 23.67 0 -3.23 24.27 0 -3.51 24.05 0 -2.7
4 0 24.18 0 -2.05 24.05 0 -2.7 25.42 0 -2.81 25.42 0 1.85
3 0 25.42 0 1.85 24.18 0 1.85 24.18 0 -2.05
0 // Char: 115
4 0 28.06 0 -3.71 27.26 0 -3.35 26.96 0 -4.29 27.85 0 -4.63
4 0 28.88 0 -3.83 28.06 0 -3.71 27.85 0 -4.63 28.86 0 -4.75
4 0 29.42 0 -3.76 28.88 0 -3.83 28.86 0 -4.75 29.89 0 -4.61
4 0 27.35 0 -0.67 27.94 0 -1.27 28.59 0 -0.35 28.35 0 0.23
4 0 28.92 0 -1.75 29.6 0 -0.85 28.97 0 -0.59 27.94 0 -1.27
4 0 28.35 0 0.23 27.31 0 0.83 27.15 0 0.08 27.35 0 -0.67
4 0 28.64 0 0.85 27.78 0 1.45 27.31 0 0.83 28.35 0 0.23
4 0 28.64 0 0.85 28.98 0 1.03 28.52 0 1.86 27.78 0 1.45
4 0 29.46 0 2 28.52 0 1.86 28.98 0 1.03 29.42 0 1.09
3 0 28.97 0 -0.59 28.59 0 -0.35 27.94 0 -1.27
4 0 29.81 0 -3.57 29.42 0 -3.76 29.89 0 -4.61 30.68 0 -4.21
4 0 30.14 0 -2.89 29.81 0 -3.57 31.18 0 -3.58 31.35 0 -2.79
4 0 30.14 0 -2.89 31.35 0 -2.79 31.25 0 -2.16 29.87 0 -2.23
3 0 31.18 0 -3.58 29.81 0 -3.57 30.68 0 -4.21
4 0 29.87 0 -2.23 31.25 0 -2.16 30.94 0 -1.64 30.41 0 -1.22
4 0 29.46 0 2 29.42 0 1.09 30.12 0 1 30.36 0 1.9
4 0 29.5 0 -1.98 30.41 0 -1.22 29.6 0 -0.85 28.92 0 -1.75
3 0 30.41 0 -1.22 29.5 0 -1.98 29.87 0 -2.23
4 0 31.11 0 1.6 30.36 0 1.9 30.12 0 1 30.8 0 0.71
0 // Char: 101
4 0 32.5 0 -2.4 32.8 0 -3.19 33.78 0 -2.55 33.6 0 -1.63
4 0 32.4 0 -1.48 32.5 0 -2.4 33.6 0 -1.63 33.62 0 -0.73
4 0 33.78 0 -2.55 32.8 0 -3.19 33.3 0 -3.85 34.25 0 -3.23
4 0 33.96 0 -4.35 34.76 0 -4.65 34.96 0 -3.65 34.25 0 -3.23
4 0 34.96 0 -3.65 34.76 0 -4.65 35.7 0 -4.75 35.86 0 -3.79
3 0 33.3 0 -3.85 33.96 0 -4.35 34.25 0 -3.23
4 0 37.12 0 -0.73 33.62 0 -0.73 33.6 0 -1.63 38.28 0 -1.63
4 0 32.5 0 -0.55 32.4 0 -1.48 33.62 0 -0.73 32.78 0 0.28
4 0 33.83 0 0.02 33.26 0 1 32.78 0 0.28 33.62 0 -0.73
4 0 33.9 0 1.55 33.26 0 1 34.22 0 0.61 34.78 0 0.99
4 0 34.67 0 1.89 33.9 0 1.55 34.78 0 0.99 35.47 0 1.12
3 0 33.26 0 1 33.83 0 0.02 34.22 0 0.61
4 0 35.86 0 -3.79 35.7 0 -4.75 36.91 0 -4.64 36.86 0 -3.7
4 0 36.86 0 -3.7 36.91 0 -4.64 37.95 0 -4.32 37.74 0 -3.45
4 0 37.12 0 -0.73 38.28 0 -1.63 38.32 0 -1.07 38.24 0 -0.25
4 0 36.17 0 0.99 37.07 0 1.6 36.38 0 1.9 35.56 0 2
4 0 35.47 0 1.12 36.17 0 0.99 35.56 0 2 34.67 0 1.89
4 0 37.07 0 1.6 36.17 0 0.99 36.69 0 0.61 37.61 0 1.11
4 0 38.24 0 -0.25 38.01 0 0.47 37.02 0 0.02 37.12 0 -0.73
4 0 37.02 0 0.02 38.01 0 0.47 37.61 0 1.11 36.69 0 0.61
4 16 2.2 0 -6.03 3.21 0 -4.6 3.21 0 4.39 2.2 0 5.97
3 16 4.45 0 -4.6 3.21 0 -4.6 2.2 0 -6.03
4 16 4.45 0 -4.6 8.94 0 -4.6 8.94 0 -0.41 4.45 0 -0.41
3 16 8.94 0 -4.6 4.45 0 -4.6 2.2 0 -6.03
4 16 10.18 0 -4.6 8.94 0 -4.6 2.2 0 -6.03 14.97 0 -4.75
3 16 14.08 0 -4.64 10.18 0 -4.6 14.97 0 -4.75
3 16 13.3 0 -4.34 10.18 0 -4.6 14.08 0 -4.64
4 16 15.84 0 -4.64 14.97 0 -4.75 22.06 0 -4.75 21.11 0 -4.56
4 16 22.06 0 -4.75 14.97 0 -4.75 2.2 0 -6.03 38.8 0 -6.03
3 16 12.63 0 -3.82 10.18 0 -4.6 13.3 0 -4.34
3 16 10.18 0 -4.6 12.63 0 -3.82 12.12 0 -3.15
4 16 16.42 0 -3.13 13.12 0 -2.35 13.55 0 -3.14 14.97 0 -3.83
3 16 12.12 0 -3.15 11.82 0 -2.35 10.18 0 -4.6
3 16 15.77 0 -3.65 16.42 0 -3.13 14.97 0 -3.83
3 16 14.18 0 -3.65 14.97 0 -3.83 13.55 0 -3.14
4 16 13.12 0 -2.35 16.42 0 -3.13 16.86 0 -2.34 12.98 0 -1.39
4 16 16.65 0 -4.33 15.84 0 -4.64 21.11 0 -4.56 20.38 0 -4.02
3 16 10.18 0 -4.6 11.82 0 -2.35 11.71 0 -1.43
4 16 17.87 0 -3.13 17.35 0 -3.82 20.38 0 -4.02 19.92 0 -3.12
3 16 16.65 0 -4.33 20.38 0 -4.02 17.35 0 -3.82
3 16 22.96 0 -4.61 24.38 0 -4.6 23.69 0 -4.2
4 16 24.38 0 -4.6 22.96 0 -4.61 22.06 0 -4.75 25.47 0 -4.6
3 16 24.27 0 -3.51 23.69 0 -4.2 24.38 0 -4.6
4 16 18.19 0 -2.28 17.87 0 -3.13 19.92 0 -3.12 19.77 0 -1.88
4 16 21.17 0 -2.81 21.66 0 -3.49 22.48 0 -3.72 23.12 0 -3.6
4 16 23.67 0 -3.23 24.18 0 -2.05 21.17 0 -2.81 23.12 0 -3.6
3 16 24.05 0 -2.7 24.18 0 -2.05 23.67 0 -3.23
4 16 25.42 0 -2.81 27.35 0 -0.67 27.15 0 0.08 25.42 0 1.85
4 16 10.18 0 -4.6 11.71 0 -1.43 11.82 0 -0.45 10.18 0 4.39
4 16 15.01 0 1.08 14.17 0 0.9 13.52 0 0.38 16.47 0 0.37
3 16 12.14 0 0.38 10.18 0 4.39 11.82 0 -0.45
4 16 16.47 0 0.37 13.52 0 0.38 13.12 0 -0.42 16.87 0 -0.41
4 16 4.45 0 0.65 8.94 0 0.65 8.94 0 4.39 4.45 0 4.39
3 16 4.45 0 4.39 8.94 0 4.39 2.2 0 5.97
3 16 2.2 0 5.97 3.21 0 4.39 4.45 0 4.39
4 16 2.2 0 5.97 8.94 0 4.39 10.18 0 4.39 38.8 0 5.97
3 16 10.18 0 4.39 12.14 0 0.38 12.66 0 1.07
3 16 10.18 0 4.39 13.35 0 1.59 14.15 0 1.9
3 16 13.35 0 1.59 10.18 0 4.39 12.66 0 1.07
3 16 10.18 0 4.39 14.15 0 1.9 15.06 0 2
4 16 17.01 0 -1.35 13.12 0 -0.42 12.98 0 -1.39 16.86 0 -2.34
4 16 18.2 0 -0.39 18.3 0 -1.31 19.77 0 -1.88 19.77 0 1.85
3 16 18.2 0 -0.39 19.77 0 1.85 17.9 0 0.4
3 16 18.19 0 -2.28 19.77 0 -1.88 18.3 0 -1.31
4 16 21.01 0 -1.67 21.17 0 -2.81 24.18 0 -2.05 24.18 0 1.85
3 16 16.47 0 0.37 15.84 0 0.9 15.01 0 1.08
4 16 15.96 0 1.9 16.74 0 1.59 19.77 0 1.85 10.18 0 4.39
3 16 16.74 0 1.59 17.4 0 1.08 19.77 0 1.85
3 16 19.77 0 1.85 17.4 0 1.08 17.9 0 0.4
4 16 10.18 0 4.39 21.01 0 1.85 24.18 0 1.85 38.8 0 5.97
3 16 21.01 0 1.85 21.01 0 -1.67 24.18 0 1.85
3 16 19.77 0 1.85 21.01 0 1.85 10.18 0 4.39
3 16 15.06 0 2 15.96 0 1.9 10.18 0 4.39
3 16 17.01 0 -1.35 16.87 0 -0.41 13.12 0 -0.42
4 16 38.8 0 5.97 24.18 0 1.85 25.42 0 1.85 29.46 0 2
4 16 27.26 0 -3.35 25.42 0 -2.81 25.43 0 -3.81 26.96 0 -4.29
4 16 25.47 0 -4.6 27.85 0 -4.63 26.96 0 -4.29 25.43 0 -3.81
4 16 28.86 0 -4.75 27.85 0 -4.63 25.47 0 -4.6 22.06 0 -4.75
4 16 29.89 0 -4.61 28.86 0 -4.75 38.8 0 -6.03 34.76 0 -4.65
4 16 28.06 0 -3.71 28.88 0 -3.83 28.92 0 -1.75 27.26 0 -3.35
4 16 33.96 0 -4.35 30.68 0 -4.21 29.89 0 -4.61 34.76 0 -4.65
4 16 28.88 0 -3.83 29.42 0 -3.76 29.5 0 -1.98 28.92 0 -1.75
4 16 29.42 0 -3.76 29.81 0 -3.57 30.14 0 -2.89 29.87 0 -2.23
4 16 27.26 0 -3.35 28.92 0 -1.75 27.94 0 -1.27 25.42 0 -2.81
3 16 29.42 0 -3.76 29.87 0 -2.23 29.5 0 -1.98
4 16 32.5 0 -0.55 30.41 0 -1.22 30.94 0 -1.64 32.4 0 -1.48
4 16 31.18 0 -3.58 30.68 0 -4.21 33.3 0 -3.85 32.8 0 -3.19
3 16 27.35 0 -0.67 25.42 0 -2.81 27.94 0 -1.27
3 16 38.8 0 -6.03 35.7 0 -4.75 34.76 0 -4.65
3 16 36.91 0 -4.64 38.8 0 -6.03 37.95 0 -4.32
3 16 38.8 0 -6.03 36.91 0 -4.64 35.7 0 -4.75
4 16 33.6 0 -1.63 34.96 0 -3.65 35.86 0 -3.79 38.28 0 -1.63
4 16 37.95 0 -4.32 38.8 0 -6.03 38.28 0 -1.63 37.74 0 -3.45
4 16 38.28 0 -1.63 35.86 0 -3.79 36.86 0 -3.7 37.74 0 -3.45
4 16 32.8 0 -3.19 32.5 0 -2.4 31.35 0 -2.79 31.18 0 -3.58
4 16 32.5 0 -2.4 32.4 0 -1.48 31.25 0 -2.16 31.35 0 -2.79
3 16 30.94 0 -1.64 31.25 0 -2.16 32.4 0 -1.48
4 16 33.78 0 -2.55 34.25 0 -3.23 34.96 0 -3.65 33.6 0 -1.63
3 16 38.32 0 -1.07 38.28 0 -1.63 38.8 0 -6.03
3 16 30.68 0 -4.21 33.96 0 -4.35 33.3 0 -3.85
3 16 38.8 0 -6.03 28.86 0 -4.75 22.06 0 -4.75
4 16 28.64 0 0.85 28.35 0 0.23 28.59 0 -0.35 28.98 0 1.03
4 16 28.97 0 -0.59 29.6 0 -0.85 29.42 0 1.09 28.98 0 1.03
4 16 30.8 0 0.71 32.5 0 -0.55 32.78 0 0.28 31.11 0 1.6
4 16 30.8 0 0.71 29.6 0 -0.85 30.41 0 -1.22 32.5 0 -0.55
3 16 28.97 0 -0.59 28.98 0 1.03 28.59 0 -0.35
4 16 29.6 0 -0.85 30.8 0 0.71 30.12 0 1 29.42 0 1.09
3 16 27.78 0 1.45 28.52 0 1.86 25.42 0 1.85
3 16 25.42 0 1.85 27.31 0 0.83 27.78 0 1.45
4 16 30.36 0 1.9 31.11 0 1.6 34.67 0 1.89 38.8 0 5.97
3 16 38.8 0 5.97 29.46 0 2 30.36 0 1.9
3 16 32.78 0 0.28 33.26 0 1 31.11 0 1.6
3 16 27.31 0 0.83 25.42 0 1.85 27.15 0 0.08
4 16 37.12 0 -0.73 34.22 0 0.61 33.83 0 0.02 33.62 0 -0.73
4 16 37.02 0 0.02 36.69 0 0.61 35.47 0 1.12 34.22 0 0.61
3 16 35.47 0 1.12 36.69 0 0.61 36.17 0 0.99
3 16 38.01 0 0.47 38.24 0 -0.25 38.8 0 5.97
3 16 38.32 0 -1.07 38.8 0 5.97 38.24 0 -0.25
3 16 37.12 0 -0.73 37.02 0 0.02 34.22 0 0.61
3 16 34.78 0 0.99 34.22 0 0.61 35.47 0 1.12
3 16 33.9 0 1.55 34.67 0 1.89 31.11 0 1.6
3 16 38.8 0 5.97 37.07 0 1.6 37.61 0 1.11
3 16 38.8 0 5.97 35.56 0 2 36.38 0 1.9
3 16 37.07 0 1.6 38.8 0 5.97 36.38 0 1.9
3 16 34.67 0 1.89 35.56 0 2 38.8 0 5.97
3 16 38.8 0 5.97 37.61 0 1.11 38.01 0 0.47
3 16 33.26 0 1 33.9 0 1.55 31.11 0 1.6
3 16 38.8 0 5.97 38.32 0 -1.07 38.8 0 -6.03
3 16 28.52 0 1.86 29.46 0 2 25.42 0 1.85
0 // Char: 8482
4 0 -5.22 0 2.34 -4.8 0 2.34 -4.8 0 4.63 -5.22 0 4.63
4 0 -3.86 0 2.34 -3.46 0 2.34 -3.36 0 4.07 -3.66 0 4.99
3 0 -3.34 0 4.65 -3.66 0 4.99 -3.36 0 4.07
4 0 -6.05 0 4.99 -5.22 0 4.63 -4.8 0 4.63 -3.96 0 4.99
3 0 -6.05 0 4.63 -5.22 0 4.63 -6.05 0 4.99
3 0 -3.66 0 4.99 -3.34 0 4.65 -3.1 0 4.99
3 0 -4.8 0 4.63 -3.96 0 4.63 -3.96 0 4.99
4 0 -3.1 0 4.99 -3.34 0 4.65 -3.13 0 3.93 -2.59 0 3.6
4 0 -2.59 0 2.38 -2.26 0 2.38 -2.38 0 2.91 -3.13 0 3.93
4 0 -1.43 0 3.59 -1.34 0 2.34 -0.92 0 2.34 -1.12 0 4.99
4 0 -1.73 0 3.84 -2.19 0 3.59 -2.38 0 2.91 -2.26 0 2.38
4 0 -1.67 0 4.99 -2.19 0 3.59 -1.73 0 3.84 -1.48 0 4.65
4 0 -1.12 0 4.99 -1.48 0 4.65 -1.46 0 4.14 -1.43 0 3.59
3 0 -1.12 0 4.99 -1.67 0 4.99 -1.48 0 4.65
3 0 -3.13 0 3.93 -2.38 0 2.91 -2.59 0 3.6
4 16 -6.05 0 4.63 -6.15 0 -1 -5.22 0 2.34 -5.22 0 4.63
3 16 -4.8 0 2.34 -5.22 0 2.34 -6.15 0 -1
3 16 -3.86 0 2.34 -4.8 0 2.34 -6.15 0 -1
4 16 -6.15 0 6.5 -6.15 0 -1 -6.05 0 4.63 -6.05 0 4.99
4 16 -3.13 0 3.93 -3.36 0 4.07 -3.46 0 2.34 -2.59 0 2.38
4 16 -3.46 0 2.34 -3.86 0 2.34 -6.15 0 -1 -0.65 0 -1
3 16 -3.13 0 3.93 -3.34 0 4.65 -3.36 0 4.07
4 16 -3.96 0 4.63 -4.8 0 2.34 -3.86 0 2.34 -3.66 0 4.99
3 16 -6.05 0 4.99 -3.96 0 4.99 -6.15 0 6.5
4 16 -6.15 0 6.5 -3.96 0 4.99 -3.66 0 4.99 -0.65 0 6.5
3 16 -3.96 0 4.63 -3.66 0 4.99 -3.96 0 4.99
3 16 -4.8 0 2.34 -3.96 0 4.63 -4.8 0 4.63
4 16 -2.26 0 2.38 -2.59 0 2.38 -0.65 0 -1 -1.34 0 2.34
4 16 -2.26 0 2.38 -1.34 0 2.34 -1.43 0 3.59 -1.73 0 3.84
3 16 -2.59 0 3.6 -2.38 0 2.91 -2.19 0 3.59
3 16 -1.34 0 2.34 -0.65 0 -1 -0.92 0 2.34
4 16 -0.92 0 2.34 -0.65 0 -1 -0.65 0 6.5 -1.12 0 4.99
3 16 -0.65 0 -1 -2.59 0 2.38 -3.46 0 2.34
4 16 -2.59 0 3.6 -2.19 0 3.59 -1.67 0 4.99 -3.1 0 4.99
3 16 -3.1 0 4.99 -1.67 0 4.99 -0.65 0 6.5
3 16 -1.73 0 3.84 -1.46 0 4.14 -1.48 0 4.65
3 16 -1.12 0 4.99 -0.65 0 6.5 -1.67 0 4.99
3 16 -1.43 0 3.59 -1.46 0 4.14 -1.73 0 3.84
3 16 -0.65 0 6.5 -3.66 0 4.99 -3.1 0 4.99
0 // Filling
4 16 -80 0 -10 -39.5 0 -5.78 -39.5 0 6.22 -80 0 10
4 16 -80 0 10 -39.5 0 6.22 -6.5 0 6.22 -6.15 0 6.5
4 16 80 0 10 38.8 0 5.97 38.8 0 -6.03 80 0 -10
4 16 -0.65 0 6.5 2.2 0 5.97 38.8 0 5.97 80 0 10
4 16 80 0 10 -80 0 10 -6.15 0 6.5 -0.65 0 6.5
4 16 -0.65 0 -1 2.2 0 -6.03 2.2 0 5.97 -0.65 0 6.5
4 16 -6.15 0 -1 -6.5 0 -5.78 2.2 0 -6.03 -0.65 0 -1
4 16 -6.5 0 -5.78 -6.15 0 -1 -6.15 0 6.5 -6.5 0 6.22
4 16 -80 0 -10 80 0 -10 2.2 0 -6.03 -6.5 0 -5.78
3 16 -6.5 0 -5.78 -39.5 0 -5.78 -80 0 -10
3 16 80 0 -10 38.8 0 -6.03 2.2 0 -6.03
