0 Windscreen  2 x  6 x  2
0 Name: 4176.dat
0 Author: James Jessiman
0 !LDRAW_ORG Part UPDATE 2003-02
0 !LICENSE Redistributable under CCAL version 2.0 : see CAreadme.txt

0 BFC CERTIFY CCW

0 !HISTORY 1998-06-20 [PTadmin] Official Update 1998-06
0 !HISTORY 2003-01-30 [sbliss] Completed header; BFC'ed; remeshed polygons
0 !HISTORY 2003-08-01 [PTadmin] Official Update 2003-02
0 !HISTORY 2007-07-04 [PTadmin] Header formatted for Contributor Agreement
0 !HISTORY 2008-07-01 [PTadmin] Official Update 2008-01

 1 16 50 44 -10 -1 0 0 0 -1 0 0 0 1 stud3.dat
 1 16 -50 44 -10 -1 0 0 0 -1 0 0 0 1 stud3.dat
 1 16 40 44 -20 -1 0 0 0 -1 0 0 0 1 stud3.dat
 1 16 20 44 -20 -1 0 0 0 -1 0 0 0 1 stud3.dat
 1 16 0 44 -20 -1 0 0 0 -1 0 0 0 1 stud3.dat
 1 16 -20 44 -20 -1 0 0 0 -1 0 0 0 1 stud3.dat
 1 16 -40 44 -20 -1 0 0 0 -1 0 0 0 1 stud3.dat

 2 24 60 48 10 40 48 10
 2 24 40 48 10 40 48 -10
 2 24 40 48 -10 -40 48 -10
 2 24 -40 48 -10 -40 48 10
 2 24 -40 48 10 -60 48 10
 2 24 -60 48 10 -60 48 -20
 2 24 -50 48 -30 50 48 -30
 2 24 60 48 -20 60 48 10
 2 24 56 48 6 44 48 6
 2 24 44 48 6 44 48 -14
 2 24 44 48 -14 -44 48 -14
 2 24 -44 48 -14 -44 48 6
 2 24 -44 48 6 -56 48 6
 2 24 -56 48 6 -56 48 -20
 2 24 -50 48 -26 50 48 -26
 2 24 56 48 -20 56 48 6

 2 24 56 44 6 44 44 6
 2 24 44 44 6 44 44 -14
 2 24 44 44 -14 -44 44 -14
 2 24 -44 44 -14 -44 44 6
 2 24 -44 44 6 -56 44 6
 2 24 -56 44 6 -56 44 -20
 2 24 -50 44 -26 50 44 -26
 2 24 56 44 -20 56 44 6

 2 24 56 40 10 40 40 10
 2 24 40 40 10 40 40 -10
 2 24 40 40 -10 -40 40 -10
 2 24 -40 40 -10 -40 40 10
 2 24 -40 40 10 -56 40 10
 2 24 -56 40 10 -56 40 -20
 2 24 -50 40 -26 50 40 -26
 2 24 56 40 -20 56 40 10

 2 24 50 40 -30 -50 40 -30

 2 24 56 4 10 -56 4 10
 2 24 -56 4 10 -56 4 -2
 2 24 -50 4 -8 50 4 -8
 2 24 56 4 -2 56 4 10

 2 24 60 0 10 -60 0 10
 2 24 -60 0 10 -60 0 0
 2 24 -50 0 -10 50 0 -10
 2 24 60 0 0 60 0 10

 2 24 56 44 6 56 48 6
 2 24 -56 44 6 -56 48 6
 2 24 44 44 6 44 48 6
 2 24 -44 44 6 -44 48 6
 2 24 44 44 -14 44 48 -14
 2 24 -44 44 -14 -44 48 -14

 2 24 40 40 10 40 48 10
 2 24 -40 40 10 -40 48 10
 2 24 40 40 -10 40 48 -10
 2 24 -40 40 -10 -40 48 -10

 2 24 56 4 10 56 40 10
 2 24 -56 4 10 -56 40 10
 2 24 60 0 10 60 48 10
 2 24 -60 0 10 -60 48 10

 1 16 50 48 -20 6 0 0 0 1 0 0 0 -6 1-4edge.dat
 1 16 -50 48 -20 -6 0 0 0 1 0 0 0 -6 1-4edge.dat
 1 16 50 44 -20 6 0 0 0 1 0 0 0 -6 1-4edge.dat
 1 16 -50 44 -20 -6 0 0 0 1 0 0 0 -6 1-4edge.dat
 1 16 50 48 -20 10 0 0 0 1 0 0 0 -10 1-4edge.dat
 1 16 -50 48 -20 -10 0 0 0 1 0 0 0 -10 1-4edge.dat

 1 16 50 40 -20 6 0 0 0 1 0 0 0 -6 1-4edge.dat
 1 16 -50 40 -20 -6 0 0 0 1 0 0 0 -6 1-4edge.dat
 1 16 50 40 -20 10 0 0 0 1 0 0 0 -10 1-4edge.dat
 1 16 -50 40 -20 -10 0 0 0 1 0 0 0 -10 1-4edge.dat

 1 16 50 4 -2 6 0 0 0 1 0 0 0 -6 1-4edge.dat
 1 16 -50 4 -2 -6 0 0 0 1 0 0 0 -6 1-4edge.dat

 1 16 50 0 0 10 0 0 0 1 0 0 0 -10 1-4edge.dat
 1 16 -50 0 0 -10 0 0 0 1 0 0 0 -10 1-4edge.dat

4 16 56 44 6 44 44 6 44 48 6 56 48 6
4 16 56 44 -20 56 44 6 56 48 6 56 48 -20
4 16 -50 44 -26 50 44 -26 50 48 -26 -50 48 -26
4 16 -56 44 6 -56 44 -20 -56 48 -20 -56 48 6
4 16 -44 44 6 -56 44 6 -56 48 6 -44 48 6
4 16 -44 44 -14 -44 44 6 -44 48 6 -44 48 -14
4 16 44 44 -14 -44 44 -14 -44 48 -14 44 48 -14
4 16 44 44 6 44 44 -14 44 48 -14 44 48 6

 1 16 50 40 -20 10 0 0 0 8 0 0 0 -10 1-4cyli.dat
 1 16 -50 40 -20 -10 0 0 0 8 0 0 0 -10 1-4cyli.dat
0 BFC INVERTNEXT
 1 16 50 44 -20 6 0 0 0 4 0 0 0 -6 1-4cyli.dat
0 BFC INVERTNEXT
 1 16 -50 44 -20 -6 0 0 0 4 0 0 0 -6 1-4cyli.dat

 4 16  60 48  10  40 48  10  40 40  10  56 40  10
 4 16  40 48  10  40 48 -10  40 40 -10  40 40  10
 4 16  40 48 -10 -40 48 -10 -40 40 -10  40 40 -10
 4 16 -40 48 -10 -40 48 10 -40 40 10 -40 40 -10
 4 16 -40 48  10 -60 48  10 -56 40  10 -40 40  10
 4 16 -60 48  10 -60 48 -20 -60 40 -20 -60 40  10
 4 16 -50 48 -30  50 48 -30  50 40 -30 -50 40 -30
 4 16  60 48 -20  60 48  10  60 40  10  60 40 -20

0 BFC INVERTNEXT
 1 16 50 4 -2 6 0 0 0 36 0 0 -18 -6 1-4cyli.dat
0 BFC INVERTNEXT
 1 16 -50 4 -2 -6 0 0 0 36 0 0 -18 -6 1-4cyli.dat
 1 16 50 0 0 10 0 0 0 40 0 0 -20 -10 1-4cyli.dat
 1 16 -50 0 0 -10 0 0 0 40 0 0 -20 -10 1-4cyli.dat
 4 16 60 48 10 56 40 10 56 4 10 60 0 10
 4 16 56 40 10 56 40 -20 56 4 -2 56 4 10
 4 16 50 40 -26 -50 40 -26 -50 4 -8 50 4 -8
 4 16 -56 40 -20 -56 40 10 -56 4 10 -56 4 -2
 4 16 -56 40 10 -60 48 10 -60 0 10 -56 4 10
 4 16 -60 40 10 -60 40 -20 -60 0 0 -60 0 10
 4 16 -50 40 -30 50 40 -30 50 0 -10 -50 0 -10
 4 16 60 40 -20 60 40 10 60 0 10 60 0 0

 4 16 60 0 10 56 4 10 -56 4 10 -60 0 10

1 16 -50 48 -20 0 0 -2 0 -1 0 -2 0 0 1-4ring3.dat
1 16 -50 48 -20 0 0 -2 0 -1 0 -2 0 0 1-4ring4.dat
1 16 50 48 -20 2 0 0 0 -1 0 0 0 -2 1-4ring3.dat
1 16 50 48 -20 2 0 0 0 -1 0 0 0 -2 1-4ring4.dat
4 16 56 48 6 44 48 6 40 48 10 60 48 10
 4 16 -40 48 10 -44 48 6 -56 48 6 -60 48 10
4 16 56 48 -20 56 48 6 60 48 10 60 48 -20
 4 16 -60 48 10 -56 48 6 -56 48 -20 -60 48 -20
4 16 -50 48 -26 50 48 -26 50 48 -30 -50 48 -30
 4 16 40 48 10 44 48 6 44 48 -14 40 48 -10
4 16 -44 48 -14 -44 48 6 -40 48 10 -40 48 -10
 4 16 40 48 -10 44 48 -14 -44 48 -14 -40 48 -10

1 16 50 44 -20 0 0 6 0 -1 0 -6 0 0 1-4disc.dat
1 16 -50 44 -20 0 0 -6 0 -1 0 -6 0 0 1-4disc.dat
4 16 44 44 -14 44 44 6 56 44 6 56 44 -14
4 16 -56 44 6 -44 44 6 -44 44 -14 -56 44 -14
4 16 -56 44 -20 -56 44 -14 56 44 -14 56 44 -20
4 16 -50 44 -26 -50 44 -20 50 44 -20 50 44 -26

 1 16 50 40 -20 6 0 0 0 1 0 0 0 -6 1-4disc.dat
 1 16 -50 40 -20 -6 0 0 0 1 0 0 0 -6 1-4disc.dat
 4 16 56 40 10 40 40 10 40 40 -10 56 40 -10
4 16 -40 40 -10 -40 40 10 -56 40 10 -56 40 -10
 4 16 56 40 -10 -56 40 -10 -56 40 -20 56 40 -20
 4 16 50 40 -20 -50 40 -20 -50 40 -26 50 40 -26

1 16 50 4 -2 0 0 6 0 -1 0 -6 0 0 1-4disc.dat
1 16 -50 4 -2 0 0 -6 0 -1 0 -6 0 0 1-4disc.dat
 4 16 56 4 10 56 4 -2 -56 4 -2 -56 4 10
 4 16 50 4 -2 50 4 -8 -50 4 -8 -50 4 -2

 1 16 50 0 0 10 0 0 0 1 0 0 0 -10 1-4disc.dat
 1 16 -50 0 0 -10 0 0 0 1 0 0 0 -10 1-4disc.dat
4 16 -60 0 0 60 0 0 60 0 10 -60 0 10
4 16 -50 0 -10 50 0 -10 50 0 0 -50 0 0

 1 16 50 0 0 1 0 0 0 1 0 0 0 1 stud2.dat
 1 16 30 0 0 1 0 0 0 1 0 0 0 1 stud2.dat
 1 16 10 0 0 1 0 0 0 1 0 0 0 1 stud2.dat
 1 16 -10 0 0 1 0 0 0 1 0 0 0 1 stud2.dat
 1 16 -30 0 0 1 0 0 0 1 0 0 0 1 stud2.dat
 1 16 -50 0 0 1 0 0 0 1 0 0 0 1 stud2.dat
0
