0 ~Tyre 36/ 36 x 43 H Off-Road - 1/30 Tread
0 Name: s\41893s01.dat
0 Author: Philippe Hurbain [Philo]
0 !LDRAW_ORG Subpart UPDATE 2013-01
0 !LICENSE Redistributable under CCAL version 2.0 : see CAreadme.txt

0 BFC CERTIFY CCW

0 !HISTORY 2013-07-21 [PTadmin] Official Update 2013-01

4 16 -6.008 -85.8675 0 -17.8948 -84.1891 0 -17.8948 -84.1891 -12 -11 -85.1626 -6
3 16 -11 -85.1626 -12 -11 -85.1626 -6 -17.8948 -84.1891 -12
3 16 -11 -85.1626 -6 -6.008 -85.8675 -6 -6.008 -85.8675 0
4 16 17.8948 -84.1891 0 6.008 -85.8675 0 6.008 -85.8675 -12 17.8948 -84.1891 -12
3 16 -16.632 -78.248 -39 -5.7236 -81.8032 -28 -17.0478 -80.2042 -28
4 16 -6.0769 -79.7384 -39 -5.5934 -79.9421 -38.2605 -5.7236 -81.8032 -28 -16.632 -78.248 -39
3 16 -5.7236 -81.8032 -28 -5.5934 -79.9421 -38.2605 1.1154 -81.8032 -28
4 16 -5.7236 -81.8032 -28 -5.7934 -82.8008 -28 -17.2557 -81.1823 -28 -17.0478 -80.2042 -28
3 16 -5.235 -74.82 -45 -5.3652 -76.6809 -37.9115 -10 -74.1472 -45
3 16 -5.235 -74.82 -45 5.235 -74.82 -45 5.584 -79.808 -26
4 16 -5.235 -74.82 -45 5.584 -79.808 -26 2.4231 -79.808 -26 -5.3652 -76.6809 -37.9115
4 16 -5.8632 -83.7984 -10 -5.8632 -83.7984 -6 -11 -83.0731 -6 -11 -83.0731 -10
4 16 6.008 -85.8675 0 -6.008 -85.8675 0 -6.008 -85.8675 -6 2 -85.8675 -6
4 16 -1.6 -85.8675 -12 6.008 -85.8675 -12 6.008 -85.8675 0 2 -85.8675 -6
4 16 -16.632 -78.248 -39 -15.5925 -73.3575 -45 -10 -74.1472 -45 -6.0769 -79.7384 -39
4 16 15.5925 -73.3575 -45 16.632 -78.248 -39 12 -78.9021 -39 12 -73.8648 -45
4 16 16.632 -78.248 -39 17.0478 -80.2042 -28 12 -80.917 -28 12 -78.9021 -39
4 16 1.1154 -81.8032 -28 1.1154 -82.8008 -28 -5.7934 -82.8008 -28 -5.7236 -81.8032 -28
4 16 12 -81.9244 -28 12 -80.917 -28 17.0478 -80.2042 -28 17.2557 -81.1823 -28
4 16 -17.8948 -84.1889 -12 -17.2557 -81.1822 -28 -5.7934 -82.8007 -28 -11 -83.4205 -21
3 16 -5.7934 -82.8007 -28 -5.9116 -84.4901 -19.186 -7 -83.9853 -21
3 16 -5.7934 -82.8007 -28 -7 -83.9853 -21 -9 -83.5093 -22
3 16 -5.7934 -82.8007 -28 -9 -83.5093 -22 -10 -83.3681 -22
3 16 -5.7934 -82.8007 -28 -10 -83.3681 -22 -11 -83.4205 -21
3 16 -11 -83.4205 -21 -11 -85.1625 -12 -17.8948 -84.1889 -12
4 16 -5.7934 -82.8007 -28 1.1154 -82.8007 -28 5.8913 -84.2007 -20.6956 6.008 -85.8674 -12
4 16 6.008 -85.8674 -12 -1.6 -85.8674 -12 -5.9116 -84.4901 -19.186 -5.7934 -82.8007 -28
4 16 17.8948 -84.1889 -12 6.008 -85.8674 -12 7 -84.3724 -19 9 -84.2835 -18
4 16 12 -81.9243 -28 17.2557 -81.1822 -28 17.8948 -84.1889 -12 12 -83.6663 -19
3 16 17.8948 -84.1889 -12 9 -84.2835 -18 11 -84.0011 -18
3 16 17.8948 -84.1889 -12 11 -84.0011 -18 12 -83.6663 -19
3 16 5.8913 -84.2007 -20.6956 7 -84.3724 -19 6.008 -85.8674 -12
4 16 5.584 -79.808 -26 5.235 -74.82 -45 12 -73.8648 -45 12 -78.9021 -26
4 16 2.4231 -80.8056 -26 2.4231 -79.808 -26 5.584 -79.808 -26 5.6538 -80.8056 -26
4 16 12 -78.9021 -26 12 -79.9095 -26 5.6538 -80.8056 -26 5.584 -79.808 -26
4 16 -5.8632 -83.7984 -10 -11 -83.0731 -10 -11 -80.9952 -21 -10 -80.9475 -22
4 16 -10 -80.9475 -22 -9 -81.0887 -22 -7 -81.56 -21 -5.7466 -82.1316 -18.911
3 16 -5.7466 -82.1316 -18.911 -5.8632 -83.7984 -10 -10 -80.9475 -22
3 16 5.6538 -80.8056 -26 5.7198 -81.7487 -20.958 2.4231 -80.8056 -26
3 16 -5.8632 -83.7984 -10 -5.7466 -82.1316 -18.911 -0.4 -83.7984 -10
4 16 5.6538 -80.8056 -26 12 -79.9095 -26 12 -81.2318 -19 11 -81.5619 -18
4 16 11 -81.5619 -18 9 -81.8443 -18 7 -81.9378 -19 5.7198 -81.7487 -20.958
3 16 5.7198 -81.7487 -20.958 5.6538 -80.8056 -26 11 -81.5619 -18
4 16 2 -83.7984 -6 -5.8632 -83.7984 -6 -5.8632 -83.7984 -10 -0.4 -83.7984 -10
2 24 -11 -85.1626 -6 -6.008 -85.8675 -6
2 24 -11 -85.1626 -12 -11 -85.1626 -6
2 24 -6.008 -85.8675 -6 2 -85.8675 -6
2 24 -1.6 -85.8675 -12 2 -85.8675 -6
2 24 -10 -74.1472 -45 -6.0769 -79.7384 -39
2 24 12 -73.8648 -45 12 -78.9021 -39
2 24 -6.0769 -79.7384 -39 -5.5934 -79.9421 -38.2605
2 24 -5.5934 -79.9421 -38.2605 1.1154 -81.8032 -28
2 24 12 -78.9021 -39 12 -80.917 -28
2 24 1.1154 -82.8008 -28 1.1154 -81.8032 -28
2 24 12 -81.9244 -28 12 -80.917 -28
2 24 -11 -83.4205 -21 -10 -83.3681 -22
2 24 -10 -83.3681 -22 -9 -83.5093 -22
2 24 -9 -83.5093 -22 -7 -83.9853 -21
2 24 -7 -83.9853 -21 -5.9116 -84.4901 -19.186
2 24 -11 -83.4205 -21 -11 -85.1625 -12
2 24 1.1154 -82.8007 -28 5.8913 -84.2007 -20.6956
2 24 -5.9116 -84.4901 -19.186 -1.6 -85.8674 -12
2 24 12 -81.9243 -28 12 -83.6663 -19
2 24 5.8913 -84.2007 -20.6956 7 -84.3724 -19
2 24 7 -84.3724 -19 9 -84.2835 -18
2 24 9 -84.2835 -18 11 -84.0011 -18
2 24 11 -84.0011 -18 12 -83.6663 -19
2 24 -10 -74.1472 -45 -5.3652 -76.6809 -37.9115
2 24 -5.3652 -76.6809 -37.9115 2.4231 -79.808 -26
2 24 12 -73.8648 -45 12 -78.9021 -26
2 24 2.4231 -80.8056 -26 2.4231 -79.808 -26
2 24 12 -79.9095 -26 12 -78.9021 -26
2 24 -11 -80.9952 -21 -10 -80.9475 -22
2 24 -10 -80.9475 -22 -9 -81.0887 -22
2 24 -9 -81.0887 -22 -7 -81.56 -21
2 24 -7 -81.56 -21 -5.7466 -82.1316 -18.911
2 24 -11 -80.9952 -21 -11 -83.0731 -10
2 24 2.4231 -80.8056 -26 5.7198 -81.7487 -20.958
2 24 -5.7466 -82.1316 -18.911 -0.4 -83.7984 -10
2 24 11 -81.5619 -18 12 -81.2318 -19
2 24 12 -79.9095 -26 12 -81.2318 -19
2 24 5.7198 -81.7487 -20.958 7 -81.9378 -19
2 24 7 -81.9378 -19 9 -81.8443 -18
2 24 9 -81.8443 -18 11 -81.5619 -18
2 24 -11 -83.0731 -6 -5.8632 -83.7984 -6
2 24 -11 -83.0731 -10 -11 -83.0731 -6
2 24 -5.8632 -83.7984 -6 2 -83.7984 -6
2 24 -0.4 -83.7984 -10 2 -83.7984 -6
4 16 -11 -83.4205 -21 -10 -83.3681 -22 -10 -80.9475 -22 -11 -80.9952 -21
4 16 -10 -83.3681 -22 -9 -83.5093 -22 -9 -81.0887 -22 -10 -80.9475 -22
4 16 -9 -83.5093 -22 -7 -83.9853 -21 -7 -81.56 -21 -9 -81.0887 -22
4 16 -7 -83.9853 -21 -5.9116 -84.4901 -19.186 -1.6 -85.8675 -12 2 -85.8675 -6
3 16 2 -85.8675 -6 2 -83.7984 -6 -0.4 -83.7984 -10
4 16 -7 -81.56 -21 -7 -83.9853 -21 2 -85.8675 -6 -5.7466 -82.1316 -18.911
3 16 2 -85.8675 -6 -0.4 -83.7984 -10 -5.7466 -82.1316 -18.911
4 16 2 -85.8675 -6 -6.008 -85.8675 -6 -11 -85.1626 -6 -11 -83.0731 -6
3 16 2 -85.8675 -6 -11 -83.0731 -6 -5.8632 -83.7984 -6
3 16 -5.8632 -83.7984 -6 2 -83.7984 -6 2 -85.8675 -6
4 16 -11 -85.1626 -6 -11 -85.1626 -12 -11 -83.4205 -21 -11 -80.9952 -21
3 16 -11 -85.1626 -6 -11 -80.9952 -21 -11 -83.0731 -10
3 16 -11 -83.0731 -10 -11 -83.0731 -6 -11 -85.1626 -6
3 16 2.4231 -80.8056 -26 5.8913 -84.2007 -20.6956 -1.8568 -78.0896 -32.5457
4 16 7 -81.9378 -19 7 -84.3724 -19 5.8913 -84.2007 -20.6956 5.7198 -81.7487 -20.958
3 16 5.8913 -84.2007 -20.6956 2.4231 -80.8056 -26 5.7198 -81.7487 -20.958
3 16 5.8913 -84.2007 -20.6956 1.1154 -82.8008 -28 1.1154 -81.8032 -28
4 16 -5.5934 -79.9421 -38.2605 -6.0769 -79.7384 -39 -10 -74.1472 -45 1.1154 -81.8032 -28
4 16 -1.8568 -78.0896 -32.5457 5.8913 -84.2007 -20.6956 1.1154 -81.8032 -28 -5.3652 -76.6809 -37.9115
3 16 1.1154 -81.8032 -28 -10 -74.1472 -45 -5.3652 -76.6809 -37.9115
3 16 2.4231 -79.808 -26 2.4231 -80.8056 -26 -1.8568 -78.0896 -32.5457
4 16 7 -81.9378 -19 9 -81.8443 -18 9 -84.2835 -18 7 -84.3724 -19
4 16 9 -81.8443 -18 11 -81.5619 -18 11 -84.0011 -18 9 -84.2835 -18
4 16 11 -81.5619 -18 12 -81.2318 -19 12 -83.6663 -19 11 -84.0011 -18
4 16 12 -73.8648 -45 12 -78.9021 -39 12 -80.917 -28 12 -79.9095 -26
3 16 12 -79.9095 -26 12 -78.9021 -26 12 -73.8648 -45
4 16 12 -80.917 -28 12 -81.9244 -28 12 -83.5127 -19.7939 12 -79.9095 -26
4 16 12 -81.2318 -19 12 -79.9095 -26 12 -83.5127 -19.7939 12 -83.6663 -19
5 24 -10 -83.3681 -22 -10 -80.9475 -22 -11 -83.4205 -21 -9 -83.5093 -22
5 24 -11 -80.9952 -21 -11 -83.4205 -21 -10 -83.3681 -22 -11 -85.1626 -6
5 24 -9 -83.5093 -22 -9 -81.0887 -22 -10 -83.3681 -22 -7 -83.9853 -21
5 24 -7 -83.9853 -21 -7 -81.56 -21 -9 -83.5093 -22 2 -85.8675 -6
2 24 2 -85.8675 -6 2 -83.7984 -6
2 24 -11 -85.1626 -6 -11 -83.0731 -6
5 24 7 -81.9378 -19 7 -84.3724 -19 5.8913 -84.2007 -20.6956 9 -81.8443 -18
5 24 9 -81.8443 -18 9 -84.2835 -18 7 -81.9378 -19 11 -81.5619 -18
5 24 11 -81.5619 -18 11 -84.0011 -18 9 -81.8443 -18 12 -81.2318 -19
5 24 12 -81.2318 -19 12 -83.6663 -19 11 -81.5619 -18 12 -79.9095 -26
5 24 -17.8948 -84.1891 -12 -11 -85.1626 -6 -6.008 -85.8675 0 -11 -85.1626 -12
5 24 -11 -85.1626 -6 -6.008 -85.8675 0 -17.8948 -84.1891 0 -6.008 -85.8675 -6
5 24 -17.8948 -84.1891 -12 -11 -85.1626 -12 -11 -85.1626 -6 -11 -83.4205 -21
5 24 -6.008 -85.8675 -6 -6.008 -85.8675 0 -11 -85.1626 -6 6.008 -85.8675 0
5 24 6.008 -85.8675 0 6.008 -85.8675 -12 17.8948 -84.1891 0 -1.6 -85.8675 -12
5 24 6.008 -85.8675 -12 17.8948 -84.1891 -12 17.8948 -84.1891 0 7 -84.3724 -19
5 24 -16.632 -78.248 -39 -5.7236 -81.8032 -28 -17.0478 -80.2042 -28 -6.0769 -79.7384 -39
2 24 -5.7236 -81.8032 -28 -17.0478 -80.2042 -28
5 24 -5.5934 -79.9421 -38.2605 -5.7236 -81.8032 -28 -6.0769 -79.7384 -39 1.1154 -81.8032 -28
2 24 -16.632 -78.248 -39 -6.0769 -79.7384 -39
2 24 1.1154 -81.8032 -28 -5.7236 -81.8032 -28
5 24 -5.7236 -81.8032 -28 -5.7934 -82.8008 -28 -17.2557 -81.1823 -28 1.1154 -81.8032 -28
2 24 -5.7934 -82.8008 -28 -17.2557 -81.1823 -28
5 24 -5.235 -74.82 -45 -5.3652 -76.6809 -37.9115 -10 -74.1472 -45 5.584 -79.808 -26
5 24 5.235 -74.82 -45 5.584 -79.808 -26 -5.235 -74.82 -45 12 -73.8648 -45
5 24 5.584 -79.808 -26 -5.235 -74.82 -45 5.235 -74.82 -45 2.4231 -79.808 -26
2 24 5.584 -79.808 -26 2.4231 -79.808 -26
5 24 -5.8632 -83.7984 -10 -5.8632 -83.7984 -6 -11 -83.0731 -6 2 -83.7984 -6
5 24 -11 -83.0731 -10 -5.8632 -83.7984 -10 -5.8632 -83.7984 -6 -11 -80.9952 -21
5 24 2 -85.8675 -6 6.008 -85.8675 0 -6.008 -85.8675 0 -1.6 -85.8675 -12
5 24 -1.6 -85.8675 -12 6.008 -85.8675 -12 6.008 -85.8675 0 -5.9116 -84.4901 -19.186
2 24 16.632 -78.248 -39 12 -78.9021 -39
2 24 17.0478 -80.2042 -28 12 -80.917 -28
2 24 1.1154 -82.8008 -28 -5.7934 -82.8008 -28
2 24 17.2557 -81.1823 -28 12 -81.9244 -28
5 24 -5.7934 -82.8007 -28 -11 -83.4205 -21 -17.8948 -84.1889 -12 -10 -83.3681 -22
5 24 -11 -83.4205 -21 -17.8948 -84.1889 -12 -17.2557 -81.1822 -28 -11 -85.1625 -12
5 24 -5.7934 -82.8007 -28 -5.9116 -84.4901 -19.186 -7 -83.9853 -21 6.008 -85.8674 -12
5 24 -7 -83.9853 -21 -5.7934 -82.8007 -28 -5.9116 -84.4901 -19.186 -9 -83.5093 -22
5 24 -9 -83.5093 -22 -5.7934 -82.8007 -28 -7 -83.9853 -21 -10 -83.3681 -22
5 24 -10 -83.3681 -22 -5.7934 -82.8007 -28 -9 -83.5093 -22 -11 -83.4205 -21
5 24 5.8913 -84.2007 -20.6956 6.008 -85.8674 -12 -5.7934 -82.8007 -28 7 -84.3724 -19
5 24 6.008 -85.8674 -12 -5.7934 -82.8007 -28 1.1154 -82.8007 -28 -1.6 -85.8674 -12
5 24 6.008 -85.8674 -12 7 -84.3724 -19 17.8948 -84.1889 -12 5.8913 -84.2007 -20.6956
5 24 17.8948 -84.1889 -12 12 -83.6663 -19 12 -81.9243 -28 11 -84.0011 -18
5 24 9 -84.2835 -18 17.8948 -84.1889 -12 7 -84.3724 -19 11 -84.0011 -18
5 24 11 -84.0011 -18 17.8948 -84.1889 -12 9 -84.2835 -18 12 -83.6663 -19
2 24 12 -78.9021 -26 5.584 -79.808 -26
5 24 5.584 -79.808 -26 5.6538 -80.8056 -26 2.4231 -80.8056 -26 12 -78.9021 -26
2 24 5.6538 -80.8056 -26 2.4231 -80.8056 -26
2 24 12 -79.9095 -26 5.6538 -80.8056 -26
5 24 -10 -80.9475 -22 -5.8632 -83.7984 -10 -11 -83.0731 -10 -5.7466 -82.1316 -18.911
5 24 -5.7466 -82.1316 -18.911 -10 -80.9475 -22 -9 -81.0887 -22 -5.8632 -83.7984 -10
5 24 -5.7466 -82.1316 -18.911 -5.8632 -83.7984 -10 -10 -80.9475 -22 -0.4 -83.7984 -10
5 24 5.6538 -80.8056 -26 5.7198 -81.7487 -20.958 2.4231 -80.8056 -26 11 -81.5619 -18
5 24 -0.4 -83.7984 -10 -5.8632 -83.7984 -10 -5.7466 -82.1316 -18.911 2 -83.7984 -6
5 24 11 -81.5619 -18 5.6538 -80.8056 -26 12 -79.9095 -26 5.7198 -81.7487 -20.958
5 24 5.7198 -81.7487 -20.958 11 -81.5619 -18 9 -81.8443 -18 5.6538 -80.8056 -26
5 24 2 -85.8675 -6 -7 -83.9853 -21 -5.9116 -84.4901 -19.186 -7 -81.56 -21
5 24 -0.4 -83.7984 -10 2 -85.8675 -6 2 -83.7984 -6 -5.7466 -82.1316 -18.911
5 24 2 -85.8675 -6 -5.7466 -82.1316 -18.911 -7 -81.56 -21 -0.4 -83.7984 -10
5 24 -11 -83.0731 -6 2 -85.8675 -6 -6.008 -85.8675 -6 -5.8632 -83.7984 -6
5 24 -5.8632 -83.7984 -6 2 -85.8675 -6 -11 -83.0731 -6 2 -83.7984 -6
5 24 -11 -80.9952 -21 -11 -85.1626 -6 -11 -85.1626 -12 -11 -83.0731 -10
5 24 -11 -83.0731 -10 -11 -85.1626 -6 -11 -80.9952 -21 -11 -83.0731 -6
5 24 2.4231 -80.8056 -26 5.8913 -84.2007 -20.6956 -1.8568 -78.0896 -32.5457 5.7198 -81.7487 -20.958
5 24 5.8913 -84.2007 -20.6956 -1.8568 -78.0896 -32.5457 2.4231 -80.8056 -26 1.1154 -81.8032 -28
5 24 -1.8568 -78.0896 -32.5457 2.4231 -80.8056 -26 5.8913 -84.2007 -20.6956 2.4231 -79.808 -26
5 24 5.8913 -84.2007 -20.6956 5.7198 -81.7487 -20.958 7 -81.9378 -19 2.4231 -80.8056 -26
5 24 1.1154 -81.8032 -28 5.8913 -84.2007 -20.6956 1.1154 -82.8008 -28 -1.8568 -78.0896 -32.5457
5 24 -10 -74.1472 -45 1.1154 -81.8032 -28 -5.5934 -79.9421 -38.2605 -5.3652 -76.6809 -37.9115
5 24 1.1154 -81.8032 -28 -5.3652 -76.6809 -37.9115 -1.8568 -78.0896 -32.5457 -10 -74.1472 -45
5 24 12 -80.917 -28 12 -79.9095 -26 12 -73.8648 -45 12 -83.5127 -19.7939
5 24 12 -79.9095 -26 12 -73.8648 -45 12 -78.9021 -39 12 -78.9021 -26
5 24 12 -83.5127 -19.7939 12 -79.9095 -26 12 -80.917 -28 12 -81.2318 -19
5 24 -17.8948 -84.1891 0 -17.8948 -84.1891 -12 -6.008 -85.8675 0 -29.4369 -80.8875 0
5 24 17.8948 -84.1891 -12 17.8948 -84.1891 0 6.008 -85.8675 0 29.4369 -80.8875 0
5 24 -17.0478 -80.2042 -28 -16.632 -78.248 -39 -5.7236 -81.8032 -28 -21.9494 -78.8022 -28
5 24 -16.632 -78.248 -39 -15.5925 -73.3575 -45 -10 -74.1472 -45 -21.1299 -76.9615 -39
5 24 15.5925 -73.3575 -45 16.632 -78.248 -39 12 -78.9021 -39 21.023 -71.8042 -45
5 24 16.632 -78.248 -39 17.0478 -80.2042 -28 12 -80.917 -28 28.0436 -77.0589 -28
5 24 -17.8948 -84.1889 -12 -17.2557 -81.1822 -28 -5.7934 -82.8007 -28 -22.3591 -79.7224 -28
5 24 17.2557 -81.1822 -28 17.8948 -84.1889 -12 12 -81.9243 -28 28.3856 -77.9986 -28
5 24 -6.008 -85.8675 0 -17.8948 -84.1891 0 -17.8948 -84.1891 -12 -6.008 -85.8675 12
5 24 17.8948 -84.1891 0 6.008 -85.8675 0 6.008 -85.8675 -12 17.8948 -84.1891 12
5 24 6.008 -85.8675 0 -6.008 -85.8675 0 -6.008 -85.8675 -6 6.008 -85.8675 6
2 24 5.2317 -74.8173 -45 15.5955 -73.3633 -45
2 24 -15.5905 -73.3637 -45 -5.2337 -74.8198 -45
2 24 -5.2337 -74.8198 -45 5.2317 -74.8173 -45
