0 ~Animal Horse Head Side Surface
0 Name: s\4492s00.dat
0 Author: Magnus Forsberg [MagFors]
0 !LDRAW_ORG Subpart UPDATE 2015-01
0 !LICENSE Redistributable under CCAL version 2.0 : see CAreadme.txt

0 BFC CERTIFY CCW

0 !HISTORY 2014-12-16 [Philo] Created in Meshmixer; Converted with stl2dat
0 !HISTORY 2014-12-19 [MagFors] File preparation for LDraw Parts Tracker
0 !HISTORY 2015-10-11 [PTadmin] Official Update 2015-01

3 16 6.79283 -60.1902 -25.6343 7.08988 -54.6809 -25.4677 6.98971 -53.9347 -22.2747
3 16 6.79283 -60.1902 -25.6343 6.539 -64.5 -28.7 6.562 -63.005 -28.999
4 16 6.406 -73 -23 6.406 -73 -27 6.512 -66.25 -28.35 6.512 -66.25 -20.22
3 16 6.79283 -60.1902 -25.6343 6.512 -66.25 -20.22 6.539 -64.5 -28.7
3 16 6.328 -74.307 -24 6.367 -74.12 -26.5 6.406 -73 -27
3 16 6.79283 -60.1902 -25.6343 6.562 -63.005 -28.999 6.626 -58.975 -29.805
3 16 6.626 -58.975 -29.805 6.641 -58 -30 6.79283 -60.1902 -25.6343
3 16 6.79283 -60.1902 -25.6343 6.641 -58 -30 7.08988 -54.6809 -25.4677
3 16 7.4 -55.25 -14.5 7.344 -54.5 -15.25 7.55 -54.5 -13
3 16 5.465 -59 -13 5.723 -58.5 -13.5 5.697 -58.5 -13
3 16 7.4 -55.25 -14.5 7.55 -54.5 -13 5.697 -58.5 -13
3 16 5.697 -58.5 -13 5.723 -58.5 -13.5 7.4 -55.25 -14.5
3 16 7.16628 -49.9122 -16.4303 7.75 -48 -12 7.704 -49.5 -12.5
3 16 7.93221 -44.6779 -9.97202 7.75 -48 -10.5 7.75 -48 -12
3 16 7.75 -48 -10.5 8.1 -49.5 -7.5 7.95 -50.75 -9
3 16 7.95 -50.75 -9 8.1 -49.5 -7.5 6.654 -52.5 -7.2
3 16 7.95 -50.75 -9 6.654 -52.5 -7.2 6.552 -53 -8
3 16 5.931 -54 -7 6.552 -53 -8 6.654 -52.5 -7.2
4 16 8.5 -35 -3 8.00669 -36.9223 -6.43037 7.86048 -32.9514 -5.85709 8.4 -32 -2.5
3 16 8.4 -32 -2.5 9.22851 -28.0162 -0.746321 8.442 -32.25 -1.5
3 16 8.442 -32.25 -1.5 9.01622 -32.3716 2.06149 9.15 -36.5 3
4 16 8.698 -37.5 5.75 9.15 -36.5 3 9.35 -33.75 5 8.782 -36.5 6.5
3 16 8.782 -36.5 6.5 8.472 -38 7 8.698 -37.5 5.75
4 16 8.27916 -30.1868 -7.44024 9.26713 -26.9444 -4.43349 8.4 -32 -2.5 7.86048 -32.9514 -5.85709
3 16 9.89949 -21.8849 -5.10769 9.81284 -23.6566 -1.36403 9.26713 -26.9444 -4.43349
3 16 8.96271 -27.2881 -18.4608 9.969 -26 -21.25 9.985 -24.813 -20.5
3 16 8.96271 -27.2881 -18.4608 8.47949 -29.5982 -20.6618 9.938 -26.5 -22
3 16 6.86344 -38.0219 -14.6976 7.30758 -41.0011 -12.0577 6.46326 -41.6955 -17.2253
4 16 8.87151 -29.5004 -23.785 9.923 -26.671 -22.5 9.938 -26.5 -22 8.47949 -29.5982 -20.6618
3 16 9.692 -26.2 -30 9.722 -26.298 -29 9.17392 -28.7569 -32.2313
3 16 9.661 -26.179 -31 9.692 -26.2 -30 9.17392 -28.7569 -32.2313
3 16 9.63 -26.215 -32 9.661 -26.179 -31 9.17392 -28.7569 -32.2313
4 16 7.77618 -39.2384 -40.8 8.28348 -39.6987 -45.1902 8.37591 -35.5403 -42.9094 7.84822 -34.8937 -37.9209
3 16 7.84819 -42.9488 -43.4704 7.866 -45 -45.683 7.986 -44 -47.215
3 16 7.986 -44 -47.215 8.28348 -39.6987 -45.1902 7.84819 -42.9488 -43.4704
3 16 7.84819 -42.9488 -43.4704 7.43439 -43.2957 -40.0959 7.654 -47 -42.97
4 16 6.70231 -46.4055 -32.3949 6.59057 -42.7979 -33.776 6.32433 -42.0579 -29.9354 6.40746 -46.2758 -27.9657
4 16 6.08856 -43.9155 -21.2333 6.21579 -47.0914 -21.083 6.23725 -46.7861 -24.1554 6.08254 -42.9337 -25.2603
3 16 7.16628 -49.9122 -16.4303 6.93345 -53.0981 -19.1473 6.68187 -49.4934 -19.773
3 16 7.148 -58.725 -36.5 7.141 -58 -36.4 7.02381 -56.9243 -33.2978
3 16 6.512 -66.25 -20.22 6.79283 -60.1902 -25.6343 6.539 -64.5 -19.5
3 16 6.93345 -53.0981 -19.1473 7.25 -56 -16 6.98971 -53.9347 -22.2747
3 16 6.21579 -47.0914 -21.083 6.54011 -46.0064 -18.2515 6.68187 -49.4934 -19.773
3 16 6.21579 -47.0914 -21.083 6.08856 -43.9155 -21.2333 6.54011 -46.0064 -18.2515
3 16 6.96449 -35.5042 -24.0509 6.30957 -39.5072 -21.7766 6.4598 -38.6424 -26.6935
3 16 6.62913 -39.961 -33.1696 6.92883 -37.1724 -31.1798 6.32433 -42.0579 -29.9354
3 16 7.08663 -37.3578 -34.6466 6.62913 -39.961 -33.1696 7.10402 -40.2152 -36.8172
3 16 6.62913 -39.961 -33.1696 7.08663 -37.3578 -34.6466 6.92883 -37.1724 -31.1798
3 16 7.71638 -31.7156 -17.7458 7.48695 -33.7457 -13.4052 6.96541 -35.4623 -16.8379
4 16 6.96541 -35.4623 -16.8379 7.48695 -33.7457 -13.4052 6.86344 -38.0219 -14.6976 6.54168 -38.1371 -18.1189
3 16 6.86344 -38.0219 -14.6976 6.46326 -41.6955 -17.2253 6.54168 -38.1371 -18.1189
3 16 6.4598 -38.6424 -26.6935 6.30957 -39.5072 -21.7766 6.08254 -42.9337 -25.2603
3 16 7.1883 -52.926 -32.0592 7.1472 -54.7103 -35.5012 7.21492 -49.9468 -36.6238
4 16 7.32 -54 -38.7 7.341 -53 -38.958 7.21492 -49.9468 -36.6238 7.1472 -54.7103 -35.5012
3 16 7.341 -53 -38.958 7.36 -52 -39.21 7.21492 -49.9468 -36.6238
3 16 7.21492 -49.9468 -36.6238 7.36 -52 -39.21 7.388 -51 -39.56
3 16 7.388 -51 -39.56 7.43 -50 -40.106 7.21492 -49.9468 -36.6238
3 16 7.21492 -49.9468 -36.6238 7.43 -50 -40.106 7.49 -49 -40.871
3 16 7.565 -48 -41.832 7.40779 -47.332 -39.9088 7.49 -49 -40.871
4 16 7.40779 -47.332 -39.9088 7.565 -48 -41.832 7.654 -47 -42.97 7.43439 -43.2957 -40.0959
4 16 7.02359 -44.9319 -36.7481 6.70231 -46.4055 -32.3949 7.21492 -49.9468 -36.6238 7.40779 -47.332 -39.9088
3 16 9.985 -24.813 -20.5 10 -23 -20 9.94297 -21.7547 -16.3574
3 16 8.58986 -37.3695 -51.8608 8.244 -42 -50.52 8.379 -41 -52.249
3 16 8.58986 -37.3695 -51.8608 8.789 -34 -52 8.79 -33.924 -51.617
3 16 8.58986 -37.3695 -51.8608 8.79 -33.924 -51.617 8.794 -33.707 -51.293
3 16 8.806 -33 -51 8.75782 -34.1814 -47.7995 8.799 -33.383 -51.076
3 16 8.811 -32.617 -51.076 8.75782 -34.1814 -47.7995 8.806 -33 -51
4 16 7.10402 -40.2152 -36.8172 7.77618 -39.2384 -40.8 7.84822 -34.8937 -37.9209 7.08663 -37.3578 -34.6466
4 16 7.0898 -44.9951 -14.6169 7.75 -48 -12 7.16628 -49.9122 -16.4303 6.54011 -46.0064 -18.2515
3 16 10 -2.088 15.862 10 0 20 10 -4.141 15.454
3 16 9.957 -10 19.75 9.573 -20 17.5 10 -9.741 12.694
3 16 6.62913 -39.961 -33.1696 6.32433 -42.0579 -29.9354 6.59057 -42.7979 -33.776
3 16 6.90764 -35.4089 -20.0847 7.71638 -31.7156 -17.7458 6.96541 -35.4623 -16.8379
3 16 6.93345 -53.0981 -19.1473 6.67659 -50.6891 -22.8999 6.68187 -49.4934 -19.773
3 16 10 -16.949 -5 10 -17.466 -3 9.89949 -21.8849 -5.10769
4 16 9.00327 -25.629 -49.9097 9.044 -22.187 -51 9.106 -22 -49 9.136 -22.023 -48
3 16 9.938 -26.5 -22 9.969 -26 -21.25 8.96271 -27.2881 -18.4608
3 16 6.92883 -37.1724 -31.1798 7.62829 -34.5428 -34.2103 8.0573 -32.8212 -31.6068
4 16 9.29223 -29.5108 1.83506 9.704 -26 2 9.35 -33.75 5 9.01622 -32.3716 2.06149
3 16 7.02359 -44.9319 -36.7481 7.43439 -43.2957 -40.0959 7.10402 -40.2152 -36.8172
4 16 9.65428 -23.9406 -12.4445 8.94638 -27.0404 -9.62797 8.46392 -28.7641 -13.9132 9.25887 -25.3613 -15.751
3 16 8.92404 -29.8322 -49.599 8.811 -32.617 -51.076 8.815 -32.293 -51.293
4 16 9.198 -22.323 -46 9.229 -22.641 -45 9.17741 -26.4766 -45.8165 9.00327 -25.629 -49.9097
3 16 6.79283 -60.1902 -25.6343 6.98971 -53.9347 -22.2747 7.25 -56 -16
3 16 7.25 -56 -16 6.93345 -53.0981 -19.1473 7.344 -54.5 -15.25
3 16 10 -4.141 -15.454 10 0 -20 10 -2.088 -15.862
3 16 7.6637 -32.4438 -21.9794 8.87151 -29.5004 -23.785 8.47949 -29.5982 -20.6618
3 16 9.00327 -25.629 -49.9097 8.982 -22.917 -53 9.013 -22.5 -52
4 16 9.8564 -21.7915 1.08311 9.81284 -23.6566 -1.36403 9.89949 -21.8849 -5.10769 10 -17.75 0
4 16 8.85843 -28.8721 -53.9378 8.921 -24.5 -55 8.951 -23.5 -54 9.00327 -25.629 -49.9097
3 16 8.85843 -28.8721 -53.9378 8.89 -26 -56 8.921 -24.5 -55
3 16 9.94846 -20.8622 -8.10815 9.65428 -23.9406 -12.4445 9.94297 -21.7547 -16.3574
3 16 8.85843 -28.8721 -53.9378 8.85 -27.599 -57 8.89 -26 -56
3 16 6.79283 -60.1902 -25.6343 7.25 -56 -16 6.539 -64.5 -19.5
3 16 6.512 -66.25 -20.22 6.512 -66.25 -28.35 6.539 -64.5 -28.7
4 16 8.82 -30.5 -57.9 8.85 -27.599 -57 8.85843 -28.8721 -53.9378 8.815 -32.293 -52.707
3 16 8.82 -30.5 -57.9 8.815 -32.293 -52.707 8.811 -32.617 -52.924
3 16 8.82 -30.5 -57.9 8.811 -32.617 -52.924 8.828 -31 -58
3 16 8.819 -32 -57.889 8.828 -31 -58 8.811 -32.617 -52.924
4 16 8.806 -33 -57.722 8.819 -32 -57.889 8.811 -32.617 -52.924 8.806 -33 -53
4 16 8.789 -34 -57.5 8.806 -33 -57.722 8.806 -33 -53 8.799 -33.383 -52.924
3 16 8.789 -34 -57.5 8.799 -33.383 -52.924 8.77 -35 -57.259
4 16 8.747 -36 -56.963 8.77 -35 -57.259 8.799 -33.383 -52.924 8.794 -33.707 -52.707
3 16 8.794 -33.707 -52.707 8.711 -37 -56.5 8.747 -36 -56.963
3 16 8.711 -37 -56.5 8.794 -33.707 -52.707 8.659 -38 -55.833
3 16 8.659 -38 -55.833 8.794 -33.707 -52.707 8.79 -33.924 -52.383
3 16 8.244 -42 -50.52 8.58986 -37.3695 -51.8608 8.56737 -37.6551 -48.3316
4 16 10 -17.612 2.088 10 -17.466 3 9.89049 -20.5357 3.67315 9.8564 -21.7915 1.08311
3 16 8.79 -33.924 -52.383 8.789 -34 -52 8.58986 -37.3695 -51.8608
3 16 8.46392 -28.7641 -13.9132 7.71638 -31.7156 -17.7458 8.96271 -27.2881 -18.4608
3 16 9.044 -22.187 -51 9.00327 -25.629 -49.9097 9.013 -22.5 -52
3 16 7.1472 -54.7103 -35.5012 7.292 -55 -38.343 7.32 -54 -38.7
3 16 6.4598 -38.6424 -26.6935 6.92883 -37.1724 -31.1798 7.39767 -34.6259 -28.0801
3 16 9.12404 -28.2809 -41.849 9.291 -23.709 -43 9.321 -24.5 -42
3 16 9.12404 -28.2809 -41.849 9.321 -24.5 -42 9.352 -25.461 -41
3 16 9.12404 -28.2809 -41.849 9.352 -25.461 -41 9.383 -26.623 -40
3 16 8.08534 -30.9422 -10.9702 7.48695 -33.7457 -13.4052 8.46392 -28.7641 -13.9132
3 16 9.81284 -23.6566 -1.36403 9.22851 -28.0162 -0.746321 9.26713 -26.9444 -4.43349
4 16 7.93221 -44.6779 -9.97202 7.75 -48 -12 7.0898 -44.9951 -14.6169 7.30758 -41.0011 -12.0577
3 16 9.136 -22.023 -48 9.167 -22.124 -47 9.00327 -25.629 -49.9097
3 16 9.383 -26.623 -40 9.414 -27.583 -39 9.12404 -28.2809 -41.849
3 16 9.12404 -28.2809 -41.849 9.414 -27.583 -39 9.445 -28 -38
3 16 8.08534 -30.9422 -10.9702 8.94638 -27.0404 -9.62797 8.27916 -30.1868 -7.44024
3 16 9.17741 -26.4766 -45.8165 9.291 -23.709 -43 9.12404 -28.2809 -41.849
3 16 9.445 -28 -38 9.476 -27.968 -37 8.73358 -30.4899 -35.2351
3 16 8.73358 -30.4899 -35.2351 9.476 -27.968 -37 9.507 -27.505 -36
3 16 7.02381 -56.9243 -33.2978 6.641 -58 -30 7.148 -58.725 -36.5
3 16 8.53437 -36.6984 -45.5816 8.56737 -37.6551 -48.3316 8.75782 -34.1814 -47.7995
3 16 8.73358 -30.4899 -35.2351 9.507 -27.505 -36 9.537 -26.914 -35
3 16 9.537 -26.914 -35 9.568 -26.5 -34 8.73358 -30.4899 -35.2351
3 16 9.599 -26.318 -33 9.17392 -28.7569 -32.2313 9.568 -26.5 -34
4 16 7.1472 -54.7103 -35.5012 7.02381 -56.9243 -33.2978 7.141 -58 -36.4 7.203 -57 -37.2
3 16 8.975 -28.25 14 9.75 -27 9 9.7499 -23.9036 11.2461
3 16 7.84822 -34.8937 -37.9209 8.37591 -35.5403 -42.9094 8.64389 -32.0314 -41.3201
3 16 10 -17.612 2.088 9.8564 -21.7915 1.08311 10 -17.75 0
3 16 6.68187 -49.4934 -19.773 6.54011 -46.0064 -18.2515 7.16628 -49.9122 -16.4303
3 16 7.75 -48 -10.5 7.93221 -44.6779 -9.97202 8.1 -49.5 -7.5
4 16 8.92404 -29.8322 -49.599 8.90971 -30.9716 -44.575 8.75782 -34.1814 -47.7995 8.811 -32.617 -51.076
4 16 8.37591 -35.5403 -42.9094 8.75782 -34.1814 -47.7995 8.90971 -30.9716 -44.575 8.64389 -32.0314 -41.3201
3 16 9.00327 -25.629 -49.9097 9.17741 -26.4766 -45.8165 8.92404 -29.8322 -49.599
4 16 8.112 -43 -48.834 8.244 -42 -50.52 8.56737 -37.6551 -48.3316 8.28348 -39.6987 -45.1902
3 16 7.1883 -52.926 -32.0592 7.13075 -53.0588 -28.7379 6.641 -58 -30
4 16 8.794 -33.707 -51.293 8.75782 -34.1814 -47.7995 8.56737 -37.6551 -48.3316 8.58986 -37.3695 -51.8608
3 16 7.65443 -33.9051 -9.5338 6.86344 -38.0219 -14.6976 7.48695 -33.7457 -13.4052
4 16 10 -23 -20 10 0 -20 10 -6.123 -14.782 10 -8 -13.856
3 16 9.94846 -20.8622 -8.10815 10 -16.949 -5 9.89949 -21.8849 -5.10769
4 16 10 -14.782 -6.123 10 -16.949 -5 9.94846 -20.8622 -8.10815 10 -13.856 -8
3 16 9.599 -26.318 -33 9.63 -26.215 -32 9.17392 -28.7569 -32.2313
3 16 7.84822 -34.8937 -37.9209 8.73358 -30.4899 -35.2351 7.62829 -34.5428 -34.2103
3 16 6.328 -74.769 -26 6.367 -74.12 -26.5 6.328 -74.307 -24
3 16 8.0573 -32.8212 -31.6068 7.39767 -34.6259 -28.0801 6.92883 -37.1724 -31.1798
3 16 9.877 -26.921 -24 9.907 -26.8 -23 8.87151 -29.5004 -23.785
3 16 9.907 -26.8 -23 9.923 -26.671 -22.5 8.87151 -29.5004 -23.785
4 16 9.94846 -20.8622 -8.10815 9.94297 -21.7547 -16.3574 10 -12.694 -9.741 10 -13.856 -8
3 16 9.81284 -23.6566 -1.36403 9.8564 -21.7915 1.08311 9.75 -25 2.5
3 16 9.573 -20 17.5 9.7499 -23.9036 11.2461 10 -11.314 11.314
3 16 8.975 -28.25 14 9.7499 -23.9036 11.2461 9.573 -20 17.5
3 16 10 -11.314 11.314 9.78757 -21.8619 7.18741 10 -12.694 9.741
4 16 9.75 -24 3.5 9.8564 -21.7915 1.08311 9.89049 -20.5357 3.67315 9.78757 -21.8619 7.18741
3 16 9.94297 -21.7547 -16.3574 10 -23 -20 10 -12.694 -9.741
3 16 7.654 -47 -42.97 7.755 -46 -44.26 7.84819 -42.9488 -43.4704
3 16 6.23725 -46.7861 -24.1554 6.21579 -47.0914 -21.083 6.67659 -50.6891 -22.8999
3 16 10 -13.856 8 10 -12.694 9.741 9.78757 -21.8619 7.18741
3 16 10 -23 -20 10 -11.314 -11.314 10 -12.694 -9.741
3 16 10 -23 -20 10 -9.741 -12.694 10 -11.314 -11.314
3 16 6.25 -75 -25 6.289 -75.034 -25.5 6.328 -74.769 -26
3 16 9.78757 -21.8619 7.18741 10 -11.314 11.314 9.7499 -23.9036 11.2461
3 16 10 -17.75 0 9.89949 -21.8849 -5.10769 10 -17.612 -2.088
3 16 7.21492 -49.9468 -36.6238 7.08737 -49.66 -32.6795 7.1883 -52.926 -32.0592
4 16 7.0898 -44.9951 -14.6169 6.54011 -46.0064 -18.2515 6.46326 -41.6955 -17.2253 7.30758 -41.0011 -12.0577
4 16 8.64389 -32.0314 -41.3201 8.90971 -30.9716 -44.575 9.12404 -28.2809 -41.849 8.65386 -30.9618 -38.378
4 16 10 -16.949 5 9.78757 -21.8619 7.18741 9.89049 -20.5357 3.67315 10 -17.466 3
3 16 9.7499 -23.9036 11.2461 9.75 -27 9 9.78757 -21.8619 7.18741
3 16 10 -2.088 -15.862 10 0 -20 10 0 -16
3 16 10 -9.741 12.694 9.573 -20 17.5 10 -11.314 11.314
3 16 7.84819 -42.9488 -43.4704 7.755 -46 -44.26 7.866 -45 -45.683
3 16 8.15 -40.5 -8 8.00669 -36.9223 -6.43037 8.2 -41 -6.5
4 16 8.4324 -39.3121 -3.90366 8.75 -42.5 -1 8.55 -44.5 -3 8.2 -41 -6.5
3 16 8.55 -44.5 -3 8.75 -42.5 -1 7.698 -45 0
3 16 8.55 -44.5 -3 7.698 -45 0 7.195 -46.5 -1
3 16 7.195 -46.5 -1 7.698 -45 0 6.856 -47 0.5
4 16 7.65443 -33.9051 -9.5338 8.08534 -30.9422 -10.9702 8.27916 -30.1868 -7.44024 7.86048 -32.9514 -5.85709
3 16 7.55 -54.5 -13 7.16628 -49.9122 -16.4303 7.704 -49.5 -12.5
3 16 7.344 -54.5 -15.25 6.93345 -53.0981 -19.1473 7.16628 -49.9122 -16.4303
3 16 6.98971 -53.9347 -22.2747 6.67659 -50.6891 -22.8999 6.93345 -53.0981 -19.1473
3 16 6.289 -74.745 -24.5 6.25 -75 -25 6.328 -74.769 -26
3 16 7.02359 -44.9319 -36.7481 6.59057 -42.7979 -33.776 6.70231 -46.4055 -32.3949
3 16 6.328 -74.307 -24 6.289 -74.745 -24.5 6.328 -74.769 -26
3 16 8.799 -33.383 -51.076 8.75782 -34.1814 -47.7995 8.794 -33.707 -51.293
3 16 6.367 -73.716 -23.5 6.328 -74.307 -24 6.406 -73 -27
3 16 6.406 -73 -23 6.367 -73.716 -23.5 6.406 -73 -27
3 16 10 -15.199 -5 10 -16.949 -5 10 -14.782 -6.123
3 16 10 0 16 10 0 20 10 -2.088 15.862
3 16 10 -6.123 14.782 10 -4.141 15.454 10 0 20
3 16 9.22851 -28.0162 -0.746321 9.704 -26 2 9.29223 -29.5108 1.83506
3 16 6.96449 -35.5042 -24.0509 6.4598 -38.6424 -26.6935 7.39767 -34.6259 -28.0801
3 16 9.445 -28 -38 8.65386 -30.9618 -38.378 9.12404 -28.2809 -41.849
3 16 10 0 20 10 -8 13.856 10 -6.123 14.782
4 16 10 0 20 9.957 -10 19.75 10 -9.741 12.694 10 -8 13.856
3 16 8.94638 -27.0404 -9.62797 9.71417 -24.0902 -8.07592 9.26713 -26.9444 -4.43349
4 16 8.92404 -29.8322 -49.599 8.819 -32 -52 8.85843 -28.8721 -53.9378 9.00327 -25.629 -49.9097
3 16 9.78757 -21.8619 7.18741 10 -16.949 5 10 -13.856 8
3 16 10 -16.949 5 10 -14.782 6.123 10 -13.856 8
3 16 10 -15.199 5 10 -14.782 6.123 10 -16.949 5
3 16 9.71417 -24.0902 -8.07592 9.94846 -20.8622 -8.10815 9.89949 -21.8849 -5.10769
3 16 10 -17.612 -2.088 9.89949 -21.8849 -5.10769 10 -17.466 -3
3 16 10 -23 -20 10 -8 -13.856 10 -9.741 -12.694
3 16 9.75 -24 3.5 9.78757 -21.8619 7.18741 9.75 -27 9
3 16 7.43439 -43.2957 -40.0959 7.77618 -39.2384 -40.8 7.10402 -40.2152 -36.8172
3 16 7.30758 -41.0011 -12.0577 7.47668 -37.5951 -10.5292 8.15 -40.5 -8
3 16 10 0 -20 10 -4.141 -15.454 10 -6.123 -14.782
3 16 7.65443 -33.9051 -9.5338 7.47668 -37.5951 -10.5292 6.86344 -38.0219 -14.6976
3 16 7.986 -44 -47.215 8.112 -43 -48.834 8.28348 -39.6987 -45.1902
3 16 9.17392 -28.7569 -32.2313 8.86758 -30.283 -28.4817 8.0573 -32.8212 -31.6068
4 16 9.26 -23.096 -44 9.291 -23.709 -43 9.17741 -26.4766 -45.8165 9.229 -22.641 -45
3 16 6.86344 -38.0219 -14.6976 7.47668 -37.5951 -10.5292 7.30758 -41.0011 -12.0577
3 16 7.40779 -47.332 -39.9088 7.21492 -49.9468 -36.6238 7.49 -49 -40.871
3 16 7.62829 -34.5428 -34.2103 7.08663 -37.3578 -34.6466 7.84822 -34.8937 -37.9209
3 16 8.815 -32.293 -51.293 8.818 -32.076 -51.617 8.92404 -29.8322 -49.599
3 16 6.54168 -38.1371 -18.1189 6.90764 -35.4089 -20.0847 6.96541 -35.4623 -16.8379
3 16 6.54168 -38.1371 -18.1189 6.46326 -41.6955 -17.2253 6.30957 -39.5072 -21.7766
3 16 8.08534 -30.9422 -10.9702 7.65443 -33.9051 -9.5338 7.48695 -33.7457 -13.4052
3 16 7.02359 -44.9319 -36.7481 7.10402 -40.2152 -36.8172 6.59057 -42.7979 -33.776
3 16 6.93434 -49.6951 -29.7264 7.13075 -53.0588 -28.7379 7.1883 -52.926 -32.0592
3 16 7.48695 -33.7457 -13.4052 7.71638 -31.7156 -17.7458 8.46392 -28.7641 -13.9132
3 16 8.53437 -36.6984 -45.5816 8.28348 -39.6987 -45.1902 8.56737 -37.6551 -48.3316
3 16 9.94846 -20.8622 -8.10815 9.71417 -24.0902 -8.07592 9.65428 -23.9406 -12.4445
3 16 7.84822 -34.8937 -37.9209 8.65386 -30.9618 -38.378 8.73358 -30.4899 -35.2351
4 16 7.77618 -39.2384 -40.8 7.43439 -43.2957 -40.0959 7.84819 -42.9488 -43.4704 8.28348 -39.6987 -45.1902
3 16 9.75 -25 2.5 9.8564 -21.7915 1.08311 9.75 -24 3.5
3 16 8.818 -32.076 -51.617 8.819 -32 -52 8.92404 -29.8322 -49.599
3 16 9.81284 -23.6566 -1.36403 9.704 -26 2 9.22851 -28.0162 -0.746321
3 16 7.1883 -52.926 -32.0592 7.02381 -56.9243 -33.2978 7.1472 -54.7103 -35.5012
3 16 8.5 -35 -3 8.75 -42.5 -1 8.4324 -39.3121 -3.90366
3 16 7.86048 -32.9514 -5.85709 7.47668 -37.5951 -10.5292 7.65443 -33.9051 -9.5338
3 16 8.37591 -35.5403 -42.9094 8.53437 -36.6984 -45.5816 8.75782 -34.1814 -47.7995
3 16 6.08254 -42.9337 -25.2603 6.40746 -46.2758 -27.9657 6.32433 -42.0579 -29.9354
4 16 6.93434 -49.6951 -29.7264 6.70231 -46.4055 -32.3949 6.40746 -46.2758 -27.9657 6.80289 -50.3766 -26.5025
3 16 9.25887 -25.3613 -15.751 8.96271 -27.2881 -18.4608 9.985 -24.813 -20.5
3 16 6.90764 -35.4089 -20.0847 6.96449 -35.5042 -24.0509 7.6637 -32.4438 -21.9794
3 16 9.445 -28 -38 8.73358 -30.4899 -35.2351 8.65386 -30.9618 -38.378
3 16 8.86758 -30.283 -28.4817 9.753 -26.44 -28 9.784 -26.562 -27
3 16 8.94638 -27.0404 -9.62797 8.08534 -30.9422 -10.9702 8.46392 -28.7641 -13.9132
4 16 7.13075 -53.0588 -28.7379 6.93434 -49.6951 -29.7264 6.80289 -50.3766 -26.5025 7.08988 -54.6809 -25.4677
3 16 7.47668 -37.5951 -10.5292 8.00669 -36.9223 -6.43037 8.15 -40.5 -8
3 16 6.93434 -49.6951 -29.7264 7.1883 -52.926 -32.0592 7.08737 -49.66 -32.6795
3 16 9.75 -25 2.5 9.704 -26 2 9.81284 -23.6566 -1.36403
3 16 8.86758 -30.283 -28.4817 9.17392 -28.7569 -32.2313 9.722 -26.298 -29
3 16 8.86758 -30.283 -28.4817 8.87151 -29.5004 -23.785 7.87795 -32.6535 -25.5764
3 16 6.32433 -42.0579 -29.9354 6.92883 -37.1724 -31.1798 6.4598 -38.6424 -26.6935
3 16 7.86048 -32.9514 -5.85709 8.00669 -36.9223 -6.43037 7.47668 -37.5951 -10.5292
3 16 8.87151 -29.5004 -23.785 9.846 -26.869 -25 9.877 -26.921 -24
3 16 8.47949 -29.5982 -20.6618 8.96271 -27.2881 -18.4608 7.71638 -31.7156 -17.7458
3 16 6.40746 -46.2758 -27.9657 6.23725 -46.7861 -24.1554 6.80289 -50.3766 -26.5025
4 16 9.17741 -26.4766 -45.8165 9.12404 -28.2809 -41.849 8.90971 -30.9716 -44.575 8.92404 -29.8322 -49.599
3 16 8.144 -41.5 -8 7.30758 -41.0011 -12.0577 8.15 -40.5 -8
3 16 6.80289 -50.3766 -26.5025 6.23725 -46.7861 -24.1554 6.67659 -50.6891 -22.8999
3 16 9.22851 -28.0162 -0.746321 8.4 -32 -2.5 9.26713 -26.9444 -4.43349
3 16 7.08737 -49.66 -32.6795 7.21492 -49.9468 -36.6238 6.70231 -46.4055 -32.3949
3 16 7.87795 -32.6535 -25.5764 6.96449 -35.5042 -24.0509 7.39767 -34.6259 -28.0801
3 16 9.71417 -24.0902 -8.07592 9.89949 -21.8849 -5.10769 9.26713 -26.9444 -4.43349
3 16 8.87151 -29.5004 -23.785 9.815 -26.723 -26 9.846 -26.869 -25
3 16 9.65428 -23.9406 -12.4445 9.25887 -25.3613 -15.751 9.94297 -21.7547 -16.3574
3 16 7.62829 -34.5428 -34.2103 6.92883 -37.1724 -31.1798 7.08663 -37.3578 -34.6466
3 16 6.641 -58 -30 7.02381 -56.9243 -33.2978 7.1883 -52.926 -32.0592
3 16 7.93221 -44.6779 -9.97202 8.144 -41.5 -8 8.1 -49.5 -7.5
3 16 6.08254 -42.9337 -25.2603 6.32433 -42.0579 -29.9354 6.4598 -38.6424 -26.6935
3 16 7.13075 -53.0588 -28.7379 7.08988 -54.6809 -25.4677 6.641 -58 -30
3 16 7.08988 -54.6809 -25.4677 6.80289 -50.3766 -26.5025 6.67659 -50.6891 -22.8999
3 16 8.5 -35 -3 8.4324 -39.3121 -3.90366 8.00669 -36.9223 -6.43037
3 16 9.71417 -24.0902 -8.07592 8.94638 -27.0404 -9.62797 9.65428 -23.9406 -12.4445
3 16 8.86758 -30.283 -28.4817 9.784 -26.562 -27 9.815 -26.723 -26
3 16 7.39767 -34.6259 -28.0801 8.0573 -32.8212 -31.6068 8.86758 -30.283 -28.4817
3 16 7.55 -54.5 -13 7.344 -54.5 -15.25 7.16628 -49.9122 -16.4303
3 16 8.65386 -30.9618 -38.378 7.84822 -34.8937 -37.9209 8.64389 -32.0314 -41.3201
4 16 8.73358 -30.4899 -35.2351 9.17392 -28.7569 -32.2313 8.0573 -32.8212 -31.6068 7.62829 -34.5428 -34.2103
3 16 8.37591 -35.5403 -42.9094 8.28348 -39.6987 -45.1902 8.53437 -36.6984 -45.5816
3 16 7.43439 -43.2957 -40.0959 7.02359 -44.9319 -36.7481 7.40779 -47.332 -39.9088
3 16 8.819 -32 -52 8.818 -32.076 -52.383 8.85843 -28.8721 -53.9378
3 16 6.59057 -42.7979 -33.776 7.10402 -40.2152 -36.8172 6.62913 -39.961 -33.1696
3 16 8.96271 -27.2881 -18.4608 9.25887 -25.3613 -15.751 8.46392 -28.7641 -13.9132
3 16 6.46326 -41.6955 -17.2253 6.54011 -46.0064 -18.2515 6.08856 -43.9155 -21.2333
3 16 8.86758 -30.283 -28.4817 9.815 -26.723 -26 8.87151 -29.5004 -23.785
3 16 8.87151 -29.5004 -23.785 7.6637 -32.4438 -21.9794 7.87795 -32.6535 -25.5764
3 16 6.46326 -41.6955 -17.2253 6.08856 -43.9155 -21.2333 6.30957 -39.5072 -21.7766
3 16 8.47949 -29.5982 -20.6618 7.71638 -31.7156 -17.7458 7.6637 -32.4438 -21.9794
3 16 6.08254 -42.9337 -25.2603 6.23725 -46.7861 -24.1554 6.40746 -46.2758 -27.9657
3 16 8.516 -40 -54 8.58986 -37.3695 -51.8608 8.379 -41 -52.249
3 16 6.67659 -50.6891 -22.8999 6.98971 -53.9347 -22.2747 7.08988 -54.6809 -25.4677
3 16 6.67659 -50.6891 -22.8999 6.21579 -47.0914 -21.083 6.68187 -49.4934 -19.773
3 16 8.2 -41 -6.5 8.00669 -36.9223 -6.43037 8.4324 -39.3121 -3.90366
3 16 7.6637 -32.4438 -21.9794 6.96449 -35.5042 -24.0509 7.87795 -32.6535 -25.5764
3 16 9.985 -24.813 -20.5 9.94297 -21.7547 -16.3574 9.25887 -25.3613 -15.751
3 16 9.35 -33.75 5 9.15 -36.5 3 9.01622 -32.3716 2.06149
3 16 9.29223 -29.5108 1.83506 9.01622 -32.3716 2.06149 8.442 -32.25 -1.5
3 16 9.00327 -25.629 -49.9097 8.951 -23.5 -54 8.982 -22.917 -53
3 16 6.70231 -46.4055 -32.3949 6.93434 -49.6951 -29.7264 7.08737 -49.66 -32.6795
3 16 9.198 -22.323 -46 9.00327 -25.629 -49.9097 9.167 -22.124 -47
3 16 8.815 -32.293 -52.707 8.85843 -28.8721 -53.9378 8.818 -32.076 -52.383
3 16 9.722 -26.298 -29 9.753 -26.44 -28 8.86758 -30.283 -28.4817
3 16 8.516 -40 -54 8.594 -39 -55 8.58986 -37.3695 -51.8608
3 16 7.71638 -31.7156 -17.7458 6.90764 -35.4089 -20.0847 7.6637 -32.4438 -21.9794
3 16 6.08856 -43.9155 -21.2333 6.08254 -42.9337 -25.2603 6.30957 -39.5072 -21.7766
3 16 8.144 -41.5 -8 7.93221 -44.6779 -9.97202 7.30758 -41.0011 -12.0577
3 16 8.442 -32.25 -1.5 9.22851 -28.0162 -0.746321 9.29223 -29.5108 1.83506
3 16 6.90764 -35.4089 -20.0847 6.54168 -38.1371 -18.1189 6.30957 -39.5072 -21.7766
3 16 7.203 -57 -37.2 7.254 -56 -37.851 7.1472 -54.7103 -35.5012
3 16 6.90764 -35.4089 -20.0847 6.30957 -39.5072 -21.7766 6.96449 -35.5042 -24.0509
3 16 8.73358 -30.4899 -35.2351 9.568 -26.5 -34 9.17392 -28.7569 -32.2313
4 16 8.58986 -37.3695 -51.8608 8.594 -39 -55 8.659 -38 -55.833 8.79 -33.924 -52.383
3 16 8.27916 -30.1868 -7.44024 8.94638 -27.0404 -9.62797 9.26713 -26.9444 -4.43349
3 16 7.1472 -54.7103 -35.5012 7.254 -56 -37.851 7.292 -55 -38.343
3 16 7.87795 -32.6535 -25.5764 7.39767 -34.6259 -28.0801 8.86758 -30.283 -28.4817
0 // Added lines/Condlines
5 24 6.98971 -53.9347 -22.2747 6.79283 -60.1902 -25.6343 7.08988 -54.6809 -25.4677 7.25 -56 -16
5 24 6.79283 -60.1902 -25.6343 7.08988 -54.6809 -25.4677 6.98971 -53.9347 -22.2747 6.641 -58 -30
5 24 7.08988 -54.6809 -25.4677 6.98971 -53.9347 -22.2747 6.79283 -60.1902 -25.6343 6.67659 -50.6891 -22.8999
5 24 6.79283 -60.1902 -25.6343 6.539 -64.5 -28.7 6.562 -63.005 -28.999 6.512 -66.25 -20.22
5 24 6.406 -73 -23 6.406 -73 -27 6.512 -66.25 -28.35 6.367 -73.716 -23.5
5 24 6.512 -66.25 -20.22 6.539 -64.5 -28.7 6.79283 -60.1902 -25.6343 6.512 -66.25 -28.35
5 24 6.79283 -60.1902 -25.6343 6.512 -66.25 -20.22 6.539 -64.5 -28.7 6.539 -64.5 -19.5
5 24 6.406 -73 -27 6.328 -74.307 -24 6.367 -74.12 -26.5 6.367 -73.716 -23.5
5 24 6.328 -74.307 -24 6.367 -74.12 -26.5 6.406 -73 -27 6.328 -74.769 -26
5 24 6.641 -58 -30 6.79283 -60.1902 -25.6343 6.626 -58.975 -29.805 7.08988 -54.6809 -25.4677
5 24 6.641 -58 -30 7.08988 -54.6809 -25.4677 6.79283 -60.1902 -25.6343 7.13075 -53.0588 -28.7379
5 24 7.344 -54.5 -15.25 7.55 -54.5 -13 7.4 -55.25 -14.5 7.16628 -49.9122 -16.4303
5 24 7.55 -54.5 -13 7.4 -55.25 -14.5 7.344 -54.5 -15.25 5.697 -58.5 -13
5 24 5.723 -58.5 -13.5 5.697 -58.5 -13 5.465 -59 -13 7.4 -55.25 -14.5
5 24 5.697 -58.5 -13 7.4 -55.25 -14.5 7.55 -54.5 -13 5.723 -58.5 -13.5
5 24 7.704 -49.5 -12.5 7.16628 -49.9122 -16.4303 7.75 -48 -12 7.55 -54.5 -13
5 24 7.16628 -49.9122 -16.4303 7.75 -48 -12 7.704 -49.5 -12.5 7.0898 -44.9951 -14.6169
5 24 7.75 -48 -12 7.93221 -44.6779 -9.97202 7.75 -48 -10.5 7.0898 -44.9951 -14.6169
5 24 7.93221 -44.6779 -9.97202 7.75 -48 -10.5 7.75 -48 -12 8.1 -49.5 -7.5
5 24 8.1 -49.5 -7.5 7.95 -50.75 -9 7.75 -48 -10.5 6.654 -52.5 -7.2
5 24 7.75 -48 -10.5 8.1 -49.5 -7.5 7.95 -50.75 -9 7.93221 -44.6779 -9.97202
5 24 6.654 -52.5 -7.2 7.95 -50.75 -9 8.1 -49.5 -7.5 6.552 -53 -8
5 24 6.654 -52.5 -7.2 6.552 -53 -8 7.95 -50.75 -9 5.931 -54 -7
5 24 8.00669 -36.9223 -6.43037 7.86048 -32.9514 -5.85709 8.5 -35 -3 7.47668 -37.5951 -10.5292
5 24 8.5 -35 -3 8.00669 -36.9223 -6.43037 7.86048 -32.9514 -5.85709 8.4324 -39.3121 -3.90366
5 24 8.4 -32 -2.5 9.22851 -28.0162 -0.746321 8.442 -32.25 -1.5 9.26713 -26.9444 -4.43349
5 24 9.22851 -28.0162 -0.746321 8.442 -32.25 -1.5 8.4 -32 -2.5 9.29223 -29.5108 1.83506
5 24 8.442 -32.25 -1.5 9.01622 -32.3716 2.06149 9.15 -36.5 3 9.29223 -29.5108 1.83506
5 24 9.01622 -32.3716 2.06149 9.15 -36.5 3 8.442 -32.25 -1.5 9.35 -33.75 5
5 24 9.15 -36.5 3 9.35 -33.75 5 8.698 -37.5 5.75 9.01622 -32.3716 2.06149
5 24 8.782 -36.5 6.5 8.698 -37.5 5.75 9.35 -33.75 5 8.472 -38 7
5 24 9.26713 -26.9444 -4.43349 8.4 -32 -2.5 8.27916 -30.1868 -7.44024 9.22851 -28.0162 -0.746321
5 24 8.27916 -30.1868 -7.44024 9.26713 -26.9444 -4.43349 8.4 -32 -2.5 8.94638 -27.0404 -9.62797
5 24 9.26713 -26.9444 -4.43349 9.89949 -21.8849 -5.10769 9.81284 -23.6566 -1.36403 9.71417 -24.0902 -8.07592
5 24 9.89949 -21.8849 -5.10769 9.81284 -23.6566 -1.36403 9.26713 -26.9444 -4.43349 9.8564 -21.7915 1.08311
5 24 9.81284 -23.6566 -1.36403 9.26713 -26.9444 -4.43349 9.89949 -21.8849 -5.10769 9.22851 -28.0162 -0.746321
5 24 9.985 -24.813 -20.5 8.96271 -27.2881 -18.4608 9.969 -26 -21.25 9.25887 -25.3613 -15.751
5 24 8.96271 -27.2881 -18.4608 9.969 -26 -21.25 9.985 -24.813 -20.5 9.938 -26.5 -22
5 24 9.938 -26.5 -22 8.96271 -27.2881 -18.4608 8.47949 -29.5982 -20.6618 9.969 -26 -21.25
5 24 8.96271 -27.2881 -18.4608 8.47949 -29.5982 -20.6618 9.938 -26.5 -22 7.71638 -31.7156 -17.7458
5 24 8.47949 -29.5982 -20.6618 9.938 -26.5 -22 8.96271 -27.2881 -18.4608 8.87151 -29.5004 -23.785
5 24 6.46326 -41.6955 -17.2253 6.86344 -38.0219 -14.6976 7.30758 -41.0011 -12.0577 6.54168 -38.1371 -18.1189
5 24 6.86344 -38.0219 -14.6976 7.30758 -41.0011 -12.0577 6.46326 -41.6955 -17.2253 7.47668 -37.5951 -10.5292
5 24 7.30758 -41.0011 -12.0577 6.46326 -41.6955 -17.2253 6.86344 -38.0219 -14.6976 7.0898 -44.9951 -14.6169
5 24 8.87151 -29.5004 -23.785 9.923 -26.671 -22.5 9.938 -26.5 -22 9.907 -26.8 -23
5 24 9.722 -26.298 -29 9.17392 -28.7569 -32.2313 9.692 -26.2 -30 8.86758 -30.283 -28.4817
5 24 9.17392 -28.7569 -32.2313 9.692 -26.2 -30 9.722 -26.298 -29 9.661 -26.179 -31
5 24 9.17392 -28.7569 -32.2313 9.661 -26.179 -31 9.692 -26.2 -30 9.63 -26.215 -32
5 24 9.17392 -28.7569 -32.2313 9.63 -26.215 -32 9.661 -26.179 -31 9.599 -26.318 -33
5 24 7.77618 -39.2384 -40.8 8.28348 -39.6987 -45.1902 8.37591 -35.5403 -42.9094 7.84819 -42.9488 -43.4704
5 24 8.28348 -39.6987 -45.1902 8.37591 -35.5403 -42.9094 7.77618 -39.2384 -40.8 8.53437 -36.6984 -45.5816
5 24 7.986 -44 -47.215 7.84819 -42.9488 -43.4704 7.866 -45 -45.683 8.28348 -39.6987 -45.1902
5 24 7.84819 -42.9488 -43.4704 7.866 -45 -45.683 7.986 -44 -47.215 7.755 -46 -44.26
5 24 8.28348 -39.6987 -45.1902 7.84819 -42.9488 -43.4704 7.986 -44 -47.215 7.77618 -39.2384 -40.8
5 24 7.986 -44 -47.215 8.28348 -39.6987 -45.1902 7.84819 -42.9488 -43.4704 8.112 -43 -48.834
5 24 7.43439 -43.2957 -40.0959 7.654 -47 -42.97 7.84819 -42.9488 -43.4704 7.40779 -47.332 -39.9088
5 24 7.654 -47 -42.97 7.84819 -42.9488 -43.4704 7.43439 -43.2957 -40.0959 7.755 -46 -44.26
5 24 7.84819 -42.9488 -43.4704 7.43439 -43.2957 -40.0959 7.654 -47 -42.97 7.77618 -39.2384 -40.8
5 24 6.70231 -46.4055 -32.3949 6.59057 -42.7979 -33.776 6.32433 -42.0579 -29.9354 7.02359 -44.9319 -36.7481
5 24 6.59057 -42.7979 -33.776 6.32433 -42.0579 -29.9354 6.70231 -46.4055 -32.3949 6.62913 -39.961 -33.1696
5 24 6.21579 -47.0914 -21.083 6.23725 -46.7861 -24.1554 6.08856 -43.9155 -21.2333 6.67659 -50.6891 -22.8999
5 24 6.08856 -43.9155 -21.2333 6.21579 -47.0914 -21.083 6.23725 -46.7861 -24.1554 6.54011 -46.0064 -18.2515
5 24 7.16628 -49.9122 -16.4303 6.93345 -53.0981 -19.1473 6.68187 -49.4934 -19.773 7.344 -54.5 -15.25
5 24 6.93345 -53.0981 -19.1473 6.68187 -49.4934 -19.773 7.16628 -49.9122 -16.4303 6.67659 -50.6891 -22.8999
5 24 6.68187 -49.4934 -19.773 7.16628 -49.9122 -16.4303 6.93345 -53.0981 -19.1473 6.54011 -46.0064 -18.2515
5 24 7.141 -58 -36.4 7.02381 -56.9243 -33.2978 7.148 -58.725 -36.5 7.1472 -54.7103 -35.5012
5 24 7.02381 -56.9243 -33.2978 7.148 -58.725 -36.5 7.141 -58 -36.4 6.641 -58 -30
5 24 6.79283 -60.1902 -25.6343 6.539 -64.5 -19.5 6.512 -66.25 -20.22 7.25 -56 -16
5 24 6.93345 -53.0981 -19.1473 7.25 -56 -16 6.98971 -53.9347 -22.2747 7.344 -54.5 -15.25
5 24 7.25 -56 -16 6.98971 -53.9347 -22.2747 6.93345 -53.0981 -19.1473 6.79283 -60.1902 -25.6343
5 24 6.98971 -53.9347 -22.2747 6.93345 -53.0981 -19.1473 7.25 -56 -16 6.67659 -50.6891 -22.8999
5 24 6.21579 -47.0914 -21.083 6.54011 -46.0064 -18.2515 6.68187 -49.4934 -19.773 6.08856 -43.9155 -21.2333
5 24 6.54011 -46.0064 -18.2515 6.68187 -49.4934 -19.773 6.21579 -47.0914 -21.083 7.16628 -49.9122 -16.4303
5 24 6.68187 -49.4934 -19.773 6.21579 -47.0914 -21.083 6.54011 -46.0064 -18.2515 6.67659 -50.6891 -22.8999
5 24 6.08856 -43.9155 -21.2333 6.54011 -46.0064 -18.2515 6.21579 -47.0914 -21.083 6.46326 -41.6955 -17.2253
5 24 6.96449 -35.5042 -24.0509 6.30957 -39.5072 -21.7766 6.4598 -38.6424 -26.6935 6.90764 -35.4089 -20.0847
5 24 6.30957 -39.5072 -21.7766 6.4598 -38.6424 -26.6935 6.96449 -35.5042 -24.0509 6.08254 -42.9337 -25.2603
5 24 6.4598 -38.6424 -26.6935 6.96449 -35.5042 -24.0509 6.30957 -39.5072 -21.7766 7.39767 -34.6259 -28.0801
5 24 6.62913 -39.961 -33.1696 6.92883 -37.1724 -31.1798 6.32433 -42.0579 -29.9354 7.08663 -37.3578 -34.6466
5 24 6.92883 -37.1724 -31.1798 6.32433 -42.0579 -29.9354 6.62913 -39.961 -33.1696 6.4598 -38.6424 -26.6935
5 24 6.32433 -42.0579 -29.9354 6.62913 -39.961 -33.1696 6.92883 -37.1724 -31.1798 6.59057 -42.7979 -33.776
5 24 7.08663 -37.3578 -34.6466 6.62913 -39.961 -33.1696 7.10402 -40.2152 -36.8172 6.92883 -37.1724 -31.1798
5 24 6.62913 -39.961 -33.1696 7.10402 -40.2152 -36.8172 7.08663 -37.3578 -34.6466 6.59057 -42.7979 -33.776
5 24 7.10402 -40.2152 -36.8172 7.08663 -37.3578 -34.6466 6.62913 -39.961 -33.1696 7.84822 -34.8937 -37.9209
5 24 7.08663 -37.3578 -34.6466 6.92883 -37.1724 -31.1798 6.62913 -39.961 -33.1696 7.62829 -34.5428 -34.2103
5 24 7.71638 -31.7156 -17.7458 7.48695 -33.7457 -13.4052 6.96541 -35.4623 -16.8379 8.46392 -28.7641 -13.9132
5 24 7.48695 -33.7457 -13.4052 6.96541 -35.4623 -16.8379 7.71638 -31.7156 -17.7458 6.86344 -38.0219 -14.6976
5 24 6.96541 -35.4623 -16.8379 7.71638 -31.7156 -17.7458 7.48695 -33.7457 -13.4052 6.90764 -35.4089 -20.0847
5 24 7.48695 -33.7457 -13.4052 6.86344 -38.0219 -14.6976 6.96541 -35.4623 -16.8379 7.65443 -33.9051 -9.5338
5 24 6.46326 -41.6955 -17.2253 6.54168 -38.1371 -18.1189 6.86344 -38.0219 -14.6976 6.30957 -39.5072 -21.7766
5 24 6.54168 -38.1371 -18.1189 6.86344 -38.0219 -14.6976 6.46326 -41.6955 -17.2253 6.96541 -35.4623 -16.8379
5 24 6.30957 -39.5072 -21.7766 6.08254 -42.9337 -25.2603 6.4598 -38.6424 -26.6935 6.08856 -43.9155 -21.2333
5 24 6.08254 -42.9337 -25.2603 6.4598 -38.6424 -26.6935 6.30957 -39.5072 -21.7766 6.32433 -42.0579 -29.9354
5 24 7.1472 -54.7103 -35.5012 7.21492 -49.9468 -36.6238 7.1883 -52.926 -32.0592 7.32 -54 -38.7
5 24 7.21492 -49.9468 -36.6238 7.1883 -52.926 -32.0592 7.1472 -54.7103 -35.5012 7.08737 -49.66 -32.6795
5 24 7.1883 -52.926 -32.0592 7.1472 -54.7103 -35.5012 7.21492 -49.9468 -36.6238 7.02381 -56.9243 -33.2978
5 24 7.341 -53 -38.958 7.21492 -49.9468 -36.6238 7.32 -54 -38.7 7.36 -52 -39.21
5 24 7.36 -52 -39.21 7.21492 -49.9468 -36.6238 7.341 -53 -38.958 7.388 -51 -39.56
5 24 7.388 -51 -39.56 7.21492 -49.9468 -36.6238 7.36 -52 -39.21 7.43 -50 -40.106
5 24 7.43 -50 -40.106 7.21492 -49.9468 -36.6238 7.388 -51 -39.56 7.49 -49 -40.871
5 24 7.49 -49 -40.871 7.21492 -49.9468 -36.6238 7.43 -50 -40.106 7.40779 -47.332 -39.9088
5 24 7.40779 -47.332 -39.9088 7.49 -49 -40.871 7.565 -48 -41.832 7.21492 -49.9468 -36.6238
5 24 6.70231 -46.4055 -32.3949 7.21492 -49.9468 -36.6238 7.02359 -44.9319 -36.7481 7.08737 -49.66 -32.6795
5 24 7.02359 -44.9319 -36.7481 6.70231 -46.4055 -32.3949 7.21492 -49.9468 -36.6238 6.59057 -42.7979 -33.776
5 24 10 -23 -20 9.94297 -21.7547 -16.3574 9.985 -24.813 -20.5 10 -12.694 -9.741
5 24 9.94297 -21.7547 -16.3574 9.985 -24.813 -20.5 10 -23 -20 9.25887 -25.3613 -15.751
5 24 7.43439 -43.2957 -40.0959 7.40779 -47.332 -39.9088 7.654 -47 -42.97 7.02359 -44.9319 -36.7481
5 24 8.58986 -37.3695 -51.8608 8.244 -42 -50.52 8.379 -41 -52.249 8.56737 -37.6551 -48.3316
5 24 8.79 -33.924 -51.617 8.58986 -37.3695 -51.8608 8.789 -34 -52 8.794 -33.707 -51.293
5 24 8.58986 -37.3695 -51.8608 8.789 -34 -52 8.79 -33.924 -51.617 8.79 -33.924 -52.383
5 24 8.794 -33.707 -51.293 8.58986 -37.3695 -51.8608 8.79 -33.924 -51.617 8.56737 -37.6551 -48.3316
5 24 8.806 -33 -51 8.75782 -34.1814 -47.7995 8.799 -33.383 -51.076 8.811 -32.617 -51.076
5 24 8.811 -32.617 -51.076 8.75782 -34.1814 -47.7995 8.806 -33 -51 8.92404 -29.8322 -49.599
5 24 7.10402 -40.2152 -36.8172 7.77618 -39.2384 -40.8 7.84822 -34.8937 -37.9209 7.43439 -43.2957 -40.0959
5 24 7.77618 -39.2384 -40.8 7.84822 -34.8937 -37.9209 7.10402 -40.2152 -36.8172 8.37591 -35.5403 -42.9094
5 24 7.0898 -44.9951 -14.6169 7.75 -48 -12 7.16628 -49.9122 -16.4303 7.93221 -44.6779 -9.97202
5 24 9.573 -20 17.5 10 -9.741 12.694 9.957 -10 19.75 10 -11.314 11.314
5 24 10 -9.741 12.694 9.957 -10 19.75 9.573 -20 17.5 10 0 20
5 24 6.59057 -42.7979 -33.776 6.62913 -39.961 -33.1696 6.32433 -42.0579 -29.9354 7.10402 -40.2152 -36.8172
5 24 6.96541 -35.4623 -16.8379 6.90764 -35.4089 -20.0847 7.71638 -31.7156 -17.7458 6.54168 -38.1371 -18.1189
5 24 6.90764 -35.4089 -20.0847 7.71638 -31.7156 -17.7458 6.96541 -35.4623 -16.8379 7.6637 -32.4438 -21.9794
5 24 6.67659 -50.6891 -22.8999 6.68187 -49.4934 -19.773 6.93345 -53.0981 -19.1473 6.21579 -47.0914 -21.083
5 24 6.93345 -53.0981 -19.1473 6.67659 -50.6891 -22.8999 6.68187 -49.4934 -19.773 6.98971 -53.9347 -22.2747
5 24 10 -17.466 -3 9.89949 -21.8849 -5.10769 10 -16.949 -5 10 -17.612 -2.088
5 24 9.89949 -21.8849 -5.10769 10 -16.949 -5 10 -17.466 -3 9.94846 -20.8622 -8.10815
5 24 9.00327 -25.629 -49.9097 9.044 -22.187 -51 9.106 -22 -49 9.013 -22.5 -52
5 24 8.0573 -32.8212 -31.6068 6.92883 -37.1724 -31.1798 7.62829 -34.5428 -34.2103 7.39767 -34.6259 -28.0801
5 24 6.92883 -37.1724 -31.1798 7.62829 -34.5428 -34.2103 8.0573 -32.8212 -31.6068 7.08663 -37.3578 -34.6466
5 24 7.62829 -34.5428 -34.2103 8.0573 -32.8212 -31.6068 6.92883 -37.1724 -31.1798 8.73358 -30.4899 -35.2351
5 24 9.29223 -29.5108 1.83506 9.704 -26 2 9.35 -33.75 5 9.22851 -28.0162 -0.746321
5 24 7.02359 -44.9319 -36.7481 7.43439 -43.2957 -40.0959 7.10402 -40.2152 -36.8172 7.40779 -47.332 -39.9088
5 24 7.43439 -43.2957 -40.0959 7.10402 -40.2152 -36.8172 7.02359 -44.9319 -36.7481 7.77618 -39.2384 -40.8
5 24 7.10402 -40.2152 -36.8172 7.02359 -44.9319 -36.7481 7.43439 -43.2957 -40.0959 6.59057 -42.7979 -33.776
5 24 8.94638 -27.0404 -9.62797 8.46392 -28.7641 -13.9132 9.65428 -23.9406 -12.4445 8.08534 -30.9422 -10.9702
5 24 9.65428 -23.9406 -12.4445 8.94638 -27.0404 -9.62797 8.46392 -28.7641 -13.9132 9.71417 -24.0902 -8.07592
5 24 8.815 -32.293 -51.293 8.92404 -29.8322 -49.599 8.811 -32.617 -51.076 8.818 -32.076 -51.617
5 24 8.92404 -29.8322 -49.599 8.811 -32.617 -51.076 8.815 -32.293 -51.293 8.75782 -34.1814 -47.7995
5 24 7.25 -56 -16 6.79283 -60.1902 -25.6343 6.98971 -53.9347 -22.2747 6.539 -64.5 -19.5
5 24 6.93345 -53.0981 -19.1473 7.344 -54.5 -15.25 7.25 -56 -16 7.16628 -49.9122 -16.4303
5 24 8.47949 -29.5982 -20.6618 7.6637 -32.4438 -21.9794 8.87151 -29.5004 -23.785 7.71638 -31.7156 -17.7458
5 24 7.6637 -32.4438 -21.9794 8.87151 -29.5004 -23.785 8.47949 -29.5982 -20.6618 7.87795 -32.6535 -25.5764
5 24 8.87151 -29.5004 -23.785 8.47949 -29.5982 -20.6618 7.6637 -32.4438 -21.9794 9.938 -26.5 -22
5 24 9.013 -22.5 -52 9.00327 -25.629 -49.9097 8.982 -22.917 -53 9.044 -22.187 -51
5 24 9.00327 -25.629 -49.9097 8.982 -22.917 -53 9.013 -22.5 -52 8.951 -23.5 -54
5 24 9.8564 -21.7915 1.08311 9.81284 -23.6566 -1.36403 9.89949 -21.8849 -5.10769 9.75 -25 2.5
5 24 8.85843 -28.8721 -53.9378 8.921 -24.5 -55 8.951 -23.5 -54 8.89 -26 -56
5 24 8.85843 -28.8721 -53.9378 8.89 -26 -56 8.921 -24.5 -55 8.85 -27.599 -57
5 24 9.65428 -23.9406 -12.4445 9.94297 -21.7547 -16.3574 9.94846 -20.8622 -8.10815 9.25887 -25.3613 -15.751
5 24 9.94297 -21.7547 -16.3574 9.94846 -20.8622 -8.10815 9.65428 -23.9406 -12.4445 10 -12.694 -9.741
5 24 9.94846 -20.8622 -8.10815 9.65428 -23.9406 -12.4445 9.94297 -21.7547 -16.3574 9.71417 -24.0902 -8.07592
5 24 8.85843 -28.8721 -53.9378 8.85 -27.599 -57 8.89 -26 -56 8.82 -30.5 -57.9
5 24 8.811 -32.617 -52.924 8.82 -30.5 -57.9 8.815 -32.293 -52.707 8.828 -31 -58
5 24 8.82 -30.5 -57.9 8.815 -32.293 -52.707 8.811 -32.617 -52.924 8.85843 -28.8721 -53.9378
5 24 8.811 -32.617 -52.924 8.828 -31 -58 8.82 -30.5 -57.9 8.819 -32 -57.889
5 24 8.811 -32.617 -52.924 8.819 -32 -57.889 8.828 -31 -58 8.806 -33 -57.722
5 24 8.806 -33 -53 8.806 -33 -57.722 8.811 -32.617 -52.924 8.789 -34 -57.5
5 24 8.799 -33.383 -52.924 8.77 -35 -57.259 8.789 -34 -57.5 8.747 -36 -56.963
5 24 8.747 -36 -56.963 8.794 -33.707 -52.707 8.711 -37 -56.5 8.799 -33.383 -52.924
5 24 8.794 -33.707 -52.707 8.711 -37 -56.5 8.747 -36 -56.963 8.659 -38 -55.833
5 24 8.794 -33.707 -52.707 8.659 -38 -55.833 8.711 -37 -56.5 8.79 -33.924 -52.383
5 24 8.79 -33.924 -52.383 8.659 -38 -55.833 8.794 -33.707 -52.707 8.58986 -37.3695 -51.8608
5 24 8.56737 -37.6551 -48.3316 8.244 -42 -50.52 8.58986 -37.3695 -51.8608 8.112 -43 -48.834
5 24 8.58986 -37.3695 -51.8608 8.56737 -37.6551 -48.3316 8.244 -42 -50.52 8.794 -33.707 -51.293
5 24 10 -17.466 3 9.89049 -20.5357 3.67315 10 -17.612 2.088 10 -16.949 5
5 24 8.58986 -37.3695 -51.8608 8.79 -33.924 -52.383 8.789 -34 -52 8.659 -38 -55.833
5 24 8.46392 -28.7641 -13.9132 7.71638 -31.7156 -17.7458 8.96271 -27.2881 -18.4608 7.48695 -33.7457 -13.4052
5 24 7.71638 -31.7156 -17.7458 8.96271 -27.2881 -18.4608 8.46392 -28.7641 -13.9132 8.47949 -29.5982 -20.6618
5 24 8.96271 -27.2881 -18.4608 8.46392 -28.7641 -13.9132 7.71638 -31.7156 -17.7458 9.25887 -25.3613 -15.751
5 24 7.1472 -54.7103 -35.5012 7.292 -55 -38.343 7.32 -54 -38.7 7.254 -56 -37.851
5 24 7.32 -54 -38.7 7.1472 -54.7103 -35.5012 7.292 -55 -38.343 7.21492 -49.9468 -36.6238
5 24 6.4598 -38.6424 -26.6935 6.92883 -37.1724 -31.1798 7.39767 -34.6259 -28.0801 6.32433 -42.0579 -29.9354
5 24 6.92883 -37.1724 -31.1798 7.39767 -34.6259 -28.0801 6.4598 -38.6424 -26.6935 8.0573 -32.8212 -31.6068
5 24 7.39767 -34.6259 -28.0801 6.4598 -38.6424 -26.6935 6.92883 -37.1724 -31.1798 6.96449 -35.5042 -24.0509
5 24 9.12404 -28.2809 -41.849 9.291 -23.709 -43 9.321 -24.5 -42 9.17741 -26.4766 -45.8165
5 24 9.321 -24.5 -42 9.12404 -28.2809 -41.849 9.291 -23.709 -43 9.352 -25.461 -41
5 24 9.352 -25.461 -41 9.12404 -28.2809 -41.849 9.321 -24.5 -42 9.383 -26.623 -40
5 24 9.383 -26.623 -40 9.12404 -28.2809 -41.849 9.352 -25.461 -41 9.414 -27.583 -39
5 24 8.08534 -30.9422 -10.9702 7.48695 -33.7457 -13.4052 8.46392 -28.7641 -13.9132 7.65443 -33.9051 -9.5338
5 24 7.48695 -33.7457 -13.4052 8.46392 -28.7641 -13.9132 8.08534 -30.9422 -10.9702 7.71638 -31.7156 -17.7458
5 24 8.46392 -28.7641 -13.9132 8.08534 -30.9422 -10.9702 7.48695 -33.7457 -13.4052 8.94638 -27.0404 -9.62797
5 24 9.81284 -23.6566 -1.36403 9.22851 -28.0162 -0.746321 9.26713 -26.9444 -4.43349 9.704 -26 2
5 24 9.22851 -28.0162 -0.746321 9.26713 -26.9444 -4.43349 9.81284 -23.6566 -1.36403 8.4 -32 -2.5
5 24 9.167 -22.124 -47 9.00327 -25.629 -49.9097 9.136 -22.023 -48 9.198 -22.323 -46
5 24 9.00327 -25.629 -49.9097 9.136 -22.023 -48 9.167 -22.124 -47 9.106 -22 -49
5 24 6.54168 -38.1371 -18.1189 6.96541 -35.4623 -16.8379 6.86344 -38.0219 -14.6976 6.90764 -35.4089 -20.0847
5 24 9.414 -27.583 -39 9.12404 -28.2809 -41.849 9.383 -26.623 -40 9.445 -28 -38
5 24 9.445 -28 -38 9.12404 -28.2809 -41.849 9.414 -27.583 -39 8.65386 -30.9618 -38.378
5 24 8.27916 -30.1868 -7.44024 8.08534 -30.9422 -10.9702 8.94638 -27.0404 -9.62797 7.65443 -33.9051 -9.5338
5 24 8.08534 -30.9422 -10.9702 8.94638 -27.0404 -9.62797 8.27916 -30.1868 -7.44024 8.46392 -28.7641 -13.9132
5 24 8.94638 -27.0404 -9.62797 8.27916 -30.1868 -7.44024 8.08534 -30.9422 -10.9702 9.26713 -26.9444 -4.43349
5 24 9.12404 -28.2809 -41.849 9.17741 -26.4766 -45.8165 9.291 -23.709 -43 8.90971 -30.9716 -44.575
5 24 9.17741 -26.4766 -45.8165 9.291 -23.709 -43 9.12404 -28.2809 -41.849 9.26 -23.096 -44
5 24 8.73358 -30.4899 -35.2351 9.445 -28 -38 9.476 -27.968 -37 8.65386 -30.9618 -38.378
5 24 9.476 -27.968 -37 8.73358 -30.4899 -35.2351 9.445 -28 -38 9.507 -27.505 -36
5 24 9.507 -27.505 -36 8.73358 -30.4899 -35.2351 9.476 -27.968 -37 9.537 -26.914 -35
5 24 7.02381 -56.9243 -33.2978 6.641 -58 -30 7.148 -58.725 -36.5 7.1883 -52.926 -32.0592
5 24 8.75782 -34.1814 -47.7995 8.53437 -36.6984 -45.5816 8.56737 -37.6551 -48.3316 8.37591 -35.5403 -42.9094
5 24 8.53437 -36.6984 -45.5816 8.56737 -37.6551 -48.3316 8.75782 -34.1814 -47.7995 8.28348 -39.6987 -45.1902
5 24 8.56737 -37.6551 -48.3316 8.75782 -34.1814 -47.7995 8.53437 -36.6984 -45.5816 8.794 -33.707 -51.293
5 24 9.537 -26.914 -35 8.73358 -30.4899 -35.2351 9.507 -27.505 -36 9.568 -26.5 -34
5 24 9.568 -26.5 -34 8.73358 -30.4899 -35.2351 9.537 -26.914 -35 9.17392 -28.7569 -32.2313
5 24 9.599 -26.318 -33 9.17392 -28.7569 -32.2313 9.568 -26.5 -34 9.63 -26.215 -32
5 24 9.17392 -28.7569 -32.2313 9.568 -26.5 -34 9.599 -26.318 -33 8.73358 -30.4899 -35.2351
5 24 7.1472 -54.7103 -35.5012 7.02381 -56.9243 -33.2978 7.141 -58 -36.4 7.1883 -52.926 -32.0592
5 24 9.75 -27 9 9.7499 -23.9036 11.2461 8.975 -28.25 14 9.78757 -21.8619 7.18741
5 24 9.7499 -23.9036 11.2461 8.975 -28.25 14 9.75 -27 9 9.573 -20 17.5
5 24 8.37591 -35.5403 -42.9094 8.64389 -32.0314 -41.3201 7.84822 -34.8937 -37.9209 8.90971 -30.9716 -44.575
5 24 8.64389 -32.0314 -41.3201 7.84822 -34.8937 -37.9209 8.37591 -35.5403 -42.9094 8.65386 -30.9618 -38.378
5 24 7.84822 -34.8937 -37.9209 8.37591 -35.5403 -42.9094 8.64389 -32.0314 -41.3201 7.77618 -39.2384 -40.8
5 24 7.16628 -49.9122 -16.4303 6.54011 -46.0064 -18.2515 7.0898 -44.9951 -14.6169 6.68187 -49.4934 -19.773
5 24 6.54011 -46.0064 -18.2515 7.0898 -44.9951 -14.6169 7.16628 -49.9122 -16.4303 6.46326 -41.6955 -17.2253
5 24 9.8564 -21.7915 1.08311 10 -17.75 0 10 -17.612 2.088 9.89949 -21.8849 -5.10769
5 24 7.93221 -44.6779 -9.97202 8.1 -49.5 -7.5 7.75 -48 -10.5 8.144 -41.5 -8
5 24 8.92404 -29.8322 -49.599 8.90971 -30.9716 -44.575 8.75782 -34.1814 -47.7995 9.17741 -26.4766 -45.8165
5 24 8.90971 -30.9716 -44.575 8.75782 -34.1814 -47.7995 8.92404 -29.8322 -49.599 8.37591 -35.5403 -42.9094
5 24 8.37591 -35.5403 -42.9094 8.75782 -34.1814 -47.7995 8.90971 -30.9716 -44.575 8.53437 -36.6984 -45.5816
5 24 9.17741 -26.4766 -45.8165 8.92404 -29.8322 -49.599 9.00327 -25.629 -49.9097 8.90971 -30.9716 -44.575
5 24 8.92404 -29.8322 -49.599 9.00327 -25.629 -49.9097 9.17741 -26.4766 -45.8165 8.85843 -28.8721 -53.9378
5 24 9.00327 -25.629 -49.9097 9.17741 -26.4766 -45.8165 8.92404 -29.8322 -49.599 9.198 -22.323 -46
5 24 6.641 -58 -30 7.1883 -52.926 -32.0592 7.13075 -53.0588 -28.7379 7.02381 -56.9243 -33.2978
5 24 7.1883 -52.926 -32.0592 7.13075 -53.0588 -28.7379 6.641 -58 -30 6.93434 -49.6951 -29.7264
5 24 7.13075 -53.0588 -28.7379 6.641 -58 -30 7.1883 -52.926 -32.0592 7.08988 -54.6809 -25.4677
5 24 8.794 -33.707 -51.293 8.75782 -34.1814 -47.7995 8.56737 -37.6551 -48.3316 8.799 -33.383 -51.076
5 24 7.65443 -33.9051 -9.5338 6.86344 -38.0219 -14.6976 7.48695 -33.7457 -13.4052 7.47668 -37.5951 -10.5292
5 24 7.48695 -33.7457 -13.4052 7.65443 -33.9051 -9.5338 6.86344 -38.0219 -14.6976 8.08534 -30.9422 -10.9702
5 24 9.89949 -21.8849 -5.10769 9.94846 -20.8622 -8.10815 10 -16.949 -5 9.71417 -24.0902 -8.07592
5 24 9.94846 -20.8622 -8.10815 10 -16.949 -5 9.89949 -21.8849 -5.10769 10 -14.782 -6.123
5 24 10 -14.782 -6.123 10 -16.949 -5 9.94846 -20.8622 -8.10815 10 -15.199 -5
5 24 7.84822 -34.8937 -37.9209 8.73358 -30.4899 -35.2351 7.62829 -34.5428 -34.2103 8.65386 -30.9618 -38.378
5 24 8.73358 -30.4899 -35.2351 7.62829 -34.5428 -34.2103 7.84822 -34.8937 -37.9209 8.0573 -32.8212 -31.6068
5 24 7.62829 -34.5428 -34.2103 7.84822 -34.8937 -37.9209 8.73358 -30.4899 -35.2351 7.08663 -37.3578 -34.6466
5 24 6.328 -74.307 -24 6.328 -74.769 -26 6.367 -74.12 -26.5 6.289 -74.745 -24.5
5 24 8.0573 -32.8212 -31.6068 7.39767 -34.6259 -28.0801 6.92883 -37.1724 -31.1798 8.86758 -30.283 -28.4817
5 24 9.907 -26.8 -23 8.87151 -29.5004 -23.785 9.877 -26.921 -24 9.923 -26.671 -22.5
5 24 8.87151 -29.5004 -23.785 9.877 -26.921 -24 9.907 -26.8 -23 9.846 -26.869 -25
5 24 9.25887 -25.3613 -15.751 9.65428 -23.9406 -12.4445 8.46392 -28.7641 -13.9132 9.94297 -21.7547 -16.3574
5 24 8.46392 -28.7641 -13.9132 9.25887 -25.3613 -15.751 9.65428 -23.9406 -12.4445 8.96271 -27.2881 -18.4608
5 24 9.94297 -21.7547 -16.3574 10 -12.694 -9.741 9.94846 -20.8622 -8.10815 10 -23 -20
5 24 9.75 -25 2.5 9.81284 -23.6566 -1.36403 9.8564 -21.7915 1.08311 9.704 -26 2
5 24 9.8564 -21.7915 1.08311 9.75 -25 2.5 9.81284 -23.6566 -1.36403 9.75 -24 3.5
5 24 10 -11.314 11.314 9.573 -20 17.5 9.7499 -23.9036 11.2461 10 -9.741 12.694
5 24 9.573 -20 17.5 9.7499 -23.9036 11.2461 10 -11.314 11.314 8.975 -28.25 14
5 24 9.7499 -23.9036 11.2461 10 -11.314 11.314 9.573 -20 17.5 9.78757 -21.8619 7.18741
5 24 9.89949 -21.8849 -5.10769 10 -17.75 0 9.8564 -21.7915 1.08311 10 -17.612 -2.088
5 24 10 -11.314 11.314 9.78757 -21.8619 7.18741 10 -12.694 9.741 9.7499 -23.9036 11.2461
5 24 9.78757 -21.8619 7.18741 10 -12.694 9.741 10 -11.314 11.314 10 -13.856 8
5 24 9.75 -24 3.5 9.8564 -21.7915 1.08311 9.89049 -20.5357 3.67315 9.75 -25 2.5
5 24 9.8564 -21.7915 1.08311 9.89049 -20.5357 3.67315 9.75 -24 3.5 10 -17.612 2.088
5 24 10 -23 -20 10 -12.694 -9.741 9.94297 -21.7547 -16.3574 10 -11.314 -11.314
5 24 7.755 -46 -44.26 7.84819 -42.9488 -43.4704 7.654 -47 -42.97 7.866 -45 -45.683
5 24 6.67659 -50.6891 -22.8999 6.23725 -46.7861 -24.1554 6.21579 -47.0914 -21.083 6.80289 -50.3766 -26.5025
5 24 6.21579 -47.0914 -21.083 6.67659 -50.6891 -22.8999 6.23725 -46.7861 -24.1554 6.68187 -49.4934 -19.773
5 24 8.90971 -30.9716 -44.575 8.64389 -32.0314 -41.3201 8.37591 -35.5403 -42.9094 9.12404 -28.2809 -41.849
5 24 9.78757 -21.8619 7.18741 10 -13.856 8 10 -12.694 9.741 10 -16.949 5
5 24 6.328 -74.769 -26 6.25 -75 -25 6.289 -75.034 -25.5 6.289 -74.745 -24.5
5 24 9.7499 -23.9036 11.2461 9.78757 -21.8619 7.18741 10 -11.314 11.314 9.75 -27 9
5 24 9.89949 -21.8849 -5.10769 10 -17.612 -2.088 10 -17.75 0 10 -17.466 -3
5 24 7.21492 -49.9468 -36.6238 7.08737 -49.66 -32.6795 7.1883 -52.926 -32.0592 6.70231 -46.4055 -32.3949
5 24 7.08737 -49.66 -32.6795 7.1883 -52.926 -32.0592 7.21492 -49.9468 -36.6238 6.93434 -49.6951 -29.7264
5 24 6.54011 -46.0064 -18.2515 6.46326 -41.6955 -17.2253 7.0898 -44.9951 -14.6169 6.08856 -43.9155 -21.2333
5 24 8.90971 -30.9716 -44.575 9.12404 -28.2809 -41.849 8.64389 -32.0314 -41.3201 9.17741 -26.4766 -45.8165
5 24 9.78757 -21.8619 7.18741 9.89049 -20.5357 3.67315 10 -16.949 5 9.75 -24 3.5
5 24 10 -16.949 5 9.78757 -21.8619 7.18741 9.89049 -20.5357 3.67315 10 -13.856 8
5 24 9.75 -27 9 9.78757 -21.8619 7.18741 9.7499 -23.9036 11.2461 9.75 -24 3.5
5 24 8.15 -40.5 -8 8.00669 -36.9223 -6.43037 8.2 -41 -6.5 7.47668 -37.5951 -10.5292
5 24 8.00669 -36.9223 -6.43037 8.2 -41 -6.5 8.15 -40.5 -8 8.4324 -39.3121 -3.90366
5 24 8.75 -42.5 -1 8.55 -44.5 -3 8.4324 -39.3121 -3.90366 7.698 -45 0
5 24 8.4324 -39.3121 -3.90366 8.75 -42.5 -1 8.55 -44.5 -3 8.5 -35 -3
5 24 7.698 -45 0 8.55 -44.5 -3 8.75 -42.5 -1 7.195 -46.5 -1
5 24 7.698 -45 0 7.195 -46.5 -1 8.55 -44.5 -3 6.856 -47 0.5
5 24 7.65443 -33.9051 -9.5338 8.08534 -30.9422 -10.9702 8.27916 -30.1868 -7.44024 7.48695 -33.7457 -13.4052
5 24 7.55 -54.5 -13 7.16628 -49.9122 -16.4303 7.704 -49.5 -12.5 7.344 -54.5 -15.25
5 24 7.16628 -49.9122 -16.4303 7.344 -54.5 -15.25 6.93345 -53.0981 -19.1473 7.55 -54.5 -13
5 24 6.98971 -53.9347 -22.2747 6.67659 -50.6891 -22.8999 6.93345 -53.0981 -19.1473 7.08988 -54.6809 -25.4677
5 24 6.32433 -42.0579 -29.9354 6.40746 -46.2758 -27.9657 6.70231 -46.4055 -32.3949 6.08254 -42.9337 -25.2603
5 24 6.40746 -46.2758 -27.9657 6.70231 -46.4055 -32.3949 6.32433 -42.0579 -29.9354 6.93434 -49.6951 -29.7264
5 24 6.328 -74.769 -26 6.289 -74.745 -24.5 6.25 -75 -25 6.328 -74.307 -24
5 24 7.02359 -44.9319 -36.7481 6.59057 -42.7979 -33.776 6.70231 -46.4055 -32.3949 7.10402 -40.2152 -36.8172
5 24 6.406 -73 -27 6.367 -73.716 -23.5 6.328 -74.307 -24 6.406 -73 -23
5 24 9.22851 -28.0162 -0.746321 9.704 -26 2 9.29223 -29.5108 1.83506 9.81284 -23.6566 -1.36403
5 24 9.29223 -29.5108 1.83506 9.22851 -28.0162 -0.746321 9.704 -26 2 8.442 -32.25 -1.5
5 24 7.39767 -34.6259 -28.0801 6.96449 -35.5042 -24.0509 6.4598 -38.6424 -26.6935 7.87795 -32.6535 -25.5764
5 24 9.445 -28 -38 8.65386 -30.9618 -38.378 9.12404 -28.2809 -41.849 8.73358 -30.4899 -35.2351
5 24 8.65386 -30.9618 -38.378 9.12404 -28.2809 -41.849 9.445 -28 -38 8.64389 -32.0314 -41.3201
5 24 9.00327 -25.629 -49.9097 9.198 -22.323 -46 9.17741 -26.4766 -45.8165 9.167 -22.124 -47
5 24 9.26713 -26.9444 -4.43349 8.94638 -27.0404 -9.62797 9.71417 -24.0902 -8.07592 8.27916 -30.1868 -7.44024
5 24 8.94638 -27.0404 -9.62797 9.71417 -24.0902 -8.07592 9.26713 -26.9444 -4.43349 9.65428 -23.9406 -12.4445
5 24 9.71417 -24.0902 -8.07592 9.26713 -26.9444 -4.43349 8.94638 -27.0404 -9.62797 9.89949 -21.8849 -5.10769
5 24 8.92404 -29.8322 -49.599 8.819 -32 -52 8.85843 -28.8721 -53.9378 8.818 -32.076 -51.617
5 24 8.819 -32 -52 8.85843 -28.8721 -53.9378 8.92404 -29.8322 -49.599 8.818 -32.076 -52.383
5 24 8.56737 -37.6551 -48.3316 8.28348 -39.6987 -45.1902 8.112 -43 -48.834 8.53437 -36.6984 -45.5816
5 24 8.28348 -39.6987 -45.1902 8.112 -43 -48.834 8.56737 -37.6551 -48.3316 7.986 -44 -47.215
5 24 10 -16.949 5 10 -13.856 8 9.78757 -21.8619 7.18741 10 -14.782 6.123
5 24 9.89949 -21.8849 -5.10769 9.71417 -24.0902 -8.07592 9.94846 -20.8622 -8.10815 9.26713 -26.9444 -4.43349
5 24 9.71417 -24.0902 -8.07592 9.94846 -20.8622 -8.10815 9.89949 -21.8849 -5.10769 9.65428 -23.9406 -12.4445
5 24 9.75 -24 3.5 9.78757 -21.8619 7.18741 9.75 -27 9 9.89049 -20.5357 3.67315
5 24 7.43439 -43.2957 -40.0959 7.77618 -39.2384 -40.8 7.10402 -40.2152 -36.8172 7.84819 -42.9488 -43.4704
5 24 7.30758 -41.0011 -12.0577 7.47668 -37.5951 -10.5292 8.15 -40.5 -8 6.86344 -38.0219 -14.6976
5 24 7.47668 -37.5951 -10.5292 8.15 -40.5 -8 7.30758 -41.0011 -12.0577 8.00669 -36.9223 -6.43037
5 24 8.15 -40.5 -8 7.30758 -41.0011 -12.0577 7.47668 -37.5951 -10.5292 8.144 -41.5 -8
5 24 7.65443 -33.9051 -9.5338 7.47668 -37.5951 -10.5292 6.86344 -38.0219 -14.6976 7.86048 -32.9514 -5.85709
5 24 7.47668 -37.5951 -10.5292 6.86344 -38.0219 -14.6976 7.65443 -33.9051 -9.5338 7.30758 -41.0011 -12.0577
5 24 8.86758 -30.283 -28.4817 8.0573 -32.8212 -31.6068 9.17392 -28.7569 -32.2313 7.39767 -34.6259 -28.0801
5 24 8.0573 -32.8212 -31.6068 9.17392 -28.7569 -32.2313 8.86758 -30.283 -28.4817 8.73358 -30.4899 -35.2351
5 24 9.17392 -28.7569 -32.2313 8.86758 -30.283 -28.4817 8.0573 -32.8212 -31.6068 9.722 -26.298 -29
5 24 7.40779 -47.332 -39.9088 7.21492 -49.9468 -36.6238 7.49 -49 -40.871 7.02359 -44.9319 -36.7481
5 24 7.62829 -34.5428 -34.2103 7.08663 -37.3578 -34.6466 7.84822 -34.8937 -37.9209 6.92883 -37.1724 -31.1798
5 24 7.08663 -37.3578 -34.6466 7.84822 -34.8937 -37.9209 7.62829 -34.5428 -34.2103 7.10402 -40.2152 -36.8172
5 24 7.30758 -41.0011 -12.0577 7.0898 -44.9951 -14.6169 6.46326 -41.6955 -17.2253 7.93221 -44.6779 -9.97202
5 24 8.818 -32.076 -51.617 8.92404 -29.8322 -49.599 8.815 -32.293 -51.293 8.819 -32 -52
5 24 6.54168 -38.1371 -18.1189 6.90764 -35.4089 -20.0847 6.96541 -35.4623 -16.8379 6.30957 -39.5072 -21.7766
5 24 6.46326 -41.6955 -17.2253 6.30957 -39.5072 -21.7766 6.54168 -38.1371 -18.1189 6.08856 -43.9155 -21.2333
5 24 6.30957 -39.5072 -21.7766 6.54168 -38.1371 -18.1189 6.46326 -41.6955 -17.2253 6.90764 -35.4089 -20.0847
5 24 7.10402 -40.2152 -36.8172 6.59057 -42.7979 -33.776 7.02359 -44.9319 -36.7481 6.62913 -39.961 -33.1696
5 24 6.93434 -49.6951 -29.7264 7.13075 -53.0588 -28.7379 7.1883 -52.926 -32.0592 6.80289 -50.3766 -26.5025
5 24 7.1883 -52.926 -32.0592 6.93434 -49.6951 -29.7264 7.13075 -53.0588 -28.7379 7.08737 -49.66 -32.6795
5 24 7.40779 -47.332 -39.9088 7.02359 -44.9319 -36.7481 7.21492 -49.9468 -36.6238 7.43439 -43.2957 -40.0959
5 24 8.53437 -36.6984 -45.5816 8.28348 -39.6987 -45.1902 8.56737 -37.6551 -48.3316 8.37591 -35.5403 -42.9094
5 24 7.86048 -32.9514 -5.85709 8.4 -32 -2.5 8.5 -35 -3 8.27916 -30.1868 -7.44024
5 24 9.71417 -24.0902 -8.07592 9.65428 -23.9406 -12.4445 9.94846 -20.8622 -8.10815 8.94638 -27.0404 -9.62797
5 24 7.84822 -34.8937 -37.9209 8.65386 -30.9618 -38.378 8.73358 -30.4899 -35.2351 8.64389 -32.0314 -41.3201
5 24 8.65386 -30.9618 -38.378 8.73358 -30.4899 -35.2351 7.84822 -34.8937 -37.9209 9.445 -28 -38
5 24 9.81284 -23.6566 -1.36403 9.704 -26 2 9.22851 -28.0162 -0.746321 9.75 -25 2.5
5 24 7.1883 -52.926 -32.0592 7.02381 -56.9243 -33.2978 7.1472 -54.7103 -35.5012 6.641 -58 -30
5 24 8.2 -41 -6.5 8.4324 -39.3121 -3.90366 8.55 -44.5 -3 8.00669 -36.9223 -6.43037
5 24 8.4324 -39.3121 -3.90366 8.5 -35 -3 8.75 -42.5 -1 8.00669 -36.9223 -6.43037
5 24 7.65443 -33.9051 -9.5338 7.86048 -32.9514 -5.85709 7.47668 -37.5951 -10.5292 8.27916 -30.1868 -7.44024
5 24 7.86048 -32.9514 -5.85709 7.47668 -37.5951 -10.5292 7.65443 -33.9051 -9.5338 8.00669 -36.9223 -6.43037
5 24 8.37591 -35.5403 -42.9094 8.53437 -36.6984 -45.5816 8.75782 -34.1814 -47.7995 8.28348 -39.6987 -45.1902
5 24 6.32433 -42.0579 -29.9354 6.08254 -42.9337 -25.2603 6.40746 -46.2758 -27.9657 6.4598 -38.6424 -26.6935
5 24 6.08254 -42.9337 -25.2603 6.40746 -46.2758 -27.9657 6.32433 -42.0579 -29.9354 6.23725 -46.7861 -24.1554
5 24 6.93434 -49.6951 -29.7264 6.70231 -46.4055 -32.3949 6.40746 -46.2758 -27.9657 7.08737 -49.66 -32.6795
5 24 9.985 -24.813 -20.5 9.25887 -25.3613 -15.751 8.96271 -27.2881 -18.4608 9.94297 -21.7547 -16.3574
5 24 9.25887 -25.3613 -15.751 8.96271 -27.2881 -18.4608 9.985 -24.813 -20.5 8.46392 -28.7641 -13.9132
5 24 6.96449 -35.5042 -24.0509 7.6637 -32.4438 -21.9794 6.90764 -35.4089 -20.0847 7.87795 -32.6535 -25.5764
5 24 7.6637 -32.4438 -21.9794 6.90764 -35.4089 -20.0847 6.96449 -35.5042 -24.0509 7.71638 -31.7156 -17.7458
5 24 6.90764 -35.4089 -20.0847 6.96449 -35.5042 -24.0509 7.6637 -32.4438 -21.9794 6.30957 -39.5072 -21.7766
5 24 9.784 -26.562 -27 8.86758 -30.283 -28.4817 9.753 -26.44 -28 9.815 -26.723 -26
5 24 8.86758 -30.283 -28.4817 9.753 -26.44 -28 9.784 -26.562 -27 9.722 -26.298 -29
5 24 7.30758 -41.0011 -12.0577 7.93221 -44.6779 -9.97202 7.0898 -44.9951 -14.6169 8.144 -41.5 -8
5 24 6.80289 -50.3766 -26.5025 6.93434 -49.6951 -29.7264 6.40746 -46.2758 -27.9657 7.13075 -53.0588 -28.7379
5 24 6.40746 -46.2758 -27.9657 6.80289 -50.3766 -26.5025 6.93434 -49.6951 -29.7264 6.23725 -46.7861 -24.1554
5 24 7.47668 -37.5951 -10.5292 8.00669 -36.9223 -6.43037 8.15 -40.5 -8 7.86048 -32.9514 -5.85709
5 24 7.08737 -49.66 -32.6795 6.93434 -49.6951 -29.7264 7.1883 -52.926 -32.0592 6.70231 -46.4055 -32.3949
5 24 9.722 -26.298 -29 8.86758 -30.283 -28.4817 9.17392 -28.7569 -32.2313 9.753 -26.44 -28
5 24 8.87151 -29.5004 -23.785 7.87795 -32.6535 -25.5764 8.86758 -30.283 -28.4817 7.6637 -32.4438 -21.9794
5 24 7.87795 -32.6535 -25.5764 8.86758 -30.283 -28.4817 8.87151 -29.5004 -23.785 7.39767 -34.6259 -28.0801
5 24 8.86758 -30.283 -28.4817 8.87151 -29.5004 -23.785 7.87795 -32.6535 -25.5764 9.815 -26.723 -26
5 24 6.80289 -50.3766 -26.5025 7.08988 -54.6809 -25.4677 7.13075 -53.0588 -28.7379 6.67659 -50.6891 -22.8999
5 24 7.08988 -54.6809 -25.4677 7.13075 -53.0588 -28.7379 6.80289 -50.3766 -26.5025 6.641 -58 -30
5 24 6.4598 -38.6424 -26.6935 6.32433 -42.0579 -29.9354 6.92883 -37.1724 -31.1798 6.08254 -42.9337 -25.2603
5 24 8.87151 -29.5004 -23.785 9.846 -26.869 -25 9.877 -26.921 -24 9.815 -26.723 -26
5 24 7.71638 -31.7156 -17.7458 8.47949 -29.5982 -20.6618 8.96271 -27.2881 -18.4608 7.6637 -32.4438 -21.9794
5 24 6.40746 -46.2758 -27.9657 6.23725 -46.7861 -24.1554 6.80289 -50.3766 -26.5025 6.08254 -42.9337 -25.2603
5 24 6.23725 -46.7861 -24.1554 6.80289 -50.3766 -26.5025 6.40746 -46.2758 -27.9657 6.67659 -50.6891 -22.8999
5 24 6.08254 -42.9337 -25.2603 6.08856 -43.9155 -21.2333 6.23725 -46.7861 -24.1554 6.30957 -39.5072 -21.7766
5 24 6.23725 -46.7861 -24.1554 6.08254 -42.9337 -25.2603 6.08856 -43.9155 -21.2333 6.40746 -46.2758 -27.9657
5 24 8.144 -41.5 -8 7.30758 -41.0011 -12.0577 8.15 -40.5 -8 7.93221 -44.6779 -9.97202
5 24 6.67659 -50.6891 -22.8999 6.80289 -50.3766 -26.5025 6.23725 -46.7861 -24.1554 7.08988 -54.6809 -25.4677
5 24 6.70231 -46.4055 -32.3949 7.08737 -49.66 -32.6795 7.21492 -49.9468 -36.6238 6.93434 -49.6951 -29.7264
5 24 7.39767 -34.6259 -28.0801 7.87795 -32.6535 -25.5764 6.96449 -35.5042 -24.0509 8.86758 -30.283 -28.4817
5 24 7.87795 -32.6535 -25.5764 6.96449 -35.5042 -24.0509 7.39767 -34.6259 -28.0801 7.6637 -32.4438 -21.9794
5 24 8.87151 -29.5004 -23.785 9.815 -26.723 -26 9.846 -26.869 -25 8.86758 -30.283 -28.4817
5 24 9.25887 -25.3613 -15.751 9.94297 -21.7547 -16.3574 9.65428 -23.9406 -12.4445 9.985 -24.813 -20.5
5 24 7.93221 -44.6779 -9.97202 8.144 -41.5 -8 8.1 -49.5 -7.5 7.30758 -41.0011 -12.0577
5 24 6.67659 -50.6891 -22.8999 7.08988 -54.6809 -25.4677 6.80289 -50.3766 -26.5025 6.98971 -53.9347 -22.2747
5 24 8.4324 -39.3121 -3.90366 8.00669 -36.9223 -6.43037 8.5 -35 -3 8.2 -41 -6.5
5 24 9.815 -26.723 -26 8.86758 -30.283 -28.4817 9.784 -26.562 -27 8.87151 -29.5004 -23.785
5 24 8.86758 -30.283 -28.4817 7.39767 -34.6259 -28.0801 8.0573 -32.8212 -31.6068 7.87795 -32.6535 -25.5764
5 24 8.64389 -32.0314 -41.3201 8.65386 -30.9618 -38.378 7.84822 -34.8937 -37.9209 9.12404 -28.2809 -41.849
5 24 8.73358 -30.4899 -35.2351 9.17392 -28.7569 -32.2313 8.0573 -32.8212 -31.6068 9.568 -26.5 -34
5 24 9.35 -33.75 5 9.01622 -32.3716 2.06149 9.29223 -29.5108 1.83506 9.15 -36.5 3
5 24 7.86048 -32.9514 -5.85709 8.27916 -30.1868 -7.44024 8.4 -32 -2.5 7.65443 -33.9051 -9.5338
5 24 6.08856 -43.9155 -21.2333 6.46326 -41.6955 -17.2253 6.54011 -46.0064 -18.2515 6.30957 -39.5072 -21.7766
5 24 7.6637 -32.4438 -21.9794 7.87795 -32.6535 -25.5764 8.87151 -29.5004 -23.785 6.96449 -35.5042 -24.0509
5 24 6.08856 -43.9155 -21.2333 6.30957 -39.5072 -21.7766 6.46326 -41.6955 -17.2253 6.08254 -42.9337 -25.2603
5 24 7.71638 -31.7156 -17.7458 7.6637 -32.4438 -21.9794 8.47949 -29.5982 -20.6618 6.90764 -35.4089 -20.0847
5 24 8.516 -40 -54 8.58986 -37.3695 -51.8608 8.379 -41 -52.249 8.594 -39 -55
5 24 8.442 -32.25 -1.5 9.29223 -29.5108 1.83506 9.01622 -32.3716 2.06149 9.22851 -28.0162 -0.746321
5 24 7.203 -57 -37.2 7.1472 -54.7103 -35.5012 7.141 -58 -36.4 7.254 -56 -37.851
5 24 8.815 -32.293 -52.707 8.85843 -28.8721 -53.9378 8.818 -32.076 -52.383 8.82 -30.5 -57.9
5 24 9.00327 -25.629 -49.9097 8.85843 -28.8721 -53.9378 8.951 -23.5 -54 8.92404 -29.8322 -49.599
5 24 8.594 -39 -55 8.58986 -37.3695 -51.8608 8.516 -40 -54 8.659 -38 -55.833
5 24 6.30957 -39.5072 -21.7766 6.90764 -35.4089 -20.0847 6.54168 -38.1371 -18.1189 6.96449 -35.5042 -24.0509
5 24 7.254 -56 -37.851 7.1472 -54.7103 -35.5012 7.203 -57 -37.2 7.292 -55 -38.343
5 24 8.951 -23.5 -54 9.00327 -25.629 -49.9097 8.85843 -28.8721 -53.9378 8.982 -22.917 -53
5 24 8.799 -33.383 -52.924 8.789 -34 -57.5 8.806 -33 -57.722 8.77 -35 -57.259
5 24 9.8564 -21.7915 1.08311 10 -17.612 2.088 10 -17.466 3 10 -17.75 0
5 24 9.94846 -20.8622 -8.10815 10 -13.856 -8 10 -14.782 -6.123 9.94297 -21.7547 -16.3574
5 24 10 -17.466 -3 10 -17.612 -2.088 9.8995 -21.8849 -5.1077 10 -15.8624 -2.088
5 24 10 -17.612 -2.088 10 -17.75 0 9.8995 -21.8849 -5.1077 10 -15.8624 -2.088
5 24 10 -17.612 2.088 10 -17.466 3 9.8905 -20.5357 3.6731 10 -15.8624 2.088
5 24 10 -17.75 0 10 -17.612 2.088 9.8564 -21.7915 1.0831 10 -16 0
