0 Baseplate 16 x 24 with Rounded Corners with Set 344 Dots Pattern
0 Name: 455p01.dat
0 Author: Steffen [Steffen]
0 !LDRAW_ORG Part UPDATE 2004-01
0 !LICENSE Redistributable under CCAL version 2.0 : see CAreadme.txt

0 BFC CERTIFY CW

0 !HISTORY 2004-03-02 [PTadmin] Official Update 2004-01
0 !HISTORY 2007-07-08 [PTadmin] Header formatted for Contributor Agreement
0 !HISTORY 2008-07-01 [PTadmin] Official Update 2008-01

1 16 210 0 150 1 0 0 0 1 0 0 0 1 stud.dat
1 16 190 0 150 1 0 0 0 1 0 0 0 1 stud.dat
1 16 170 0 150 1 0 0 0 1 0 0 0 1 stud.dat
1 16 150 0 150 1 0 0 0 1 0 0 0 1 stud.dat
1 16 130 0 150 1 0 0 0 1 0 0 0 1 stud.dat
1 16 110 0 150 1 0 0 0 1 0 0 0 1 stud.dat
1 16 90 0 150 1 0 0 0 1 0 0 0 1 stud.dat
1 16 70 0 150 1 0 0 0 1 0 0 0 1 stud.dat
1 16 50 0 150 1 0 0 0 1 0 0 0 1 stud.dat
1 16 30 0 150 1 0 0 0 1 0 0 0 1 stud.dat
1 16 10 0 150 1 0 0 0 1 0 0 0 1 stud.dat
1 16 -10 0 150 1 0 0 0 1 0 0 0 1 stud.dat
1 16 -30 0 150 1 0 0 0 1 0 0 0 1 stud.dat
1 16 -50 0 150 1 0 0 0 1 0 0 0 1 stud.dat
1 16 -70 0 150 1 0 0 0 1 0 0 0 1 stud.dat
1 16 -90 0 150 1 0 0 0 1 0 0 0 1 stud.dat
1 16 -110 0 150 1 0 0 0 1 0 0 0 1 stud.dat
1 16 -130 0 150 1 0 0 0 1 0 0 0 1 stud.dat
1 16 -150 0 150 1 0 0 0 1 0 0 0 1 stud.dat
1 16 -170 0 150 1 0 0 0 1 0 0 0 1 stud.dat
1 16 -190 0 150 1 0 0 0 1 0 0 0 1 stud.dat
1 16 -210 0 150 1 0 0 0 1 0 0 0 1 stud.dat
1 16 230 0 130 1 0 0 0 1 0 0 0 1 stud.dat
1 16 210 0 130 1 0 0 0 1 0 0 0 1 stud.dat
1 16 190 0 130 1 0 0 0 1 0 0 0 1 stud.dat
1 16 170 0 130 1 0 0 0 1 0 0 0 1 stud.dat
1 16 150 0 130 1 0 0 0 1 0 0 0 1 stud.dat
1 16 130 0 130 1 0 0 0 1 0 0 0 1 stud.dat
1 16 110 0 130 1 0 0 0 1 0 0 0 1 stud.dat
1 16 90 0 130 1 0 0 0 1 0 0 0 1 stud.dat
1 16 70 0 130 1 0 0 0 1 0 0 0 1 stud.dat
1 16 50 0 130 1 0 0 0 1 0 0 0 1 stud.dat
1 16 30 0 130 1 0 0 0 1 0 0 0 1 stud.dat
1 16 10 0 130 1 0 0 0 1 0 0 0 1 stud.dat
1 16 -10 0 130 1 0 0 0 1 0 0 0 1 stud.dat
1 16 -30 0 130 1 0 0 0 1 0 0 0 1 stud.dat
1 16 -50 0 130 1 0 0 0 1 0 0 0 1 stud.dat
1 16 -70 0 130 1 0 0 0 1 0 0 0 1 stud.dat
1 16 -90 0 130 1 0 0 0 1 0 0 0 1 stud.dat
1 16 -110 0 130 1 0 0 0 1 0 0 0 1 stud.dat
1 16 -130 0 130 1 0 0 0 1 0 0 0 1 stud.dat
1 16 -150 0 130 1 0 0 0 1 0 0 0 1 stud.dat
1 16 -170 0 130 1 0 0 0 1 0 0 0 1 stud.dat
1 16 -190 0 130 1 0 0 0 1 0 0 0 1 stud.dat
1 16 -210 0 130 1 0 0 0 1 0 0 0 1 stud.dat
1 16 -230 0 130 1 0 0 0 1 0 0 0 1 stud.dat
1 16 230 0 110 1 0 0 0 1 0 0 0 1 stud.dat
1 16 210 0 110 1 0 0 0 1 0 0 0 1 stud.dat
1 16 190 0 110 1 0 0 0 1 0 0 0 1 stud.dat
1 16 170 0 110 1 0 0 0 1 0 0 0 1 stud.dat
1 16 150 0 110 1 0 0 0 1 0 0 0 1 stud.dat
1 16 130 0 110 1 0 0 0 1 0 0 0 1 stud.dat
1 16 110 0 110 1 0 0 0 1 0 0 0 1 stud.dat
1 16 90 0 110 1 0 0 0 1 0 0 0 1 stud.dat
1 16 70 0 110 1 0 0 0 1 0 0 0 1 stud.dat
1 16 50 0 110 1 0 0 0 1 0 0 0 1 stud.dat
1 16 30 0 110 1 0 0 0 1 0 0 0 1 stud.dat
1 16 10 0 110 1 0 0 0 1 0 0 0 1 stud.dat
1 16 -10 0 110 1 0 0 0 1 0 0 0 1 stud.dat
1 16 -30 0 110 1 0 0 0 1 0 0 0 1 stud.dat
1 16 -50 0 110 1 0 0 0 1 0 0 0 1 stud.dat
1 16 -70 0 110 1 0 0 0 1 0 0 0 1 stud.dat
1 16 -90 0 110 1 0 0 0 1 0 0 0 1 stud.dat
1 16 -110 0 110 1 0 0 0 1 0 0 0 1 stud.dat
1 16 -130 0 110 1 0 0 0 1 0 0 0 1 stud.dat
1 16 -150 0 110 1 0 0 0 1 0 0 0 1 stud.dat
1 16 -170 0 110 1 0 0 0 1 0 0 0 1 stud.dat
1 16 -190 0 110 1 0 0 0 1 0 0 0 1 stud.dat
1 16 -210 0 110 1 0 0 0 1 0 0 0 1 stud.dat
1 16 -230 0 110 1 0 0 0 1 0 0 0 1 stud.dat
1 16 230 0 90 1 0 0 0 1 0 0 0 1 stud.dat
1 16 210 0 90 1 0 0 0 1 0 0 0 1 stud.dat
1 16 190 0 90 1 0 0 0 1 0 0 0 1 stud.dat
1 16 170 0 90 1 0 0 0 1 0 0 0 1 stud.dat
1 16 150 0 90 1 0 0 0 1 0 0 0 1 stud.dat
1 16 130 0 90 1 0 0 0 1 0 0 0 1 stud.dat
1 16 110 0 90 1 0 0 0 1 0 0 0 1 stud.dat
1 16 90 0 90 1 0 0 0 1 0 0 0 1 studp01.dat
1 16 70 0 90 1 0 0 0 1 0 0 0 1 studp01.dat
1 16 50 0 90 1 0 0 0 1 0 0 0 1 studp01.dat
1 16 30 0 90 1 0 0 0 1 0 0 0 1 studp01.dat
1 16 10 0 90 1 0 0 0 1 0 0 0 1 studp01.dat
1 16 -10 0 90 1 0 0 0 1 0 0 0 1 studp01.dat
1 16 -30 0 90 1 0 0 0 1 0 0 0 1 studp01.dat
1 16 -50 0 90 1 0 0 0 1 0 0 0 1 studp01.dat
1 16 -70 0 90 1 0 0 0 1 0 0 0 1 studp01.dat
1 16 -90 0 90 1 0 0 0 1 0 0 0 1 studp01.dat
1 16 -110 0 90 1 0 0 0 1 0 0 0 1 stud.dat
1 16 -130 0 90 1 0 0 0 1 0 0 0 1 stud.dat
1 16 -150 0 90 1 0 0 0 1 0 0 0 1 stud.dat
1 16 -170 0 90 1 0 0 0 1 0 0 0 1 stud.dat
1 16 -190 0 90 1 0 0 0 1 0 0 0 1 stud.dat
1 16 -210 0 90 1 0 0 0 1 0 0 0 1 stud.dat
1 16 -230 0 90 1 0 0 0 1 0 0 0 1 stud.dat
1 16 230 0 70 1 0 0 0 1 0 0 0 1 stud.dat
1 16 210 0 70 1 0 0 0 1 0 0 0 1 stud.dat
1 16 190 0 70 1 0 0 0 1 0 0 0 1 stud.dat
1 16 170 0 70 1 0 0 0 1 0 0 0 1 stud.dat
1 16 150 0 70 1 0 0 0 1 0 0 0 1 stud.dat
1 16 130 0 70 1 0 0 0 1 0 0 0 1 stud.dat
1 16 110 0 70 1 0 0 0 1 0 0 0 1 stud.dat
1 16 90 0 70 1 0 0 0 1 0 0 0 1 studp01.dat
1 16 70 0 70 1 0 0 0 1 0 0 0 1 stud.dat
1 16 50 0 70 1 0 0 0 1 0 0 0 1 stud.dat
1 16 30 0 70 1 0 0 0 1 0 0 0 1 stud.dat
1 16 10 0 70 1 0 0 0 1 0 0 0 1 stud.dat
1 16 -10 0 70 1 0 0 0 1 0 0 0 1 stud.dat
1 16 -30 0 70 1 0 0 0 1 0 0 0 1 stud.dat
1 16 -50 0 70 1 0 0 0 1 0 0 0 1 stud.dat
1 16 -70 0 70 1 0 0 0 1 0 0 0 1 stud.dat
1 16 -90 0 70 1 0 0 0 1 0 0 0 1 studp01.dat
1 16 -110 0 70 1 0 0 0 1 0 0 0 1 stud.dat
1 16 -130 0 70 1 0 0 0 1 0 0 0 1 stud.dat
1 16 -150 0 70 1 0 0 0 1 0 0 0 1 stud.dat
1 16 -170 0 70 1 0 0 0 1 0 0 0 1 stud.dat
1 16 -190 0 70 1 0 0 0 1 0 0 0 1 stud.dat
1 16 -210 0 70 1 0 0 0 1 0 0 0 1 stud.dat
1 16 -230 0 70 1 0 0 0 1 0 0 0 1 stud.dat
1 16 230 0 50 1 0 0 0 1 0 0 0 1 stud.dat
1 16 210 0 50 1 0 0 0 1 0 0 0 1 stud.dat
1 16 190 0 50 1 0 0 0 1 0 0 0 1 stud.dat
1 16 170 0 50 1 0 0 0 1 0 0 0 1 stud.dat
1 16 150 0 50 1 0 0 0 1 0 0 0 1 stud.dat
1 16 130 0 50 1 0 0 0 1 0 0 0 1 stud.dat
1 16 110 0 50 1 0 0 0 1 0 0 0 1 stud.dat
1 16 90 0 50 1 0 0 0 1 0 0 0 1 studp01.dat
1 16 70 0 50 1 0 0 0 1 0 0 0 1 stud.dat
1 16 50 0 50 1 0 0 0 1 0 0 0 1 stud.dat
1 16 30 0 50 1 0 0 0 1 0 0 0 1 stud.dat
1 16 10 0 50 1 0 0 0 1 0 0 0 1 stud.dat
1 16 -10 0 50 1 0 0 0 1 0 0 0 1 stud.dat
1 16 -30 0 50 1 0 0 0 1 0 0 0 1 stud.dat
1 16 -50 0 50 1 0 0 0 1 0 0 0 1 stud.dat
1 16 -70 0 50 1 0 0 0 1 0 0 0 1 stud.dat
1 16 -90 0 50 1 0 0 0 1 0 0 0 1 studp01.dat
1 16 -110 0 50 1 0 0 0 1 0 0 0 1 stud.dat
1 16 -130 0 50 1 0 0 0 1 0 0 0 1 stud.dat
1 16 -150 0 50 1 0 0 0 1 0 0 0 1 stud.dat
1 16 -170 0 50 1 0 0 0 1 0 0 0 1 stud.dat
1 16 -190 0 50 1 0 0 0 1 0 0 0 1 stud.dat
1 16 -210 0 50 1 0 0 0 1 0 0 0 1 stud.dat
1 16 -230 0 50 1 0 0 0 1 0 0 0 1 stud.dat
1 16 230 0 30 1 0 0 0 1 0 0 0 1 stud.dat
1 16 210 0 30 1 0 0 0 1 0 0 0 1 stud.dat
1 16 190 0 30 1 0 0 0 1 0 0 0 1 stud.dat
1 16 170 0 30 1 0 0 0 1 0 0 0 1 stud.dat
1 16 150 0 30 1 0 0 0 1 0 0 0 1 stud.dat
1 16 130 0 30 1 0 0 0 1 0 0 0 1 stud.dat
1 16 110 0 30 1 0 0 0 1 0 0 0 1 stud.dat
1 16 90 0 30 1 0 0 0 1 0 0 0 1 studp01.dat
1 16 70 0 30 1 0 0 0 1 0 0 0 1 stud.dat
1 16 50 0 30 1 0 0 0 1 0 0 0 1 stud.dat
1 16 30 0 30 1 0 0 0 1 0 0 0 1 stud.dat
1 16 10 0 30 1 0 0 0 1 0 0 0 1 stud.dat
1 16 -10 0 30 1 0 0 0 1 0 0 0 1 stud.dat
1 16 -30 0 30 1 0 0 0 1 0 0 0 1 stud.dat
1 16 -50 0 30 1 0 0 0 1 0 0 0 1 stud.dat
1 16 -70 0 30 1 0 0 0 1 0 0 0 1 stud.dat
1 16 -90 0 30 1 0 0 0 1 0 0 0 1 studp01.dat
1 16 -110 0 30 1 0 0 0 1 0 0 0 1 stud.dat
1 16 -130 0 30 1 0 0 0 1 0 0 0 1 stud.dat
1 16 -150 0 30 1 0 0 0 1 0 0 0 1 stud.dat
1 16 -170 0 30 1 0 0 0 1 0 0 0 1 stud.dat
1 16 -190 0 30 1 0 0 0 1 0 0 0 1 stud.dat
1 16 -210 0 30 1 0 0 0 1 0 0 0 1 stud.dat
1 16 -230 0 30 1 0 0 0 1 0 0 0 1 stud.dat
1 16 230 0 10 1 0 0 0 1 0 0 0 1 stud.dat
1 16 210 0 10 1 0 0 0 1 0 0 0 1 stud.dat
1 16 190 0 10 1 0 0 0 1 0 0 0 1 stud.dat
1 16 170 0 10 1 0 0 0 1 0 0 0 1 stud.dat
1 16 150 0 10 1 0 0 0 1 0 0 0 1 stud.dat
1 16 130 0 10 1 0 0 0 1 0 0 0 1 stud.dat
1 16 110 0 10 1 0 0 0 1 0 0 0 1 stud.dat
1 16 90 0 10 1 0 0 0 1 0 0 0 1 studp01.dat
1 16 70 0 10 1 0 0 0 1 0 0 0 1 stud.dat
1 16 50 0 10 1 0 0 0 1 0 0 0 1 stud.dat
1 16 30 0 10 1 0 0 0 1 0 0 0 1 stud.dat
1 16 10 0 10 1 0 0 0 1 0 0 0 1 stud.dat
1 16 -10 0 10 1 0 0 0 1 0 0 0 1 stud.dat
1 16 -30 0 10 1 0 0 0 1 0 0 0 1 stud.dat
1 16 -50 0 10 1 0 0 0 1 0 0 0 1 stud.dat
1 16 -70 0 10 1 0 0 0 1 0 0 0 1 stud.dat
1 16 -90 0 10 1 0 0 0 1 0 0 0 1 studp01.dat
1 16 -110 0 10 1 0 0 0 1 0 0 0 1 stud.dat
1 16 -130 0 10 1 0 0 0 1 0 0 0 1 stud.dat
1 16 -150 0 10 1 0 0 0 1 0 0 0 1 stud.dat
1 16 -170 0 10 1 0 0 0 1 0 0 0 1 stud.dat
1 16 -190 0 10 1 0 0 0 1 0 0 0 1 stud.dat
1 16 -210 0 10 1 0 0 0 1 0 0 0 1 stud.dat
1 16 -230 0 10 1 0 0 0 1 0 0 0 1 stud.dat
1 16 230 0 -10 1 0 0 0 1 0 0 0 1 stud.dat
1 16 210 0 -10 1 0 0 0 1 0 0 0 1 stud.dat
1 16 190 0 -10 1 0 0 0 1 0 0 0 1 stud.dat
1 16 170 0 -10 1 0 0 0 1 0 0 0 1 stud.dat
1 16 150 0 -10 1 0 0 0 1 0 0 0 1 stud.dat
1 16 130 0 -10 1 0 0 0 1 0 0 0 1 stud.dat
1 16 110 0 -10 1 0 0 0 1 0 0 0 1 stud.dat
1 16 90 0 -10 1 0 0 0 1 0 0 0 1 studp01.dat
1 16 70 0 -10 1 0 0 0 1 0 0 0 1 studp01.dat
1 16 50 0 -10 1 0 0 0 1 0 0 0 1 studp01.dat
1 16 30 0 -10 1 0 0 0 1 0 0 0 1 studp01.dat
1 16 10 0 -10 1 0 0 0 1 0 0 0 1 studp01.dat
1 16 -10 0 -10 1 0 0 0 1 0 0 0 1 studp01.dat
1 16 -30 0 -10 1 0 0 0 1 0 0 0 1 studp01.dat
1 16 -50 0 -10 1 0 0 0 1 0 0 0 1 studp01.dat
1 16 -70 0 -10 1 0 0 0 1 0 0 0 1 studp01.dat
1 16 -90 0 -10 1 0 0 0 1 0 0 0 1 studp01.dat
1 16 -110 0 -10 1 0 0 0 1 0 0 0 1 stud.dat
1 16 -130 0 -10 1 0 0 0 1 0 0 0 1 stud.dat
1 16 -150 0 -10 1 0 0 0 1 0 0 0 1 stud.dat
1 16 -170 0 -10 1 0 0 0 1 0 0 0 1 stud.dat
1 16 -190 0 -10 1 0 0 0 1 0 0 0 1 stud.dat
1 16 -210 0 -10 1 0 0 0 1 0 0 0 1 stud.dat
1 16 -230 0 -10 1 0 0 0 1 0 0 0 1 stud.dat
1 16 230 0 -30 1 0 0 0 1 0 0 0 1 stud.dat
1 16 210 0 -30 1 0 0 0 1 0 0 0 1 stud.dat
1 16 190 0 -30 1 0 0 0 1 0 0 0 1 stud.dat
1 16 170 0 -30 1 0 0 0 1 0 0 0 1 stud.dat
1 16 150 0 -30 1 0 0 0 1 0 0 0 1 stud.dat
1 16 130 0 -30 1 0 0 0 1 0 0 0 1 stud.dat
1 16 110 0 -30 1 0 0 0 1 0 0 0 1 stud.dat
1 16 90 0 -30 1 0 0 0 1 0 0 0 1 studp01.dat
1 16 70 0 -30 1 0 0 0 1 0 0 0 1 stud.dat
1 16 50 0 -30 1 0 0 0 1 0 0 0 1 stud.dat
1 16 30 0 -30 1 0 0 0 1 0 0 0 1 stud.dat
1 16 10 0 -30 1 0 0 0 1 0 0 0 1 stud.dat
1 16 -10 0 -30 1 0 0 0 1 0 0 0 1 stud.dat
1 16 -30 0 -30 1 0 0 0 1 0 0 0 1 stud.dat
1 16 -50 0 -30 1 0 0 0 1 0 0 0 1 stud.dat
1 16 -70 0 -30 1 0 0 0 1 0 0 0 1 stud.dat
1 16 -90 0 -30 1 0 0 0 1 0 0 0 1 studp01.dat
1 16 -110 0 -30 1 0 0 0 1 0 0 0 1 stud.dat
1 16 -130 0 -30 1 0 0 0 1 0 0 0 1 stud.dat
1 16 -150 0 -30 1 0 0 0 1 0 0 0 1 stud.dat
1 16 -170 0 -30 1 0 0 0 1 0 0 0 1 stud.dat
1 16 -190 0 -30 1 0 0 0 1 0 0 0 1 stud.dat
1 16 -210 0 -30 1 0 0 0 1 0 0 0 1 stud.dat
1 16 -230 0 -30 1 0 0 0 1 0 0 0 1 stud.dat
1 16 230 0 -50 1 0 0 0 1 0 0 0 1 stud.dat
1 16 210 0 -50 1 0 0 0 1 0 0 0 1 stud.dat
1 16 190 0 -50 1 0 0 0 1 0 0 0 1 stud.dat
1 16 170 0 -50 1 0 0 0 1 0 0 0 1 stud.dat
1 16 150 0 -50 1 0 0 0 1 0 0 0 1 stud.dat
1 16 130 0 -50 1 0 0 0 1 0 0 0 1 stud.dat
1 16 110 0 -50 1 0 0 0 1 0 0 0 1 stud.dat
1 16 90 0 -50 1 0 0 0 1 0 0 0 1 studp01.dat
1 16 70 0 -50 1 0 0 0 1 0 0 0 1 stud.dat
1 16 50 0 -50 1 0 0 0 1 0 0 0 1 stud.dat
1 16 30 0 -50 1 0 0 0 1 0 0 0 1 stud.dat
1 16 10 0 -50 1 0 0 0 1 0 0 0 1 stud.dat
1 16 -10 0 -50 1 0 0 0 1 0 0 0 1 stud.dat
1 16 -30 0 -50 1 0 0 0 1 0 0 0 1 stud.dat
1 16 -50 0 -50 1 0 0 0 1 0 0 0 1 stud.dat
1 16 -70 0 -50 1 0 0 0 1 0 0 0 1 stud.dat
1 16 -90 0 -50 1 0 0 0 1 0 0 0 1 studp01.dat
1 16 -110 0 -50 1 0 0 0 1 0 0 0 1 stud.dat
1 16 -130 0 -50 1 0 0 0 1 0 0 0 1 stud.dat
1 16 -150 0 -50 1 0 0 0 1 0 0 0 1 stud.dat
1 16 -170 0 -50 1 0 0 0 1 0 0 0 1 stud.dat
1 16 -190 0 -50 1 0 0 0 1 0 0 0 1 stud.dat
1 16 -210 0 -50 1 0 0 0 1 0 0 0 1 stud.dat
1 16 -230 0 -50 1 0 0 0 1 0 0 0 1 stud.dat
1 16 230 0 -70 1 0 0 0 1 0 0 0 1 stud.dat
1 16 210 0 -70 1 0 0 0 1 0 0 0 1 stud.dat
1 16 190 0 -70 1 0 0 0 1 0 0 0 1 stud.dat
1 16 170 0 -70 1 0 0 0 1 0 0 0 1 stud.dat
1 16 150 0 -70 1 0 0 0 1 0 0 0 1 stud.dat
1 16 130 0 -70 1 0 0 0 1 0 0 0 1 stud.dat
1 16 110 0 -70 1 0 0 0 1 0 0 0 1 stud.dat
1 16 90 0 -70 1 0 0 0 1 0 0 0 1 stud.dat
1 16 70 0 -70 1 0 0 0 1 0 0 0 1 stud.dat
1 16 50 0 -70 1 0 0 0 1 0 0 0 1 stud.dat
1 16 30 0 -70 1 0 0 0 1 0 0 0 1 stud.dat
1 16 10 0 -70 1 0 0 0 1 0 0 0 1 stud.dat
1 16 -10 0 -70 1 0 0 0 1 0 0 0 1 stud.dat
1 16 -30 0 -70 1 0 0 0 1 0 0 0 1 stud.dat
1 16 -50 0 -70 1 0 0 0 1 0 0 0 1 stud.dat
1 16 -70 0 -70 1 0 0 0 1 0 0 0 1 stud.dat
1 16 -90 0 -70 1 0 0 0 1 0 0 0 1 stud.dat
1 16 -110 0 -70 1 0 0 0 1 0 0 0 1 stud.dat
1 16 -130 0 -70 1 0 0 0 1 0 0 0 1 stud.dat
1 16 -150 0 -70 1 0 0 0 1 0 0 0 1 stud.dat
1 16 -170 0 -70 1 0 0 0 1 0 0 0 1 stud.dat
1 16 -190 0 -70 1 0 0 0 1 0 0 0 1 stud.dat
1 16 -210 0 -70 1 0 0 0 1 0 0 0 1 stud.dat
1 16 -230 0 -70 1 0 0 0 1 0 0 0 1 stud.dat
1 16 230 0 -90 1 0 0 0 1 0 0 0 1 stud.dat
1 16 210 0 -90 1 0 0 0 1 0 0 0 1 stud.dat
1 16 190 0 -90 1 0 0 0 1 0 0 0 1 stud.dat
1 16 170 0 -90 1 0 0 0 1 0 0 0 1 stud.dat
1 16 150 0 -90 1 0 0 0 1 0 0 0 1 stud.dat
1 16 130 0 -90 1 0 0 0 1 0 0 0 1 stud.dat
1 16 110 0 -90 1 0 0 0 1 0 0 0 1 stud.dat
1 16 90 0 -90 1 0 0 0 1 0 0 0 1 stud.dat
1 16 70 0 -90 1 0 0 0 1 0 0 0 1 stud.dat
1 16 50 0 -90 1 0 0 0 1 0 0 0 1 stud.dat
1 16 30 0 -90 1 0 0 0 1 0 0 0 1 stud.dat
1 16 10 0 -90 1 0 0 0 1 0 0 0 1 stud.dat
1 16 -10 0 -90 1 0 0 0 1 0 0 0 1 stud.dat
1 16 -30 0 -90 1 0 0 0 1 0 0 0 1 stud.dat
1 16 -50 0 -90 1 0 0 0 1 0 0 0 1 stud.dat
1 16 -70 0 -90 1 0 0 0 1 0 0 0 1 stud.dat
1 16 -90 0 -90 1 0 0 0 1 0 0 0 1 stud.dat
1 16 -110 0 -90 1 0 0 0 1 0 0 0 1 stud.dat
1 16 -130 0 -90 1 0 0 0 1 0 0 0 1 stud.dat
1 16 -150 0 -90 1 0 0 0 1 0 0 0 1 stud.dat
1 16 -170 0 -90 1 0 0 0 1 0 0 0 1 stud.dat
1 16 -190 0 -90 1 0 0 0 1 0 0 0 1 stud.dat
1 16 -210 0 -90 1 0 0 0 1 0 0 0 1 stud.dat
1 16 -230 0 -90 1 0 0 0 1 0 0 0 1 stud.dat
1 16 230 0 -110 1 0 0 0 1 0 0 0 1 stud.dat
1 16 210 0 -110 1 0 0 0 1 0 0 0 1 stud.dat
1 16 190 0 -110 1 0 0 0 1 0 0 0 1 stud.dat
1 16 170 0 -110 1 0 0 0 1 0 0 0 1 stud.dat
1 16 150 0 -110 1 0 0 0 1 0 0 0 1 stud.dat
1 16 130 0 -110 1 0 0 0 1 0 0 0 1 stud.dat
1 16 110 0 -110 1 0 0 0 1 0 0 0 1 stud.dat
1 16 90 0 -110 1 0 0 0 1 0 0 0 1 stud.dat
1 16 70 0 -110 1 0 0 0 1 0 0 0 1 stud.dat
1 16 50 0 -110 1 0 0 0 1 0 0 0 1 stud.dat
1 16 30 0 -110 1 0 0 0 1 0 0 0 1 stud.dat
1 16 10 0 -110 1 0 0 0 1 0 0 0 1 stud.dat
1 16 -10 0 -110 1 0 0 0 1 0 0 0 1 stud.dat
1 16 -30 0 -110 1 0 0 0 1 0 0 0 1 stud.dat
1 16 -50 0 -110 1 0 0 0 1 0 0 0 1 stud.dat
1 16 -70 0 -110 1 0 0 0 1 0 0 0 1 stud.dat
1 16 -90 0 -110 1 0 0 0 1 0 0 0 1 stud.dat
1 16 -110 0 -110 1 0 0 0 1 0 0 0 1 stud.dat
1 16 -130 0 -110 1 0 0 0 1 0 0 0 1 stud.dat
1 16 -150 0 -110 1 0 0 0 1 0 0 0 1 stud.dat
1 16 -170 0 -110 1 0 0 0 1 0 0 0 1 stud.dat
1 16 -190 0 -110 1 0 0 0 1 0 0 0 1 stud.dat
1 16 -210 0 -110 1 0 0 0 1 0 0 0 1 stud.dat
1 16 -230 0 -110 1 0 0 0 1 0 0 0 1 stud.dat
1 16 230 0 -130 1 0 0 0 1 0 0 0 1 stud.dat
1 16 210 0 -130 1 0 0 0 1 0 0 0 1 stud.dat
1 16 190 0 -130 1 0 0 0 1 0 0 0 1 stud.dat
1 16 170 0 -130 1 0 0 0 1 0 0 0 1 stud.dat
1 16 150 0 -130 1 0 0 0 1 0 0 0 1 stud.dat
1 16 130 0 -130 1 0 0 0 1 0 0 0 1 stud.dat
1 16 110 0 -130 1 0 0 0 1 0 0 0 1 stud.dat
1 16 90 0 -130 1 0 0 0 1 0 0 0 1 stud.dat
1 16 70 0 -130 1 0 0 0 1 0 0 0 1 stud.dat
1 16 50 0 -130 1 0 0 0 1 0 0 0 1 stud.dat
1 16 30 0 -130 1 0 0 0 1 0 0 0 1 stud.dat
1 16 10 0 -130 1 0 0 0 1 0 0 0 1 stud.dat
1 16 -10 0 -130 1 0 0 0 1 0 0 0 1 stud.dat
1 16 -30 0 -130 1 0 0 0 1 0 0 0 1 stud.dat
1 16 -50 0 -130 1 0 0 0 1 0 0 0 1 stud.dat
1 16 -70 0 -130 1 0 0 0 1 0 0 0 1 stud.dat
1 16 -90 0 -130 1 0 0 0 1 0 0 0 1 stud.dat
1 16 -110 0 -130 1 0 0 0 1 0 0 0 1 stud.dat
1 16 -130 0 -130 1 0 0 0 1 0 0 0 1 stud.dat
1 16 -150 0 -130 1 0 0 0 1 0 0 0 1 stud.dat
1 16 -170 0 -130 1 0 0 0 1 0 0 0 1 stud.dat
1 16 -190 0 -130 1 0 0 0 1 0 0 0 1 stud.dat
1 16 -210 0 -130 1 0 0 0 1 0 0 0 1 stud.dat
1 16 -230 0 -130 1 0 0 0 1 0 0 0 1 stud.dat
1 16 210 0 -150 1 0 0 0 1 0 0 0 1 stud.dat
1 16 190 0 -150 1 0 0 0 1 0 0 0 1 stud.dat
1 16 170 0 -150 1 0 0 0 1 0 0 0 1 stud.dat
1 16 150 0 -150 1 0 0 0 1 0 0 0 1 stud.dat
1 16 130 0 -150 1 0 0 0 1 0 0 0 1 stud.dat
1 16 110 0 -150 1 0 0 0 1 0 0 0 1 stud.dat
1 16 90 0 -150 1 0 0 0 1 0 0 0 1 stud.dat
1 16 70 0 -150 1 0 0 0 1 0 0 0 1 stud.dat
1 16 50 0 -150 1 0 0 0 1 0 0 0 1 stud.dat
1 16 30 0 -150 1 0 0 0 1 0 0 0 1 stud.dat
1 16 10 0 -150 1 0 0 0 1 0 0 0 1 stud.dat
1 16 -10 0 -150 1 0 0 0 1 0 0 0 1 stud.dat
1 16 -30 0 -150 1 0 0 0 1 0 0 0 1 stud.dat
1 16 -50 0 -150 1 0 0 0 1 0 0 0 1 stud.dat
1 16 -70 0 -150 1 0 0 0 1 0 0 0 1 stud.dat
1 16 -90 0 -150 1 0 0 0 1 0 0 0 1 stud.dat
1 16 -110 0 -150 1 0 0 0 1 0 0 0 1 stud.dat
1 16 -130 0 -150 1 0 0 0 1 0 0 0 1 stud.dat
1 16 -150 0 -150 1 0 0 0 1 0 0 0 1 stud.dat
1 16 -170 0 -150 1 0 0 0 1 0 0 0 1 stud.dat
1 16 -190 0 -150 1 0 0 0 1 0 0 0 1 stud.dat
1 16 -210 0 -150 1 0 0 0 1 0 0 0 1 stud.dat
2 24 240 4 120 240 4 -120
2 24 200 4 160 -200 4 160
2 24 200 4 -160 -200 4 -160
2 24 -240 4 120 -240 4 -120
2 24 240 0 120 240 0 -120
2 24 200 0 160 -200 0 160
2 24 200 0 -160 -200 0 -160
2 24 -240 0 120 -240 0 -120
1 16 200 4 120 40 0 0 0 40 0 0 0 40 1-4edge.dat
1 16 -200 4 120 -40 0 0 0 -40 0 0 0 40 1-4edge.dat
1 16 200 4 -120 40 0 0 0 40 0 0 0 -40 1-4edge.dat
1 16 -200 4 -120 -40 0 0 0 -40 0 0 0 -40 1-4edge.dat
1 16 200 0 120 40 0 0 0 40 0 0 0 40 1-4edge.dat
1 16 -200 0 120 -40 0 0 0 -40 0 0 0 40 1-4edge.dat
1 16 200 0 -120 40 0 0 0 40 0 0 0 -40 1-4edge.dat
1 16 -200 0 -120 -40 0 0 0 -40 0 0 0 -40 1-4edge.dat
4 16 200 4 -160 200 4 160 -200 4 160 -200 4 -160
4 16 240 4 -120 240 4 120 200 4 120 200 4 -120
4 16 -240 4 120 -240 4 -120 -200 4 -120 -200 4 120
4 16 200 0 160 200 0 -160 -200 0 -160 -200 0 160
4 16 240 0 120 240 0 -120 200 0 -120 200 0 120
4 16 -240 0 -120 -240 0 120 -200 0 120 -200 0 -120
4 16 240 4 -120 240 0 -120 240 0 120 240 4 120
4 16 200 4 160 200 0 160 -200 0 160 -200 4 160
4 16 -200 4 -160 -200 0 -160 200 0 -160 200 4 -160
4 16 -240 4 120 -240 0 120 -240 0 -120 -240 4 -120
1 16 200 4 120 0 0 40 0 -40 0 40 0 0 1-4disc.dat
1 16 -200 4 120 -40 0 0 0 -40 0 0 0 40 1-4disc.dat
1 16 200 4 -120 0 0 40 0 -40 0 -40 0 0 1-4disc.dat
1 16 -200 4 -120 -40 0 0 0 -40 0 0 0 -40 1-4disc.dat
1 16 200 0 120 40 0 0 0 40 0 0 0 40 1-4disc.dat
1 16 -200 0 120 0 0 -40 0 40 0 40 0 0 1-4disc.dat
1 16 200 0 -120 40 0 0 0 40 0 0 0 -40 1-4disc.dat
1 16 -200 0 -120 0 0 -40 0 40 0 -40 0 0 1-4disc.dat
1 16 200 0 120 40 0 0 0 4 0 0 0 40 1-4cyli.dat
1 16 -200 0 120 -40 0 0 0 4 0 0 0 40 1-4cyli.dat
1 16 200 0 -120 40 0 0 0 4 0 0 0 -40 1-4cyli.dat
1 16 -200 0 -120 -40 0 0 0 4 0 0 0 -40 1-4cyli.dat
0
