0 Minifig Skateboard with Two Wheel Clips
0 Name: 45917.dat
0 Author: Philippe Hurbain [Philo]
0 !LDRAW_ORG Part UPDATE 2009-03
0 !LICENSE Redistributable under CCAL version 2.0 : see CAreadme.txt

0 BFC CERTIFY CCW
0 !CATEGORY Minifig Accessory

0 !HISTORY 2009-12-29 [PTadmin] Official Update 2009-03

1 16 10 0 0 0 0 -1 0 1 0 1 0 0 stud2.dat
1 16 -10 0 0 0 0 -1 0 1 0 1 0 0 stud2.dat
0 // Board
1 16 25 2 0 0 -50 0 0 0 -2 20 0 0 box4o8a.dat
1 16 -29 -0.5 0 0 -0.17 -19.7 0 0.98 -3.47 20 0 0 2-4disc.dat
1 16 -30 3 0 0 0.28 -19.23 0 -0.96 -5.51 20 0 0 2-4disc.dat
5 24 -29 -0.5 20 -29 -0.5 -20 -49 -4 0 -20 0 0
5 24 -30 3 20 -30 3 -20 -47 -2 0 -20 4 0
5 24 29 -0.5 -20 29 -0.5 20 49 -4 0 20 0 0
5 24 30 3 -20 30 3 20 47 -2 0 20 4 0
4 16 -25 0 -20 -25 0 20 -29 -0.5 20 -29 -0.5 -20
4 16 -30 3 -20 -30 3 20 -25 4 20 -25 4 -20
2 24 -25 0 20 -29 -0.5 20
1 16 -29 -0.5 0 0 -0.17 -19.7 0 0.98 -3.47 20 0 0 2-4edge.dat
2 24 -25 0 -20 -29 -0.5 -20
2 24 -25 4 20 -30 3 20
1 16 -30 3 0 0 -0.28 -19.23 0 0.96 -5.51 20 0 0 2-4edge.dat
2 24 -25 4 -20 -30 3 -20
4 16 -25 0 20 -25 4 20 -30 3 20 -29 -0.5 20
3 16 -29 -0.5 20 -30 3 20 -37.36 0.89 18.48
3 16 -29 -0.5 20 -37.36 0.89 18.48 -36.54 -1.83 18.48
3 16 -36.54 -1.83 18.48 -37.36 0.89 18.48 -43.59 -0.9 14.14
3 16 -36.54 -1.83 18.48 -43.59 -0.9 14.14 -42.93 -2.96 14.14
3 16 -42.93 -2.96 14.14 -43.59 -0.9 14.14 -47.76 -2.09 7.65
3 16 -42.93 -2.96 14.14 -47.76 -2.09 7.65 -47.2 -3.71 7.65
3 16 -47.2 -3.71 7.65 -47.76 -2.09 7.65 -49.23 -2.51 0
3 16 -47.2 -3.71 7.65 -49.23 -2.51 0 -48.7 -3.97 0
4 16 -29 -0.5 -20 -30 3 -20 -25 4 -20 -25 0 -20
3 16 -37.36 0.89 -18.48 -30 3 -20 -29 -0.5 -20
3 16 -36.54 -1.83 -18.48 -37.36 0.89 -18.48 -29 -0.5 -20
3 16 -43.59 -0.9 -14.14 -37.36 0.89 -18.48 -36.54 -1.83 -18.48
3 16 -42.93 -2.96 -14.14 -43.59 -0.9 -14.14 -36.54 -1.83 -18.48
3 16 -47.76 -2.09 -7.65 -43.59 -0.9 -14.14 -42.93 -2.96 -14.14
3 16 -47.2 -3.71 -7.65 -47.76 -2.09 -7.65 -42.93 -2.96 -14.14
3 16 -49.23 -2.51 0 -47.76 -2.09 -7.65 -47.2 -3.71 -7.65
3 16 -48.7 -3.97 0 -49.23 -2.51 0 -47.2 -3.71 -7.65
5 24 -25 0 -20 -25 0 20 25 0 20 -29 -0.5 20
5 24 -25 4 20 -25 4 -20 25 4 -20 -30 3 20
5 24 -30 3 20 -29 -0.5 20 -25 0 20 -37.36 0.89 18.48
5 24 -37.36 0.89 18.48 -29 -0.5 20 -30 3 20 -36.54 -1.83 18.48
5 24 -37.36 0.89 18.48 -36.54 -1.83 18.48 -29 -0.5 20 -43.59 -0.9 14.14
5 24 -43.59 -0.9 14.14 -36.54 -1.83 18.48 -37.36 0.89 18.48 -42.93 -2.96 14.14
5 24 -43.59 -0.9 14.14 -42.93 -2.96 14.14 -36.54 -1.83 18.48 -47.76 -2.09 7.65
5 24 -47.76 -2.09 7.65 -42.93 -2.96 14.14 -43.59 -0.9 14.14 -47.2 -3.71 7.65
5 24 -47.76 -2.09 7.65 -47.2 -3.71 7.65 -42.93 -2.96 14.14 -49.23 -2.51 0
5 24 -49.23 -2.51 0 -47.2 -3.71 7.65 -47.76 -2.09 7.65 -48.7 -3.97 0
5 24 -49.23 -2.51 0 -48.7 -3.97 0 -47.2 -3.71 7.65 -47.2 -3.71 -7.65
5 24 -30 3 -20 -29 -0.5 -20 -25 0 -20 -37.36 0.89 -18.48
5 24 -37.36 0.89 -18.48 -29 -0.5 -20 -30 3 -20 -36.54 -1.83 -18.48
5 24 -37.36 0.89 -18.48 -36.54 -1.83 -18.48 -29 -0.5 -20 -43.59 -0.9 -14.14
5 24 -43.59 -0.9 -14.14 -36.54 -1.83 -18.48 -37.36 0.89 -18.48 -42.93 -2.96 -14.14
5 24 -43.59 -0.9 -14.14 -42.93 -2.96 -14.14 -36.54 -1.83 -18.48 -47.76 -2.09 -7.65
5 24 -47.76 -2.09 -7.65 -42.93 -2.96 -14.14 -43.59 -0.9 -14.14 -47.2 -3.71 -7.65
5 24 -47.76 -2.09 -7.65 -47.2 -3.71 -7.65 -42.93 -2.96 -14.14 -49.23 -2.51 0
5 24 -49.23 -2.51 0 -47.2 -3.71 -7.65 -47.76 -2.09 -7.65 -48.7 -3.97 0
1 16 29 -0.5 0 0 0.17 19.7 0 0.98 -3.47 -20 0 0 2-4disc.dat
1 16 30 3 0 0 -0.28 19.23 0 -0.96 -5.51 -20 0 0 2-4disc.dat
4 16 25 0 20 25 0 -20 29 -0.5 -20 29 -0.5 20
4 16 30 3 20 30 3 -20 25 4 -20 25 4 20
2 24 25 0 -20 29 -0.5 -20
1 16 29 -0.5 0 0 0.17 19.7 0 0.98 -3.47 -20 0 0 2-4edge.dat
2 24 25 0 20 29 -0.5 20
2 24 25 4 -20 30 3 -20
1 16 30 3 0 0 0.28 19.23 0 0.96 -5.51 -20 0 0 2-4edge.dat
2 24 25 4 20 30 3 20
4 16 25 0 -20 25 4 -20 30 3 -20 29 -0.5 -20
3 16 29 -0.5 -20 30 3 -20 37.36 0.89 -18.48
3 16 29 -0.5 -20 37.36 0.89 -18.48 36.54 -1.83 -18.48
3 16 36.54 -1.83 -18.48 37.36 0.89 -18.48 43.59 -0.9 -14.14
3 16 36.54 -1.83 -18.48 43.59 -0.9 -14.14 42.93 -2.96 -14.14
3 16 42.93 -2.96 -14.14 43.59 -0.9 -14.14 47.76 -2.09 -7.65
3 16 42.93 -2.96 -14.14 47.76 -2.09 -7.65 47.2 -3.71 -7.65
3 16 47.2 -3.71 -7.65 47.76 -2.09 -7.65 49.23 -2.51 0
3 16 47.2 -3.71 -7.65 49.23 -2.51 0 48.7 -3.97 0
4 16 29 -0.5 20 30 3 20 25 4 20 25 0 20
3 16 37.36 0.89 18.48 30 3 20 29 -0.5 20
3 16 36.54 -1.83 18.48 37.36 0.89 18.48 29 -0.5 20
3 16 43.59 -0.9 14.14 37.36 0.89 18.48 36.54 -1.83 18.48
3 16 42.93 -2.96 14.14 43.59 -0.9 14.14 36.54 -1.83 18.48
3 16 47.76 -2.09 7.65 43.59 -0.9 14.14 42.93 -2.96 14.14
3 16 47.2 -3.71 7.65 47.76 -2.09 7.65 42.93 -2.96 14.14
3 16 49.23 -2.51 0 47.76 -2.09 7.65 47.2 -3.71 7.65
3 16 48.7 -3.97 0 49.23 -2.51 0 47.2 -3.71 7.65
5 24 25 0 20 25 0 -20 -25 0 -20 29 -0.5 -20
5 24 25 4 -20 25 4 20 -25 4 20 30 3 -20
5 24 30 3 -20 29 -0.5 -20 25 0 -20 37.36 0.89 -18.48
5 24 37.36 0.89 -18.48 29 -0.5 -20 30 3 -20 36.54 -1.83 -18.48
5 24 37.36 0.89 -18.48 36.54 -1.83 -18.48 29 -0.5 -20 43.59 -0.9 -14.14
5 24 43.59 -0.9 -14.14 36.54 -1.83 -18.48 37.36 0.89 -18.48 42.93 -2.96 -14.14
5 24 43.59 -0.9 -14.14 42.93 -2.96 -14.14 36.54 -1.83 -18.48 47.76 -2.09 -7.65
5 24 47.76 -2.09 -7.65 42.93 -2.96 -14.14 43.59 -0.9 -14.14 47.2 -3.71 -7.65
5 24 47.76 -2.09 -7.65 47.2 -3.71 -7.65 42.93 -2.96 -14.14 49.23 -2.51 0
5 24 49.23 -2.51 0 47.2 -3.71 -7.65 47.76 -2.09 -7.65 48.7 -3.97 0
5 24 49.23 -2.51 0 48.7 -3.97 0 47.2 -3.71 -7.65 47.2 -3.71 7.65
5 24 30 3 20 29 -0.5 20 25 0 20 37.36 0.89 18.48
5 24 37.36 0.89 18.48 29 -0.5 20 30 3 20 36.54 -1.83 18.48
5 24 37.36 0.89 18.48 36.54 -1.83 18.48 29 -0.5 20 43.59 -0.9 14.14
5 24 43.59 -0.9 14.14 36.54 -1.83 18.48 37.36 0.89 18.48 42.93 -2.96 14.14
5 24 43.59 -0.9 14.14 42.93 -2.96 14.14 36.54 -1.83 18.48 47.76 -2.09 7.65
5 24 47.76 -2.09 7.65 42.93 -2.96 14.14 43.59 -0.9 14.14 47.2 -3.71 7.65
5 24 47.76 -2.09 7.65 47.2 -3.71 7.65 42.93 -2.96 14.14 49.23 -2.51 0
5 24 49.23 -2.51 0 47.2 -3.71 7.65 47.76 -2.09 7.65 48.7 -3.97 0
0 // Wheel Holder 1
1 16 -35 0.15 0 0 0 -5 0 4 0 10 0 0 box4-7a.dat
1 16 -25 2.15 0 0 0 5 0 2 0 -10 0 0 box4-7a.dat
2 24 -20 4 -10 -25 4 -10
2 24 -30 3 -10 -39.94 0.15 -10
2 24 -25 4 -10 -30 3 -10
2 24 -20 4 -10 -20 4 10
2 24 -30 3 10 -39.94 0.15 10
2 24 -20 4 10 -25 4 10
2 24 -25 4 10 -30 3 10
2 24 -40 0.15 -10 -40 0.15 10
0 //
0 BFC INVERTNEXT
1 16 -30 15 4 -2.83 0 -2.83 2.83 0 -2.83 0 -8 0 3-4cyli.dat
1 16 -30 15 4 -4.24 0 4.24 -4.24 0 -4.24 0 -8 0 1-4cyli.dat
4 16 -25.76 10.76 2 -34.24 10.76 2 -35.95 3.81 2 -24.05 3.81 2
4 16 -24.05 3.81 -2 -35.95 3.81 -2 -34.24 10.76 -2 -25.76 10.76 -2
1 16 -30 15 4 -4.24 0 4.24 -4.24 0 -4.24 0 -8 0 1-4edge.dat
1 16 -30 15 2 -4.24 0 4.24 -4.24 0 -4.24 0 -8 0 1-4edge.dat
1 16 -30 15 -2 -4.24 0 4.24 -4.24 0 -4.24 0 -8 0 1-4edge.dat
1 16 -30 15 -4 -4.24 0 4.24 -4.24 0 -4.24 0 -8 0 1-4edge.dat
1 16 -30 15 4 -2.83 0 -2.83 2.83 0 -2.83 0 -8 0 3-4edge.dat
1 16 -30 15 -4 -2.83 0 -2.83 2.83 0 -2.83 0 -8 0 3-4edge.dat
1 16 -30 15 4 -1.41 0 -1.41 1.41 0 -1.41 0 -8 0 3-4ring2.dat
1 16 -30 15 -4 -1.41 0 -1.41 1.41 0 -1.41 0 8 0 3-4ring2.dat
4 16 -34.24 19.24 4 -35.66 19.24 4 -39.48 3.52 4 -34.24 10.76 4
3 16 -32.83 19.24 4 -35.66 19.24 4 -32.83 17.83 4
3 16 -35.95 3.81 4 -34.24 10.76 4 -39.48 3.52 4
2 24 -39.48 3.52 4 -35.66 19.24 4
2 24 -35.95 3.81 4 -34.24 10.76 4
2 24 -35.95 3.81 2 -34.24 10.76 2
2 24 -35.95 3.81 -2 -34.24 10.76 -2
2 24 -32.83 17.83 4 -32.83 19.24 4
2 24 -35.66 19.24 4 -32.83 19.24 4
4 16 -34.24 10.76 -4 -39.48 3.52 -4 -35.66 19.24 -4 -34.24 19.24 -4
3 16 -32.83 17.83 -4 -35.66 19.24 -4 -32.83 19.24 -4
3 16 -39.48 3.52 -4 -34.24 10.76 -4 -35.95 3.81 -4
2 24 -39.48 3.52 -4 -35.66 19.24 -4
2 24 -35.95 3.81 -4 -34.24 10.76 -4
2 24 -32.83 17.83 -4 -32.83 19.24 -4
2 24 -35.66 19.24 -4 -32.83 19.24 -4
4 16 -35.66 19.24 4 -35.66 19.24 -4 -39.48 3.52 -4 -39.48 3.52 4
4 16 -35.95 3.81 4 -35.95 3.81 -4 -34.24 10.76 -4 -34.24 10.76 4
4 16 -32.83 17.83 4 -32.83 17.83 -4 -32.83 19.24 -4 -32.83 19.24 4
4 16 -32.83 19.24 4 -32.83 19.24 -4 -35.66 19.24 -4 -35.66 19.24 4
2 24 -35.66 19.24 -4 -35.66 19.24 4
2 24 -32.83 19.24 -4 -32.83 19.24 4
2 24 -32.83 17.83 -4 -32.83 17.83 4
2 24 -34.24 10.76 -4 -34.24 10.76 4
0 //
4 16 -25.76 19.24 -4 -24.34 19.24 -4 -20.52 3.52 -4 -25.76 10.76 -4
3 16 -27.17 19.24 -4 -24.34 19.24 -4 -27.17 17.83 -4
3 16 -24.05 3.81 -4 -25.76 10.76 -4 -20.52 3.52 -4
2 24 -20.52 3.52 -4 -24.34 19.24 -4
2 24 -24.05 3.81 -4 -25.76 10.76 -4
2 24 -24.05 3.81 -2 -25.76 10.76 -2
2 24 -24.05 3.81 2 -25.76 10.76 2
2 24 -27.17 17.83 -4 -27.17 19.24 -4
2 24 -24.34 19.24 -4 -27.17 19.24 -4
4 16 -25.76 10.76 4 -20.52 3.52 4 -24.34 19.24 4 -25.76 19.24 4
3 16 -27.17 17.83 4 -24.34 19.24 4 -27.17 19.24 4
3 16 -20.52 3.52 4 -25.76 10.76 4 -24.05 3.81 4
2 24 -20.52 3.52 4 -24.34 19.24 4
2 24 -24.05 3.81 4 -25.76 10.76 4
2 24 -27.17 17.83 4 -27.17 19.24 4
2 24 -24.34 19.24 4 -27.17 19.24 4
4 16 -24.34 19.24 -4 -24.34 19.24 4 -20.52 3.52 4 -20.52 3.52 -4
4 16 -24.05 3.81 -4 -24.05 3.81 4 -25.76 10.76 4 -25.76 10.76 -4
4 16 -27.17 17.83 -4 -27.17 17.83 4 -27.17 19.24 4 -27.17 19.24 -4
4 16 -27.17 19.24 -4 -27.17 19.24 4 -24.34 19.24 4 -24.34 19.24 -4
2 24 -24.34 19.24 4 -24.34 19.24 -4
2 24 -27.17 19.24 4 -27.17 19.24 -4
2 24 -27.17 17.83 4 -27.17 17.83 -4
2 24 -25.76 10.76 4 -25.76 10.76 -4
0 //
2 24 -24.13 4.15 2 -35.87 4.15 2
2 24 -24.13 4.15 -2 -35.87 4.15 -2
2 24 -20.67 4.15 -4 -24.13 4.15 -4
2 24 -20.67 4.15 4 -24.13 4.15 4
2 24 -20.67 4.15 -4 -20.67 4.15 4
2 24 -24.13 4.15 -4 -24.13 4.15 4
2 24 -35.87 4.15 4 -39.33 4.15 4
2 24 -35.87 4.15 -4 -39.33 4.15 -4
2 24 -39.33 4.15 -4 -39.33 4.15 4
2 24 -35.87 4.15 -4 -35.87 4.15 4
0 // Wheel Holder 2
1 16 35 0.15 0 0 0 5 0 4 0 -10 0 0 box4-7a.dat
1 16 25 2.15 0 0 0 -5 0 2 0 10 0 0 box4-7a.dat
2 24 20 4 10 25 4 10
2 24 30 3 10 39.94 0.15 10
2 24 25 4 10 30 3 10
2 24 20 4 10 20 4 -10
2 24 30 3 -10 39.94 0.15 -10
2 24 20 4 -10 25 4 -10
2 24 25 4 -10 30 3 -10
2 24 40 0.15 10 40 0.15 -10
0 //
0 BFC INVERTNEXT
1 16 30 15 -4 2.83 0 2.83 2.83 0 -2.83 0 8 0 3-4cyli.dat
1 16 30 15 -4 4.24 0 -4.24 -4.24 0 -4.24 0 8 0 1-4cyli.dat
4 16 25.76 10.76 -2 34.24 10.76 -2 35.95 3.81 -2 24.05 3.81 -2
4 16 24.05 3.81 2 35.95 3.81 2 34.24 10.76 2 25.76 10.76 2
1 16 30 15 -4 4.24 0 -4.24 -4.24 0 -4.24 0 8 0 1-4edge.dat
1 16 30 15 -2 4.24 0 -4.24 -4.24 0 -4.24 0 8 0 1-4edge.dat
1 16 30 15 2 4.24 0 -4.24 -4.24 0 -4.24 0 8 0 1-4edge.dat
1 16 30 15 4 4.24 0 -4.24 -4.24 0 -4.24 0 8 0 1-4edge.dat
1 16 30 15 -4 2.83 0 2.83 2.83 0 -2.83 0 8 0 3-4edge.dat
1 16 30 15 4 2.83 0 2.83 2.83 0 -2.83 0 8 0 3-4edge.dat
1 16 30 15 -4 1.41 0 1.41 1.41 0 -1.41 0 8 0 3-4ring2.dat
1 16 30 15 4 1.41 0 1.41 1.41 0 -1.41 0 -8 0 3-4ring2.dat
4 16 34.24 19.24 -4 35.66 19.24 -4 39.48 3.52 -4 34.24 10.76 -4
3 16 32.83 19.24 -4 35.66 19.24 -4 32.83 17.83 -4
3 16 35.95 3.81 -4 34.24 10.76 -4 39.48 3.52 -4
2 24 39.48 3.52 -4 35.66 19.24 -4
2 24 35.95 3.81 -4 34.24 10.76 -4
2 24 35.95 3.81 -2 34.24 10.76 -2
2 24 35.95 3.81 2 34.24 10.76 2
2 24 32.83 17.83 -4 32.83 19.24 -4
2 24 35.66 19.24 -4 32.83 19.24 -4
4 16 34.24 10.76 4 39.48 3.52 4 35.66 19.24 4 34.24 19.24 4
3 16 32.83 17.83 4 35.66 19.24 4 32.83 19.24 4
3 16 39.48 3.52 4 34.24 10.76 4 35.95 3.81 4
2 24 39.48 3.52 4 35.66 19.24 4
2 24 35.95 3.81 4 34.24 10.76 4
2 24 32.83 17.83 4 32.83 19.24 4
2 24 35.66 19.24 4 32.83 19.24 4
4 16 35.66 19.24 -4 35.66 19.24 4 39.48 3.52 4 39.48 3.52 -4
4 16 35.95 3.81 -4 35.95 3.81 4 34.24 10.76 4 34.24 10.76 -4
4 16 32.83 17.83 -4 32.83 17.83 4 32.83 19.24 4 32.83 19.24 -4
4 16 32.83 19.24 -4 32.83 19.24 4 35.66 19.24 4 35.66 19.24 -4
2 24 35.66 19.24 4 35.66 19.24 -4
2 24 32.83 19.24 4 32.83 19.24 -4
2 24 32.83 17.83 4 32.83 17.83 -4
2 24 34.24 10.76 4 34.24 10.76 -4
0 //
4 16 25.76 19.24 4 24.34 19.24 4 20.52 3.52 4 25.76 10.76 4
3 16 27.17 19.24 4 24.34 19.24 4 27.17 17.83 4
3 16 24.05 3.81 4 25.76 10.76 4 20.52 3.52 4
2 24 20.52 3.52 4 24.34 19.24 4
2 24 24.05 3.81 4 25.76 10.76 4
2 24 24.05 3.81 2 25.76 10.76 2
2 24 24.05 3.81 -2 25.76 10.76 -2
2 24 27.17 17.83 4 27.17 19.24 4
2 24 24.34 19.24 4 27.17 19.24 4
4 16 25.76 10.76 -4 20.52 3.52 -4 24.34 19.24 -4 25.76 19.24 -4
3 16 27.17 17.83 -4 24.34 19.24 -4 27.17 19.24 -4
3 16 20.52 3.52 -4 25.76 10.76 -4 24.05 3.81 -4
2 24 20.52 3.52 -4 24.34 19.24 -4
2 24 24.05 3.81 -4 25.76 10.76 -4
2 24 27.17 17.83 -4 27.17 19.24 -4
2 24 24.34 19.24 -4 27.17 19.24 -4
4 16 24.34 19.24 4 24.34 19.24 -4 20.52 3.52 -4 20.52 3.52 4
4 16 24.05 3.81 4 24.05 3.81 -4 25.76 10.76 -4 25.76 10.76 4
4 16 27.17 17.83 4 27.17 17.83 -4 27.17 19.24 -4 27.17 19.24 4
4 16 27.17 19.24 4 27.17 19.24 -4 24.34 19.24 -4 24.34 19.24 4
2 24 24.34 19.24 -4 24.34 19.24 4
2 24 27.17 19.24 -4 27.17 19.24 4
2 24 27.17 17.83 -4 27.17 17.83 4
2 24 25.76 10.76 -4 25.76 10.76 4
0 //
2 24 24.13 4.15 -2 35.87 4.15 -2
2 24 24.13 4.15 2 35.87 4.15 2
2 24 20.67 4.15 4 24.13 4.15 4
2 24 20.67 4.15 -4 24.13 4.15 -4
2 24 20.67 4.15 4 20.67 4.15 -4
2 24 24.13 4.15 4 24.13 4.15 -4
2 24 35.87 4.15 -4 39.33 4.15 -4
2 24 35.87 4.15 4 39.33 4.15 4
2 24 39.33 4.15 4 39.33 4.15 -4
2 24 35.87 4.15 4 35.87 4.15 -4
0 //