0 Sticker  0.75 x  3.75 White "LEGO System A/S" on Black
0 Name: 4622303j.dat
0 Author: J.C. Tchang [tchang]
0 !LDRAW_ORG Part UPDATE 2012-02
0 !LICENSE Redistributable under CCAL version 2.0 : see CAreadme.txt

0 BFC CERTIFY CCW

0 !KEYWORDS Unimog, set 8110

0 !HISTORY 2012-08-09 [PTadmin] Official Update 2012-02

1 16 0 -0.25 0 -37.5 0 0 0 0.25 0 0 0 -7.5 box5-12.dat
0 //
4 15 -30.028 -0.25 2.684 -30.028 -0.25 -2.6 -29.328 -0.25 -1.977 -29.328 -0.25 2.684
4 15 -29.328 -0.25 -1.977 -30.028 -0.25 -2.6 -26.726 -0.25 -2.6 -26.726 -0.25 -1.977
4 15 -25.878 -0.25 -2.6 -25.179 -0.25 -1.977 -25.179 -0.25 -0.178 -25.878 -0.25 2.684
4 15 -25.179 -0.25 -1.977 -25.878 -0.25 -2.6 -21.935 -0.25 -2.6 -21.935 -0.25 -1.977
3 15 -25.878 -0.25 2.684 -25.179 -0.25 0.442 -25.179 -0.25 2.061
3 15 -25.878 -0.25 2.684 -25.179 -0.25 -0.178 -25.179 -0.25 0.442
4 15 -22.057 -0.25 2.684 -25.878 -0.25 2.684 -25.179 -0.25 2.061 -22.057 -0.25 2.061
4 15 -25.179 -0.25 0.442 -25.179 -0.25 -0.178 -22.256 -0.25 -0.178 -22.256 -0.25 0.442
4 15 -20.18 -0.25 -1.122 -20.362 -0.25 -0.589 -21 -0.25 -0.955 -20.82 -0.25 -1.392
4 15 -20.423 -0.25 0.06 -21.144 -0.25 0.017 -21.108 -0.25 -0.486 -20.362 -0.25 -0.589
3 15 -21.108 -0.25 -0.486 -21 -0.25 -0.955 -20.362 -0.25 -0.589
4 15 -21.108 -0.25 0.52 -21.144 -0.25 0.017 -20.423 -0.25 0.06 -20.373 -0.25 0.613
4 15 -20.18 -0.25 -1.122 -20.82 -0.25 -1.392 -20.417 -0.25 -1.949 -19.881 -0.25 -1.537
4 15 -19.472 -0.25 -1.829 -19.859 -0.25 -2.357 -19.419 -0.25 -2.542 -18.992 -0.25 -2.002
4 15 -18.992 -0.25 -2.002 -19.419 -0.25 -2.542 -18.948 -0.25 -2.653 -18.484 -0.25 -2.059
4 15 -19.859 -0.25 -2.357 -19.472 -0.25 -1.829 -19.881 -0.25 -1.537 -20.417 -0.25 -1.949
4 15 -21.001 -0.25 1 -21.108 -0.25 0.52 -20.373 -0.25 0.613 -20.221 -0.25 1.123
4 15 -20.079 -0.25 1.397 -20.428 -0.25 2.04 -20.822 -0.25 1.457 -20.221 -0.25 1.123
3 15 -20.822 -0.25 1.457 -21.001 -0.25 1 -20.221 -0.25 1.123
3 15 -20.428 -0.25 2.04 -20.079 -0.25 1.397 -19.888 -0.25 1.646
4 15 -19.64 -0.25 1.861 -19.324 -0.25 2.03 -19.893 -0.25 2.45 -20.428 -0.25 2.04
4 15 -19.469 -0.25 2.63 -19.893 -0.25 2.45 -19.324 -0.25 2.03 -18.942 -0.25 2.14
4 15 -18.942 -0.25 2.14 -18.495 -0.25 2.176 -19.004 -0.25 2.738 -19.469 -0.25 2.63
3 15 -20.428 -0.25 2.04 -19.888 -0.25 1.646 -19.64 -0.25 1.861
4 15 -18.444 -0.25 -2.69 -18.035 -0.25 -2.016 -18.484 -0.25 -2.059 -18.948 -0.25 -2.653
4 15 -18.035 -0.25 -2.016 -18.444 -0.25 -2.69 -17.875 -0.25 -2.638 -17.597 -0.25 -1.784
4 15 -18.495 -0.25 0.093 -18.495 -0.25 -0.527 -16.941 -0.25 -0.527 -16.256 -0.25 0.096
4 15 -17.597 -0.25 -1.784 -17.875 -0.25 -2.638 -17.32 -0.25 -2.35 -17.217 -0.25 -1.404
4 15 -16.941 -0.25 -0.527 -16.941 -0.25 -0.811 -16.256 -0.25 -2.665 -16.256 -0.25 0.096
4 15 -17.767 -0.25 2.037 -17.477 -0.25 1.876 -17.462 -0.25 2.589 -17.953 -0.25 2.728
4 15 -18.113 -0.25 2.141 -17.767 -0.25 2.037 -17.953 -0.25 2.728 -18.498 -0.25 2.774
4 15 -18.495 -0.25 2.176 -18.113 -0.25 2.141 -18.498 -0.25 2.774 -19.004 -0.25 2.738
4 15 -17.049 -0.25 2.367 -17.462 -0.25 2.589 -17.477 -0.25 1.876 -17.262 -0.25 1.668
4 15 -17.1 -0.25 1.394 -16.966 -0.25 1.034 -16.336 -0.25 1.207 -16.504 -0.25 1.69
4 15 -16.736 -0.25 2.072 -17.049 -0.25 2.367 -17.262 -0.25 1.668 -16.504 -0.25 1.69
3 15 -16.504 -0.25 1.69 -17.262 -0.25 1.668 -17.1 -0.25 1.394
4 15 -14.49 -0.25 -1.131 -15.136 -0.25 -1.346 -14.762 -0.25 -1.904 -14.204 -0.25 -1.542
4 15 -14.661 -0.25 -0.629 -15.363 -0.25 -0.704 -15.136 -0.25 -1.346 -14.49 -0.25 -1.131
4 15 -15.363 -0.25 -0.704 -14.661 -0.25 -0.629 -14.718 -0.25 -0.037 -15.439 -0.25 -0.026
4 15 -14.204 -0.25 -1.542 -14.762 -0.25 -1.904 -14.246 -0.25 -2.33 -13.833 -0.25 -1.847
4 15 -13.403 -0.25 -2.031 -13.619 -0.25 -2.6 -12.912 -0.25 -2.69 -12.916 -0.25 -2.092
4 15 -13.619 -0.25 -2.6 -13.403 -0.25 -2.031 -13.833 -0.25 -1.847 -14.246 -0.25 -2.33
4 15 -15.36 -0.25 0.787 -15.439 -0.25 -0.026 -14.718 -0.25 -0.037 -14.658 -0.25 0.683
4 15 -15.125 -0.25 1.474 -15.36 -0.25 0.787 -14.658 -0.25 0.683 -14.48 -0.25 1.25
4 15 -14.732 -0.25 2.034 -15.125 -0.25 1.474 -14.48 -0.25 1.25 -14.183 -0.25 1.666
4 15 -14.183 -0.25 1.666 -13.803 -0.25 1.949 -14.216 -0.25 2.447 -14.732 -0.25 2.034
4 15 -13.608 -0.25 2.695 -14.216 -0.25 2.447 -13.803 -0.25 1.949 -13.377 -0.25 2.119
4 15 -12.908 -0.25 2.778 -13.608 -0.25 2.695 -13.377 -0.25 2.119 -12.905 -0.25 2.176
4 15 -12.42 -0.25 -2.03 -12.916 -0.25 -2.092 -12.912 -0.25 -2.69 -12.247 -0.25 -2.609
4 15 -11.987 -0.25 -1.845 -12.42 -0.25 -2.03 -12.247 -0.25 -2.609 -11.629 -0.25 -2.364
4 15 -11.616 -0.25 -1.537 -11.987 -0.25 -1.845 -11.629 -0.25 -2.364 -11.102 -0.25 -1.961
4 15 -11.333 -0.25 -1.115 -11.616 -0.25 -1.537 -11.102 -0.25 -1.961 -10.71 -0.25 -1.403
4 15 -11.333 -0.25 -1.115 -10.71 -0.25 -1.403 -10.529 -0.25 -0.962 -11.163 -0.25 -0.59
4 15 -10.421 -0.25 -0.482 -11.106 -0.25 0.039 -11.163 -0.25 -0.59 -10.529 -0.25 -0.962
4 15 -11.106 -0.25 0.039 -10.421 -0.25 -0.482 -10.385 -0.25 0.035 -10.419 -0.25 0.545
4 15 -11.962 -0.25 1.911 -11.593 -0.25 1.592 -11.589 -0.25 2.428 -12.213 -0.25 2.691
4 15 -12.408 -0.25 2.11 -11.962 -0.25 1.911 -12.213 -0.25 2.691 -12.908 -0.25 2.778
3 15 -12.908 -0.25 2.778 -12.905 -0.25 2.176 -12.408 -0.25 2.11
4 15 -11.071 -0.25 2.01 -11.589 -0.25 2.428 -11.593 -0.25 1.592 -11.324 -0.25 1.165
4 15 -11.161 -0.25 0.643 -11.106 -0.25 0.039 -10.419 -0.25 0.545 -10.522 -0.25 1.018
4 15 -10.693 -0.25 1.453 -11.071 -0.25 2.01 -11.324 -0.25 1.165 -10.522 -0.25 1.018
3 15 -11.324 -0.25 1.165 -11.161 -0.25 0.643 -10.522 -0.25 1.018
4 15 -6.933 -0.25 -1.205 -7.591 -0.25 -1.405 -7.381 -0.25 -1.852 -6.793 -0.25 -1.495
4 15 -6.793 -0.25 -1.495 -7.381 -0.25 -1.852 -7.053 -0.25 -2.219 -6.575 -0.25 -1.725
4 15 -6.933 -0.25 -1.205 -7.011 -0.25 -0.845 -7.671 -0.25 -0.902 -7.591 -0.25 -1.405
4 15 -6.262 -0.25 -1.906 -6.575 -0.25 -1.725 -6.62 -0.25 -2.481 -6.077 -0.25 -2.638
4 15 -5.879 -0.25 -2.024 -6.262 -0.25 -1.906 -6.077 -0.25 -2.638 -5.418 -0.25 -2.69
4 15 -6.225 -0.25 0.71 -6.719 -0.25 0.168 -6.318 -0.25 0.008 -5.535 -0.25 0.52
4 15 -7.05 -0.25 0.39 -6.719 -0.25 0.168 -6.59 -0.25 0.897 -7.283 -0.25 0.66
3 15 -6.575 -0.25 -1.725 -7.053 -0.25 -2.219 -6.62 -0.25 -2.481
4 15 -6.795 -0.25 1.365 -7.469 -0.25 1.318 -7.423 -0.25 0.972 -6.744 -0.25 1.105
4 15 -6.744 -0.25 1.105 -7.423 -0.25 0.972 -7.283 -0.25 0.66 -6.59 -0.25 0.897
4 15 -6.722 -0.25 1.669 -7.242 -0.25 2.066 -7.412 -0.25 1.705 -6.795 -0.25 1.365
4 15 -6.963 -0.25 2.372 -7.242 -0.25 2.066 -6.722 -0.25 1.669 -6.505 -0.25 1.926
3 15 -7.412 -0.25 1.705 -7.469 -0.25 1.318 -6.795 -0.25 1.365
4 15 -6.579 -0.25 2.594 -6.963 -0.25 2.372 -6.505 -0.25 1.926 -6.129 -0.25 2.1
4 15 -6.118 -0.25 2.729 -6.579 -0.25 2.594 -6.129 -0.25 2.1 -5.58 -0.25 2.158
4 15 -5.609 -0.25 2.774 -6.118 -0.25 2.729 -5.58 -0.25 2.158 -5.056 -0.25 2.727
3 15 -6.59 -0.25 0.897 -6.719 -0.25 0.168 -6.225 -0.25 0.71
4 15 -5.535 -0.25 0.52 -6.318 -0.25 0.008 -5.699 -0.25 -0.162 -5.1 -0.25 -0.313
4 15 -5.074 -0.25 -2.033 -5.451 -0.25 -2.063 -5.418 -0.25 -2.69 -4.881 -0.25 -2.638
3 15 -5.879 -0.25 -2.024 -5.418 -0.25 -2.69 -5.451 -0.25 -2.063
4 15 -4.881 -0.25 -2.638 -4.4 -0.25 -2.483 -4.744 -0.25 -1.944 -5.074 -0.25 -2.033
4 15 -4.477 -0.25 -1.803 -4.744 -0.25 -1.944 -4.4 -0.25 -2.483 -4 -0.25 -2.234
4 15 -4 -0.25 -2.234 -3.706 -0.25 -1.902 -4.288 -0.25 -1.618 -4.477 -0.25 -1.803
4 15 -4.288 -0.25 -1.618 -3.706 -0.25 -1.902 -3.525 -0.25 -1.517 -4.139 -0.25 -1.165
4 15 -3.519 -0.25 -0.707 -4.283 -0.25 -0.731 -4.139 -0.25 -1.165 -3.464 -0.25 -1.108
3 15 -3.464 -0.25 -1.108 -4.139 -0.25 -1.165 -3.525 -0.25 -1.517
4 15 -4.474 -0.25 -0.56 -4.283 -0.25 -0.731 -3.965 -0.25 -0.058 -4.365 -0.25 0.183
4 15 -4.283 -0.25 -0.731 -3.519 -0.25 -0.707 -3.684 -0.25 -0.356 -3.965 -0.25 -0.058
4 15 -4.817 -0.25 0.339 -5.535 -0.25 0.52 -5.1 -0.25 -0.313 -4.759 -0.25 -0.419
4 15 -5.046 -0.25 2.094 -4.573 -0.25 2.585 -5.056 -0.25 2.727 -5.58 -0.25 2.158
4 15 -4.573 -0.25 2.585 -5.046 -0.25 2.094 -4.659 -0.25 1.902 -4.176 -0.25 2.351
4 15 -4.365 -0.25 0.183 -4.817 -0.25 0.339 -4.759 -0.25 -0.419 -4.474 -0.25 -0.56
4 15 -4.659 -0.25 1.902 -4.412 -0.25 1.585 -3.882 -0.25 2.028 -4.176 -0.25 2.351
4 15 -3.697 -0.25 1.636 -3.882 -0.25 2.028 -4.412 -0.25 1.585 -4.294 -0.25 1.145
3 15 -3.697 -0.25 1.636 -4.294 -0.25 1.145 -3.623 -0.25 1.196
4 15 -2.321 -0.25 -3.523 -2.592 -0.25 -3.53 -2.6 -0.25 -4.15 -2.202 -0.25 -4.154
4 15 -1.913 -0.25 -4.116 -1.974 -0.25 -3.451 -2.321 -0.25 -3.523 -2.202 -0.25 -4.154
4 15 -1.974 -0.25 -3.451 -1.913 -0.25 -4.116 -1.668 -0.25 -4.004 -1.457 -0.25 -3.812
4 15 -1.463 -0.25 -0.989 -2.259 -0.25 1.228 -2.959 -0.25 1.228 -1.506 -0.25 -2.607
4 15 -1.682 -0.25 -3.079 -1.762 -0.25 -3.249 -1.272 -0.25 -3.534 -1.116 -0.25 -3.197
4 15 -1.564 -0.25 -2.766 -1.682 -0.25 -3.079 -1.116 -0.25 -3.197 -0.908 -0.25 -2.665
4 15 -1.762 -0.25 -3.249 -1.974 -0.25 -3.451 -1.457 -0.25 -3.812 -1.272 -0.25 -3.534
4 15 -0.908 -0.25 -2.665 -1.185 -0.25 -1.875 -1.506 -0.25 -2.607 -1.564 -0.25 -2.766
4 15 -1.063 -0.25 -1.434 -1.185 -0.25 -1.875 -0.908 -0.25 -2.665 -0.918 -0.25 -1.003
4 15 -1.506 -0.25 -2.607 -1.185 -0.25 -1.875 -1.316 -0.25 -1.421 -1.463 -0.25 -0.989
4 15 0.549 -0.25 1.228 -0.1 -0.25 1.228 -0.918 -0.25 -1.003 -0.908 -0.25 -2.665
4 15 1.586 -0.25 -1.697 1.484 -0.25 -1.356 0.842 -0.25 -1.457 1.021 -0.25 -1.992
4 15 1.657 -0.25 0.06 1.092 -0.25 -0.302 1.268 -0.25 -0.509 1.511 -0.25 -0.666
4 15 1.586 -0.25 -1.697 1.021 -0.25 -1.992 1.341 -0.25 -2.376 1.785 -0.25 -1.948
4 15 2.081 -0.25 -2.102 1.821 -0.25 -2.609 2.479 -0.25 -2.687 2.475 -0.25 -2.153
4 15 2.475 -0.25 -2.153 2.479 -0.25 -2.687 2.906 -0.25 -2.647 2.864 -0.25 -2.107
4 15 1.821 -0.25 -2.609 2.081 -0.25 -2.102 1.785 -0.25 -1.948 1.341 -0.25 -2.376
4 15 2.479 -0.25 -0.279 2.097 -0.25 -0.172 1.896 -0.25 -0.81 2.5 -0.25 -0.978
4 15 1.511 -0.25 -0.666 1.896 -0.25 -0.81 1.905 -0.25 -0.113 1.657 -0.25 0.06
4 15 1.577 -0.25 0.287 0.95 -0.25 0.212 0.986 -0.25 -0.057 1.657 -0.25 0.06
3 15 1.657 -0.25 0.06 0.986 -0.25 -0.057 1.092 -0.25 -0.302
4 15 1.768 -0.25 0.633 1.386 -0.25 1.048 1.067 -0.25 0.686 1.577 -0.25 0.287
3 15 1.067 -0.25 0.686 0.95 -0.25 0.212 1.577 -0.25 0.287
4 15 1.799 -0.25 1.237 1.386 -0.25 1.048 1.768 -0.25 0.633 2.024 -0.25 0.744
4 15 2.07 -0.25 1.295 1.799 -0.25 1.237 2.024 -0.25 0.744 2.406 -0.25 0.781
4 15 2.406 -0.25 0.781 2.783 -0.25 1.282 2.36 -0.25 1.315 2.07 -0.25 1.295
3 15 1.905 -0.25 -0.113 1.896 -0.25 -0.81 2.097 -0.25 -0.172
4 15 2.864 -0.25 -2.107 2.906 -0.25 -2.647 3.286 -0.25 -2.53 3.138 -0.25 -1.971
4 15 2.5 -0.25 -0.978 2.931 -0.25 -1.1 3.063 -0.25 -0.446 2.479 -0.25 -0.279
4 15 3.439 -0.25 -0.58 2.931 -0.25 -1.1 3.163 -0.25 -1.198 3.682 -0.25 -0.723
4 15 3.138 -0.25 -1.971 3.286 -0.25 -2.53 3.601 -0.25 -2.34 3.3 -0.25 -1.773
4 15 3.3 -0.25 -1.773 3.601 -0.25 -2.34 3.832 -0.25 -2.086 3.974 -0.25 -1.79
4 15 3.354 -0.25 -1.544 3.3 -0.25 -1.773 3.974 -0.25 -1.79 4.021 -0.25 -1.475
4 15 3.354 -0.25 -1.544 4.021 -0.25 -1.475 3.983 -0.25 -1.171 3.866 -0.25 -0.92
4 15 3.163 -0.25 -1.198 3.354 -0.25 -1.544 3.866 -0.25 -0.92 3.682 -0.25 -0.723
4 15 2.783 -0.25 1.282 2.406 -0.25 0.781 2.742 -0.25 0.74 3.151 -0.25 1.185
4 15 3.151 -0.25 1.185 2.742 -0.25 0.74 2.992 -0.25 0.615 3.447 -0.25 1.032
4 15 3.447 -0.25 1.032 2.992 -0.25 0.615 3.158 -0.25 0.417 3.654 -0.25 0.833
3 15 3.063 -0.25 -0.446 2.931 -0.25 -1.1 3.439 -0.25 -0.58
4 15 3.791 -0.25 0.574 3.654 -0.25 0.833 3.158 -0.25 0.417 3.243 -0.25 0.154
3 15 3.791 -0.25 0.574 3.243 -0.25 0.154 3.877 -0.25 0.24
4 15 5.592 -0.25 -1.872 5.558 -0.25 -1.515 4.933 -0.25 -1.962 4.992 -0.25 -2.245
4 15 5.592 -0.25 -1.872 4.992 -0.25 -2.245 5.266 -0.25 -2.539 5.704 -0.25 -1.998
4 15 5.704 -0.25 -1.998 5.266 -0.25 -2.539 5.501 -0.25 -2.622 5.814 -0.25 -2.651
4 15 4.913 -0.25 -1.479 4.933 -0.25 -1.962 5.558 -0.25 -1.515 5.558 -0.25 0.724
4 15 4.437 -0.25 1.228 4.437 -0.25 0.724 4.913 -0.25 0.724 4.913 -0.25 1.228
4 15 4.913 -0.25 1.228 4.913 -0.25 0.724 5.558 -0.25 0.724 5.558 -0.25 1.228
4 15 4.913 -0.25 2.476 4.913 -0.25 1.228 5.558 -0.25 1.228 5.558 -0.25 2.565
3 15 5.558 -0.25 0.724 4.913 -0.25 0.724 4.913 -0.25 -1.479
4 15 5.926 -0.25 -2.045 5.704 -0.25 -1.998 5.814 -0.25 -2.651 6.304 -0.25 -2.593
3 15 6.211 -0.25 -2.02 5.926 -0.25 -2.045 6.304 -0.25 -2.593
4 15 5.558 -0.25 1.228 5.558 -0.25 0.724 6.211 -0.25 0.724 6.211 -0.25 1.228
4 15 6.684 -0.25 -1.295 6.848 -0.25 -1.778 7.407 -0.25 -1.409 7.3 -0.25 -0.852
4 15 6.63 -0.25 -0.718 6.684 -0.25 -1.295 7.3 -0.25 -0.852 7.336 -0.25 -0.318
4 15 6.848 -0.25 -1.778 7.122 -0.25 -2.169 7.657 -0.25 -1.818 7.407 -0.25 -1.409
4 15 7.488 -0.25 -2.457 7.932 -0.25 -2.629 8.017 -0.25 -2.069 7.657 -0.25 -1.818
4 15 8.457 -0.25 -2.153 8.017 -0.25 -2.069 7.932 -0.25 -2.629 8.453 -0.25 -2.687
3 15 7.657 -0.25 -1.818 7.122 -0.25 -2.169 7.488 -0.25 -2.457
4 15 9.473 -0.25 -0.318 7.336 -0.25 -0.318 7.3 -0.25 -0.852 10.155 -0.25 -0.852
4 15 7.336 -0.25 -0.318 7.436 -0.25 0.132 6.685 -0.25 -0.122 6.63 -0.25 -0.718
4 15 7.436 -0.25 0.132 7.127 -0.25 0.781 6.85 -0.25 0.377 6.685 -0.25 -0.122
4 15 7.127 -0.25 0.781 7.436 -0.25 0.132 7.673 -0.25 0.482 7.491 -0.25 1.077
4 15 8.013 -0.25 0.706 8.425 -0.25 0.781 7.921 -0.25 1.255 7.491 -0.25 1.077
3 15 7.491 -0.25 1.077 7.673 -0.25 0.482 8.013 -0.25 0.706
4 15 8.417 -0.25 1.315 7.921 -0.25 1.255 8.425 -0.25 0.781 8.898 -0.25 1.257
4 15 8.453 -0.25 -2.687 9.061 -0.25 -2.605 8.788 -0.25 -2.106 8.457 -0.25 -2.153
4 15 9.066 -0.25 -1.966 8.788 -0.25 -2.106 9.061 -0.25 -2.605 9.549 -0.25 -2.362
4 15 9.292 -0.25 -1.722 9.549 -0.25 -2.362 9.91 -0.25 -1.972 9.466 -0.25 -1.367
3 15 9.466 -0.25 -1.367 9.91 -0.25 -1.972 10.137 -0.25 -1.45
3 15 9.292 -0.25 -1.722 9.066 -0.25 -1.966 9.549 -0.25 -2.362
4 15 9.228 -0.25 0.406 9.672 -0.25 0.792 9.316 -0.25 1.082 8.872 -0.25 0.687
4 15 8.872 -0.25 0.687 9.316 -0.25 1.082 8.898 -0.25 1.257 8.425 -0.25 0.781
4 15 9.228 -0.25 0.406 9.391 -0.25 0.104 9.942 -0.25 0.396 9.672 -0.25 0.792
4 15 9.473 -0.25 -0.318 10.155 -0.25 -0.852 10.158 -0.25 -0.679 10.104 -0.25 -0.094
4 15 10.104 -0.25 -0.094 9.942 -0.25 0.396 9.391 -0.25 0.104 9.473 -0.25 -0.318
4 15 10.952 -0.25 -2.6 11.601 -0.25 -2.6 11.601 -0.25 -0.614 10.952 -0.25 1.228
4 15 10.952 -0.25 1.228 11.601 -0.25 -0.614 11.627 -0.25 -0.152 11.532 -0.25 0.691
3 15 11.532 -0.25 0.691 11.627 -0.25 -0.152 11.705 -0.25 0.186
4 15 13.226 -0.25 -0.113 13.226 -0.25 -2.6 13.875 -0.25 -0.376 13.942 -0.25 0.135
4 15 13.187 -0.25 0.266 13.226 -0.25 -0.113 13.942 -0.25 0.135 13.774 -0.25 0.644
4 15 11.532 -0.25 0.691 11.842 -0.25 0.431 12.042 -0.25 0.608 11.742 -0.25 0.945
4 15 12.859 -0.25 0.698 13.068 -0.25 0.536 13.39 -0.25 1.138 13.08 -0.25 1.271
3 15 11.532 -0.25 0.691 11.705 -0.25 0.186 11.842 -0.25 0.431
4 15 12.012 -0.25 1.143 11.742 -0.25 0.945 12.042 -0.25 0.608 12.285 -0.25 0.716
3 15 11.532 -0.25 1.228 10.952 -0.25 1.228 11.532 -0.25 0.691
4 15 12.549 -0.25 0.752 12.859 -0.25 0.698 12.693 -0.25 1.315 12.331 -0.25 1.272
4 15 12.285 -0.25 0.716 12.549 -0.25 0.752 12.331 -0.25 1.272 12.012 -0.25 1.143
3 15 12.693 -0.25 1.315 12.859 -0.25 0.698 13.08 -0.25 1.271
4 15 13.068 -0.25 0.536 13.187 -0.25 0.266 13.774 -0.25 0.644 13.622 -0.25 0.926
4 15 13.774 -0.25 0.644 13.942 -0.25 0.135 14.142 -0.25 0.484 14.107 -0.25 1.017
4 15 15.494 -0.25 -0.189 15.494 -0.25 -2.6 16.139 -0.25 -2.6 16.139 -0.25 0.028
4 15 16.139 -0.25 0.028 16.062 -0.25 0.599 15.478 -0.25 0.146 15.494 -0.25 -0.189
4 15 15.431 -0.25 0.372 15.478 -0.25 0.146 16.062 -0.25 0.599 15.832 -0.25 0.999
4 15 14.107 -0.25 1.017 14.142 -0.25 0.484 14.443 -0.25 0.685 14.501 -0.25 1.24
3 15 13.39 -0.25 1.138 13.068 -0.25 0.536 13.622 -0.25 0.926
4 15 14.812 -0.25 0.752 15.202 -0.25 0.648 14.957 -0.25 1.315 14.501 -0.25 1.24
4 15 15.202 -0.25 0.648 15.431 -0.25 0.372 15.832 -0.25 0.999 15.46 -0.25 1.236
3 15 14.957 -0.25 1.315 15.202 -0.25 0.648 15.46 -0.25 1.236
3 15 14.501 -0.25 1.24 14.443 -0.25 0.685 14.812 -0.25 0.752
3 15 13.875 -0.25 -0.376 13.226 -0.25 -2.6 13.875 -0.25 -2.6
4 15 18.656 -0.25 -2.6 19.398 -0.25 -2.6 19.979 -0.25 -1 20.18 -0.25 -0.43
4 15 21.972 -0.25 -0.43 20.18 -0.25 -0.43 19.979 -0.25 -1 22.188 -0.25 -1
4 15 20.685 -0.25 2.684 18.656 -0.25 -2.6 20.18 -0.25 -0.43 20.761 -0.25 1.12
4 15 20.685 -0.25 2.684 20.761 -0.25 1.12 20.924 -0.25 1.623 21.045 -0.25 2.129
4 15 23.601 -0.25 -2.6 21.972 -0.25 -0.43 22.188 -0.25 -1 22.805 -0.25 -2.6
4 15 21.972 -0.25 -0.43 23.601 -0.25 -2.6 21.438 -0.25 2.684 21.42 -0.25 1.034
4 15 21.438 -0.25 2.684 21.045 -0.25 2.129 21.2 -0.25 1.641 21.42 -0.25 1.034
3 15 21.438 -0.25 2.684 20.685 -0.25 2.684 21.045 -0.25 2.129
4 15 25.423 -0.25 2.774 23.891 -0.25 -2.69 24.414 -0.25 -2.69 25.943 -0.25 2.774
4 15 26.712 -0.25 -1.205 26.055 -0.25 -1.405 26.265 -0.25 -1.852 26.853 -0.25 -1.495
4 15 26.853 -0.25 -1.495 26.265 -0.25 -1.852 26.593 -0.25 -2.219 27.071 -0.25 -1.725
4 15 26.712 -0.25 -1.205 26.635 -0.25 -0.845 25.975 -0.25 -0.902 26.055 -0.25 -1.405
4 15 27.384 -0.25 -1.906 27.071 -0.25 -1.725 27.026 -0.25 -2.481 27.569 -0.25 -2.638
4 15 27.767 -0.25 -2.024 27.384 -0.25 -1.906 27.569 -0.25 -2.638 28.228 -0.25 -2.69
4 15 27.421 -0.25 0.71 26.926 -0.25 0.168 27.327 -0.25 0.008 28.111 -0.25 0.52
4 15 26.596 -0.25 0.39 26.926 -0.25 0.168 27.056 -0.25 0.897 26.362 -0.25 0.66
3 15 27.071 -0.25 -1.725 26.593 -0.25 -2.219 27.026 -0.25 -2.481
4 15 26.851 -0.25 1.365 26.177 -0.25 1.318 26.223 -0.25 0.972 26.902 -0.25 1.105
4 15 26.902 -0.25 1.105 26.223 -0.25 0.972 26.362 -0.25 0.66 27.056 -0.25 0.897
4 15 26.923 -0.25 1.669 26.404 -0.25 2.066 26.233 -0.25 1.705 26.851 -0.25 1.365
4 15 26.683 -0.25 2.372 26.404 -0.25 2.066 26.923 -0.25 1.669 27.141 -0.25 1.926
3 15 26.233 -0.25 1.705 26.177 -0.25 1.318 26.851 -0.25 1.365
4 15 27.067 -0.25 2.594 26.683 -0.25 2.372 27.141 -0.25 1.926 27.517 -0.25 2.1
4 15 27.527 -0.25 2.729 27.067 -0.25 2.594 27.517 -0.25 2.1 28.065 -0.25 2.158
4 15 28.037 -0.25 2.774 27.527 -0.25 2.729 28.065 -0.25 2.158 28.589 -0.25 2.727
3 15 27.056 -0.25 0.897 26.926 -0.25 0.168 27.421 -0.25 0.71
4 15 28.111 -0.25 0.52 27.327 -0.25 0.008 27.947 -0.25 -0.162 28.546 -0.25 -0.313
4 15 28.572 -0.25 -2.033 28.195 -0.25 -2.063 28.228 -0.25 -2.69 28.765 -0.25 -2.638
3 15 27.767 -0.25 -2.024 28.228 -0.25 -2.69 28.195 -0.25 -2.063
4 15 28.765 -0.25 -2.638 29.246 -0.25 -2.483 28.902 -0.25 -1.944 28.572 -0.25 -2.033
4 15 29.169 -0.25 -1.803 28.902 -0.25 -1.944 29.246 -0.25 -2.483 29.646 -0.25 -2.234
4 15 29.646 -0.25 -2.234 29.94 -0.25 -1.902 29.358 -0.25 -1.618 29.169 -0.25 -1.803
4 15 29.358 -0.25 -1.618 29.94 -0.25 -1.902 30.121 -0.25 -1.517 29.507 -0.25 -1.165
4 15 30.126 -0.25 -0.707 29.363 -0.25 -0.731 29.507 -0.25 -1.165 30.181 -0.25 -1.108
3 15 30.181 -0.25 -1.108 29.507 -0.25 -1.165 30.121 -0.25 -1.517
4 15 29.172 -0.25 -0.56 29.363 -0.25 -0.731 29.681 -0.25 -0.058 29.28 -0.25 0.183
4 15 29.363 -0.25 -0.731 30.126 -0.25 -0.707 29.962 -0.25 -0.356 29.681 -0.25 -0.058
4 15 28.829 -0.25 0.339 28.111 -0.25 0.52 28.546 -0.25 -0.313 28.887 -0.25 -0.419
4 15 28.6 -0.25 2.094 29.073 -0.25 2.585 28.589 -0.25 2.727 28.065 -0.25 2.158
4 15 29.073 -0.25 2.585 28.6 -0.25 2.094 28.986 -0.25 1.902 29.47 -0.25 2.351
4 15 29.28 -0.25 0.183 28.829 -0.25 0.339 28.887 -0.25 -0.419 29.172 -0.25 -0.56
4 15 28.986 -0.25 1.902 29.234 -0.25 1.585 29.763 -0.25 2.028 29.47 -0.25 2.351
4 15 29.949 -0.25 1.636 29.763 -0.25 2.028 29.234 -0.25 1.585 29.352 -0.25 1.145
3 15 29.949 -0.25 1.636 29.352 -0.25 1.145 30.023 -0.25 1.196
4 15 -17.217 -0.25 -1.404 -17.32 -0.25 -2.35 -16.941 -0.25 -1.925 -16.941 -0.25 -0.811
3 15 -16.941 -0.25 -0.811 -16.941 -0.25 -1.925 -16.256 -0.25 -2.665
3 15 -16.941 -0.25 -1.925 -16.941 -0.25 -2.665 -16.256 -0.25 -2.665
0 //
3 0 -26.726 -0.25 -2.6 -30.028 -0.25 -2.6 -37.5 -0.25 -7.5
3 0 -25.878 -0.25 -2.6 -26.726 -0.25 -2.6 -37.5 -0.25 -7.5
4 0 -37.5 -0.25 7.5 -37.5 -0.25 -7.5 -30.028 -0.25 -2.6 -30.028 -0.25 2.684
4 0 -21.935 -0.25 -2.6 -25.878 -0.25 -2.6 -37.5 -0.25 -7.5 -18.948 -0.25 -2.653
3 0 -19.419 -0.25 -2.542 -21.935 -0.25 -2.6 -18.948 -0.25 -2.653
4 0 -26.726 -0.25 -1.977 -26.726 -0.25 -2.6 -25.878 -0.25 -2.6 -25.878 -0.25 2.684
3 0 -18.948 -0.25 -2.653 -37.5 -0.25 -7.5 -18.444 -0.25 -2.69
3 0 -19.859 -0.25 -2.357 -21.935 -0.25 -2.6 -19.419 -0.25 -2.542
4 0 -29.328 -0.25 2.684 -29.328 -0.25 -1.977 -26.726 -0.25 -1.977 -25.878 -0.25 2.684
4 0 -22.256 -0.25 -0.178 -25.179 -0.25 -1.977 -21.935 -0.25 -1.977 -21 -0.25 -0.955
4 0 -20.417 -0.25 -1.949 -21.935 -0.25 -1.977 -21.935 -0.25 -2.6 -19.859 -0.25 -2.357
3 0 -20.82 -0.25 -1.392 -21.935 -0.25 -1.977 -20.417 -0.25 -1.949
4 0 -2.6 -0.25 -4.15 -12.247 -0.25 -2.609 -12.912 -0.25 -2.69 -37.5 -0.25 -7.5
4 0 -7.053 -0.25 -2.219 -11.102 -0.25 -1.961 -11.629 -0.25 -2.364 -6.62 -0.25 -2.481
4 0 -18.495 -0.25 -0.527 -18.992 -0.25 -2.002 -18.484 -0.25 -2.059 -18.035 -0.25 -2.016
4 0 -13.403 -0.25 -2.031 -12.916 -0.25 -2.092 -14.204 -0.25 -1.542 -13.833 -0.25 -1.847
4 0 -12.916 -0.25 -2.092 -12.42 -0.25 -2.03 -11.616 -0.25 -1.537 -11.333 -0.25 -1.115
4 0 -10.71 -0.25 -1.403 -11.102 -0.25 -1.961 -7.381 -0.25 -1.852 -7.591 -0.25 -1.405
4 0 -18.495 -0.25 -0.527 -19.881 -0.25 -1.537 -19.472 -0.25 -1.829 -18.992 -0.25 -2.002
4 0 -18.495 -0.25 -0.527 -18.035 -0.25 -2.016 -17.597 -0.25 -1.784 -17.217 -0.25 -1.404
4 0 -17.217 -0.25 -1.404 -16.941 -0.25 -0.811 -16.941 -0.25 -0.527 -18.495 -0.25 -0.527
4 0 -15.363 -0.25 -0.704 -16.256 -0.25 0.096 -16.256 -0.25 -2.665 -15.136 -0.25 -1.346
4 0 -18.495 -0.25 -0.527 -18.495 -0.25 0.093 -20.362 -0.25 -0.589 -20.18 -0.25 -1.122
3 0 -18.495 -0.25 -0.527 -20.18 -0.25 -1.122 -19.881 -0.25 -1.537
3 0 -21 -0.25 -0.955 -21.935 -0.25 -1.977 -20.82 -0.25 -1.392
4 0 -14.49 -0.25 -1.131 -12.916 -0.25 -2.092 -11.333 -0.25 -1.115 -14.661 -0.25 -0.629
4 0 -10.529 -0.25 -0.962 -10.71 -0.25 -1.403 -7.591 -0.25 -1.405 -7.671 -0.25 -0.902
3 0 -11.616 -0.25 -1.537 -12.42 -0.25 -2.03 -11.987 -0.25 -1.845
4 0 -14.661 -0.25 -0.629 -11.333 -0.25 -1.115 -11.163 -0.25 -0.59 -14.718 -0.25 -0.037
3 0 -14.49 -0.25 -1.131 -14.204 -0.25 -1.542 -12.916 -0.25 -2.092
3 0 -10.421 -0.25 -0.482 -10.529 -0.25 -0.962 -7.671 -0.25 -0.902
4 0 -10.385 -0.25 0.035 -10.421 -0.25 -0.482 -7.671 -0.25 -0.902 -7.423 -0.25 0.972
3 0 -15.136 -0.25 -1.346 -16.256 -0.25 -2.665 -14.762 -0.25 -1.904
3 0 -14.762 -0.25 -1.904 -16.256 -0.25 -2.665 -14.246 -0.25 -2.33
4 0 -6.62 -0.25 -2.481 -11.629 -0.25 -2.364 -12.247 -0.25 -2.609 -6.077 -0.25 -2.638
3 0 -22.256 -0.25 -0.178 -21 -0.25 -0.955 -21.108 -0.25 -0.486
4 0 -2.6 -0.25 -4.15 -5.418 -0.25 -2.69 -6.077 -0.25 -2.638 -12.247 -0.25 -2.609
3 0 -4.881 -0.25 -2.638 -5.418 -0.25 -2.69 -2.6 -0.25 -4.15
4 0 -2.202 -0.25 -4.154 -2.6 -0.25 -4.15 -37.5 -0.25 -7.5 37.5 -0.25 -7.5
4 0 -2.6 -0.25 -4.15 -2.592 -0.25 -3.53 -4.4 -0.25 -2.483 -4.881 -0.25 -2.638
4 0 -3.706 -0.25 -1.902 -4 -0.25 -2.234 -2.592 -0.25 -3.53 -1.564 -0.25 -2.766
3 0 -4 -0.25 -2.234 -4.4 -0.25 -2.483 -2.592 -0.25 -3.53
4 0 -5.1 -0.25 -0.313 -5.879 -0.25 -2.024 -5.451 -0.25 -2.063 -5.074 -0.25 -2.033
4 0 -1.682 -0.25 -3.079 -2.592 -0.25 -3.53 -2.321 -0.25 -3.523 -1.762 -0.25 -3.249
4 0 -1.457 -0.25 -3.812 2.479 -0.25 -2.687 1.821 -0.25 -2.609 -1.272 -0.25 -3.534
4 0 1.341 -0.25 -2.376 -1.116 -0.25 -3.197 -1.272 -0.25 -3.534 1.821 -0.25 -2.609
4 0 2.479 -0.25 -2.687 -1.457 -0.25 -3.812 -1.668 -0.25 -4.004 2.906 -0.25 -2.647
3 0 -1.564 -0.25 -2.766 -2.592 -0.25 -3.53 -1.682 -0.25 -3.079
4 0 -0.908 -0.25 -2.665 -1.116 -0.25 -3.197 1.341 -0.25 -2.376 1.021 -0.25 -1.992
3 0 0.842 -0.25 -1.457 -0.908 -0.25 -2.665 1.021 -0.25 -1.992
4 0 1.586 -0.25 -1.697 1.785 -0.25 -1.948 2.5 -0.25 -0.978 1.896 -0.25 -0.81
4 0 -3.706 -0.25 -1.902 -1.564 -0.25 -2.766 -1.506 -0.25 -2.607 -3.525 -0.25 -1.517
4 0 -1.668 -0.25 -4.004 -1.913 -0.25 -4.116 5.814 -0.25 -2.651 5.501 -0.25 -2.622
3 0 -1.762 -0.25 -3.249 -2.321 -0.25 -3.523 -1.974 -0.25 -3.451
4 0 -1.913 -0.25 -4.116 -2.202 -0.25 -4.154 37.5 -0.25 -7.5 11.601 -0.25 -2.6
4 0 -5.699 -0.25 -0.162 -6.575 -0.25 -1.725 -6.262 -0.25 -1.906 -5.879 -0.25 -2.024
4 0 -4.744 -0.25 -1.944 -4.477 -0.25 -1.803 -4.759 -0.25 -0.419 -5.074 -0.25 -2.033
4 0 -4.477 -0.25 -1.803 -4.288 -0.25 -1.618 -4.474 -0.25 -0.56 -4.759 -0.25 -0.419
4 0 -6.933 -0.25 -1.205 -6.793 -0.25 -1.495 -5.699 -0.25 -0.162 -7.011 -0.25 -0.845
4 0 -7.05 -0.25 0.39 -7.671 -0.25 -0.902 -7.011 -0.25 -0.845 -6.719 -0.25 0.168
3 0 -5.699 -0.25 -0.162 -6.793 -0.25 -1.495 -6.575 -0.25 -1.725
4 0 -4.139 -0.25 -1.165 -4.283 -0.25 -0.731 -4.474 -0.25 -0.56 -4.288 -0.25 -1.618
3 0 -5.1 -0.25 -0.313 -5.074 -0.25 -2.033 -4.759 -0.25 -0.419
3 0 -1.316 -0.25 -1.421 -1.185 -0.25 -1.875 -1.063 -0.25 -1.434
4 0 -1.316 -0.25 -1.421 -1.063 -0.25 -1.434 -0.918 -0.25 -1.003 -1.463 -0.25 -0.989
4 0 1.484 -0.25 -1.356 1.586 -0.25 -1.697 1.896 -0.25 -0.81 1.511 -0.25 -0.666
4 0 0.986 -0.25 -0.057 -0.908 -0.25 -2.665 0.842 -0.25 -1.457 1.092 -0.25 -0.302
4 0 0.842 -0.25 -1.457 1.484 -0.25 -1.356 1.268 -0.25 -0.509 1.092 -0.25 -0.302
4 0 -3.519 -0.25 -0.707 -3.464 -0.25 -1.108 -1.506 -0.25 -2.607 -2.959 -0.25 1.228
3 0 -3.464 -0.25 -1.108 -3.525 -0.25 -1.517 -1.506 -0.25 -2.607
3 0 1.268 -0.25 -0.509 1.484 -0.25 -1.356 1.511 -0.25 -0.666
4 0 -1.463 -0.25 -0.989 -0.918 -0.25 -1.003 -0.1 -0.25 1.228 -2.259 -0.25 1.228
4 0 -0.908 -0.25 -2.665 0.986 -0.25 -0.057 0.95 -0.25 0.212 0.549 -0.25 1.228
3 0 -7.381 -0.25 -1.852 -11.102 -0.25 -1.961 -7.053 -0.25 -2.219
3 0 -5.699 -0.25 -0.162 -5.879 -0.25 -2.024 -5.1 -0.25 -0.313
3 0 -22.256 -0.25 -0.178 -25.179 -0.25 -0.178 -25.179 -0.25 -1.977
4 0 -22.256 -0.25 -0.178 -21.108 -0.25 -0.486 -21.144 -0.25 0.017 -22.256 -0.25 0.442
4 0 -25.179 -0.25 2.061 -25.179 -0.25 0.442 -22.256 -0.25 0.442 -22.057 -0.25 2.061
3 0 -21.108 -0.25 0.52 -22.256 -0.25 0.442 -21.144 -0.25 0.017
4 0 -22.256 -0.25 0.442 -21.108 -0.25 0.52 -21.001 -0.25 1 -22.057 -0.25 2.061
4 0 -19.888 -0.25 1.646 -20.079 -0.25 1.397 -18.495 -0.25 0.093 -19.64 -0.25 1.861
4 0 -18.495 -0.25 0.093 -20.079 -0.25 1.397 -20.221 -0.25 1.123 -20.373 -0.25 0.613
3 0 -22.057 -0.25 2.061 -21.001 -0.25 1 -20.822 -0.25 1.457
4 0 -18.495 -0.25 0.093 -20.373 -0.25 0.613 -20.423 -0.25 0.06 -20.362 -0.25 -0.589
4 0 -16.966 -0.25 1.034 -18.495 -0.25 0.093 -16.256 -0.25 0.096 -16.336 -0.25 1.207
4 0 -18.495 -0.25 0.093 -16.966 -0.25 1.034 -17.1 -0.25 1.394 -17.262 -0.25 1.668
3 0 -16.256 -0.25 0.096 -15.363 -0.25 -0.704 -15.439 -0.25 -0.026
4 0 -15.36 -0.25 0.787 -16.336 -0.25 1.207 -16.256 -0.25 0.096 -15.439 -0.25 -0.026
4 0 -14.48 -0.25 1.25 -14.658 -0.25 0.683 -13.803 -0.25 1.949 -14.183 -0.25 1.666
4 0 -18.495 -0.25 0.093 -17.262 -0.25 1.668 -17.477 -0.25 1.876 -17.767 -0.25 2.037
4 0 -16.336 -0.25 1.207 -15.36 -0.25 0.787 -15.125 -0.25 1.474 -16.504 -0.25 1.69
4 0 -16.504 -0.25 1.69 -15.125 -0.25 1.474 -14.732 -0.25 2.034 -16.736 -0.25 2.072
4 0 -14.658 -0.25 0.683 -11.324 -0.25 1.165 -12.905 -0.25 2.176 -13.377 -0.25 2.119
4 0 -19.324 -0.25 2.03 -19.64 -0.25 1.861 -18.495 -0.25 0.093 -18.942 -0.25 2.14
4 0 -22.057 -0.25 2.684 -22.057 -0.25 2.061 -20.428 -0.25 2.04 -19.893 -0.25 2.45
3 0 -22.057 -0.25 2.061 -20.822 -0.25 1.457 -20.428 -0.25 2.04
3 0 -22.057 -0.25 2.684 -19.893 -0.25 2.45 -19.469 -0.25 2.63
3 0 -37.5 -0.25 7.5 -30.028 -0.25 2.684 -29.328 -0.25 2.684
3 0 -37.5 -0.25 7.5 -29.328 -0.25 2.684 -25.878 -0.25 2.684
4 0 -18.498 -0.25 2.774 -37.5 -0.25 7.5 -22.057 -0.25 2.684 -19.004 -0.25 2.738
3 0 -19.004 -0.25 2.738 -22.057 -0.25 2.684 -19.469 -0.25 2.63
3 0 -37.5 -0.25 7.5 -25.878 -0.25 2.684 -22.057 -0.25 2.684
4 0 -12.908 -0.25 2.778 -37.5 -0.25 7.5 -18.498 -0.25 2.774 -17.953 -0.25 2.728
4 0 -18.113 -0.25 2.141 -18.495 -0.25 2.176 -18.495 -0.25 0.093 -17.767 -0.25 2.037
3 0 -13.377 -0.25 2.119 -13.803 -0.25 1.949 -14.658 -0.25 0.683
4 0 -12.408 -0.25 2.11 -12.905 -0.25 2.176 -11.324 -0.25 1.165 -11.593 -0.25 1.592
4 0 -17.049 -0.25 2.367 -16.736 -0.25 2.072 -14.732 -0.25 2.034 -14.216 -0.25 2.447
4 0 -17.953 -0.25 2.728 -17.462 -0.25 2.589 -13.608 -0.25 2.695 -12.908 -0.25 2.778
4 0 -17.462 -0.25 2.589 -17.049 -0.25 2.367 -14.216 -0.25 2.447 -13.608 -0.25 2.695
3 0 -18.495 -0.25 2.176 -18.942 -0.25 2.14 -18.495 -0.25 0.093
4 0 -5.609 -0.25 2.774 -37.5 -0.25 7.5 -12.908 -0.25 2.778 -6.118 -0.25 2.729
4 0 -11.106 -0.25 0.039 -14.658 -0.25 0.683 -14.718 -0.25 -0.037 -11.163 -0.25 -0.59
4 0 -11.161 -0.25 0.643 -11.324 -0.25 1.165 -14.658 -0.25 0.683 -11.106 -0.25 0.039
3 0 -6.719 -0.25 0.168 -7.011 -0.25 -0.845 -6.318 -0.25 0.008
3 0 -7.283 -0.25 0.66 -7.671 -0.25 -0.902 -7.05 -0.25 0.39
4 0 -10.419 -0.25 0.545 -10.385 -0.25 0.035 -7.423 -0.25 0.972 -7.469 -0.25 1.318
3 0 -7.423 -0.25 0.972 -7.671 -0.25 -0.902 -7.283 -0.25 0.66
4 0 -10.522 -0.25 1.018 -10.419 -0.25 0.545 -7.469 -0.25 1.318 -7.412 -0.25 1.705
4 0 -6.795 -0.25 1.365 -6.744 -0.25 1.105 -6.59 -0.25 0.897 -6.722 -0.25 1.669
4 0 -6.59 -0.25 0.897 -6.225 -0.25 0.71 -6.505 -0.25 1.926 -6.722 -0.25 1.669
4 0 -4.365 -0.25 0.183 -3.965 -0.25 -0.058 -3.623 -0.25 1.196 -4.294 -0.25 1.145
3 0 -2.959 -0.25 1.228 -3.684 -0.25 -0.356 -3.519 -0.25 -0.707
4 0 1.768 -0.25 0.633 1.577 -0.25 0.287 1.657 -0.25 0.06 1.905 -0.25 -0.113
4 0 -3.965 -0.25 -0.058 -3.684 -0.25 -0.356 -2.959 -0.25 1.228 -3.623 -0.25 1.196
4 0 -5.535 -0.25 0.52 -4.817 -0.25 0.339 -4.294 -0.25 1.145 -4.412 -0.25 1.585
3 0 -4.294 -0.25 1.145 -4.817 -0.25 0.339 -4.365 -0.25 0.183
4 0 -5.58 -0.25 2.158 -6.225 -0.25 0.71 -5.535 -0.25 0.52 -5.046 -0.25 2.094
3 0 0.549 -0.25 1.228 1.067 -0.25 0.686 1.386 -0.25 1.048
3 0 0.549 -0.25 1.228 0.95 -0.25 0.212 1.067 -0.25 0.686
3 0 -3.697 -0.25 1.636 -3.623 -0.25 1.196 -2.959 -0.25 1.228
3 0 -12.408 -0.25 2.11 -11.593 -0.25 1.592 -11.962 -0.25 1.911
4 0 -10.693 -0.25 1.453 -10.522 -0.25 1.018 -7.412 -0.25 1.705 -7.242 -0.25 2.066
4 0 -6.963 -0.25 2.372 -11.589 -0.25 2.428 -11.071 -0.25 2.01 -7.242 -0.25 2.066
3 0 -7.242 -0.25 2.066 -11.071 -0.25 2.01 -10.693 -0.25 1.453
4 0 -6.579 -0.25 2.594 -12.213 -0.25 2.691 -11.589 -0.25 2.428 -6.963 -0.25 2.372
4 0 -12.213 -0.25 2.691 -6.579 -0.25 2.594 -6.118 -0.25 2.729 -12.908 -0.25 2.778
4 0 -6.129 -0.25 2.1 -6.505 -0.25 1.926 -6.225 -0.25 0.71 -5.58 -0.25 2.158
4 0 -4.659 -0.25 1.902 -5.046 -0.25 2.094 -5.535 -0.25 0.52 -4.412 -0.25 1.585
4 0 -2.259 -0.25 1.228 -0.1 -0.25 1.228 -4.176 -0.25 2.351 -3.882 -0.25 2.028
4 0 -0.1 -0.25 1.228 0.549 -0.25 1.228 -4.573 -0.25 2.585 -4.176 -0.25 2.351
3 0 1.799 -0.25 1.237 0.549 -0.25 1.228 1.386 -0.25 1.048
4 0 -3.882 -0.25 2.028 -3.697 -0.25 1.636 -2.959 -0.25 1.228 -2.259 -0.25 1.228
4 0 0.549 -0.25 1.228 1.799 -0.25 1.237 2.07 -0.25 1.295 4.913 -0.25 2.476
3 0 -6.318 -0.25 0.008 -7.011 -0.25 -0.845 -5.699 -0.25 -0.162
4 0 37.5 -0.25 7.5 -37.5 -0.25 7.5 -5.609 -0.25 2.774 25.423 -0.25 2.774
3 0 5.501 -0.25 -2.622 2.906 -0.25 -2.647 -1.668 -0.25 -4.004
4 0 3.286 -0.25 -2.53 2.906 -0.25 -2.647 5.501 -0.25 -2.622 5.266 -0.25 -2.539
4 0 3.601 -0.25 -2.34 3.286 -0.25 -2.53 5.266 -0.25 -2.539 4.992 -0.25 -2.245
4 0 3.832 -0.25 -2.086 3.601 -0.25 -2.34 4.992 -0.25 -2.245 4.933 -0.25 -1.962
4 0 2.5 -0.25 -0.978 2.081 -0.25 -2.102 2.475 -0.25 -2.153 2.931 -0.25 -1.1
4 0 2.931 -0.25 -1.1 2.475 -0.25 -2.153 2.864 -0.25 -2.107 3.138 -0.25 -1.971
4 0 3.974 -0.25 -1.79 3.832 -0.25 -2.086 4.933 -0.25 -1.962 4.913 -0.25 -1.479
3 0 7.488 -0.25 -2.457 6.304 -0.25 -2.593 7.932 -0.25 -2.629
4 0 7.932 -0.25 -2.629 6.304 -0.25 -2.593 5.814 -0.25 -2.651 8.453 -0.25 -2.687
4 0 6.304 -0.25 -2.593 7.488 -0.25 -2.457 7.122 -0.25 -2.169 6.211 -0.25 -2.02
3 0 9.549 -0.25 -2.362 9.061 -0.25 -2.605 10.952 -0.25 -2.6
4 0 10.952 -0.25 -2.6 9.061 -0.25 -2.605 8.453 -0.25 -2.687 11.601 -0.25 -2.6
4 0 5.926 -0.25 -2.045 6.211 -0.25 -2.02 5.558 -0.25 -1.515 5.592 -0.25 -1.872
3 0 6.848 -0.25 -1.778 6.211 -0.25 -2.02 7.122 -0.25 -2.169
4 0 9.292 -0.25 -1.722 8.457 -0.25 -2.153 8.788 -0.25 -2.106 9.066 -0.25 -1.966
4 0 7.657 -0.25 -1.818 8.017 -0.25 -2.069 8.457 -0.25 -2.153 9.292 -0.25 -1.722
3 0 5.592 -0.25 -1.872 5.704 -0.25 -1.998 5.926 -0.25 -2.045
3 0 5.814 -0.25 -2.651 -1.913 -0.25 -4.116 8.453 -0.25 -2.687
4 0 3.163 -0.25 -1.198 2.931 -0.25 -1.1 3.3 -0.25 -1.773 3.354 -0.25 -1.544
4 0 2.024 -0.25 0.744 1.905 -0.25 -0.113 2.097 -0.25 -0.172 2.406 -0.25 0.781
4 0 3.439 -0.25 -0.58 3.682 -0.25 -0.723 3.877 -0.25 0.24 3.243 -0.25 0.154
4 0 2.406 -0.25 0.781 2.097 -0.25 -0.172 2.479 -0.25 -0.279 2.742 -0.25 0.74
3 0 3.243 -0.25 0.154 3.063 -0.25 -0.446 3.439 -0.25 -0.58
4 0 2.479 -0.25 -0.279 3.063 -0.25 -0.446 3.243 -0.25 0.154 3.158 -0.25 0.417
4 0 3.877 -0.25 0.24 3.682 -0.25 -0.723 3.866 -0.25 -0.92 4.913 -0.25 0.724
3 0 2.931 -0.25 -1.1 3.138 -0.25 -1.971 3.3 -0.25 -1.773
3 0 4.021 -0.25 -1.475 3.974 -0.25 -1.79 4.913 -0.25 -1.479
3 0 3.983 -0.25 -1.171 4.021 -0.25 -1.475 4.913 -0.25 -1.479
4 0 6.211 -0.25 -2.02 6.848 -0.25 -1.778 6.684 -0.25 -1.295 5.558 -0.25 -1.515
4 0 7.657 -0.25 -1.818 9.292 -0.25 -1.722 9.466 -0.25 -1.367 7.407 -0.25 -1.409
4 0 6.63 -0.25 -0.718 5.558 -0.25 0.724 5.558 -0.25 -1.515 6.684 -0.25 -1.295
4 0 4.913 -0.25 -1.479 4.913 -0.25 0.724 3.866 -0.25 -0.92 3.983 -0.25 -1.171
4 0 9.466 -0.25 -1.367 10.155 -0.25 -0.852 7.3 -0.25 -0.852 7.407 -0.25 -1.409
4 0 7.436 -0.25 0.132 7.336 -0.25 -0.318 9.473 -0.25 -0.318 9.391 -0.25 0.104
4 0 5.558 -0.25 0.724 6.63 -0.25 -0.718 6.685 -0.25 -0.122 6.211 -0.25 0.724
3 0 2.5 -0.25 -0.978 1.785 -0.25 -1.948 2.081 -0.25 -2.102
3 0 10.137 -0.25 -1.45 9.91 -0.25 -1.972 10.952 -0.25 -2.6
3 0 13.226 -0.25 -2.6 11.601 -0.25 -2.6 37.5 -0.25 -7.5
3 0 13.875 -0.25 -2.6 13.226 -0.25 -2.6 37.5 -0.25 -7.5
3 0 18.656 -0.25 -2.6 16.139 -0.25 -2.6 37.5 -0.25 -7.5
3 0 24.414 -0.25 -2.69 23.891 -0.25 -2.69 37.5 -0.25 -7.5
3 0 16.139 -0.25 -2.6 15.494 -0.25 -2.6 37.5 -0.25 -7.5
4 0 24.414 -0.25 -2.69 25.975 -0.25 -0.902 26.223 -0.25 0.972 26.177 -0.25 1.318
3 0 15.494 -0.25 -2.6 13.875 -0.25 -2.6 37.5 -0.25 -7.5
4 0 11.601 -0.25 -0.614 11.601 -0.25 -2.6 13.226 -0.25 -2.6 13.226 -0.25 -0.113
4 0 13.875 -0.25 -0.376 13.875 -0.25 -2.6 15.494 -0.25 -2.6 15.494 -0.25 -0.189
4 0 19.398 -0.25 -2.6 18.656 -0.25 -2.6 37.5 -0.25 -7.5 23.891 -0.25 -2.69
4 0 19.398 -0.25 -2.6 22.805 -0.25 -2.6 22.188 -0.25 -1 19.979 -0.25 -1
3 0 22.805 -0.25 -2.6 19.398 -0.25 -2.6 23.891 -0.25 -2.69
3 0 23.601 -0.25 -2.6 22.805 -0.25 -2.6 23.891 -0.25 -2.69
3 0 26.055 -0.25 -1.405 24.414 -0.25 -2.69 26.265 -0.25 -1.852
3 0 26.265 -0.25 -1.852 24.414 -0.25 -2.69 26.593 -0.25 -2.219
3 0 9.91 -0.25 -1.972 9.549 -0.25 -2.362 10.952 -0.25 -2.6
4 0 27.569 -0.25 -2.638 27.026 -0.25 -2.481 24.414 -0.25 -2.69 37.5 -0.25 -7.5
3 0 27.569 -0.25 -2.638 37.5 -0.25 -7.5 28.228 -0.25 -2.69
3 0 29.246 -0.25 -2.483 28.765 -0.25 -2.638 37.5 -0.25 -7.5
3 0 28.765 -0.25 -2.638 28.228 -0.25 -2.69 37.5 -0.25 -7.5
3 0 29.646 -0.25 -2.234 29.246 -0.25 -2.483 37.5 -0.25 -7.5
3 0 29.94 -0.25 -1.902 29.646 -0.25 -2.234 37.5 -0.25 -7.5
3 0 26.593 -0.25 -2.219 24.414 -0.25 -2.69 27.026 -0.25 -2.481
4 0 27.947 -0.25 -0.162 27.384 -0.25 -1.906 27.767 -0.25 -2.024 28.546 -0.25 -0.313
4 0 28.546 -0.25 -0.313 27.767 -0.25 -2.024 28.195 -0.25 -2.063 28.572 -0.25 -2.033
4 0 28.887 -0.25 -0.419 28.572 -0.25 -2.033 28.902 -0.25 -1.944 29.169 -0.25 -1.803
3 0 30.121 -0.25 -1.517 29.94 -0.25 -1.902 37.5 -0.25 -7.5
3 0 11.601 -0.25 -2.6 8.453 -0.25 -2.687 -1.913 -0.25 -4.116
3 0 10.155 -0.25 -0.852 10.137 -0.25 -1.45 10.952 -0.25 -2.6
4 0 10.158 -0.25 -0.679 10.155 -0.25 -0.852 10.952 -0.25 -2.6 10.952 -0.25 1.228
3 0 25.975 -0.25 -0.902 24.414 -0.25 -2.69 26.055 -0.25 -1.405
4 0 23.601 -0.25 -2.6 23.891 -0.25 -2.69 25.423 -0.25 2.774 21.438 -0.25 2.684
4 0 16.139 -0.25 0.028 16.139 -0.25 -2.6 18.656 -0.25 -2.6 20.685 -0.25 2.684
4 0 11.627 -0.25 -0.152 11.601 -0.25 -0.614 13.226 -0.25 -0.113 11.705 -0.25 0.186
4 0 20.18 -0.25 -0.43 21.972 -0.25 -0.43 21.42 -0.25 1.034 20.761 -0.25 1.12
4 0 13.942 -0.25 0.135 13.875 -0.25 -0.376 15.494 -0.25 -0.189 14.142 -0.25 0.484
3 0 10.155 -0.25 -0.852 9.466 -0.25 -1.367 10.137 -0.25 -1.45
4 0 27.947 -0.25 -0.162 26.712 -0.25 -1.205 26.853 -0.25 -1.495 27.071 -0.25 -1.725
4 0 29.358 -0.25 -1.618 29.507 -0.25 -1.165 29.172 -0.25 -0.56 29.169 -0.25 -1.803
4 0 30.181 -0.25 -1.108 30.121 -0.25 -1.517 37.5 -0.25 -7.5 37.5 -0.25 7.5
3 0 28.546 -0.25 -0.313 28.572 -0.25 -2.033 28.887 -0.25 -0.419
3 0 27.947 -0.25 -0.162 27.071 -0.25 -1.725 27.384 -0.25 -1.906
4 0 26.635 -0.25 -0.845 26.712 -0.25 -1.205 27.947 -0.25 -0.162 27.327 -0.25 0.008
4 0 25.975 -0.25 -0.902 26.635 -0.25 -0.845 26.596 -0.25 0.39 26.362 -0.25 0.66
3 0 29.172 -0.25 -0.56 29.507 -0.25 -1.165 29.363 -0.25 -0.731
4 0 30.023 -0.25 1.196 29.962 -0.25 -0.356 30.126 -0.25 -0.707 37.5 -0.25 7.5
3 0 28.887 -0.25 -0.419 29.169 -0.25 -1.803 29.172 -0.25 -0.56
3 0 37.5 -0.25 7.5 30.126 -0.25 -0.707 30.181 -0.25 -1.108
4 0 2.479 -0.25 -0.279 3.158 -0.25 0.417 2.992 -0.25 0.615 2.742 -0.25 0.74
3 0 6.211 -0.25 0.724 6.685 -0.25 -0.122 6.85 -0.25 0.377
4 0 4.437 -0.25 0.724 3.791 -0.25 0.574 3.877 -0.25 0.24 4.913 -0.25 0.724
4 0 6.211 -0.25 0.724 6.85 -0.25 0.377 7.127 -0.25 0.781 6.211 -0.25 1.228
4 0 3.654 -0.25 0.833 3.791 -0.25 0.574 4.437 -0.25 0.724 4.437 -0.25 1.228
4 0 8.425 -0.25 0.781 8.013 -0.25 0.706 7.673 -0.25 0.482 7.436 -0.25 0.132
4 0 9.391 -0.25 0.104 9.228 -0.25 0.406 8.872 -0.25 0.687 8.425 -0.25 0.781
4 0 11.842 -0.25 0.431 11.705 -0.25 0.186 13.226 -0.25 -0.113 12.042 -0.25 0.608
4 0 12.285 -0.25 0.716 13.226 -0.25 -0.113 13.187 -0.25 0.266 12.549 -0.25 0.752
3 0 10.952 -0.25 1.228 10.104 -0.25 -0.094 10.158 -0.25 -0.679
3 0 10.952 -0.25 1.228 9.942 -0.25 0.396 10.104 -0.25 -0.094
3 0 8.425 -0.25 0.781 7.436 -0.25 0.132 9.391 -0.25 0.104
4 0 12.859 -0.25 0.698 12.549 -0.25 0.752 13.187 -0.25 0.266 13.068 -0.25 0.536
3 0 12.285 -0.25 0.716 12.042 -0.25 0.608 13.226 -0.25 -0.113
3 0 4.437 -0.25 1.228 3.447 -0.25 1.032 3.654 -0.25 0.833
4 0 3.151 -0.25 1.185 3.447 -0.25 1.032 4.437 -0.25 1.228 4.913 -0.25 2.476
3 0 4.913 -0.25 2.476 4.437 -0.25 1.228 4.913 -0.25 1.228
4 0 6.211 -0.25 1.228 7.127 -0.25 0.781 7.491 -0.25 1.077 5.558 -0.25 2.565
3 0 5.558 -0.25 2.565 5.558 -0.25 1.228 6.211 -0.25 1.228
3 0 5.558 -0.25 2.565 7.491 -0.25 1.077 7.921 -0.25 1.255
3 0 10.952 -0.25 1.228 9.316 -0.25 1.082 9.672 -0.25 0.792
3 0 11.532 -0.25 1.228 11.532 -0.25 0.691 11.742 -0.25 0.945
4 0 13.39 -0.25 1.138 13.622 -0.25 0.926 14.107 -0.25 1.017 14.501 -0.25 1.24
3 0 10.952 -0.25 1.228 9.672 -0.25 0.792 9.942 -0.25 0.396
3 0 11.532 -0.25 1.228 11.742 -0.25 0.945 12.012 -0.25 1.143
3 0 8.898 -0.25 1.257 9.316 -0.25 1.082 10.952 -0.25 1.228
4 0 5.558 -0.25 2.565 8.898 -0.25 1.257 10.952 -0.25 1.228 12.693 -0.25 1.315
3 0 5.558 -0.25 2.565 7.921 -0.25 1.255 8.417 -0.25 1.315
3 0 12.331 -0.25 1.272 11.532 -0.25 1.228 12.012 -0.25 1.143
4 0 11.532 -0.25 1.228 12.331 -0.25 1.272 12.693 -0.25 1.315 10.952 -0.25 1.228
4 0 20.685 -0.25 2.684 5.558 -0.25 2.565 12.693 -0.25 1.315 14.957 -0.25 1.315
3 0 5.558 -0.25 2.565 8.417 -0.25 1.315 8.898 -0.25 1.257
4 0 13.08 -0.25 1.271 13.39 -0.25 1.138 14.501 -0.25 1.24 14.957 -0.25 1.315
3 0 14.957 -0.25 1.315 12.693 -0.25 1.315 13.08 -0.25 1.271
4 0 14.142 -0.25 0.484 15.494 -0.25 -0.189 15.478 -0.25 0.146 14.443 -0.25 0.685
4 0 15.478 -0.25 0.146 15.431 -0.25 0.372 15.202 -0.25 0.648 14.812 -0.25 0.752
3 0 14.812 -0.25 0.752 14.443 -0.25 0.685 15.478 -0.25 0.146
3 0 20.685 -0.25 2.684 16.062 -0.25 0.599 16.139 -0.25 0.028
3 0 20.685 -0.25 2.684 15.46 -0.25 1.236 15.832 -0.25 0.999
3 0 20.685 -0.25 2.684 15.832 -0.25 0.999 16.062 -0.25 0.599
3 0 14.107 -0.25 1.017 13.622 -0.25 0.926 13.774 -0.25 0.644
3 0 26.596 -0.25 0.39 26.635 -0.25 -0.845 26.926 -0.25 0.168
4 0 29.28 -0.25 0.183 29.681 -0.25 -0.058 30.023 -0.25 1.196 29.352 -0.25 1.145
4 0 28.111 -0.25 0.52 28.829 -0.25 0.339 29.352 -0.25 1.145 29.234 -0.25 1.585
3 0 29.352 -0.25 1.145 28.829 -0.25 0.339 29.28 -0.25 0.183
3 0 26.926 -0.25 0.168 26.635 -0.25 -0.845 27.327 -0.25 0.008
3 0 26.223 -0.25 0.972 25.975 -0.25 -0.902 26.362 -0.25 0.66
4 0 27.141 -0.25 1.926 27.056 -0.25 0.897 27.421 -0.25 0.71 27.517 -0.25 2.1
4 0 28.065 -0.25 2.158 27.421 -0.25 0.71 28.111 -0.25 0.52 28.6 -0.25 2.094
4 0 26.851 -0.25 1.365 26.902 -0.25 1.105 27.056 -0.25 0.897 26.923 -0.25 1.669
4 0 20.761 -0.25 1.12 21.42 -0.25 1.034 21.2 -0.25 1.641 20.924 -0.25 1.623
3 0 30.023 -0.25 1.196 29.681 -0.25 -0.058 29.962 -0.25 -0.356
3 0 20.685 -0.25 2.684 14.957 -0.25 1.315 15.46 -0.25 1.236
4 0 25.943 -0.25 2.774 24.414 -0.25 -2.69 26.177 -0.25 1.318 26.233 -0.25 1.705
3 0 21.045 -0.25 2.129 20.924 -0.25 1.623 21.2 -0.25 1.641
4 0 20.685 -0.25 2.684 21.438 -0.25 2.684 25.423 -0.25 2.774 -5.609 -0.25 2.774
3 0 25.943 -0.25 2.774 26.233 -0.25 1.705 26.404 -0.25 2.066
3 0 25.943 -0.25 2.774 26.683 -0.25 2.372 27.067 -0.25 2.594
3 0 25.943 -0.25 2.774 26.404 -0.25 2.066 26.683 -0.25 2.372
3 0 37.5 -0.25 7.5 25.423 -0.25 2.774 25.943 -0.25 2.774
3 0 27.141 -0.25 1.926 26.923 -0.25 1.669 27.056 -0.25 0.897
4 0 28.111 -0.25 0.52 29.234 -0.25 1.585 28.986 -0.25 1.902 28.6 -0.25 2.094
3 0 37.5 -0.25 7.5 29.763 -0.25 2.028 29.949 -0.25 1.636
3 0 28.065 -0.25 2.158 27.517 -0.25 2.1 27.421 -0.25 0.71
4 0 25.943 -0.25 2.774 27.527 -0.25 2.729 28.037 -0.25 2.774 37.5 -0.25 7.5
3 0 25.943 -0.25 2.774 27.067 -0.25 2.594 27.527 -0.25 2.729
3 0 37.5 -0.25 7.5 29.073 -0.25 2.585 29.47 -0.25 2.351
3 0 37.5 -0.25 7.5 28.037 -0.25 2.774 28.589 -0.25 2.727
3 0 37.5 -0.25 7.5 28.589 -0.25 2.727 29.073 -0.25 2.585
3 0 37.5 -0.25 7.5 29.47 -0.25 2.351 29.763 -0.25 2.028
3 0 37.5 -0.25 7.5 29.949 -0.25 1.636 30.023 -0.25 1.196
4 0 5.558 -0.25 2.565 20.685 -0.25 2.684 -5.609 -0.25 2.774 -5.056 -0.25 2.727
3 0 2.024 -0.25 0.744 1.768 -0.25 0.633 1.905 -0.25 -0.113
3 0 -16.941 -0.25 -1.925 -17.32 -0.25 -2.35 -16.941 -0.25 -2.665
3 0 -17.32 -0.25 -2.35 -17.875 -0.25 -2.638 -16.941 -0.25 -2.665
3 0 -14.246 -0.25 -2.33 -16.256 -0.25 -2.665 -13.619 -0.25 -2.6
4 0 -12.912 -0.25 -2.69 -13.619 -0.25 -2.6 -16.256 -0.25 -2.665 -37.5 -0.25 -7.5
4 0 -17.875 -0.25 -2.638 -18.444 -0.25 -2.69 -37.5 -0.25 -7.5 -16.941 -0.25 -2.665
3 0 -16.256 -0.25 -2.665 -16.941 -0.25 -2.665 -37.5 -0.25 -7.5
4 0 4.913 -0.25 2.476 5.558 -0.25 2.565 -5.056 -0.25 2.727 -4.573 -0.25 2.585
3 0 4.913 -0.25 2.476 2.783 -0.25 1.282 3.151 -0.25 1.185
3 0 4.913 -0.25 2.476 2.36 -0.25 1.315 2.783 -0.25 1.282
3 0 4.913 -0.25 2.476 2.07 -0.25 1.295 2.36 -0.25 1.315
3 0 -4.573 -0.25 2.585 0.549 -0.25 1.228 4.913 -0.25 2.476
