0 Sticker  0.75 x  5 with Pneumatic Cylinder / Half Trucks Diagram
0 Name: 4622303r.dat
0 Author: J.C. Tchang [tchang]
0 !LDRAW_ORG Part UPDATE 2012-01
0 !LICENSE Redistributable under CCAL version 2.0 : see CAreadme.txt

0 BFC CERTIFY CCW

0 !KEYWORDS Unimog, set 8110

0 !HISTORY 2012-03-30 [PTadmin] Official Update 2012-01

1 16 0 -0.25 0 50 0 0 0 0.25 0 0 0 7.5 box5-12.dat
0 //
1 15 35.4 -0.25 0.7 -0.6 0 0 0 0.6 0 0 0 -0.6 4-4ring3.dat
1 15 35.4 -0.25 0.7 0 0 -0.4 0 0.4 0 0.4 0 0 2-4ring6.dat
1 15 -15.4 -0.25 -1.4 0 0 -0.7 0 0.7 0 0.7 0 0 4-4ring2.dat
1 15 -15.4 -0.25 -1.4 0.39598 0 -0.39598 0 1 0 0.39598 0 0.39598 3-4ring5.dat
1 15 -15.4 -0.25 -1.4 0.169706 0 -0.169706 0 1 0 0.169706 0 0.169706 3-4rin14.dat
1 15 16.3 -0.25 -1.4 0 0 -0.7 0 0.7 0 0.7 0 0 4-4ring2.dat
1 15 16.3 -0.25 -1.4 0 0 0.56 0 0.56 0 -0.56 0 0 2-4ring5.dat
1 15 16.3 -0.25 -1.4 0 0 0.24 0 0.24 0 -0.24 0 0 2-4rin14.dat
1 15 -30.5 -0.25 -1.8 -0.6 0 0 0 0.6 0 0 0 -0.6 4-4ring3.dat
1 15 -30.5 -0.25 -1.8 0 0 -0.4 0 0.4 0 0.4 0 0 2-4ring6.dat
3 15 35.4 -0.25 -2.1 36 -0.25 -1.581 35.4 -0.25 -1.7
4 15 36 -0.25 -1.581 35.4 -0.25 -2.1 35.4 -0.25 -5.4 36 -0.25 -5.4
3 15 36 -0.25 2.981 35.4 -0.25 3.5 35.4 -0.25 3.1
4 15 36 -0.25 4.7 35.4 -0.25 4.1 35.4 -0.25 3.5 36 -0.25 2.981
4 15 33.2 -0.25 4.1 35.4 -0.25 4.1 36 -0.25 4.7 33.3 -0.25 4.7
4 15 32.6 -0.25 4.3 33.2 -0.25 4.1 33.3 -0.25 4.7 32.7 -0.25 4.9
4 15 32.6 -0.25 0.7 32.6 -0.25 4.3 32.1 -0.25 5.1 32.1 -0.25 -5.4
3 15 32.1 -0.25 -5.4 32.6 -0.25 -5.4 32.6 -0.25 0.7
4 15 32.1 -0.25 5.1 32.6 -0.25 4.3 32.7 -0.25 4.9 32.7 -0.25 5.7
4 15 32.7 -0.25 5.7 29.8 -0.25 5.7 30.4 -0.25 5.1 32.1 -0.25 5.1
4 15 30.4 -0.25 -5.4 30.4 -0.25 5.1 29.8 -0.25 5.7 29.8 -0.25 -5.4
4 15 -13.024 -0.25 -3.776 -12.4 -0.25 -3.3 -12.899 -0.25 -2.6 -13.42 -0.25 -3.38
3 15 -12.4 -0.25 -3.3 -13.024 -0.25 -3.776 -12.854 -0.25 -3.946
4 15 -13.024 -0.25 0.976 -13.42 -0.25 0.58 -12.966 -0.25 -0.1 -12.4 -0.25 0.6
3 15 -12.4 -0.25 0.6 -12.854 -0.25 1.146 -13.024 -0.25 0.976
4 15 -12.899 -0.25 -2.6 -12.4 -0.25 -3.3 -2.2 -0.25 -3.3 -2.2 -0.25 -2.6
4 15 -12.4 -0.25 0.6 -12.966 -0.25 -0.1 -2.2 -0.25 -0.1 -2.2 -0.25 0.6
4 15 16.3 -0.25 -4.2 15.228 -0.25 -3.987 14.6 -0.25 -4.6 16.3 -0.25 -4.76
3 15 16.3 -0.25 -4.76 14.6 -0.25 -4.6 16.3 -0.25 -5
4 15 14.6 -0.25 -4.6 15.228 -0.25 -3.987 14.799 -0.25 -3.7 2.3 -0.25 -3.7
4 15 16.3 -0.25 1.4 16.3 -0.25 1.96 14.6 -0.25 1.8 15.228 -0.25 1.187
3 15 16.3 -0.25 2.2 14.6 -0.25 1.8 16.3 -0.25 1.96
3 15 14.6 -0.25 1.8 14.799 -0.25 0.9 15.228 -0.25 1.187
4 15 12.9 -0.25 0.9 14.799 -0.25 0.9 14.6 -0.25 1.8 13.7 -0.25 1.8
4 15 13.7 -0.25 4.2 12.9 -0.25 3.4 12.9 -0.25 0.9 13.7 -0.25 1.8
4 15 12.9 -0.25 3.4 13.7 -0.25 4.2 10.7 -0.25 4.2 11.6 -0.25 3.4
4 15 11.6 -0.25 0.9 11.6 -0.25 3.4 10.7 -0.25 4.2 10.7 -0.25 1.8
4 15 -2.2 -0.25 1.8 1.5 -0.25 0.9 2.3 -0.25 0.9 10.7 -0.25 1.8
3 15 10.7 -0.25 1.8 2.3 -0.25 0.9 11.6 -0.25 0.9
4 15 -2.2 -0.25 -4.6 14.6 -0.25 -4.6 2.3 -0.25 -3.7 1.5 -0.25 -3.7
4 15 2.3 -0.25 0.9 1.5 -0.25 0.9 1.5 -0.25 -3.7 2.3 -0.25 -3.7
3 15 -1.4 -0.25 -3.7 -2.2 -0.25 -4.6 1.5 -0.25 -3.7
3 15 -2.2 -0.25 1.8 -1.4 -0.25 0.9 1.5 -0.25 0.9
4 15 -2.2 -0.25 -0.1 -2.2 -0.25 -2.6 -1.4 -0.25 -3.7 -1.4 -0.25 0.9
3 15 -2.2 -0.25 -3.3 -1.4 -0.25 -3.7 -2.2 -0.25 -2.6
3 15 -2.2 -0.25 -4.6 -1.4 -0.25 -3.7 -2.2 -0.25 -3.3
3 15 -2.2 -0.25 -0.1 -1.4 -0.25 0.9 -2.2 -0.25 0.6
3 15 -2.2 -0.25 0.6 -1.4 -0.25 0.9 -2.2 -0.25 1.8
3 15 -30.1 -0.25 0.52 -30.5 -0.25 1 -30.5 -0.25 0.6
4 15 -30.1 -0.25 2.3 -30.7 -0.25 2.3 -30.5 -0.25 1 -30.1 -0.25 0.52
3 15 -30.7 -0.25 0.96 -30.5 -0.25 1 -30.7 -0.25 2.3
4 15 -35.3 -0.25 2.2 -38.7 -0.25 2.2 -38.1 -0.25 1.5 -35.3 -0.25 1.5
4 15 -38.7 -0.25 -3.3 -38.1 -0.25 -2.9 -38.1 -0.25 1.5 -38.7 -0.25 2.2
4 15 -36 -0.25 -3.6 -38.1 -0.25 -2.9 -38.7 -0.25 -3.3 -36.3 -0.25 -4.2
4 15 -35.2 -0.25 -4.2 -34.5 -0.25 -3.6 -36 -0.25 -3.6 -36.3 -0.25 -4.2
4 15 -35.2 -0.25 -4.2 -35.2 -0.25 -5.1 -34.5 -0.25 -4.7 -34.5 -0.25 -3.6
4 15 -33.3 -0.25 -5.7 -34.5 -0.25 -4.7 -35.2 -0.25 -5.1 -33.7 -0.25 -6.4
4 15 -30.5 -0.25 -6.4 -30.5 -0.25 -5.7 -33.3 -0.25 -5.7 -33.7 -0.25 -6.4
4 15 -29.9 -0.25 -5.7 -29.9 -0.25 -4.081 -30.5 -0.25 -4.6 -30.5 -0.25 -5.7
3 15 -30.5 -0.25 -4.6 -29.9 -0.25 -4.081 -30.5 -0.25 -4.2
3 15 -30.5 -0.25 -6.4 -29.9 -0.25 -5.7 -30.5 -0.25 -5.7
0 //
3 4 38.6 -0.25 3.3 39.4 -0.25 3.3 40.8 -0.25 5.6
3 4 40.8 -0.25 5.6 42.1 -0.25 3.3 43 -0.25 3.3
3 4 42.1 -0.25 3.3 40.8 -0.25 5.6 39.4 -0.25 3.3
4 4 39.4 -0.25 3.3 39.4 -0.25 0.6 42.1 -0.25 0.6 42.1 -0.25 3.3
3 4 -43.5 -0.25 -4.1 -44.3 -0.25 -4.1 -42.1 -0.25 -6.3
3 4 -39.8 -0.25 -4.1 -40.8 -0.25 -4.1 -42.1 -0.25 -6.3
3 4 -40.8 -0.25 -4.1 -43.5 -0.25 -4.1 -42.1 -0.25 -6.3
4 4 -43.5 -0.25 -4.1 -40.8 -0.25 -4.1 -40.8 -0.25 -1.3 -43.5 -0.25 -1.3
0 //
1 0 35.4 -0.25 0.7 -1.8 0 0 0 1.8 0 0 0 -1.8 4-4disc.dat
1 0 -15.4 -0.25 -1.4 0 0 -1.4 0 1.4 0 1.4 0 0 4-4disc.dat
1 0 -15.4 -0.25 -1.4 0 0 -0.7 0 0.7 0 0.7 0 0 4-4ring3.dat
1 0 -15.4 -0.25 -1.4 2.546 0 -2.546 0 3.6 0 2.546 0 2.546 3-4ndis.dat
3 0 -17 -0.25 -7.5 -12 -0.25 -7.5 -15.4 -0.25 -6.492
3 0 -12 -0.25 -7.5 -12.854 -0.25 -3.946 -15.4 -0.25 -6.492
3 0 -12.854 -0.25 1.146 -12 -0.25 7.5 -15.4 -0.25 3.692
4 0 -26 -0.25 7.5 -28.1 -0.25 -1.8 -26 -0.25 -7.5 -20.492 -0.25 -1.4
4 0 -17.946 -0.25 -3.946 -20.492 -0.25 -1.4 -26 -0.25 -7.5 -17 -0.25 -7.5
3 0 -17 -0.25 -7.5 -15.4 -0.25 -6.492 -17.946 -0.25 -3.946
3 0 -26 -0.25 7.5 -20.492 -0.25 -1.4 -17.946 -0.25 1.146
4 0 -26 -0.25 7.5 -17.946 -0.25 1.146 -15.4 -0.25 3.692 -12 -0.25 7.5
1 0 16.3 -0.25 -1.4 0 0 -1.4 0 1.4 0 1.4 0 0 4-4disc.dat
1 0 16.3 -0.25 -1.4 0 0 -0.7 0 0.7 0 0.7 0 0 4-4ring3.dat
1 0 -30.5 -0.25 -1.8 -1.8 0 0 0 1.8 0 0 0 -1.8 4-4disc.dat
1 0 16.3 -0.25 -1.4 0 0 3.6 0 3.6 0 -3.6 0 0 2-4ndis.dat
3 0 -12.899 -0.25 -2.6 -2.2 -0.25 -2.6 -12.813 -0.25 -2.472
4 0 -12.813 -0.25 -2.472 -2.2 -0.25 -2.6 -2.2 -0.25 -0.1 -12.6 -0.25 -1.4
3 0 -2.2 -0.25 -0.1 -12.813 -0.25 -0.328 -12.6 -0.25 -1.4
3 0 -12.813 -0.25 -0.328 -2.2 -0.25 -0.1 -12.966 -0.25 -0.1
4 0 1.5 -0.25 -3.7 1.5 -0.25 0.9 -1.4 -0.25 0.9 -1.4 -0.25 -3.7
3 0 2.3 -0.25 -3.7 14.799 -0.25 -3.7 14.32 -0.25 -3.38
3 0 13.713 -0.25 -2.472 2.3 -0.25 -3.7 14.32 -0.25 -3.38
4 0 13.5 -0.25 -1.4 2.3 -0.25 0.9 2.3 -0.25 -3.7 13.713 -0.25 -2.472
4 0 11.6 -0.25 0.9 12.9 -0.25 0.9 12.9 -0.25 3.4 11.6 -0.25 3.4
3 0 14.799 -0.25 0.9 12.9 -0.25 0.9 14.32 -0.25 0.58
4 0 12.9 -0.25 0.9 11.6 -0.25 0.9 13.713 -0.25 -0.328 14.32 -0.25 0.58
4 0 13.5 -0.25 -1.4 13.713 -0.25 -0.328 11.6 -0.25 0.9 2.3 -0.25 0.9
3 0 -12.854 -0.25 -3.946 -12 -0.25 -7.5 -12.4 -0.25 -3.3
3 0 -12 -0.25 7.5 -12.854 -0.25 1.146 -12.4 -0.25 0.6
4 0 -12.4 -0.25 -3.3 -12 -0.25 -7.5 -2.2 -0.25 -4.6 -2.2 -0.25 -3.3
4 0 -12.4 -0.25 0.6 -2.2 -0.25 0.6 -2.2 -0.25 1.8 -12 -0.25 7.5
4 0 -2.2 -0.25 -4.6 -12 -0.25 -7.5 14 -0.25 -7.5 14.6 -0.25 -4.6
4 0 -2.2 -0.25 1.8 10.7 -0.25 4.2 14 -0.25 7.5 -12 -0.25 7.5
3 0 10.7 -0.25 4.2 -2.2 -0.25 1.8 10.7 -0.25 1.8
3 0 14 -0.25 7.5 10.7 -0.25 4.2 13.7 -0.25 4.2
4 0 13.7 -0.25 4.2 13.7 -0.25 1.8 14.6 -0.25 1.8 14 -0.25 7.5
3 0 14 -0.25 7.5 14.6 -0.25 1.8 16.3 -0.25 2.2
3 0 14.6 -0.25 -4.6 14 -0.25 -7.5 16.3 -0.25 -5
3 0 32.6 -0.25 0.7 32.6 -0.25 -5.4 32.813 -0.25 -0.372
3 0 32.813 -0.25 -0.372 32.6 -0.25 -5.4 33.42 -0.25 -1.28
4 0 32.1 -0.25 5.1 30.4 -0.25 5.1 30.4 -0.25 -5.4 32.1 -0.25 -5.4
3 0 32.6 -0.25 4.3 32.6 -0.25 0.7 32.813 -0.25 1.772
4 0 33.42 -0.25 2.68 33.2 -0.25 4.1 32.6 -0.25 4.3 32.813 -0.25 1.772
4 0 34.328 -0.25 3.287 35.4 -0.25 3.5 35.4 -0.25 4.1 33.2 -0.25 4.1
3 0 34.328 -0.25 3.287 33.2 -0.25 4.1 33.42 -0.25 2.68
4 0 -29.9 -0.25 -4.081 -29.9 -0.25 -5.7 -26 -0.25 -7.5 -29.581 -0.25 -4.017
3 0 -29.581 -0.25 -4.017 -26 -0.25 -7.5 -28.803 -0.25 -3.497
3 0 -26 -0.25 -7.5 -28.283 -0.25 -2.718 -28.803 -0.25 -3.497
3 0 -28.283 -0.25 -2.718 -26 -0.25 -7.5 -28.1 -0.25 -1.8
4 0 -38 -0.25 -7.5 -36.3 -0.25 -4.2 -38.7 -0.25 -3.3 -39.8 -0.25 -4.1
4 0 -35.2 -0.25 -4.2 -36.3 -0.25 -4.2 -38 -0.25 -7.5 -35.2 -0.25 -5.1
4 0 -30.5 -0.25 -5.7 -30.5 -0.25 -4.6 -31.572 -0.25 -4.387 -33.3 -0.25 -5.7
4 0 -32.48 -0.25 -3.78 -34.5 -0.25 -4.7 -33.3 -0.25 -5.7 -31.572 -0.25 -4.387
4 0 -34.5 -0.25 -3.6 -34.5 -0.25 -4.7 -32.48 -0.25 -3.78 -33.087 -0.25 -2.872
4 0 -33.3 -0.25 -1.8 -36 -0.25 -3.6 -34.5 -0.25 -3.6 -33.087 -0.25 -2.872
4 0 -38.1 -0.25 -2.9 -36 -0.25 -3.6 -33.3 -0.25 -1.8 -38.1 -0.25 1.5
4 0 -33.087 -0.25 -0.728 -35.3 -0.25 1.5 -38.1 -0.25 1.5 -33.3 -0.25 -1.8
3 0 -35.3 -0.25 1.5 -33.087 -0.25 -0.728 -32.48 -0.25 0.18
3 0 -32.48 -0.25 0.18 -31.572 -0.25 0.787 -35.3 -0.25 1.5
4 0 35.4 -0.25 -5.4 35.4 -0.25 -2.1 34.328 -0.25 -1.887 32.6 -0.25 -5.4
3 0 34.328 -0.25 -1.887 33.42 -0.25 -1.28 32.6 -0.25 -5.4
4 0 32.7 -0.25 4.9 33.3 -0.25 4.7 36 -0.25 4.7 32.7 -0.25 5.7
4 0 36 -0.25 4.7 36 -0.25 2.981 36.318 -0.25 2.917 38.6 -0.25 3.3
4 0 38.6 -0.25 3.3 36.318 -0.25 2.917 37.097 -0.25 2.397 39.4 -0.25 3.3
4 0 39.4 -0.25 3.3 37.097 -0.25 2.397 37.617 -0.25 1.618 39.4 -0.25 0.6
3 0 37.617 -0.25 1.618 37.8 -0.25 0.7 39.4 -0.25 0.6
3 0 37.617 -0.25 -0.218 39.4 -0.25 0.6 37.8 -0.25 0.7
3 0 37.617 -0.25 -0.218 37.097 -0.25 -0.997 39.4 -0.25 0.6
3 0 36.318 -0.25 -1.517 36 -0.25 -5.4 37.097 -0.25 -0.997
3 0 36.318 -0.25 -1.517 36 -0.25 -1.581 36 -0.25 -5.4
4 0 39.4 -0.25 0.6 37.097 -0.25 -0.997 36 -0.25 -5.4 42.1 -0.25 0.6
3 0 36 -0.25 -5.4 50 -0.25 -7.5 42.1 -0.25 0.6
4 0 42.1 -0.25 3.3 42.1 -0.25 0.6 50 -0.25 -7.5 43 -0.25 3.3
3 0 43 -0.25 3.3 50 -0.25 -7.5 50 -0.25 7.5
3 0 43 -0.25 3.3 50 -0.25 7.5 40.8 -0.25 5.6
3 0 38.6 -0.25 3.3 40.8 -0.25 5.6 36 -0.25 4.7
3 0 32.7 -0.25 5.7 36 -0.25 4.7 40.8 -0.25 5.6
4 0 32.7 -0.25 5.7 40.8 -0.25 5.6 50 -0.25 7.5 31 -0.25 7.5
4 0 36 -0.25 -5.4 35.4 -0.25 -5.4 31 -0.25 -7.5 50 -0.25 -7.5
3 0 35.4 -0.25 -5.4 32.6 -0.25 -5.4 31 -0.25 -7.5
3 0 32.1 -0.25 -5.4 31 -0.25 -7.5 32.6 -0.25 -5.4
3 0 32.1 -0.25 -5.4 30.4 -0.25 -5.4 31 -0.25 -7.5
3 0 29.8 -0.25 -5.4 31 -0.25 -7.5 30.4 -0.25 -5.4
3 0 29.8 -0.25 5.7 32.7 -0.25 5.7 31 -0.25 7.5
4 0 19.9 -0.25 -1.4 19.9 -0.25 -5 29.8 -0.25 -5.4 29.8 -0.25 5.7
4 0 31 -0.25 7.5 19.9 -0.25 2.2 19.9 -0.25 -1.4 29.8 -0.25 5.7
4 0 16.3 -0.25 2.2 19.9 -0.25 2.2 31 -0.25 7.5 14 -0.25 7.5
4 0 31 -0.25 -7.5 29.8 -0.25 -5.4 19.9 -0.25 -5 14 -0.25 -7.5
3 0 16.3 -0.25 -5 14 -0.25 -7.5 19.9 -0.25 -5
4 0 -44.3 -0.25 -4.1 -43.5 -0.25 -4.1 -43.5 -0.25 -1.3 -50 -0.25 7.5
3 0 -44.3 -0.25 -4.1 -50 -0.25 7.5 -50 -0.25 -7.5
3 0 -44.3 -0.25 -4.1 -50 -0.25 -7.5 -42.1 -0.25 -6.3
3 0 -42.1 -0.25 -6.3 -50 -0.25 -7.5 -38 -0.25 -7.5
3 0 -42.1 -0.25 -6.3 -38 -0.25 -7.5 -39.8 -0.25 -4.1
3 0 -33.7 -0.25 -6.4 -35.2 -0.25 -5.1 -38 -0.25 -7.5
4 0 -30.5 -0.25 -6.4 -33.7 -0.25 -6.4 -38 -0.25 -7.5 -26 -0.25 -7.5
3 0 -29.9 -0.25 -5.7 -30.5 -0.25 -6.4 -26 -0.25 -7.5
4 0 -40.8 -0.25 -1.3 -40.8 -0.25 -4.1 -39.8 -0.25 -4.1 -38.7 -0.25 -3.3
3 0 -38.7 -0.25 -3.3 -38.7 -0.25 2.2 -40.8 -0.25 -1.3
4 0 -43.5 -0.25 -1.3 -40.8 -0.25 -1.3 -38.7 -0.25 2.2 -50 -0.25 7.5
4 0 -50 -0.25 7.5 -38.7 -0.25 2.2 -35.3 -0.25 2.2 -26 -0.25 7.5
4 0 -35.3 -0.25 1.5 -31.572 -0.25 0.787 -30.7 -0.25 0.96 -30.7 -0.25 2.3
4 0 -35.3 -0.25 2.2 -35.3 -0.25 1.5 -30.7 -0.25 2.3 -26 -0.25 7.5
3 0 -26 -0.25 7.5 -30.7 -0.25 2.3 -30.1 -0.25 2.3
4 0 -26 -0.25 7.5 -30.1 -0.25 2.3 -30.1 -0.25 0.52 -29.581 -0.25 0.417
3 0 -26 -0.25 7.5 -29.581 -0.25 0.417 -28.803 -0.25 -0.103
3 0 -28.803 -0.25 -0.103 -28.283 -0.25 -0.882 -26 -0.25 7.5
3 0 -26 -0.25 7.5 -28.283 -0.25 -0.882 -28.1 -0.25 -1.8
