0 Sticker  1.8 x  0.8 with Golden Post Horn and "9.00 - 17.00"
0 Name: 4629677c.dat
0 Author: Howard Lande [HowardLande]
0 !LDRAW_ORG Part UPDATE 2012-03
0 !LICENSE Redistributable under CCAL version 2.0 : see CAreadme.txt

0 BFC CERTIFY CCW

0 !KEYWORDS set 10222, Winter Village

0 !HISTORY 2012-12-28 [PTadmin] Official Update 2012-03

1 16 0 -0.25 0 8 0 0 0 0.25 0 0 0 18 box5-12.dat
4 0 1.299 -0.25 -6.275 -1.259 -0.25 -6.275 -1.259 -0.25 -6.825 1.299 -0.25 -6.825
4 0 0.249 -0.25 -11.4 -0.209 -0.25 -11.4 -0.209 -0.25 -11.8 0.249 -0.25 -11.8
4 0 -0.891 -0.25 -3.61 -1.349 -0.25 -3.61 -1.349 -0.25 -4.01 -0.891 -0.25 -4.01
4 0 1.13 -0.25 -1.15 0.78 -0.25 -1.1 0.79 -0.25 -1.51 1 -0.25 -1.62
4 0 1.4 -0.25 -1.31 1.13 -0.25 -1.15 1 -0.25 -1.62 1.12 -0.25 -1.85
4 0 1.57 -0.25 -1.58 1.4 -0.25 -1.31 1.12 -0.25 -1.85 1.19 -0.25 -2.12
4 0 1.7 -0.25 -1.91 1.57 -0.25 -1.58 1.19 -0.25 -2.12 1.22 -0.25 -2.44
4 0 1.78 -0.25 -2.28 1.7 -0.25 -1.91 1.22 -0.25 -2.44 1.8 -0.25 -2.66
4 0 1.8 -0.25 -2.66 1.22 -0.25 -2.44 1.21 -0.25 -2.79 1.78 -0.25 -3.05
4 0 1.78 -0.25 -3.05 1.21 -0.25 -2.79 1.17 -0.25 -3.14 1.72 -0.25 -3.39
4 0 1.72 -0.25 -3.39 1.17 -0.25 -3.14 1.11 -0.25 -3.41 1.6 -0.25 -3.69
4 0 1.6 -0.25 -3.69 1.11 -0.25 -3.41 1.01 -0.25 -3.57 1.37 -0.25 -3.94
4 0 1.05 -0.25 -4.08 1.37 -0.25 -3.94 1.01 -0.25 -3.57 0.84 -0.25 -3.64
4 0 0.72 -0.25 -4.09 1.05 -0.25 -4.08 0.84 -0.25 -3.64 0.64 -0.25 -3.61
4 0 0.41 -0.25 -4.01 0.72 -0.25 -4.09 0.64 -0.25 -3.61 0.48 -0.25 -3.41
4 0 0.14 -0.25 -3.84 0.41 -0.25 -4.01 0.48 -0.25 -3.41 -0.04 -0.25 -3.6
4 0 -0.04 -0.25 -3.6 0.48 -0.25 -3.41 0.38 -0.25 -3.18 -0.15 -0.25 -3.28
4 0 -0.15 -0.25 -3.28 0.38 -0.25 -3.18 0.32 -0.25 -2.86 -0.19 -0.25 -2.94
4 0 -0.19 -0.25 -2.94 0.32 -0.25 -2.86 0.31 -0.25 -2.55 -0.2 -0.25 -2.62
4 0 -0.2 -0.25 -2.62 0.31 -0.25 -2.55 0.32 -0.25 -2.28 -0.21 -0.25 -2.29
4 0 -0.21 -0.25 -2.29 0.32 -0.25 -2.28 0.37 -0.25 -2.01 -0.16 -0.25 -1.97
4 0 -0.16 -0.25 -1.97 0.37 -0.25 -2.01 0.48 -0.25 -1.76 -0.06 -0.25 -1.65
4 0 0.11 -0.25 -1.36 -0.06 -0.25 -1.65 0.48 -0.25 -1.76 0.59 -0.25 -1.6
4 0 0.4 -0.25 -1.16 0.11 -0.25 -1.36 0.59 -0.25 -1.6 0.79 -0.25 -1.51
3 0 0.4 -0.25 -1.16 0.79 -0.25 -1.51 0.78 -0.25 -1.1
3 16 -0.5 -0.25 -0.8 0.11 -0.25 -1.36 0.4 -0.25 -1.16
4 16 -0.5 -0.25 -0.8 0.4 -0.25 -1.16 0.78 -0.25 -1.1 2.05 -0.25 -0.8
3 16 2.05 -0.25 -0.8 0.78 -0.25 -1.1 1.13 -0.25 -1.15
3 16 2.05 -0.25 -0.8 1.13 -0.25 -1.15 1.4 -0.25 -1.31
3 16 2.05 -0.25 -0.8 1.4 -0.25 -1.31 1.57 -0.25 -1.58
3 16 2.05 -0.25 -0.8 1.57 -0.25 -1.58 1.7 -0.25 -1.91
3 16 2.05 -0.25 -0.8 1.7 -0.25 -1.91 1.78 -0.25 -2.28
4 16 2.05 -0.25 -0.8 1.78 -0.25 -2.28 1.8 -0.25 -2.66 2.05 -0.25 -4.4
3 16 1.8 -0.25 -2.66 1.78 -0.25 -3.05 2.05 -0.25 -4.4
3 16 1.78 -0.25 -3.05 1.72 -0.25 -3.39 2.05 -0.25 -4.4
3 16 1.72 -0.25 -3.39 1.6 -0.25 -3.69 2.05 -0.25 -4.4
3 16 1.6 -0.25 -3.69 1.37 -0.25 -3.94 2.05 -0.25 -4.4
3 16 1.37 -0.25 -3.94 1.05 -0.25 -4.08 2.05 -0.25 -4.4
4 16 2.05 -0.25 -4.4 1.05 -0.25 -4.08 0.72 -0.25 -4.09 -0.5 -0.25 -4.4
3 16 0.41 -0.25 -4.01 -0.5 -0.25 -4.4 0.72 -0.25 -4.09
3 16 0.14 -0.25 -3.84 -0.5 -0.25 -4.4 0.41 -0.25 -4.01
3 16 -0.04 -0.25 -3.6 -0.5 -0.25 -4.4 0.14 -0.25 -3.84
3 16 -0.15 -0.25 -3.28 -0.5 -0.25 -4.4 -0.04 -0.25 -3.6
3 16 -0.19 -0.25 -2.94 -0.5 -0.25 -4.4 -0.15 -0.25 -3.28
4 16 -0.5 -0.25 -4.4 -0.19 -0.25 -2.94 -0.2 -0.25 -2.62 -0.5 -0.25 -0.8
3 16 -0.5 -0.25 -0.8 -0.2 -0.25 -2.62 -0.21 -0.25 -2.29
3 16 -0.5 -0.25 -0.8 -0.21 -0.25 -2.29 -0.16 -0.25 -1.97
3 16 -0.5 -0.25 -0.8 -0.16 -0.25 -1.97 -0.06 -0.25 -1.65
3 16 -0.5 -0.25 -0.8 -0.06 -0.25 -1.65 0.11 -0.25 -1.36
4 16 1 -0.25 -1.62 0.79 -0.25 -1.51 0.59 -0.25 -1.6 0.48 -0.25 -1.76
4 16 1.12 -0.25 -1.85 1 -0.25 -1.62 0.48 -0.25 -1.76 0.37 -0.25 -2.01
4 16 1.19 -0.25 -2.12 1.12 -0.25 -1.85 0.37 -0.25 -2.01 0.32 -0.25 -2.28
4 16 1.22 -0.25 -2.44 1.19 -0.25 -2.12 0.32 -0.25 -2.28 0.31 -0.25 -2.55
4 16 1.21 -0.25 -2.79 1.22 -0.25 -2.44 0.31 -0.25 -2.55 0.32 -0.25 -2.86
4 16 1.17 -0.25 -3.14 1.21 -0.25 -2.79 0.32 -0.25 -2.86 0.38 -0.25 -3.18
4 16 1.11 -0.25 -3.41 1.17 -0.25 -3.14 0.38 -0.25 -3.18 0.48 -0.25 -3.41
4 16 1.01 -0.25 -3.57 1.11 -0.25 -3.41 0.48 -0.25 -3.41 0.64 -0.25 -3.61
3 16 1.01 -0.25 -3.57 0.64 -0.25 -3.61 0.84 -0.25 -3.64
4 0 3.73 -0.25 -1.15 3.38 -0.25 -1.1 3.39 -0.25 -1.51 3.6 -0.25 -1.62
4 0 4 -0.25 -1.31 3.73 -0.25 -1.15 3.6 -0.25 -1.62 3.72 -0.25 -1.85
4 0 4.17 -0.25 -1.58 4 -0.25 -1.31 3.72 -0.25 -1.85 3.79 -0.25 -2.12
4 0 4.3 -0.25 -1.91 4.17 -0.25 -1.58 3.79 -0.25 -2.12 3.82 -0.25 -2.44
4 0 4.38 -0.25 -2.28 4.3 -0.25 -1.91 3.82 -0.25 -2.44 4.4 -0.25 -2.66
4 0 4.4 -0.25 -2.66 3.82 -0.25 -2.44 3.81 -0.25 -2.79 4.38 -0.25 -3.05
4 0 4.38 -0.25 -3.05 3.81 -0.25 -2.79 3.77 -0.25 -3.14 4.32 -0.25 -3.39
4 0 4.32 -0.25 -3.39 3.77 -0.25 -3.14 3.71 -0.25 -3.41 4.2 -0.25 -3.69
4 0 4.2 -0.25 -3.69 3.71 -0.25 -3.41 3.61 -0.25 -3.57 3.97 -0.25 -3.94
4 0 3.65 -0.25 -4.08 3.97 -0.25 -3.94 3.61 -0.25 -3.57 3.44 -0.25 -3.64
4 0 3.32 -0.25 -4.09 3.65 -0.25 -4.08 3.44 -0.25 -3.64 3.24 -0.25 -3.61
4 0 3.01 -0.25 -4.01 3.32 -0.25 -4.09 3.24 -0.25 -3.61 3.08 -0.25 -3.41
4 0 2.74 -0.25 -3.84 3.01 -0.25 -4.01 3.08 -0.25 -3.41 2.56 -0.25 -3.6
4 0 2.56 -0.25 -3.6 3.08 -0.25 -3.41 2.98 -0.25 -3.18 2.45 -0.25 -3.28
4 0 2.45 -0.25 -3.28 2.98 -0.25 -3.18 2.92 -0.25 -2.86 2.41 -0.25 -2.94
4 0 2.41 -0.25 -2.94 2.92 -0.25 -2.86 2.91 -0.25 -2.55 2.4 -0.25 -2.62
4 0 2.4 -0.25 -2.62 2.91 -0.25 -2.55 2.92 -0.25 -2.28 2.39 -0.25 -2.29
4 0 2.39 -0.25 -2.29 2.92 -0.25 -2.28 2.97 -0.25 -2.01 2.44 -0.25 -1.97
4 0 2.44 -0.25 -1.97 2.97 -0.25 -2.01 3.08 -0.25 -1.76 2.54 -0.25 -1.65
4 0 2.71 -0.25 -1.36 2.54 -0.25 -1.65 3.08 -0.25 -1.76 3.19 -0.25 -1.6
4 0 3 -0.25 -1.16 2.71 -0.25 -1.36 3.19 -0.25 -1.6 3.39 -0.25 -1.51
3 0 3 -0.25 -1.16 3.39 -0.25 -1.51 3.38 -0.25 -1.1
3 16 2.05 -0.25 -0.8 2.71 -0.25 -1.36 3 -0.25 -1.16
4 16 2.05 -0.25 -0.8 3 -0.25 -1.16 3.38 -0.25 -1.1 4.6 -0.25 -0.8
3 16 4.6 -0.25 -0.8 3.38 -0.25 -1.1 3.73 -0.25 -1.15
3 16 4.6 -0.25 -0.8 3.73 -0.25 -1.15 4 -0.25 -1.31
3 16 4.6 -0.25 -0.8 4 -0.25 -1.31 4.17 -0.25 -1.58
3 16 4.6 -0.25 -0.8 4.17 -0.25 -1.58 4.3 -0.25 -1.91
3 16 4.6 -0.25 -0.8 4.3 -0.25 -1.91 4.38 -0.25 -2.28
4 16 4.6 -0.25 -0.8 4.38 -0.25 -2.28 4.4 -0.25 -2.66 4.6 -0.25 -4.4
3 16 4.4 -0.25 -2.66 4.38 -0.25 -3.05 4.6 -0.25 -4.4
3 16 4.38 -0.25 -3.05 4.32 -0.25 -3.39 4.6 -0.25 -4.4
3 16 4.32 -0.25 -3.39 4.2 -0.25 -3.69 4.6 -0.25 -4.4
3 16 4.2 -0.25 -3.69 3.97 -0.25 -3.94 4.6 -0.25 -4.4
3 16 3.97 -0.25 -3.94 3.65 -0.25 -4.08 4.6 -0.25 -4.4
4 16 4.6 -0.25 -4.4 3.65 -0.25 -4.08 3.32 -0.25 -4.09 2.05 -0.25 -4.4
3 16 3.01 -0.25 -4.01 2.05 -0.25 -4.4 3.32 -0.25 -4.09
3 16 2.74 -0.25 -3.84 2.05 -0.25 -4.4 3.01 -0.25 -4.01
3 16 2.56 -0.25 -3.6 2.05 -0.25 -4.4 2.74 -0.25 -3.84
3 16 2.45 -0.25 -3.28 2.05 -0.25 -4.4 2.56 -0.25 -3.6
3 16 2.41 -0.25 -2.94 2.05 -0.25 -4.4 2.45 -0.25 -3.28
4 16 2.05 -0.25 -4.4 2.41 -0.25 -2.94 2.4 -0.25 -2.62 2.05 -0.25 -0.8
3 16 2.05 -0.25 -0.8 2.4 -0.25 -2.62 2.39 -0.25 -2.29
3 16 2.05 -0.25 -0.8 2.39 -0.25 -2.29 2.44 -0.25 -1.97
3 16 2.05 -0.25 -0.8 2.44 -0.25 -1.97 2.54 -0.25 -1.65
3 16 2.05 -0.25 -0.8 2.54 -0.25 -1.65 2.71 -0.25 -1.36
4 16 3.6 -0.25 -1.62 3.39 -0.25 -1.51 3.19 -0.25 -1.6 3.08 -0.25 -1.76
4 16 3.72 -0.25 -1.85 3.6 -0.25 -1.62 3.08 -0.25 -1.76 2.97 -0.25 -2.01
4 16 3.79 -0.25 -2.12 3.72 -0.25 -1.85 2.97 -0.25 -2.01 2.92 -0.25 -2.28
4 16 3.82 -0.25 -2.44 3.79 -0.25 -2.12 2.92 -0.25 -2.28 2.91 -0.25 -2.55
4 16 3.81 -0.25 -2.79 3.82 -0.25 -2.44 2.91 -0.25 -2.55 2.92 -0.25 -2.86
4 16 3.77 -0.25 -3.14 3.81 -0.25 -2.79 2.92 -0.25 -2.86 2.98 -0.25 -3.18
4 16 3.71 -0.25 -3.41 3.77 -0.25 -3.14 2.98 -0.25 -3.18 3.08 -0.25 -3.41
4 16 3.61 -0.25 -3.57 3.71 -0.25 -3.41 3.08 -0.25 -3.41 3.24 -0.25 -3.61
3 16 3.61 -0.25 -3.57 3.24 -0.25 -3.61 3.44 -0.25 -3.64
4 0 2.33 -0.25 -8.95 1.98 -0.25 -8.9 1.99 -0.25 -9.31 2.2 -0.25 -9.42
4 0 2.6 -0.25 -9.11 2.33 -0.25 -8.95 2.2 -0.25 -9.42 2.32 -0.25 -9.65
4 0 2.77 -0.25 -9.38 2.6 -0.25 -9.11 2.32 -0.25 -9.65 2.39 -0.25 -9.92
4 0 2.9 -0.25 -9.71 2.77 -0.25 -9.38 2.39 -0.25 -9.92 2.42 -0.25 -10.24
4 0 2.98 -0.25 -10.08 2.9 -0.25 -9.71 2.42 -0.25 -10.24 3 -0.25 -10.46
4 0 3 -0.25 -10.46 2.42 -0.25 -10.24 2.41 -0.25 -10.59 2.98 -0.25 -10.85
4 0 2.98 -0.25 -10.85 2.41 -0.25 -10.59 2.37 -0.25 -10.94 2.92 -0.25 -11.19
4 0 2.92 -0.25 -11.19 2.37 -0.25 -10.94 2.31 -0.25 -11.21 2.8 -0.25 -11.49
4 0 2.8 -0.25 -11.49 2.31 -0.25 -11.21 2.21 -0.25 -11.37 2.57 -0.25 -11.74
4 0 2.25 -0.25 -11.88 2.57 -0.25 -11.74 2.21 -0.25 -11.37 2.04 -0.25 -11.44
4 0 1.92 -0.25 -11.89 2.25 -0.25 -11.88 2.04 -0.25 -11.44 1.84 -0.25 -11.41
4 0 1.61 -0.25 -11.81 1.92 -0.25 -11.89 1.84 -0.25 -11.41 1.68 -0.25 -11.21
4 0 1.34 -0.25 -11.64 1.61 -0.25 -11.81 1.68 -0.25 -11.21 1.16 -0.25 -11.4
4 0 1.16 -0.25 -11.4 1.68 -0.25 -11.21 1.58 -0.25 -10.98 1.05 -0.25 -11.08
4 0 1.05 -0.25 -11.08 1.58 -0.25 -10.98 1.52 -0.25 -10.66 1.01 -0.25 -10.74
4 0 1.01 -0.25 -10.74 1.52 -0.25 -10.66 1.51 -0.25 -10.35 1 -0.25 -10.42
4 0 1 -0.25 -10.42 1.51 -0.25 -10.35 1.52 -0.25 -10.08 0.99 -0.25 -10.09
4 0 0.99 -0.25 -10.09 1.52 -0.25 -10.08 1.57 -0.25 -9.81 1.04 -0.25 -9.77
4 0 1.04 -0.25 -9.77 1.57 -0.25 -9.81 1.68 -0.25 -9.56 1.14 -0.25 -9.45
4 0 1.31 -0.25 -9.16 1.14 -0.25 -9.45 1.68 -0.25 -9.56 1.79 -0.25 -9.4
4 0 1.6 -0.25 -8.96 1.31 -0.25 -9.16 1.79 -0.25 -9.4 1.99 -0.25 -9.31
3 0 1.6 -0.25 -8.96 1.99 -0.25 -9.31 1.98 -0.25 -8.9
3 16 0.7 -0.25 -8.6 1.31 -0.25 -9.16 1.6 -0.25 -8.96
4 16 0.7 -0.25 -8.6 1.6 -0.25 -8.96 1.98 -0.25 -8.9 3.25 -0.25 -8.6
3 16 3.25 -0.25 -8.6 1.98 -0.25 -8.9 2.33 -0.25 -8.95
3 16 3.25 -0.25 -8.6 2.33 -0.25 -8.95 2.6 -0.25 -9.11
3 16 3.25 -0.25 -8.6 2.6 -0.25 -9.11 2.77 -0.25 -9.38
3 16 3.25 -0.25 -8.6 2.77 -0.25 -9.38 2.9 -0.25 -9.71
3 16 3.25 -0.25 -8.6 2.9 -0.25 -9.71 2.98 -0.25 -10.08
4 16 3.25 -0.25 -8.6 2.98 -0.25 -10.08 3 -0.25 -10.46 3.25 -0.25 -12.2
3 16 3 -0.25 -10.46 2.98 -0.25 -10.85 3.25 -0.25 -12.2
3 16 2.98 -0.25 -10.85 2.92 -0.25 -11.19 3.25 -0.25 -12.2
3 16 2.92 -0.25 -11.19 2.8 -0.25 -11.49 3.25 -0.25 -12.2
3 16 2.8 -0.25 -11.49 2.57 -0.25 -11.74 3.25 -0.25 -12.2
3 16 2.57 -0.25 -11.74 2.25 -0.25 -11.88 3.25 -0.25 -12.2
4 16 3.25 -0.25 -12.2 2.25 -0.25 -11.88 1.92 -0.25 -11.89 0.7 -0.25 -12.2
3 16 1.61 -0.25 -11.81 0.7 -0.25 -12.2 1.92 -0.25 -11.89
3 16 1.34 -0.25 -11.64 0.7 -0.25 -12.2 1.61 -0.25 -11.81
3 16 1.16 -0.25 -11.4 0.7 -0.25 -12.2 1.34 -0.25 -11.64
3 16 1.05 -0.25 -11.08 0.7 -0.25 -12.2 1.16 -0.25 -11.4
3 16 1.01 -0.25 -10.74 0.7 -0.25 -12.2 1.05 -0.25 -11.08
4 16 0.7 -0.25 -12.2 1.01 -0.25 -10.74 1 -0.25 -10.42 0.7 -0.25 -8.6
3 16 0.7 -0.25 -8.6 1 -0.25 -10.42 0.99 -0.25 -10.09
3 16 0.7 -0.25 -8.6 0.99 -0.25 -10.09 1.04 -0.25 -9.77
3 16 0.7 -0.25 -8.6 1.04 -0.25 -9.77 1.14 -0.25 -9.45
3 16 0.7 -0.25 -8.6 1.14 -0.25 -9.45 1.31 -0.25 -9.16
4 16 2.2 -0.25 -9.42 1.99 -0.25 -9.31 1.79 -0.25 -9.4 1.68 -0.25 -9.56
4 16 2.32 -0.25 -9.65 2.2 -0.25 -9.42 1.68 -0.25 -9.56 1.57 -0.25 -9.81
4 16 2.39 -0.25 -9.92 2.32 -0.25 -9.65 1.57 -0.25 -9.81 1.52 -0.25 -10.08
4 16 2.42 -0.25 -10.24 2.39 -0.25 -9.92 1.52 -0.25 -10.08 1.51 -0.25 -10.35
4 16 2.41 -0.25 -10.59 2.42 -0.25 -10.24 1.51 -0.25 -10.35 1.52 -0.25 -10.66
4 16 2.37 -0.25 -10.94 2.41 -0.25 -10.59 1.52 -0.25 -10.66 1.58 -0.25 -10.98
4 16 2.31 -0.25 -11.21 2.37 -0.25 -10.94 1.58 -0.25 -10.98 1.68 -0.25 -11.21
4 16 2.21 -0.25 -11.37 2.31 -0.25 -11.21 1.68 -0.25 -11.21 1.84 -0.25 -11.41
3 16 2.21 -0.25 -11.37 1.84 -0.25 -11.41 2.04 -0.25 -11.44
4 0 4.93 -0.25 -8.95 4.58 -0.25 -8.9 4.59 -0.25 -9.31 4.8 -0.25 -9.42
4 0 5.2 -0.25 -9.11 4.93 -0.25 -8.95 4.8 -0.25 -9.42 4.92 -0.25 -9.65
4 0 5.37 -0.25 -9.38 5.2 -0.25 -9.11 4.92 -0.25 -9.65 4.99 -0.25 -9.92
4 0 5.5 -0.25 -9.71 5.37 -0.25 -9.38 4.99 -0.25 -9.92 5.02 -0.25 -10.24
4 0 5.58 -0.25 -10.08 5.5 -0.25 -9.71 5.02 -0.25 -10.24 5.6 -0.25 -10.46
4 0 5.6 -0.25 -10.46 5.02 -0.25 -10.24 5.01 -0.25 -10.59 5.58 -0.25 -10.85
4 0 5.58 -0.25 -10.85 5.01 -0.25 -10.59 4.97 -0.25 -10.94 5.52 -0.25 -11.19
4 0 5.52 -0.25 -11.19 4.97 -0.25 -10.94 4.91 -0.25 -11.21 5.4 -0.25 -11.49
4 0 5.4 -0.25 -11.49 4.91 -0.25 -11.21 4.81 -0.25 -11.37 5.17 -0.25 -11.74
4 0 4.85 -0.25 -11.88 5.17 -0.25 -11.74 4.81 -0.25 -11.37 4.64 -0.25 -11.44
4 0 4.52 -0.25 -11.89 4.85 -0.25 -11.88 4.64 -0.25 -11.44 4.44 -0.25 -11.41
4 0 4.21 -0.25 -11.81 4.52 -0.25 -11.89 4.44 -0.25 -11.41 4.28 -0.25 -11.21
4 0 3.94 -0.25 -11.64 4.21 -0.25 -11.81 4.28 -0.25 -11.21 3.76 -0.25 -11.4
4 0 3.76 -0.25 -11.4 4.28 -0.25 -11.21 4.18 -0.25 -10.98 3.65 -0.25 -11.08
4 0 3.65 -0.25 -11.08 4.18 -0.25 -10.98 4.12 -0.25 -10.66 3.61 -0.25 -10.74
4 0 3.61 -0.25 -10.74 4.12 -0.25 -10.66 4.11 -0.25 -10.35 3.6 -0.25 -10.42
4 0 3.6 -0.25 -10.42 4.11 -0.25 -10.35 4.12 -0.25 -10.08 3.59 -0.25 -10.09
4 0 3.59 -0.25 -10.09 4.12 -0.25 -10.08 4.17 -0.25 -9.81 3.64 -0.25 -9.77
4 0 3.64 -0.25 -9.77 4.17 -0.25 -9.81 4.28 -0.25 -9.56 3.74 -0.25 -9.45
4 0 3.91 -0.25 -9.16 3.74 -0.25 -9.45 4.28 -0.25 -9.56 4.39 -0.25 -9.4
4 0 4.2 -0.25 -8.96 3.91 -0.25 -9.16 4.39 -0.25 -9.4 4.59 -0.25 -9.31
3 0 4.2 -0.25 -8.96 4.59 -0.25 -9.31 4.58 -0.25 -8.9
3 16 3.25 -0.25 -8.6 3.91 -0.25 -9.16 4.2 -0.25 -8.96
4 16 3.25 -0.25 -8.6 4.2 -0.25 -8.96 4.58 -0.25 -8.9 5.8 -0.25 -8.6
3 16 5.8 -0.25 -8.6 4.58 -0.25 -8.9 4.93 -0.25 -8.95
3 16 5.8 -0.25 -8.6 4.93 -0.25 -8.95 5.2 -0.25 -9.11
3 16 5.8 -0.25 -8.6 5.2 -0.25 -9.11 5.37 -0.25 -9.38
3 16 5.8 -0.25 -8.6 5.37 -0.25 -9.38 5.5 -0.25 -9.71
3 16 5.8 -0.25 -8.6 5.5 -0.25 -9.71 5.58 -0.25 -10.08
4 16 5.8 -0.25 -8.6 5.58 -0.25 -10.08 5.6 -0.25 -10.46 5.8 -0.25 -12.2
3 16 5.6 -0.25 -10.46 5.58 -0.25 -10.85 5.8 -0.25 -12.2
3 16 5.58 -0.25 -10.85 5.52 -0.25 -11.19 5.8 -0.25 -12.2
3 16 5.52 -0.25 -11.19 5.4 -0.25 -11.49 5.8 -0.25 -12.2
3 16 5.4 -0.25 -11.49 5.17 -0.25 -11.74 5.8 -0.25 -12.2
3 16 5.17 -0.25 -11.74 4.85 -0.25 -11.88 5.8 -0.25 -12.2
4 16 5.8 -0.25 -12.2 4.85 -0.25 -11.88 4.52 -0.25 -11.89 3.25 -0.25 -12.2
3 16 4.21 -0.25 -11.81 3.25 -0.25 -12.2 4.52 -0.25 -11.89
3 16 3.94 -0.25 -11.64 3.25 -0.25 -12.2 4.21 -0.25 -11.81
3 16 3.76 -0.25 -11.4 3.25 -0.25 -12.2 3.94 -0.25 -11.64
3 16 3.65 -0.25 -11.08 3.25 -0.25 -12.2 3.76 -0.25 -11.4
3 16 3.61 -0.25 -10.74 3.25 -0.25 -12.2 3.65 -0.25 -11.08
4 16 3.25 -0.25 -12.2 3.61 -0.25 -10.74 3.6 -0.25 -10.42 3.25 -0.25 -8.6
3 16 3.25 -0.25 -8.6 3.6 -0.25 -10.42 3.59 -0.25 -10.09
3 16 3.25 -0.25 -8.6 3.59 -0.25 -10.09 3.64 -0.25 -9.77
3 16 3.25 -0.25 -8.6 3.64 -0.25 -9.77 3.74 -0.25 -9.45
3 16 3.25 -0.25 -8.6 3.74 -0.25 -9.45 3.91 -0.25 -9.16
4 16 4.8 -0.25 -9.42 4.59 -0.25 -9.31 4.39 -0.25 -9.4 4.28 -0.25 -9.56
4 16 4.92 -0.25 -9.65 4.8 -0.25 -9.42 4.28 -0.25 -9.56 4.17 -0.25 -9.81
4 16 4.99 -0.25 -9.92 4.92 -0.25 -9.65 4.17 -0.25 -9.81 4.12 -0.25 -10.08
4 16 5.02 -0.25 -10.24 4.99 -0.25 -9.92 4.12 -0.25 -10.08 4.11 -0.25 -10.35
4 16 5.01 -0.25 -10.59 5.02 -0.25 -10.24 4.11 -0.25 -10.35 4.12 -0.25 -10.66
4 16 4.97 -0.25 -10.94 5.01 -0.25 -10.59 4.12 -0.25 -10.66 4.18 -0.25 -10.98
4 16 4.91 -0.25 -11.21 4.97 -0.25 -10.94 4.18 -0.25 -10.98 4.28 -0.25 -11.21
4 16 4.81 -0.25 -11.37 4.91 -0.25 -11.21 4.28 -0.25 -11.21 4.44 -0.25 -11.41
3 16 4.81 -0.25 -11.37 4.44 -0.25 -11.41 4.64 -0.25 -11.44
4 0 -3 -0.25 -9 -3 -0.25 -9.4 -1.5 -0.25 -9.4 -0.8 -0.25 -9
4 0 -0.8 -0.25 -9.4 -0.8 -0.25 -9 -1.5 -0.25 -9.4 -1.28 -0.25 -9.92
4 0 -1.28 -0.25 -9.92 -1.5 -0.25 -9.4 -1.8 -0.25 -9.9 -1.58 -0.25 -10.4
4 0 -1.58 -0.25 -10.4 -1.8 -0.25 -9.9 -2.1 -0.25 -10.4 -1.8 -0.25 -10.9
4 0 -1.8 -0.25 -10.9 -2.1 -0.25 -10.4 -2.34 -0.25 -10.88 -1.98 -0.25 -11.4
4 0 -1.98 -0.25 -11.4 -2.34 -0.25 -10.88 -2.5 -0.25 -11.4 -2 -0.25 -11.8
3 0 -2.5 -0.25 -11.8 -2 -0.25 -11.8 -2.5 -0.25 -11.4
4 0 -5.3 -0.25 -9.7 -5.3 -0.25 -10.1 -4.5 -0.25 -9.7 -4.5 -0.25 -9.2
4 0 -4 -0.25 -9 -4.5 -0.25 -9.2 -4.5 -0.25 -9.7 -4 -0.25 -11.8
3 0 -4.5 -0.25 -9.2 -4 -0.25 -9 -4.5 -0.25 -9
3 0 -4.5 -0.25 -11.8 -4 -0.25 -11.8 -4.5 -0.25 -9.7
3 16 -4 -0.25 -11.8 -4.5 -0.25 -11.8 -5.7 -0.25 -12.2
3 16 -2.5 -0.25 -11.8 -4 -0.25 -11.8 -5.7 -0.25 -12.2
4 16 -2 -0.25 -11.8 -2.5 -0.25 -11.8 -5.7 -0.25 -12.2 0.7 -0.25 -12.2
4 16 -2 -0.25 -11.8 0.7 -0.25 -12.2 -0.209 -0.25 -11.8 -1.98 -0.25 -11.4
3 16 -0.209 -0.25 -11.8 0.7 -0.25 -12.2 0.249 -0.25 -11.8
4 16 0.249 -0.25 -11.4 0.249 -0.25 -11.8 0.7 -0.25 -12.2 0.7 -0.25 -8.6
4 16 -0.8 -0.25 -9.4 0.249 -0.25 -11.4 0.7 -0.25 -8.6 -0.8 -0.25 -9
3 16 -3 -0.25 -9 -0.8 -0.25 -9 0.7 -0.25 -8.6
4 16 -4 -0.25 -9 -3 -0.25 -9 0.7 -0.25 -8.6 -5.7 -0.25 -8.6
3 16 -4.5 -0.25 -9 -4 -0.25 -9 -5.7 -0.25 -8.6
4 16 -4.5 -0.25 -9.2 -4.5 -0.25 -9 -5.7 -0.25 -8.6 -5.3 -0.25 -9.7
4 16 -5.3 -0.25 -10.1 -5.3 -0.25 -9.7 -5.7 -0.25 -8.6 -5.7 -0.25 -12.2
4 16 -5.3 -0.25 -10.1 -5.7 -0.25 -12.2 -4.5 -0.25 -11.8 -4.5 -0.25 -9.7
4 16 -3 -0.25 -9.4 -3 -0.25 -9 -4 -0.25 -9 -4 -0.25 -11.8
4 16 -2.5 -0.25 -11.4 -3 -0.25 -9.4 -4 -0.25 -11.8 -2.5 -0.25 -11.8
3 16 -2.5 -0.25 -11.4 -2.34 -0.25 -10.88 -3 -0.25 -9.4
3 16 -2.34 -0.25 -10.88 -2.1 -0.25 -10.4 -3 -0.25 -9.4
3 16 -2.1 -0.25 -10.4 -1.8 -0.25 -9.9 -3 -0.25 -9.4
3 16 -3 -0.25 -9.4 -1.8 -0.25 -9.9 -1.5 -0.25 -9.4
4 16 -0.209 -0.25 -11.4 0.249 -0.25 -11.4 -0.8 -0.25 -9.4 -1.28 -0.25 -9.92
4 16 -0.209 -0.25 -11.4 -1.28 -0.25 -9.92 -1.58 -0.25 -10.4 -0.209 -0.25 -11.8
4 16 -0.209 -0.25 -11.8 -1.58 -0.25 -10.4 -1.8 -0.25 -10.9 -1.98 -0.25 -11.4
4 16 0.2 -0.25 9.8 -1.539 -0.25 10.52 -1.682 -0.25 9.8 -1.539 -0.25 9.08
4 16 0.2 -0.25 9.8 -1.539 -0.25 9.08 -1.132 -0.25 8.468 -0.52 -0.25 8.061
4 16 0.2 -0.25 9.8 -0.52 -0.25 8.061 0.2 -0.25 7.918 0.92 -0.25 8.061
4 16 0.2 -0.25 9.8 0.92 -0.25 8.061 1.532 -0.25 8.468 1.939 -0.25 9.08
4 16 0.2 -0.25 9.8 1.939 -0.25 9.08 2.082 -0.25 9.8 1.939 -0.25 10.52
4 16 0.2 -0.25 9.8 1.939 -0.25 10.52 1.532 -0.25 11.132 0.92 -0.25 11.539
4 16 0.2 -0.25 9.8 0.92 -0.25 11.539 0.2 -0.25 11.682 -0.52 -0.25 11.539
4 16 0.2 -0.25 9.8 -0.52 -0.25 11.539 -1.132 -0.25 11.132 -1.539 -0.25 10.52
4 82 -1.682 -0.25 9.8 -1.539 -0.25 10.52 -2.273 -0.25 10.824 -2.477 -0.25 9.8
4 82 -1.539 -0.25 9.08 -1.682 -0.25 9.8 -2.477 -0.25 9.8 -2.273 -0.25 8.776
4 82 -1.132 -0.25 8.468 -1.539 -0.25 9.08 -2.273 -0.25 8.776 -1.693 -0.25 7.907
4 82 -0.52 -0.25 8.061 -1.132 -0.25 8.468 -1.693 -0.25 7.907 -0.824 -0.25 7.327
4 82 0.2 -0.25 7.918 -0.52 -0.25 8.061 -0.824 -0.25 7.327 0.2 -0.25 7.123
4 82 0.92 -0.25 8.061 0.2 -0.25 7.918 0.2 -0.25 7.123 1.224 -0.25 7.327
4 82 1.532 -0.25 8.468 0.92 -0.25 8.061 1.224 -0.25 7.327 2.093 -0.25 7.907
4 82 1.939 -0.25 9.08 1.532 -0.25 8.468 2.093 -0.25 7.907 2.673 -0.25 8.776
4 82 2.082 -0.25 9.8 1.939 -0.25 9.08 2.673 -0.25 8.776 2.877 -0.25 9.8
4 82 1.939 -0.25 10.52 2.082 -0.25 9.8 2.877 -0.25 9.8 2.673 -0.25 10.824
4 82 1.532 -0.25 11.132 1.939 -0.25 10.52 2.673 -0.25 10.824 2.093 -0.25 11.693
4 82 0.92 -0.25 11.539 1.532 -0.25 11.132 2.093 -0.25 11.693 1.224 -0.25 12.273
4 82 0.2 -0.25 11.682 0.92 -0.25 11.539 1.224 -0.25 12.273 0.2 -0.25 12.477
4 82 -0.52 -0.25 11.539 0.2 -0.25 11.682 0.2 -0.25 12.477 -0.824 -0.25 12.273
4 82 -1.132 -0.25 11.132 -0.52 -0.25 11.539 -0.824 -0.25 12.273 -1.693 -0.25 11.693
4 82 -1.539 -0.25 10.52 -1.132 -0.25 11.132 -1.693 -0.25 11.693 -2.273 -0.25 10.824
4 82 -0.38 -0.25 6.98 0.2 -0.25 7.123 -0.824 -0.25 7.327 -0.94 -0.25 7.1
4 82 -1.64 -0.25 7.38 -0.94 -0.25 7.1 -0.824 -0.25 7.327 -1.693 -0.25 7.907
4 82 -2.32 -0.25 7.74 -1.64 -0.25 7.38 -1.693 -0.25 7.907 -2.273 -0.25 8.776
4 82 -2.92 -0.25 8.16 -2.32 -0.25 7.74 -2.273 -0.25 8.776 -3 -0.25 9.3
4 82 -3.42 -0.25 8.62 -2.92 -0.25 8.16 -3 -0.25 9.3 -3.46 -0.25 9.8
4 82 -3.92 -0.25 9.2 -3.42 -0.25 8.62 -3.46 -0.25 9.8 -3.9 -0.25 10.44
4 82 -4.38 -0.25 9.8 -3.92 -0.25 9.2 -3.9 -0.25 10.44 -4.74 -0.25 10.4
4 82 -4.74 -0.25 10.4 -3.9 -0.25 10.44 -3.9 -0.25 10.76 -4 -0.25 11.48
4 82 -4.74 -0.25 10.4 -4 -0.25 11.48 -5.22 -0.25 11.04 -4.9 -0.25 10.38
3 82 -3.9 -0.25 10.76 -3.76 -0.25 10.96 -4 -0.25 11.48
4 82 1.224 -0.25 7.327 0.2 -0.25 7.123 0.7 -0.25 7.02 1.44 -0.25 7.1
4 82 1.224 -0.25 7.327 1.44 -0.25 7.1 2.04 -0.25 7.4 2.093 -0.25 7.907
4 82 2.093 -0.25 7.907 2.04 -0.25 7.4 2.68 -0.25 7.76 2.673 -0.25 8.776
4 82 2.673 -0.25 8.776 2.68 -0.25 7.76 3.34 -0.25 8.24 2.877 -0.25 9.8
4 82 2.877 -0.25 9.8 3.34 -0.25 8.24 3.92 -0.25 8.8 4.42 -0.25 9.3
4 82 3.1 -0.25 10.4 2.877 -0.25 9.8 4.42 -0.25 9.3 4.82 -0.25 9.92
4 82 3.14 -0.25 10.94 3.1 -0.25 10.4 4.82 -0.25 9.92 5.2 -0.25 10.42
4 82 3.08 -0.25 11.46 3.14 -0.25 10.94 5.2 -0.25 10.42 5.7 -0.25 10.72
4 82 3.08 -0.25 11.46 5.7 -0.25 10.72 6.06 -0.25 11.44 2.92 -0.25 12.36
3 82 2.84 -0.25 11.68 3.08 -0.25 11.46 2.92 -0.25 12.36
3 82 5.7 -0.25 10.72 6.14 -0.25 11.06 6.06 -0.25 11.44
4 82 -0.06 -0.25 6.7 0.2 -0.25 7.123 -0.38 -0.25 6.98 -0.66 -0.25 6.2
4 82 -0.18 -0.25 6.18 -0.06 -0.25 6.7 -0.66 -0.25 6.2 -0.26 -0.25 5.84
4 82 -0.26 -0.25 5.84 -0.66 -0.25 6.2 -0.94 -0.25 5.68 -0.14 -0.25 5.5
4 82 -1 -0.25 4.76 -0.14 -0.25 5.5 -0.94 -0.25 5.68 -1.2 -0.25 5.38
3 82 -1.24 -0.25 4.86 -1 -0.25 4.76 -1.2 -0.25 5.38
4 82 0 -0.25 5.16 -0.14 -0.25 5.5 -1 -0.25 4.76 -0.5 -0.25 4.68
3 82 -0.5 -0.25 4.68 -0.18 -0.25 4.7 0 -0.25 5.16
4 82 0 -0.25 5.16 -0.18 -0.25 4.7 0.04 -0.25 4.54 0.54 -0.25 4.52
4 82 1 -0.25 5.4 0 -0.25 5.16 0.54 -0.25 4.52 1.14 -0.25 4.92
3 82 0.54 -0.25 4.52 1 -0.25 4.54 1.14 -0.25 4.92
4 82 0.16 -0.25 5.5 0 -0.25 5.16 1 -0.25 5.4 0.7 -0.25 5.96
3 82 0.34 -0.25 5.84 0.16 -0.25 5.5 0.7 -0.25 5.96
4 82 0.36 -0.25 6.3 0.34 -0.25 5.84 0.7 -0.25 5.96 0.68 -0.25 6.5
4 82 0.3 -0.25 6.78 0.36 -0.25 6.3 0.68 -0.25 6.5 0.7 -0.25 7.02
3 82 0.3 -0.25 6.78 0.7 -0.25 7.02 0.2 -0.25 7.123
4 16 0.3 -0.25 6.78 0.2 -0.25 7.123 -0.06 -0.25 6.7 0.36 -0.25 6.3
4 16 0.36 -0.25 6.3 -0.06 -0.25 6.7 -0.18 -0.25 6.18 0.34 -0.25 5.84
4 16 0.34 -0.25 5.84 -0.18 -0.25 6.18 -0.26 -0.25 5.84 0.16 -0.25 5.5
4 16 0.16 -0.25 5.5 -0.26 -0.25 5.84 -0.14 -0.25 5.5 0 -0.25 5.16
3 16 -7 -0.25 14 -5.22 -0.25 11.04 -4 -0.25 11.48
4 16 -7 -0.25 14 -4 -0.25 11.48 -1.693 -0.25 11.693 -0.824 -0.25 12.273
4 16 -7 -0.25 14 -0.824 -0.25 12.273 0.2 -0.25 12.477 7 -0.25 14
4 16 2.92 -0.25 12.36 7 -0.25 14 0.2 -0.25 12.477 1.224 -0.25 12.273
4 16 2.92 -0.25 12.36 1.224 -0.25 12.273 2.093 -0.25 11.693 2.84 -0.25 11.68
4 16 2.84 -0.25 11.68 2.093 -0.25 11.693 2.673 -0.25 10.824 3.08 -0.25 11.46
4 16 3.14 -0.25 10.94 3.08 -0.25 11.46 2.673 -0.25 10.824 3.1 -0.25 10.4
3 16 2.673 -0.25 10.824 2.877 -0.25 9.8 3.1 -0.25 10.4
4 16 -1.693 -0.25 11.693 -4 -0.25 11.48 -3.76 -0.25 10.96 -2.273 -0.25 10.824
4 16 -2.273 -0.25 10.824 -3.76 -0.25 10.96 -3.9 -0.25 10.76 -2.477 -0.25 9.8
4 16 -2.477 -0.25 9.8 -3.9 -0.25 10.76 -3.9 -0.25 10.44 -3.46 -0.25 9.8
4 16 -2.477 -0.25 9.8 -3.46 -0.25 9.8 -3 -0.25 9.3 -2.273 -0.25 8.776
3 16 7 -0.25 14 2.92 -0.25 12.36 6.06 -0.25 11.44
3 16 7 -0.25 14 6.06 -0.25 11.44 6.14 -0.25 11.06
3 16 7 -0.25 14 6.14 -0.25 11.06 7 -0.25 3
3 16 6.14 -0.25 11.06 5.7 -0.25 10.72 7 -0.25 3
4 16 7 -0.25 3 5.7 -0.25 10.72 5.2 -0.25 10.42 4.82 -0.25 9.92
3 16 4.82 -0.25 9.92 4.42 -0.25 9.3 7 -0.25 3
3 16 4.42 -0.25 9.3 3.92 -0.25 8.8 7 -0.25 3
3 16 3.92 -0.25 8.8 3.34 -0.25 8.24 7 -0.25 3
3 16 3.34 -0.25 8.24 2.68 -0.25 7.76 7 -0.25 3
3 16 2.68 -0.25 7.76 2.04 -0.25 7.4 7 -0.25 3
3 16 2.04 -0.25 7.4 1.44 -0.25 7.1 7 -0.25 3
4 16 7 -0.25 3 1.44 -0.25 7.1 0.7 -0.25 7.02 0.68 -0.25 6.5
4 16 7 -0.25 3 0.68 -0.25 6.5 0.7 -0.25 5.96 1 -0.25 5.4
3 16 1 -0.25 5.4 1.14 -0.25 4.92 7 -0.25 3
3 16 1.14 -0.25 4.92 1 -0.25 4.54 7 -0.25 3
4 16 -7 -0.25 3 7 -0.25 3 1 -0.25 4.54 0.54 -0.25 4.52
3 16 0.04 -0.25 4.54 -7 -0.25 3 0.54 -0.25 4.52
4 16 -7 -0.25 3 0.04 -0.25 4.54 -0.18 -0.25 4.7 -0.5 -0.25 4.68
3 16 -1 -0.25 4.76 -7 -0.25 3 -0.5 -0.25 4.68
3 16 -1.24 -0.25 4.86 -7 -0.25 3 -1 -0.25 4.76
4 16 -7 -0.25 3 -1.24 -0.25 4.86 -1.2 -0.25 5.38 -2.32 -0.25 7.74
3 16 -2.92 -0.25 8.16 -7 -0.25 3 -2.32 -0.25 7.74
3 16 -3.42 -0.25 8.62 -7 -0.25 3 -2.92 -0.25 8.16
3 16 -3.92 -0.25 9.2 -7 -0.25 3 -3.42 -0.25 8.62
4 16 -7 -0.25 3 -3.92 -0.25 9.2 -4.38 -0.25 9.8 -4.9 -0.25 10.38
3 16 -4.74 -0.25 10.4 -4.9 -0.25 10.38 -4.38 -0.25 9.8
4 16 -7 -0.25 3 -4.9 -0.25 10.38 -5.22 -0.25 11.04 -7 -0.25 14
4 16 -1.64 -0.25 7.38 -2.32 -0.25 7.74 -1.2 -0.25 5.38 -0.94 -0.25 5.68
4 16 -0.94 -0.25 7.1 -1.64 -0.25 7.38 -0.94 -0.25 5.68 -0.66 -0.25 6.2
3 16 -0.94 -0.25 7.1 -0.66 -0.25 6.2 -0.38 -0.25 6.98
4 16 7 -0.25 14 8 -0.25 18 -8 -0.25 18 -7 -0.25 14
4 16 -7 -0.25 3 -7 -0.25 14 -8 -0.25 18 -8 -0.25 -18
4 16 8 -0.25 18 7 -0.25 14 7 -0.25 3 8 -0.25 -18
4 16 5.8 -0.25 -12.2 8 -0.25 -18 7 -0.25 3 5.8 -0.25 -8.6
4 16 4.6 -0.25 -4.4 5.8 -0.25 -8.6 7 -0.25 3 4.6 -0.25 -0.8
3 16 3.25 -0.25 -12.2 8 -0.25 -18 5.8 -0.25 -12.2
4 16 8 -0.25 -18 3.25 -0.25 -12.2 0.7 -0.25 -12.2 -8 -0.25 -18
3 16 -5.7 -0.25 -12.2 -8 -0.25 -18 0.7 -0.25 -12.2
4 16 -8 -0.25 -18 -5.7 -0.25 -12.2 -5.7 -0.25 -8.6 -7 -0.25 3
4 0 -2.77 -0.25 -1.15 -3.12 -0.25 -1.1 -3.13 -0.25 -1.49 -2.9 -0.25 -1.62
4 0 -2.5 -0.25 -1.31 -2.77 -0.25 -1.15 -2.9 -0.25 -1.62 -2.74 -0.25 -1.83
4 0 -2.33 -0.25 -1.58 -2.5 -0.25 -1.31 -2.74 -0.25 -1.83 -2.69 -0.25 -2.1
4 0 -2.2 -0.25 -1.91 -2.33 -0.25 -1.58 -2.69 -0.25 -2.1 -2.72 -0.25 -2.36
4 0 -2.12 -0.25 -2.28 -2.2 -0.25 -1.91 -2.72 -0.25 -2.36 -2.1 -0.25 -2.66
4 0 -2.1 -0.25 -2.66 -2.72 -0.25 -2.36 -2.69 -0.25 -2.79 -2.12 -0.25 -3.05
4 0 -2.12 -0.25 -3.05 -2.69 -0.25 -2.79 -2.73 -0.25 -3.14 -2.18 -0.25 -3.39
4 0 -2.18 -0.25 -3.39 -2.73 -0.25 -3.14 -2.79 -0.25 -3.41 -2.3 -0.25 -3.69
4 0 -2.3 -0.25 -3.69 -2.79 -0.25 -3.41 -2.89 -0.25 -3.57 -2.53 -0.25 -3.94
4 0 -2.85 -0.25 -4.08 -2.53 -0.25 -3.94 -2.89 -0.25 -3.57 -3.06 -0.25 -3.64
4 0 -3.18 -0.25 -4.09 -2.85 -0.25 -4.08 -3.06 -0.25 -3.64 -3.26 -0.25 -3.61
4 0 -3.49 -0.25 -4.01 -3.18 -0.25 -4.09 -3.26 -0.25 -3.61 -3.42 -0.25 -3.51
4 0 -3.76 -0.25 -3.84 -3.49 -0.25 -4.01 -3.42 -0.25 -3.51 -3.94 -0.25 -3.6
4 0 -3.94 -0.25 -3.6 -3.42 -0.25 -3.51 -3.52 -0.25 -3.38 -4.05 -0.25 -3.38
4 0 -4.04 -0.25 -2.6 -3.47 -0.25 -2.49 -3.62 -0.25 -2.3 -4.13 -0.25 -2.29
4 0 -4.13 -0.25 -2.29 -3.62 -0.25 -2.3 -3.65 -0.25 -1.99 -4.14 -0.25 -1.97
4 0 -4.14 -0.25 -1.97 -3.65 -0.25 -1.99 -3.56 -0.25 -1.72 -4.06 -0.25 -1.61
4 0 -3.83 -0.25 -1.32 -4.06 -0.25 -1.61 -3.56 -0.25 -1.72 -3.37 -0.25 -1.54
4 0 -3.5 -0.25 -1.16 -3.83 -0.25 -1.32 -3.37 -0.25 -1.54 -3.13 -0.25 -1.49
3 0 -3.5 -0.25 -1.16 -3.13 -0.25 -1.49 -3.12 -0.25 -1.1
3 16 -4.4 -0.25 -0.8 -3.83 -0.25 -1.32 -3.5 -0.25 -1.16
4 16 -4.4 -0.25 -0.8 -3.5 -0.25 -1.16 -3.12 -0.25 -1.1 -1.85 -0.25 -0.8
3 16 -1.85 -0.25 -0.8 -3.12 -0.25 -1.1 -2.77 -0.25 -1.15
3 16 -1.85 -0.25 -0.8 -2.77 -0.25 -1.15 -2.5 -0.25 -1.31
3 16 -1.85 -0.25 -0.8 -2.5 -0.25 -1.31 -2.33 -0.25 -1.58
3 16 -1.85 -0.25 -0.8 -2.33 -0.25 -1.58 -2.2 -0.25 -1.91
3 16 -1.85 -0.25 -0.8 -2.2 -0.25 -1.91 -2.12 -0.25 -2.28
4 16 -1.85 -0.25 -0.8 -2.12 -0.25 -2.28 -2.1 -0.25 -2.66 -1.85 -0.25 -4.4
3 16 -2.1 -0.25 -2.66 -2.12 -0.25 -3.05 -1.85 -0.25 -4.4
3 16 -2.12 -0.25 -3.05 -2.18 -0.25 -3.39 -1.85 -0.25 -4.4
3 16 -2.18 -0.25 -3.39 -2.3 -0.25 -3.69 -1.85 -0.25 -4.4
3 16 -2.3 -0.25 -3.69 -2.53 -0.25 -3.94 -1.85 -0.25 -4.4
3 16 -2.53 -0.25 -3.94 -2.85 -0.25 -4.08 -1.85 -0.25 -4.4
4 16 -1.85 -0.25 -4.4 -2.85 -0.25 -4.08 -3.18 -0.25 -4.09 -4.4 -0.25 -4.4
3 16 -3.49 -0.25 -4.01 -4.4 -0.25 -4.4 -3.18 -0.25 -4.09
3 16 -3.76 -0.25 -3.84 -4.4 -0.25 -4.4 -3.49 -0.25 -4.01
3 16 -3.94 -0.25 -3.6 -4.4 -0.25 -4.4 -3.76 -0.25 -3.84
3 16 -4.05 -0.25 -3.38 -4.4 -0.25 -4.4 -3.94 -0.25 -3.6
4 16 -4.13 -0.25 -2.29 -4.14 -0.25 -1.97 -4.4 -0.25 -0.8 -4.4 -0.25 -4.4
3 16 -4.14 -0.25 -1.97 -4.06 -0.25 -1.61 -4.4 -0.25 -0.8
3 16 -4.06 -0.25 -1.61 -3.83 -0.25 -1.32 -4.4 -0.25 -0.8
4 16 -2.9 -0.25 -1.62 -3.13 -0.25 -1.49 -3.37 -0.25 -1.54 -3.56 -0.25 -1.72
4 16 -2.74 -0.25 -1.83 -2.9 -0.25 -1.62 -3.56 -0.25 -1.72 -3.65 -0.25 -1.99
4 16 -2.69 -0.25 -2.1 -2.74 -0.25 -1.83 -3.65 -0.25 -1.99 -3.62 -0.25 -2.3
4 16 -2.72 -0.25 -2.36 -2.69 -0.25 -2.1 -3.62 -0.25 -2.3 -3.47 -0.25 -2.49
4 16 -2.79 -0.25 -3.41 -2.73 -0.25 -3.14 -3.52 -0.25 -3.38 -3.42 -0.25 -3.51
4 16 -2.89 -0.25 -3.57 -2.79 -0.25 -3.41 -3.42 -0.25 -3.51 -3.26 -0.25 -3.61
3 16 -3.26 -0.25 -3.61 -3.06 -0.25 -3.64 -2.89 -0.25 -3.57
4 0 -3.47 -0.25 -2.49 -4.04 -0.25 -2.6 -3.84 -0.25 -2.82 -3.62 -0.25 -2.94
4 0 -3.26 -0.25 -2.58 -3.47 -0.25 -2.49 -3.62 -0.25 -2.94 -3.26 -0.25 -3
4 0 -2.96 -0.25 -2.56 -3.26 -0.25 -2.58 -3.26 -0.25 -3 -2.94 -0.25 -2.94
4 0 -2.96 -0.25 -2.56 -2.94 -0.25 -2.94 -2.69 -0.25 -2.79 -2.72 -0.25 -2.36
4 16 -2.96 -0.25 -2.56 -2.72 -0.25 -2.36 -3.47 -0.25 -2.49 -3.26 -0.25 -2.58
3 16 -2.94 -0.25 -2.94 -2.73 -0.25 -3.14 -2.69 -0.25 -2.79
4 16 -2.73 -0.25 -3.14 -2.94 -0.25 -2.94 -3.26 -0.25 -3 -3.52 -0.25 -3.38
4 16 -3.52 -0.25 -3.38 -3.26 -0.25 -3 -3.62 -0.25 -2.94 -4.05 -0.25 -3.38
3 16 -4.05 -0.25 -3.38 -3.62 -0.25 -2.94 -3.84 -0.25 -2.82
3 16 -4.05 -0.25 -3.38 -3.84 -0.25 -2.82 -4.04 -0.25 -2.6
4 16 -4.4 -0.25 -4.4 -4.05 -0.25 -3.38 -4.04 -0.25 -2.6 -4.13 -0.25 -2.29
4 16 -0.5 -0.25 -4.4 -0.5 -0.25 -0.8 -0.891 -0.25 -3.61 -0.891 -0.25 -4.01
4 16 -0.5 -0.25 -4.4 -0.891 -0.25 -4.01 -1.349 -0.25 -4.01 -1.85 -0.25 -4.4
4 16 -1.85 -0.25 -4.4 -1.349 -0.25 -4.01 -1.349 -0.25 -3.61 -1.85 -0.25 -0.8
4 16 -1.85 -0.25 -0.8 -1.349 -0.25 -3.61 -0.891 -0.25 -3.61 -0.5 -0.25 -0.8
4 16 4.6 -0.25 -4.4 1.299 -0.25 -6.275 1.299 -0.25 -6.825 5.8 -0.25 -8.6
3 16 1.299 -0.25 -6.825 3.25 -0.25 -8.6 5.8 -0.25 -8.6
4 16 0.7 -0.25 -8.6 3.25 -0.25 -8.6 1.299 -0.25 -6.825 -1.259 -0.25 -6.825
4 16 -5.7 -0.25 -8.6 0.7 -0.25 -8.6 -1.259 -0.25 -6.825 -4.4 -0.25 -4.4
3 16 2.05 -0.25 -4.4 1.299 -0.25 -6.275 4.6 -0.25 -4.4
4 16 1.299 -0.25 -6.275 2.05 -0.25 -4.4 -0.5 -0.25 -4.4 -1.259 -0.25 -6.275
3 16 -1.85 -0.25 -4.4 -1.259 -0.25 -6.275 -0.5 -0.25 -4.4
4 16 -1.259 -0.25 -6.275 -1.85 -0.25 -4.4 -4.4 -0.25 -4.4 -1.259 -0.25 -6.825
4 16 -5.7 -0.25 -8.6 -4.4 -0.25 -4.4 -4.4 -0.25 -0.8 -7 -0.25 3
3 16 2.05 -0.25 -0.8 4.6 -0.25 -0.8 7 -0.25 3
4 16 -0.5 -0.25 -0.8 2.05 -0.25 -0.8 7 -0.25 3 -7 -0.25 3
3 16 -1.85 -0.25 -0.8 -0.5 -0.25 -0.8 -7 -0.25 3
3 16 -4.4 -0.25 -0.8 -1.85 -0.25 -0.8 -7 -0.25 3
