0 ~Motor Pull Back  4 x  9 x  2.667 Spring Suspension Half
0 Name: s\47715s01.dat
0 Author: Joerg Sommerer [Brickaneer]
0 !LDRAW_ORG Subpart UPDATE 2013-02
0 !LICENSE Redistributable under CCAL version 2.0 : see CAreadme.txt

0 BFC CERTIFY CCW

0 !HISTORY 2013-12-23 [PTadmin] Official Update 2013-02

1 16 26 31.5 30 12 0 0 0 -1 0 0 0 -12 3-16edge.dat
2 24 30.5924 31.5 18.9132 29 31.5 18.5966
2 24 29 42.3511 18.5966 29 31.5 18.5966
2 24 38 36 30 37.0868 36.9132 25.4076
2 24 37.0868 36.9132 25.4076 36.5753 37.0654 24.6422
2 24 36.5753 37.0654 24.6422 34.4852 39.1555 21.5148
2 24 34.4852 39.1555 21.5148 32.3691 40.1006 20.1006
2 24 32.3691 40.1006 20.1006 30.5924 41.8773 18.9132
2 24 30.5924 41.8773 18.9132 29 42.3511 18.5966
2 24 29 42.3511 18.5966 29 44.6422 17.0654
1 16 34.5 47.3211 16.5327 -5.5 0 0 0 0.195 2.6789 0 1 -0.5327 rect1.dat
4 16 29 42.3511 18.5966 29 44.6422 17.0654 40 44.6422 17.0654 30.5924 41.8773 18.9132
4 16 30.5924 41.8773 18.9132 40 44.6422 17.0654 40 40.1006 20.1006 32.3691 40.1006 20.1006
3 16 32.3691 40.1006 20.1006 40 40.1006 20.1006 34.4852 39.1555 21.5148
4 16 34.4852 39.1555 21.5148 40 40.1006 20.1006 40 37.0654 24.6422 36.5753 37.0654 24.6422
3 16 36.5753 37.0654 24.6422 40 37.0654 24.6422 37.0868 36.9132 25.4076
4 16 37.0868 36.9132 25.4076 40 37.0654 24.6422 40 36 30 38 36 30
5 24 29 50 16 40 50 16 29 44.6422 17.0654 40 55.3578 17.0654
5 24 29 44.6422 17.0654 40 44.6422 17.0654 32.3691 40.1006 20.1006 40 50 16
5 24 32.3691 40.1006 20.1006 40 40.1006 20.1006 36.5753 37.0654 24.6422 40 44.6422 17.0654
5 24 36.5753 37.0654 24.6422 40 37.0654 24.6422 38 36 30 40 40.1006 20.1006
5 24 38 36 30 40 36 30 40 37.0654 35.3578 40 37.0654 24.6422
4 16 29 42.3511 18.5966 30.5924 41.8773 18.9132 30.5924 31.5 18.9132 29 31.5 18.5966
4 16 34.4852 31.5 21.5148 30.5924 31.5 18.9132 30.5924 41.8773 18.9132 32.3691 40.1006 20.1006
3 16 34.4852 31.5 21.5148 32.3691 40.1006 20.1006 34.4852 39.1555 21.5148
4 16 37.0868 31.5 25.4076 34.4852 31.5 21.5148 34.4852 39.1555 21.5148 36.5753 37.0654 24.6422
3 16 37.0868 31.5 25.4076 36.5753 37.0654 24.6422 37.0868 36.9132 25.4076
4 16 37.0868 31.5 25.4076 37.0868 36.9132 25.4076 38 36 30 38 31.5 30
5 24 30.5924 41.8773 18.9132 30.5924 31.5 18.9132 29 42.3511 18.5966 34.4852 31.5 21.5148
5 24 34.4852 31.5 21.5148 34.4852 39.1555 21.5148 30.5924 31.5 18.9132 37.0868 31.5 25.4076
5 24 37.0868 31.5 25.4076 37.0868 36.9132 25.4076 34.4852 31.5 21.5148 38 31.5 30
5 24 38 31.5 30 38 36 30 37.0868 31.5 25.4076 37.0868 31.5 34.5924
1 16 26 31.5 30 10 0 0 0 -1 0 0 0 -10 3-16edge.dat
2 24 29 31.5 18.5966 29 31.5 20.5966
1 16 26 31.5 30 0.7654 0 1.8478 0 1 0 -1.8478 0 0.7654 3-16rin5.dat
4 16 29 31.5 18.5966 30.5924 31.5 18.9132 29.827 31.5 20.761 29 31.5 20.5966
2 24 29 29 18.7954 29 29 20.5966
1 16 26 29 30 10 0 0 0 -1 0 0 0 -10 3-16edge.dat
1 16 26 31.5 30 10 0 0 0 -2.5 0 0 0 -10 3-16cyli.dat
1 16 29.4135 30.25 20.6788 0 -0.195 -0.4135 -1.25 0 0 0 1 -0.0822 rect3.dat
5 24 29.827 29 20.761 29.827 31.5 20.761 29 31.5 20.5966 33.071 29 22.929
4 16 29 31.5 20.5966 29 29 20.5966 29 29 18.7954 29 31.5 18.5966
1 16 25 29 30 12 0 0 0 -1 0 0 0 -12 3-16edge.dat
4 16 29 29 18.7954 29 29 20.5966 29.827 29 20.761 29.5924 29 18.9132
4 16 29.5924 29 18.9132 29.827 29 20.761 33.071 29 22.929 33.4852 29 21.5148
4 16 35.239 29 26.173 36.0868 29 25.4076 33.4852 29 21.5148 33.071 29 22.929
4 16 36 29 30 37 29 30 36.0868 29 25.4076 35.239 29 26.173
1 16 25 26.5 30 12 0 0 0 -1 0 0 0 -12 3-16edge.dat
1 16 25 29 30 12 0 0 0 -2.5 0 0 0 -12 3-16cyli.dat
1 16 29.2962 27.75 18.8543 0 -0.195 -0.2962 -1.25 0 0 0 1 -0.0589 rect3.dat
5 24 29.5924 29 18.9132 29.5924 26.5 18.9132 29 26.5 18.7954 33.4852 29 21.5148
2 24 29 26.5 20.8766 29 26.5 18.7954
1 16 25 26.5 30 10 0 0 0 -1 0 0 0 -10 1-8edge.dat
3 16 29 26.5 18.7954 29.5924 26.5 18.9132 29 26.5 20.8766
4 16 29 26.5 20.8766 29.5924 26.5 18.9132 33.4852 26.5 21.5148 32.071 26.5 22.929
4 16 32.071 26.5 22.929 33.4852 26.5 21.5148 36.0868 26.5 25.4076 34.239 26.5 26.173
4 16 37 26.5 30 35 26.5 30 34.239 26.5 26.173 36.0868 26.5 25.4076
2 24 29 24 19.1856 29 24 20.8766
1 16 25 24 30 10 0 0 0 -1 0 0 0 -10 1-8edge.dat
1 16 25 26.5 30 10 0 0 0 -2.5 0 0 0 -10 1-8cyli.dat
1 16 30.5355 25.25 21.9028 0 -0.5556 -1.5355 -1.25 0 0 0 1 -1.0262 rect3.dat
5 24 32.071 24 22.929 32.071 26.5 22.929 29 24 20.8766 34.239 26.5 26.173
4 16 29 24 19.1856 29 26.5 18.7954 29 26.5 20.8766 29 24 20.8766
1 16 24 24 30 12 0 0 0 -1 0 0 0 -12 1-8edge.dat
4 16 32.4852 24 21.5148 29 24 19.1856 29 24 20.8766 32.071 24 22.929
4 16 32.071 24 22.929 34.239 24 26.173 35.0868 24 25.4076 32.4852 24 21.5148
4 16 36 24 30 35.0868 24 25.4076 34.239 24 26.173 35 24 30
1 16 24 21.5 30 12 0 0 0 -1 0 0 0 -12 1-8edge.dat
1 16 24 24 30 12 0 0 0 -2.5 0 0 0 -12 1-8cyli.dat
1 16 30.7426 22.75 20.3502 0 -0.5556 -1.7426 -1.25 0 0 0 1 -1.1646 rect3.dat
5 24 32.4852 24 21.5148 32.4852 21.5 21.5148 29 24 19.1856 35.0868 21.5 25.4076
2 24 29 21.5 19.1856 29 21.5 21.5449
1 16 24 21.5 30 10 0 0 0 -1 0 0 0 -10 1-8edge.dat
4 16 31.071 21.5 22.929 29 21.5 21.5449 29 21.5 19.1856 32.4852 21.5 21.5148
4 16 32.4852 21.5 21.5148 35.0868 21.5 25.4076 33.239 21.5 26.173 31.071 21.5 22.929
4 16 34 21.5 30 33.239 21.5 26.173 35.0868 21.5 25.4076 36 21.5 30
2 24 29 19 19.8539 29 19 21.5449
1 16 24 19 30 10 0 0 0 -1 0 0 0 -10 1-8edge.dat
1 16 24 21.5 30 10 0 0 0 -2.5 0 0 0 -10 1-8cyli.dat
1 16 30.0355 20.25 22.237 0 -0.5557 -1.0355 -1.25 0 0 0 1 -0.6921 rect3.dat
5 24 31.071 21.5 22.929 31.071 19 22.929 29 21.5 21.5449 33.239 19 26.173
4 16 29 21.5 19.1856 29 21.5 21.5449 29 19 21.5449 29 19 19.8539
1 16 23 19 30 12 0 0 0 -1 0 0 0 -12 1-8edge.dat
4 16 29 19 19.8539 29 19 21.5449 31.071 19 22.929 31.4852 19 21.5148
4 16 31.4852 19 21.5148 31.071 19 22.929 33.239 19 26.173 34.0868 19 25.4076
4 16 34.0868 19 25.4076 33.239 19 26.173 34 19 30 35 19 30
1 16 23 16.5 30 12 0 0 0 -1 0 0 0 -12 1-8edge.dat
1 16 23 19 30 12 0 0 0 -2.5 0 0 0 -12 1-8cyli.dat
1 16 30.2426 17.75 20.6843 0 -0.5556 -1.2426 -1.25 0 0 0 1 -0.8304 rect3.dat
5 24 31.4852 19 21.5148 31.4852 16.5 21.5148 29 19 19.8539 34.0868 16.5 25.4076
2 24 29 16.5 22.2132 29 16.5 19.8539
1 16 23 16.5 30 10 0 0 0 -1 0 0 0 -10 1-8edge.dat
4 16 29 16.5 22.2132 29 16.5 19.8539 31.4852 16.5 21.5148 30.071 16.5 22.929
4 16 32.239 16.5 26.173 30.071 16.5 22.929 31.4852 16.5 21.5148 34.0868 16.5 25.4076
4 16 34.0868 16.5 25.4076 35 16.5 30 33 16.5 30 32.239 16.5 26.173
2 24 29 14 22.2132 29 14 20.5222
1 16 23 14 30 10 0 0 0 -1 0 0 0 -10 1-8edge.dat
1 16 23 16.5 30 10 0 0 0 -2.5 0 0 0 -10 1-8cyli.dat
1 16 29.5355 15.25 22.5711 0 -0.5557 -0.5355 -1.25 0 0 0 1 -0.3579 rect3.dat
5 24 30.071 16.5 22.929 30.071 14 22.929 29 16.5 22.2132 32.239 14 26.173
4 16 29 16.5 22.2132 29 14 22.2132 29 14 20.5222 29 16.5 19.8539
1 16 22 14 30 12 0 0 0 -1 0 0 0 -12 1-8edge.dat
4 16 30.4852 14 21.5148 29 14 20.5222 29 14 22.2132 30.071 14 22.929
4 16 30.071 14 22.929 32.239 14 26.173 33.0868 14 25.4076 30.4852 14 21.5148
4 16 34 14 30 33.0868 14 25.4076 32.239 14 26.173 33 14 30
1 16 22 11.5 30 12 0 0 0 -1 0 0 0 -12 1-8edge.dat
1 16 22 14 30 12 0 0 0 -2.5 0 0 0 -12 1-8cyli.dat
1 16 29.7426 12.75 21.0185 0 -0.5557 -0.7426 -1.25 0 0 0 1 -0.4963 rect3.dat
5 24 30.4852 14 21.5148 30.4852 11.5 21.5148 29 14 20.5222 33.0868 11.5 25.4076
2 24 29 6 22.8815 29 11.5 20.5222
2 24 29 6 30 29 6 22.8815
2 24 29.071 6 22.929 29 6 22.8815
2 24 29.071 6 22.929 31.239 6 26.173
2 24 31.239 6 26.173 32 6 30
4 16 29.071 6 22.929 29 6 22.8815 29 11.5 20.5222 30.4852 11.5 21.5148
4 16 30.4852 11.5 21.5148 33.0868 11.5 25.4076 31.239 6 26.173 29.071 6 22.929
4 16 32 6 30 31.239 6 26.173 33.0868 11.5 25.4076 34 11.5 30
5 24 30.4852 11.5 21.5148 29.071 6 22.929 29 11.5 20.5222 33.0868 11.5 25.4076
5 24 33.0868 11.5 25.4076 31.239 6 26.173 30.4852 11.5 21.5148 34 11.5 30
5 24 34 11.5 30 32 6 30 33.0868 11.5 25.4076 33.0868 11.5 34.5924
4 16 29 6 30 29 6 22.8815 29.071 6 22.929 31.239 6 26.173
3 16 29 6 30 31.239 6 26.173 32 6 30
