0 Technic Panel Fairing #24
0 Name: 47712.dat
0 Author: Marc Klein [marckl]
0 !LDRAW_ORG Part UPDATE 2009-03
0 !LICENSE Redistributable under CCAL version 2.0 : see CAreadme.txt

0 BFC CERTIFY CCW

0 !HISTORY 2007-11-01 [mikeheide] Added conditional lines with edger
0 !HISTORY 2009-12-29 [PTadmin] Official Update 2009-03

0 BFC INVERTNEXT
1 16 0 -50 -18 6 0 0 0 0 -6 0 16 0 4-4cyli.dat
1 16 0 -50 -18 6 0 0 0 0 -6 0 1 0 4-4edge.dat
1 16 0 -50 -2 6 0 0 0 0 -6 0 1 0 4-4edge.dat
0 BFC INVERTNEXT
1 16 0 -30 -2 6 0 0 0 0 6 0 -16 0 4-4cyli.dat
1 16 0 -30 -2 6 0 0 0 0 6 0 -1 0 4-4edge.dat
1 16 0 -30 -18 6 0 0 0 0 6 0 -1 0 4-4edge.dat
1 16 0 -30 -20 -1 0 0 0 0 1 0 1 0 peghole.dat
1 16 0 -50 -20 -1 0 0 0 0 1 0 1 0 peghole.dat
0 BFC INVERTNEXT
1 16 0 -30 -2 0 0 8 8 0 0 0 2 0 2-4CYLI.dat
1 16 0 -30 -2 0 0 8 8 0 0 0 1 0 2-4edge.dat
1 16 0 -30 0 0 0 8 8 0 0 0 1 0 2-4edge.dat
0 BFC INVERTNEXT
1 16 0 -50 0 0 0 8 -8 0 0 0 -2 0 2-4CYLI.dat
1 16 0 -50 0 0 0 8 -8 0 0 0 -1 0 2-4edge.dat
1 16 0 -50 -2 0 0 8 -8 0 0 0 -1 0 2-4edge.dat
3 16 25.543 -32.296 20 25.838 -30.813 20 24.243 -34.243 20
2 24 25.838 -30.813 20 25.543 -32.296 20
2 24 25.543 -32.296 20 24.243 -34.243 20
4 16 24.243 -34.243 20 25.838 -30.813 20 22.812 -31.624 20 23.625 -34.656 20
2 24 25.838 -30.813 20 22.812 -31.624 20
2 24 22.812 -31.624 20 23.625 -34.656 20
2 24 24.243 -34.243 20 23.625 -34.656 20
3 16 23.625 -34.656 -15 22.812 -31.624 -15 24.243 -34.243 -15
2 24 23.625 -34.656 -15 22.812 -31.624 -15
2 24 23.625 -34.656 -15 24.243 -34.243 -15
4 16 24.243 -34.243 -15 22.812 -31.624 -15 25.838 -30.813 -15 25.543 -32.296 -15
2 24 22.812 -31.624 -15 25.838 -30.813 -15
2 24 25.543 -32.296 -15 25.838 -30.813 -15
2 24 24.243 -34.243 -15 25.543 -32.296 -15
3 16 14.162 -30.813 -15 17.188 -31.624 -15 14.457 -32.296 -15
2 24 14.162 -30.813 -15 17.188 -31.624 -15
2 24 14.162 -30.813 -15 14.457 -32.296 -15
4 16 14.457 -32.296 -15 17.188 -31.624 -15 16.375 -34.656 -15 15.757 -34.243 -15
2 24 17.188 -31.624 -15 16.375 -34.656 -15
2 24 15.757 -34.243 -15 16.375 -34.656 -15
2 24 14.457 -32.296 -15 15.757 -34.243 -15
4 16 11 -30 0 11.685 -33.444 0 11.685 -33.444 20 11 -30 20
2 24 11.685 -33.444 0 11 -30 0
5 24 11.685 -33.444 20 11.685 -33.444 0 13.636 -36.364 0 11 -30 20
2 24 11 -30 20 11.685 -33.444 20
5 24 11 -30 20 11 -30 0 11.685 -33.444 0 11.685 -26.556 20
4 16 11.685 -26.556 0 11 -30 0 11 -30 20 11.685 -26.556 20
2 24 11 -30 0 11.685 -26.556 0
2 24 11.685 -26.556 20 11 -30 20
5 24 11.685 -26.556 0 11.685 -26.556 20 13.3928 -24 20 11 -30 0
3 16 6.986 -24.567 -14 6.364 -23.636 -14 9 -23 -14
2 24 6.364 -23.636 -14 6.986 -24.567 -14
2 24 6.986 -24.567 -14 9 -23 -14
3 16 9 -23 -14 6.364 -23.636 -14 3.444 -21.685 -14
2 24 3.444 -21.685 -14 6.364 -23.636 -14
3 16 9 -23 -14 3.444 -21.685 -14 11 -23 -14
2 24 9 -23 -14 11 -23 -14
3 16 11 -23 -14 3.444 -21.685 -14 0 -21 -14
2 24 0 -21 -14 3.444 -21.685 -14
3 16 11 -23 -14 0 -21 -14 16.56 -21.69 -14
3 16 16.56 -21.69 -14 0 -21 -14 20 -21 -14
2 24 20 -21 -14 0 -21 -14
2 24 16.56 -21.69 -14 20 -21 -14
3 16 13.01 -24.57 -14 11 -23 -14 13.64 -23.64 -14
2 24 11 -23 -14 13.01 -24.57 -14
2 24 13.01 -24.57 -14 13.64 -23.64 -14
3 16 13.64 -23.64 -14 11 -23 -14 16.56 -21.69 -14
2 24 13.64 -23.64 -14 16.56 -21.69 -14
4 16 11.2048 -44.3812 0 13.7136 -46.0149 0 15.1081 -43.9278 32.624 12.51 -42.4278 30.5346
2 24 13.7136 -46.0149 0 11.2048 -44.3812 0
2 24 15.1081 -43.9278 32.624 13.7136 -46.0149 0
2 24 11.2048 -44.3812 0 12.51 -42.4278 30.5346
4 16 12.51 -42.4278 30.5346 15.1081 -43.9278 32.624 16.1667 -41.7811 63.5157 13.6788 -40.0405 64.8273
2 24 16.1667 -41.7811 63.5157 15.1081 -43.9278 32.624
2 24 13.6788 -40.0405 64.8273 16.1667 -41.7811 63.5157
2 24 12.51 -42.4278 30.5346 13.6788 -40.0405 64.8273
4 16 -3.9155 -58 -2 -2.2961 -55.5433 -2 -4.2426 -54.2426 -2 -6.364 -56.364 -2
2 24 -3.9155 -58 -2 -6.364 -56.364 -2
4 16 -6.364 -56.364 -2 -4.2426 -54.2426 -2 -9 -50 -2 -8.3149 -53.4441 -2
2 24 -8.3149 -53.4441 -2 -9 -50 -2
2 24 -6.364 -56.364 -2 -8.3149 -53.4441 -2
3 16 -9 -50 -2 -4.2426 -54.2426 -2 -5.5433 -52.2961 -2
4 16 -9 -50 -2 -5.5433 -52.2961 -2 -6 -50 -2 -9 -42 -2
2 24 -9 -50 -2 -9 -42 -2
3 16 -9 -42 -2 -6 -50 -2 -5.54 -47.7 -2
3 16 3.0615 -57.391 -2 0 -56 -2 0 -58 -2
4 16 0 -58 -2 0 -56 -2 -2.2961 -55.5433 -2 -3.9155 -58 -2
2 24 -3.9155 -58 -2 0 -58 -2
3 16 -5.54 -47.7 -2 -4.24 -45.76 -2 -9 -42 -2
3 16 -9 -42 -2 -4.24 -45.76 -2 -2.3 -44.46 -2
3 16 -9 -42 -2 -2.3 -44.46 -2 0 -44 -2
4 16 0 -56 -2 3.0615 -57.391 -2 5.6569 -55.6569 -2 2.2961 -55.5433 -2
4 16 2.2961 -55.5433 -2 5.6569 -55.6569 -2 7.391 -53.0615 -2 4.2426 -54.2426 -2
4 16 4.2426 -54.2426 -2 7.391 -53.0615 -2 8 -50 -2 5.5433 -52.2961 -2
4 16 5.5433 -52.2961 -2 8 -50 -2 7.391 -46.9385 -2 6 -50 -2
4 16 6 -50 -2 7.391 -46.9385 -2 5.6569 -44.3431 -2 5.5433 -47.7039 -2
4 16 5.5433 -47.7039 -2 5.6569 -44.3431 -2 3.0615 -42.609 -2 4.2426 -45.7574 -2
4 16 4.2426 -45.7574 -2 3.0615 -42.609 -2 0 -42 -2 2.2961 -44.4567 -2
3 16 2.2961 -44.4567 -2 0 -42 -2 -9 -42 -2
2 24 0 -42 -2 -9 -42 -2
3 16 2.2961 -44.4567 -2 -9 -42 -2 0 -44 -2
3 16 2.2961 -35.5433 -2 0 -36 -2 0 -38 -2
3 16 0 -38 -2 0 -36 -2 -2.2961 -35.5433 -2
4 16 0 -38 -2 -2.2961 -35.5433 -2 -4.2426 -34.2426 -2 -9 -38 -2
2 24 -9 -38 -2 0 -38 -2
4 16 -9 -38 -2 -4.2426 -34.2426 -2 -5.5433 -32.2961 -2 -9 -30 -2
2 24 -9 -38 -2 -9 -30 -2
4 16 -9 -30 -2 -5.5433 -32.2961 -2 -6 -30 -2 -8.3149 -26.5558 -2
2 24 -9 -30 -2 -8.3149 -26.5558 -2
4 16 -8.3149 -26.5558 -2 -6 -30 -2 -5.5433 -27.7039 -2 -6.364 -23.636 -2
2 24 -8.3149 -26.5558 -2 -6.364 -23.636 -2
4 16 -6.364 -23.636 -2 -5.5433 -27.7039 -2 -4.2426 -25.7574 -2 -3.9155 -22 -2
2 24 -6.364 -23.636 -2 -3.9155 -22 -2
4 16 -3.9155 -22 -2 -4.2426 -25.7574 -2 -2.2961 -24.4567 -2 0 -22 -2
2 24 0 -22 -2 -3.9155 -22 -2
4 16 0 -22 -2 -2.2961 -24.4567 -2 0 -24 -2 3.0615 -22.609 -2
4 16 3.0615 -22.609 -2 0 -24 -2 2.2961 -24.4567 -2 5.6569 -24.3431 -2
4 16 5.6569 -24.3431 -2 2.2961 -24.4567 -2 4.2426 -25.7574 -2 7.391 -26.9385 -2
4 16 7.391 -26.9385 -2 4.2426 -25.7574 -2 5.5433 -27.7039 -2 8 -30 -2
4 16 8 -30 -2 5.5433 -27.7039 -2 6 -30 -2 7.391 -33.0615 -2
4 16 7.391 -33.0615 -2 6 -30 -2 5.5433 -32.2961 -2 5.6569 -35.6569 -2
4 16 5.6569 -35.6569 -2 5.5433 -32.2961 -2 4.2426 -34.2426 -2 3.0615 -37.391 -2
4 16 3.0615 -37.391 -2 4.2426 -34.2426 -2 2.2961 -35.5433 -2 0 -38 -2
4 16 6.364 -36.364 -4 6.364 -36.364 -20 8.3149 -33.4442 -20 8.3149 -33.4442 -4
5 24 6.364 -36.364 -20 6.364 -36.364 -4 3.4442 -38.3149 -4 8.3149 -33.4442 -20
2 24 8.3149 -33.4442 -20 6.364 -36.364 -20
5 24 8.3149 -33.4442 -20 8.3149 -33.4442 -4 6.364 -36.364 -4 9 -30 -20
2 24 6.364 -36.364 -4 8.3149 -33.4442 -4
4 16 8.3149 -33.4442 -4 8.3149 -33.4442 -20 9 -30 -20 9 -30 -4
2 24 9 -30 -20 8.3149 -33.4442 -20
5 24 9 -30 -20 9 -30 -4 8.3149 -33.4442 -4 8.3149 -26.5558 -20
2 24 8.3149 -33.4442 -4 9 -30 -4
4 16 9 -30 -4 9 -30 -20 8.3149 -26.5558 -20 8.3149 -26.5558 -4
2 24 8.3149 -26.5558 -20 9 -30 -20
5 24 8.3149 -26.5558 -4 8.3149 -26.5558 -20 6.986 -24.567 -14 9 -30 -4
2 24 9 -30 -4 8.3149 -26.5558 -4
4 16 1 -38.8011 -4 1 -38.8011 -20 3.4442 -38.3149 -20 3.4442 -38.3149 -4
2 24 1 -38.8011 -20 1 -38.8011 -4
2 24 3.4442 -38.3149 -20 1 -38.8011 -20
5 24 3.4442 -38.3149 -20 3.4442 -38.3149 -4 1 -38.8011 -4 6.364 -36.364 -20
2 24 1 -38.8011 -4 3.4442 -38.3149 -4
4 16 3.4442 -38.3149 -4 3.4442 -38.3149 -20 6.364 -36.364 -20 6.364 -36.364 -4
2 24 6.364 -36.364 -20 3.4442 -38.3149 -20
2 24 3.4442 -38.3149 -4 6.364 -36.364 -4
4 16 6.364 -43.636 -4 6.364 -43.636 -20 3.4442 -41.6851 -20 3.4442 -41.6851 -4
5 24 6.364 -43.636 -20 6.364 -43.636 -4 8.3149 -46.5559 -4 3.4442 -41.6851 -20
2 24 3.4442 -41.6851 -20 6.364 -43.636 -20
5 24 3.4442 -41.6851 -20 3.4442 -41.6851 -4 6.364 -43.636 -4 1 -41.1989 -20
2 24 6.364 -43.636 -4 3.4442 -41.6851 -4
4 16 3.4442 -41.6851 -4 3.4442 -41.6851 -20 1 -41.1989 -20 1 -41.1989 -4
2 24 1 -41.1989 -20 3.4442 -41.6851 -20
2 24 1 -41.1989 -20 1 -41.1989 -4
2 24 3.4442 -41.6851 -4 1 -41.1989 -4
4 16 8.6445 -48.2129 -4 8.6445 -48.2129 -20 8.3149 -46.5559 -20 8.3149 -46.5559 -4
2 24 8.6445 -48.2129 -20 8.6445 -48.2129 -4
2 24 8.3149 -46.5559 -20 8.6445 -48.2129 -20
5 24 8.3149 -46.5559 -20 8.3149 -46.5559 -4 8.6445 -48.2129 -4 6.364 -43.636 -20
2 24 8.6445 -48.2129 -4 8.3149 -46.5559 -4
4 16 8.3149 -46.5559 -4 8.3149 -46.5559 -20 6.364 -43.636 -20 6.364 -43.636 -4
2 24 6.364 -43.636 -20 8.3149 -46.5559 -20
2 24 8.3149 -46.5559 -4 6.364 -43.636 -4
4 16 -6.364 -43.636 -4 -6.364 -43.636 -20 -8.3149 -46.5559 -20 -8.3149 -46.5559 -4
5 24 -6.364 -43.636 -20 -6.364 -43.636 -4 -3.4442 -41.6851 -4 -8.3149 -46.5559 -20
2 24 -8.3149 -46.5559 -20 -6.364 -43.636 -20
5 24 -8.3149 -46.5559 -20 -8.3149 -46.5559 -4 -6.364 -43.636 -4 -9 -50 -20
2 24 -6.364 -43.636 -4 -8.3149 -46.5559 -4
4 16 -8.3149 -46.5559 -4 -8.3149 -46.5559 -20 -9 -50 -20 -9 -50 -4
2 24 -9 -50 -20 -8.3149 -46.5559 -20
5 24 -9 -50 -4 -9 -50 -20 -8.3149 -53.4441 -20 -8.3149 -46.5559 -4
2 24 -8.3149 -46.5559 -4 -9 -50 -4
4 16 -1 -41.1989 -4 -1 -41.1989 -20 -3.4442 -41.6851 -20 -3.4442 -41.6851 -4
2 24 -1 -41.1989 -20 -1 -41.1989 -4
2 24 -3.4442 -41.6851 -20 -1 -41.1989 -20
5 24 -3.4442 -41.6851 -20 -3.4442 -41.6851 -4 -1 -41.1989 -4 -6.364 -43.636 -20
2 24 -1 -41.1989 -4 -3.4442 -41.6851 -4
4 16 -3.4442 -41.6851 -4 -3.4442 -41.6851 -20 -6.364 -43.636 -20 -6.364 -43.636 -4
2 24 -6.364 -43.636 -20 -3.4442 -41.6851 -20
2 24 -3.4442 -41.6851 -4 -6.364 -43.636 -4
4 16 -6.364 -36.364 -4 -8.315 -33.444 -4 -8.315 -33.444 -20 -6.364 -36.364 -20
2 24 -8.315 -33.444 -4 -6.364 -36.364 -4
5 24 -8.315 -33.444 -4 -8.315 -33.444 -20 -6.364 -36.364 -20 -9 -30 -4
2 24 -6.364 -36.364 -20 -8.315 -33.444 -20
5 24 -6.364 -36.364 -20 -6.364 -36.364 -4 -8.315 -33.444 -4 -3.4442 -38.3149 -20
4 16 -6.364 -36.364 -20 -3.4442 -38.3149 -20 -3.4442 -38.3149 -4 -6.364 -36.364 -4
2 24 -3.4442 -38.3149 -20 -6.364 -36.364 -20
5 24 -3.4442 -38.3149 -20 -3.4442 -38.3149 -4 -6.364 -36.364 -4 -1 -38.8011 -20
2 24 -6.364 -36.364 -4 -3.4442 -38.3149 -4
4 16 -9 -30 -4 -9 -30 -20 -8.315 -33.444 -20 -8.315 -33.444 -4
5 24 -9 -30 -20 -9 -30 -4 -8.3149 -26.5558 -2 -8.315 -33.444 -20
2 24 -8.315 -33.444 -20 -9 -30 -20
2 24 -9 -30 -4 -8.315 -33.444 -4
4 16 29 -30 24.497 25.5433 -27.7039 28.4526 26 -30 27.0593 28.3149 -33.4442 23.5773
2 24 26 -30 27.0593 25.5433 -27.7039 28.4526
2 24 29 -30 24.497 28.3149 -33.4442 23.5773
4 16 28.3149 -33.4442 23.5773 26 -30 27.0593 25.5433 -32.2961 26.4462 26.364 -36.364 23.968
2 24 25.5433 -32.2961 26.4462 26 -30 27.0593
2 24 28.3149 -33.4442 23.5773 26.364 -36.364 23.968
4 16 26.364 -36.364 23.968 25.5433 -32.2961 26.4462 24.2426 -34.2426 26.7067 23.4442 -38.3149 25.6094
2 24 24.2426 -34.2426 26.7067 25.5433 -32.2961 26.4462
2 24 26.364 -36.364 23.968 23.4442 -38.3149 25.6094
4 16 23.4442 -38.3149 25.6094 24.2426 -34.2426 26.7067 22.2961 -35.5433 27.801 20 -39 28.2518
2 24 22.2961 -35.5433 27.801 24.2426 -34.2426 26.7067
2 24 23.4442 -38.3149 25.6094 20 -39 28.2518
4 16 20 -39 28.2518 22.2961 -35.5433 27.801 20 -36 29.5626 17.7581 -38.5541 30.3615
2 24 20 -36 29.5626 22.2961 -35.5433 27.801
2 24 20 -39 28.2518 17.7581 -38.5541 30.3615
3 16 17.7581 -38.5541 30.3615 20 -36 29.5626 19.0176 -36 30.4016
2 24 19.0176 -36 30.4016 20 -36 29.5626
2 24 17.7581 -38.5541 30.3615 19.0176 -36 30.4016
3 16 24.0182 -22.0686 32.2173 23.8849 -22.7387 32.0384 26.364 -23.636 29.5289
2 24 23.8849 -22.7387 32.0384 24.0182 -22.0686 32.2173
2 24 24.0182 -22.0686 32.2173 26.364 -23.636 29.5289
4 16 26.364 -23.636 29.5289 23.8849 -22.7387 32.0384 23.4567 -24 31.853 24.2426 -25.7574 30.414
2 24 23.4567 -24 31.853 23.8849 -22.7387 32.0384
3 16 26.364 -23.636 29.5289 24.2426 -25.7574 30.414 28.3149 -26.5558 26.5869
2 24 26.364 -23.636 29.5289 28.3149 -26.5558 26.5869
4 16 28.3149 -26.5558 26.5869 24.2426 -25.7574 30.414 25.5433 -27.7039 28.4526 29 -30 24.497
2 24 25.5433 -27.7039 28.4526 24.2426 -25.7574 30.414
2 24 28.3149 -26.5558 26.5869 29 -30 24.497
4 16 20.277 -24.0551 34.5448 22.2961 -24.4567 32.6448 23.4567 -24 31.853 20.2957 -24 34.5529
2 24 22.2961 -24.4567 32.6448 20.277 -24.0551 34.5448
2 24 20.2957 -24 34.5529 23.4567 -24 31.853
2 24 20.277 -24.0551 34.5448 20.2957 -24 34.5529
3 16 23.4567 -24 31.853 22.2961 -24.4567 32.6448 24.2426 -25.7574 30.414
2 24 24.2426 -25.7574 30.414 22.2961 -24.4567 32.6448
4 16 23.4567 -24 31.853 23.4567 -24 76.9147 20 -24 76.9147 20.2957 -24 34.5529
2 24 23.4567 -24 31.853 23.4567 -24 76.9147
2 24 20 -24 76.9147 23.4567 -24 76.9147
3 16 20.2957 -24 34.5529 20 -24 76.9147 20.2957 -24 20
2 24 20.2957 -24 34.5529 20.2957 -24 20
3 16 20.2957 -24 20 20 -24 76.9147 20 -24 61.9147
4 16 20.2957 -24 20 20 -24 61.9147 13.3928 -24 61.9147 13.3928 -24 20
2 24 13.3928 -24 61.9147 20 -24 61.9147
2 24 13.3928 -24 20 13.3928 -24 61.9147
2 24 20.2957 -24 20 13.3928 -24 20
3 16 -6.364 -43.636 -4 -8.315 -33.444 -4 -3.4442 -41.6851 -4
3 16 -3.4442 -41.6851 -4 -8.315 -33.444 -4 -6.364 -36.364 -4
4 16 -3.4442 -41.6851 -4 -6.364 -36.364 -4 -3.4442 -38.3149 -4 -1 -41.1989 -4
3 16 -1 -41.1989 -4 -3.4442 -38.3149 -4 -1 -38.8011 -4
2 24 -3.4442 -38.3149 -4 -1 -38.8011 -4
2 24 -1 -38.8011 -4 -1 -41.1989 -4
4 16 -9 -50 -4 -9 -30 -4 -8.315 -33.444 -4 -8.3149 -46.5559 -4
2 24 -9 -30 -4 -9 -50 -4
3 16 -8.3149 -46.5559 -4 -8.315 -33.444 -4 -6.364 -43.636 -4
3 16 0 -21 -20 -3.4442 -21.6851 -20 0 -21 -14
2 24 -3.4442 -21.6851 -20 0 -21 -20
5 24 0 -21 -20 0 -21 -14 3.444 -21.685 -14 -3.4442 -21.6851 -20
4 16 0 -21 -14 -3.4442 -21.6851 -20 -3.4442 -21.6851 0 0 -21 0
5 24 -3.4442 -21.6851 0 -3.4442 -21.6851 -20 -3.9155 -22 -2 0 -21 0
2 24 0 -21 0 -3.4442 -21.6851 0
5 24 0 -21 -14 0 -21 0 20 -21 0 -3.4442 -21.6851 -20
3 16 -3.9155 -22 0 -3.4442 -21.6851 0 -3.9155 -22 -2
2 24 -3.4442 -21.6851 0 -3.9155 -22 0
2 24 -3.9155 -22 -2 -3.9155 -22 0
3 16 -3.9155 -22 -2 -3.4442 -21.6851 0 -3.4442 -21.6851 -20
4 16 -3.9155 -22 -2 -3.4442 -21.6851 -20 -6.364 -23.636 -20 -6.364 -23.636 -2
2 24 -6.364 -23.636 -20 -3.4442 -21.6851 -20
5 24 -6.364 -23.636 -2 -6.364 -23.636 -20 -8.315 -26.556 -20 -3.9155 -22 -2
3 16 -9 -50 -2 -9 -42 -2 -9 -50 -4
5 24 -9 -50 -2 -9 -50 -4 -8.3149 -53.4441 -20 -9 -42 -2
3 16 -9 -50 -4 -9 -42 -2 -9 -38 -2
4 16 -9 -50 -4 -9 -38 -2 -9 -30 -2 -9 -30 -4
5 24 -9 -30 -4 -9 -30 -2 -8.3149 -26.5558 -2 -9 -50 -4
4 16 -9 -38 -2 -9 -42 -2 -9 -42 0 -9 -38 0
2 24 -9 -42 -2 -9 -42 0
2 24 -9 -38 0 -9 -42 0
2 24 -9 -38 0 -9 -38 -2
4 16 -6.364 -56.364 -2 -6.364 -56.364 -20 -3.4442 -58.3149 -20 -3.9155 -58 -2
5 24 -6.364 -56.364 -20 -6.364 -56.364 -2 -8.3149 -53.4441 -2 -3.4442 -58.3149 -20
2 24 -3.4442 -58.3149 -20 -6.364 -56.364 -20
3 16 -3.9155 -58 -2 -3.4442 -58.3149 -20 -3.9155 -58 0
2 24 -3.9155 -58 0 -3.9155 -58 -2
3 16 -3.9155 -58 0 -3.4442 -58.3149 -20 -3.4442 -58.3149 0
5 24 -3.4442 -58.3149 0 -3.4442 -58.3149 -20 0 -59 -20 -3.9155 -58 0
2 24 -3.9155 -58 0 -3.4442 -58.3149 0
4 16 6.5215 -56.2587 0 3.4442 -58.3149 0 3.4442 -58.3149 -20 6.5215 -56.2587 -20
2 24 3.4442 -58.3149 0 6.5215 -56.2587 0
5 24 3.4442 -58.3149 0 3.4442 -58.3149 -20 6.5215 -56.2587 -20 0 -59 0
2 24 6.5215 -56.2587 -20 3.4442 -58.3149 -20
5 24 6.5215 -56.2587 0 6.5215 -56.2587 -20 8.7234 -53.4831 -20 3.4442 -58.3149 0
4 16 0 -59 0 0 -59 -20 3.4442 -58.3149 -20 3.4442 -58.3149 0
5 24 0 -59 0 0 -59 -20 3.4442 -58.3149 -20 -3.4442 -58.3149 0
2 24 3.4442 -58.3149 -20 0 -59 -20
2 24 0 -59 0 3.4442 -58.3149 0
3 16 20 -21 -15.25 20 -21 -14 21.1785 -21 -15.25
5 24 20 -21 -14 20 -21 -15.25 16.5558 -21.6851 -15.4213 21.1785 -21 -15.25
2 24 20 -21 -15.25 21.1785 -21 -15.25
3 16 21.1785 -21 -15.25 20 -21 -14 20 -21 0
3 16 21.1785 -21 -15.25 20 -21 0 21.1785 -21 79.1754
2 24 21.1785 -21 -15.25 21.1785 -21 79.1754
3 16 21.1785 -21 79.1754 20 -21 0 20 -21 79.1754
5 24 20 -21 79.1754 20 -21 0 16.5558 -21.6851 0 21.1785 -21 79.1754
2 24 21.1785 -21 79.1754 20 -21 79.1754
4 16 20 -21 0 20 -21 -14 0 -21 -14 0 -21 0
2 24 20 -21 0 0 -21 0
4 16 11.6851 -26.5558 59.9887 11.6851 -26.5558 74.9887 13.636 -23.636 77.189 13.3928 -24 61.9147
5 24 11.6851 -26.5558 74.9887 11.6851 -26.5558 59.9887 11 -30 57.393 13.636 -23.636 77.189
2 24 13.636 -23.636 77.189 11.6851 -26.5558 74.9887
2 24 11.6851 -26.5558 59.9887 13.3928 -24 61.9147
3 16 13.3928 -24 61.9147 13.636 -23.636 77.189 13.3928 -24 20
3 16 13.3928 -24 20 13.636 -23.636 77.189 13.636 -23.636 0
5 24 13.636 -23.636 77.189 13.636 -23.636 0 13.3928 -24 20 16.5558 -21.6851 78.6591
4 16 13.3928 -24 20 13.636 -23.636 0 11.685 -26.556 0 11.685 -26.556 20
2 24 11.685 -26.556 0 13.636 -23.636 0
2 24 13.3928 -24 20 11.685 -26.556 20
4 16 11.685 -33.444 20 11.685 -33.444 0 13.636 -36.364 0 13.393 -36 20
2 24 13.636 -36.364 0 11.685 -33.444 0
2 24 11.685 -33.444 20 13.393 -36 20
3 16 13.393 -36 20 13.636 -36.364 0 13.393 -36 52.872
2 24 13.393 -36 20 13.393 -36 52.872
3 16 13.393 -36 52.872 13.636 -36.364 0 13.636 -36.364 67.598
5 24 13.636 -36.364 0 13.636 -36.364 67.598 13.393 -36 52.872 15.025 -37.292 0
4 16 13.393 -36 52.872 13.636 -36.364 67.598 11.685 -33.444 69.798 11.685 -33.444 54.798
2 24 11.685 -33.444 69.798 13.636 -36.364 67.598
5 24 11.685 -33.444 69.798 11.685 -33.444 54.798 13.393 -36 52.872 11 -30 72.393
2 24 13.393 -36 52.872 11.685 -33.444 54.798
4 16 24.0182 -22.0686 -15.5172 26.1269 -11.4675 -12.8669 26.1269 -11.4675 83.816 24.0182 -22.0686 32.2173
2 24 26.1269 -11.4675 -12.8669 24.0182 -22.0686 -15.5172
5 24 26.1269 -11.4675 83.816 26.1269 -11.4675 -12.8669 26.7474 -2 -10.5 24.0182 -22.0686 32.2173
2 24 24.0182 -22.0686 -15.5172 24.0182 -22.0686 32.2173
3 16 24.0182 -22.0686 32.2173 26.1269 -11.4675 83.816 23.8849 -22.7387 32.0384
4 16 23.8849 -22.7387 32.0384 26.1269 -11.4675 83.816 25.7469 -13.3779 84.919 23.8849 -22.7387 77.8652
2 24 25.7469 -13.3779 84.919 26.1269 -11.4675 83.816
2 24 23.8849 -22.7387 77.8652 25.7469 -13.3779 84.919
5 24 23.8849 -22.7387 77.8652 23.8849 -22.7387 32.0384 26.1269 -11.4675 83.816 23.4567 -24 76.9147
4 16 -3.4442 -21.6851 -20 -3.0615 -22.609 -20 -5.6569 -24.3431 -20 -6.364 -23.636 -20
4 16 -6.364 -23.636 -20 -5.6569 -24.3431 -20 -7.391 -26.9385 -20 -8.315 -26.556 -20
2 24 -6.364 -23.636 -20 -8.315 -26.556 -20
4 16 -8.315 -26.556 -20 -7.391 -26.9385 -20 -8 -30 -20 -9 -30 -20
2 24 -8.315 -26.556 -20 -9 -30 -20
4 16 -9 -30 -20 -8 -30 -20 -7.391 -33.0615 -20 -8.315 -33.444 -20
4 16 -8.315 -33.444 -20 -7.391 -33.0615 -20 -5.6569 -35.6569 -20 -6.364 -36.364 -20
4 16 -6.364 -36.364 -20 -5.6569 -35.6569 -20 -3.0615 -37.391 -20 -3.4442 -38.3149 -20
4 16 3.0615 -22.609 -20 0 -22 -20 0 -21 -20 3.4442 -21.6851 -20
2 24 3.4442 -21.6851 -20 0 -21 -20
4 16 0 -21 -20 0 -22 -20 -3.0615 -22.609 -20 -3.4442 -21.6851 -20
3 16 8 -50 -20 8.7234 -53.4831 -20 7.391 -53.0615 -20
4 16 7.391 -53.0615 -20 8.7234 -53.4831 -20 6.5215 -56.2587 -20 5.6569 -55.6569 -20
2 24 8.7234 -53.4831 -20 6.5215 -56.2587 -20
4 16 5.6569 -55.6569 -20 6.5215 -56.2587 -20 3.4442 -58.3149 -20 3.0615 -57.391 -20
4 16 3.0615 -57.391 -20 3.4442 -58.3149 -20 0 -59 -20 0 -58 -20
4 16 0 -58 -20 0 -59 -20 -3.4442 -58.3149 -20 -3.0615 -57.391 -20
2 24 0 -59 -20 -3.4442 -58.3149 -20
4 16 -3.0615 -57.391 -20 -3.4442 -58.3149 -20 -6.364 -56.364 -20 -5.6569 -55.6569 -20
4 16 -5.6569 -55.6569 -20 -6.364 -56.364 -20 -8.3149 -53.4441 -20 -7.391 -53.0615 -20
2 24 -8.3149 -53.4441 -20 -6.364 -56.364 -20
4 16 -7.391 -53.0615 -20 -8.3149 -53.4441 -20 -9 -50 -20 -8 -50 -20
2 24 -9 -50 -20 -8.3149 -53.4441 -20
4 16 -8 -50 -20 -9 -50 -20 -8.3149 -46.5559 -20 -7.391 -46.9385 -20
4 16 -7.391 -46.9385 -20 -8.3149 -46.5559 -20 -6.364 -43.636 -20 -5.6569 -44.3431 -20
4 16 -5.6569 -44.3431 -20 -6.364 -43.636 -20 -3.4442 -41.6851 -20 -3.0615 -42.609 -20
4 16 -3.0615 -42.609 -20 -3.4442 -41.6851 -20 -1 -41.1989 -20 0 -42 -20
3 16 0 -42 -20 -1 -41.1989 -20 -1 -38.8011 -20
2 24 -1 -41.1989 -20 -1 -38.8011 -20
4 16 0 -42 -20 -1 -38.8011 -20 1 -38.8011 -20 1 -41.1989 -20
2 24 1 -38.8011 -20 1 -41.1989 -20
3 16 1 -38.8011 -20 -1 -38.8011 -20 -3.4442 -38.3149 -20
2 24 -1 -38.8011 -20 -3.4442 -38.3149 -20
4 16 1 -38.8011 -20 -3.4442 -38.3149 -20 0 -38 -20 3.4442 -38.3149 -20
3 16 3.4442 -38.3149 -20 0 -38 -20 3.0615 -37.391 -20
3 16 0 -38 -20 -3.4442 -38.3149 -20 -3.0615 -37.391 -20
4 16 8.7234 -53.4831 -20 7.391 -46.9385 -20 8.3149 -46.5559 -20 8.6445 -48.2129 -20
4 16 8.3149 -46.5559 -20 7.391 -46.9385 -20 5.6569 -44.3431 -20 6.364 -43.636 -20
3 16 6.364 -43.636 -20 5.6569 -44.3431 -20 3.0615 -42.609 -20
4 16 6.364 -43.636 -20 3.0615 -42.609 -20 1 -41.1989 -20 3.4442 -41.6851 -20
3 16 1 -41.1989 -20 3.0615 -42.609 -20 0 -42 -20
4 16 3.4442 -38.3149 -20 3.0615 -37.391 -20 5.6569 -35.6569 -20 6.364 -36.364 -20
4 16 6.364 -36.364 -20 5.6569 -35.6569 -20 7.391 -33.0615 -20 8.3149 -33.4442 -20
4 16 8.3149 -33.4442 -20 7.391 -33.0615 -20 8 -30 -20 9 -30 -20
4 16 9 -30 -20 8 -30 -20 7.391 -26.9385 -20 8.3149 -26.5558 -20
4 16 8.3149 -26.5558 -20 7.391 -26.9385 -20 5.6569 -24.3431 -20 6.364 -23.636 -20
2 24 8.3149 -26.5558 -20 6.364 -23.636 -20
4 16 6.364 -23.636 -20 5.6569 -24.3431 -20 3.0615 -22.609 -20 3.4442 -21.6851 -20
2 24 6.364 -23.636 -20 3.4442 -21.6851 -20
3 16 13.767 -39.86 -20 14.0379 -40 -20 12.51 -42.4278 -20
2 24 13.767 -39.86 -20 14.0379 -40 -20
2 24 13.767 -39.86 -20 12.51 -42.4278 -20
3 16 12.51 -42.4278 -20 14.0379 -40 -20 17.0451 -40 -20
5 24 17.0451 -40 -20 14.0379 -40 -20 13.7673 -39.8598 -19.9649 12.51 -42.4278 -20
4 16 12.51 -42.4278 -20 17.0451 -40 -20 15.1081 -43.9278 -20 8.6445 -48.2129 -20
2 24 15.1081 -43.9278 -20 17.0451 -40 -20
2 24 12.51 -42.4278 -20 8.6445 -48.2129 -20
3 16 8.6445 -48.2129 -20 15.1081 -43.9278 -20 8.7234 -53.4831 -20
2 24 8.7234 -53.4831 -20 15.1081 -43.9278 -20
3 16 8 -50 -20 7.391 -46.9385 -20 8.7234 -53.4831 -20
4 16 23.4442 -38.3149 -19.5787 20 -36 -19 22.2961 -35.5433 -18.8858 26.364 -36.364 -19.091
2 24 22.2961 -35.5433 -18.8858 20 -36 -19
2 24 23.4442 -38.3149 -19.5787 26.364 -36.364 -19.091
4 16 26.364 -36.364 -19.091 22.2961 -35.5433 -18.8858 24.2426 -34.2426 -18.5607 28.3149 -33.4442 -18.361
2 24 24.2426 -34.2426 -18.5607 22.2961 -35.5433 -18.8858
2 24 26.364 -36.364 -19.091 28.3149 -33.4442 -18.361
3 16 28.3149 -33.4442 -18.361 24.2426 -34.2426 -18.5607 25.543 -32.296 -18.074
2 24 25.543 -32.296 -18.074 24.2426 -34.2426 -18.5607
3 16 25.543 -32.296 -18.074 26 -30 -17.5 28.3149 -33.4442 -18.361
2 24 26 -30 -17.5 25.543 -32.296 -18.074
3 16 28.3149 -33.4442 -18.361 26 -30 -17.5 25.5433 -27.7039 -16.926
2 24 25.5433 -27.7039 -16.926 26 -30 -17.5
4 16 28.3149 -33.4442 -18.361 25.5433 -27.7039 -16.926 28.3149 -26.5558 -16.639 29 -30 -17.5
2 24 29 -30 -17.5 28.3149 -26.5558 -16.639
2 24 28.3149 -33.4442 -18.361 29 -30 -17.5
3 16 28.3149 -26.5558 -16.639 25.5433 -27.7039 -16.926 24.2426 -25.7574 -16.4393
2 24 24.2426 -25.7574 -16.4393 25.5433 -27.7039 -16.926
4 16 28.3149 -26.5558 -16.639 24.2426 -25.7574 -16.4393 22.2961 -24.4567 -16.1142 26.364 -23.636 -15.909
2 24 22.2961 -24.4567 -16.1142 24.2426 -25.7574 -16.4393
2 24 28.3149 -26.5558 -16.639 26.364 -23.636 -15.909
3 16 16.5558 -21.6851 -15.4213 20 -21 -15.25 20 -24 -16
2 24 20 -21 -15.25 16.5558 -21.6851 -15.4213
4 16 20 -24 -16 20 -21 -15.25 26.364 -23.636 -15.909 22.2961 -24.4567 -16.1142
2 24 20 -24 -16 22.2961 -24.4567 -16.1142
4 16 14.0379 -40 -20 13.7673 -39.8598 -19.9649 17.7581 -38.5541 -19.6385 17.0451 -40 -20
2 24 14.0379 -40 -20 13.7673 -39.8598 -19.9649
2 24 17.0451 -40 -20 17.7581 -38.5541 -19.6385
4 16 17.7581 -38.5541 -19.6385 13.7673 -39.8598 -19.9649 15.0245 -37.2917 -19.3229 17.7039 -35.5433 -18.8858
2 24 15.0245 -37.2917 -19.3229 13.7673 -39.8598 -19.9649
3 16 17.7581 -38.5541 -19.6385 17.7039 -35.5433 -18.8858 20 -39 -19.75
2 24 17.7581 -38.5541 -19.6385 20 -39 -19.75
4 16 20 -39 -19.75 17.7039 -35.5433 -18.8858 20 -36 -19 23.4442 -38.3149 -19.5787
2 24 20 -36 -19 17.7039 -35.5433 -18.8858
2 24 20 -39 -19.75 23.4442 -38.3149 -19.5787
4 16 11.6851 -33.4442 -18.361 11 -30 -17.5 15.0245 -37.2917 -19.3229 13.636 -36.364 -19.091
2 24 11 -30 -17.5 11.6851 -33.4442 -18.361
2 24 13.636 -36.364 -19.091 15.0245 -37.2917 -19.3229
2 24 11.6851 -33.4442 -18.361 13.636 -36.364 -19.091
4 16 15.0245 -37.2917 -19.3229 11 -30 -17.5 11.6851 -26.5558 -16.639 14 -30 -17.5
2 24 11.6851 -26.5558 -16.639 11 -30 -17.5
4 16 14 -30 -17.5 11.6851 -26.5558 -16.639 13.636 -23.636 -15.909 14.4567 -27.7039 -16.926
2 24 13.636 -23.636 -15.909 11.6851 -26.5558 -16.639
2 24 14 -30 -17.5 14.4567 -27.7039 -16.926
3 16 14.4567 -27.7039 -16.926 13.636 -23.636 -15.909 15.757 -25.757 -16.439
2 24 14.4567 -27.7039 -16.926 15.757 -25.757 -16.439
3 16 15.757 -25.757 -16.439 13.636 -23.636 -15.909 17.7039 -24.4567 -16.1142
2 24 15.757 -25.757 -16.439 17.7039 -24.4567 -16.1142
4 16 17.7039 -24.4567 -16.1142 13.636 -23.636 -15.909 16.5558 -21.6851 -15.4213 20 -24 -16
2 24 16.5558 -21.6851 -15.4213 13.636 -23.636 -15.909
2 24 17.7039 -24.4567 -16.1142 20 -24 -16
3 16 14.457 -32.296 -18.074 15.757 -34.243 -18.561 15.0245 -37.2917 -19.3229
2 24 15.757 -34.243 -18.561 14.457 -32.296 -18.074
3 16 15.0245 -37.2917 -19.3229 15.757 -34.243 -18.561 17.7039 -35.5433 -18.8858
2 24 17.7039 -35.5433 -18.8858 15.757 -34.243 -18.561
4 16 26.7474 -2 -10.5 26.1269 -11.4675 -12.8669 21.1785 -21 -15.25 23.1526 -11.0759 -12.769
2 24 26.7474 -2 -10.5 26.1269 -11.4675 -12.8669
2 24 23.1526 -11.0759 -12.769 21.1785 -21 -15.25
3 16 21.1785 -21 -15.25 26.1269 -11.4675 -12.8669 24.0182 -22.0686 -15.5172
4 16 21.1785 -21 -15.25 24.0182 -22.0686 -15.5172 26.364 -23.636 -15.909 20 -21 -15.25
2 24 26.364 -23.636 -15.909 24.0182 -22.0686 -15.5172
3 16 23.7474 -2 -10.5 26.7474 -2 -10.5 23.1526 -11.0759 -12.769
2 24 26.7474 -2 -10.5 23.7474 -2 -10.5
2 24 23.1526 -11.0759 -12.769 23.7474 -2 -10.5
3 16 15.0245 -37.2917 -19.3229 14 -30 -17.5 14.457 -32.296 -18.074
2 24 14.457 -32.296 -18.074 14 -30 -17.5
4 16 13.767 -39.86 -20 12.51 -42.4278 -20 12.51 -42.428 -4 13.7673 -39.8598 -19.9649
2 24 13.7673 -39.8598 -19.9649 13.767 -39.86 -20
4 16 13.7673 -39.8598 -19.9649 12.51 -42.428 -4 15.025 -37.292 -4 15.0245 -37.2917 -19.3229
2 24 15.025 -37.292 -4 12.51 -42.428 -4
2 24 15.0245 -37.2917 -19.3229 15.025 -37.292 -4
4 16 14.457 -32.296 -15 14.457 -32.296 -18.074 14 -30 -17.5 14.162 -30.813 -15
4 16 14.162 -30.813 -15 14 -30 -17.5 14 -30 20 14.162 -30.813 20
2 24 14.162 -30.813 20 14 -30 20
2 24 14.162 -30.813 20 14.162 -30.813 -15
4 16 17.704 -24.457 20 15.757 -25.757 20 15.757 -25.757 -16.439 17.704 -24.457 -15
2 24 15.757 -25.757 20 17.704 -24.457 20
2 24 17.704 -24.457 -15 17.704 -24.457 20
3 16 17.704 -24.457 -15 15.757 -25.757 -16.439 17.7039 -24.4567 -16.1142
4 16 16.375 -34.656 20 17.704 -35.543 20 17.7039 -35.5433 -18.8858 16.375 -34.656 -15
2 24 17.704 -35.543 20 16.375 -34.656 20
2 24 16.375 -34.656 -15 16.375 -34.656 20
4 16 16.375 -34.656 -15 17.7039 -35.5433 -18.8858 15.757 -34.243 -18.561 15.757 -34.243 -15
4 16 24.2426 -25.7574 30.414 22.296 -24.457 20 22.296 -24.457 -15 24.2426 -25.7574 -16.4393
2 24 22.296 -24.457 20 22.296 -24.457 -15
3 16 24.2426 -25.7574 -16.4393 22.296 -24.457 -15 22.2961 -24.4567 -16.1142
3 16 24.2426 -25.7574 30.414 22.2961 -24.4567 32.6448 22.296 -24.457 20
4 16 25.543 -32.296 20 25.5433 -32.2961 26.4462 26 -30 27.0593 25.838 -30.813 20
3 16 25.838 -30.813 20 26 -30 27.0593 25.838 -30.813 -15
2 24 25.838 -30.813 -15 25.838 -30.813 20
3 16 25.838 -30.813 -15 26 -30 27.0593 26 -30 -17.5
4 16 25.838 -30.813 -15 26 -30 -17.5 25.543 -32.296 -18.074 25.543 -32.296 -15
4 16 24.243 -34.243 -15 24.2426 -34.2426 -18.5607 22.2961 -35.5433 -18.8858 23.625 -34.656 -15
4 16 23.625 -34.656 -15 22.2961 -35.5433 -18.8858 22.2961 -35.5433 27.801 23.625 -34.656 20
2 24 23.625 -34.656 20 23.625 -34.656 -15
4 16 23.625 -34.656 20 22.2961 -35.5433 27.801 24.2426 -34.2426 26.7067 24.243 -34.243 20
3 16 20 -36 29.5626 22.2961 -35.5433 27.801 20 -36 20
4 16 20 -36 20 22.2961 -35.5433 27.801 22.2961 -35.5433 -18.8858 20 -36 -19
3 16 -9 -30 -2 -8.3149 -26.5558 -2 -9 -30 -4
4 16 -9 -30 -4 -8.3149 -26.5558 -2 -8.315 -26.556 -20 -9 -30 -20
5 24 -8.3149 -26.5558 -2 -8.315 -26.556 -20 -9 -30 -20 -6.364 -23.636 -2
3 16 -9 -50 -20 -8.3149 -53.4441 -20 -9 -50 -4
4 16 -9 -50 -4 -8.3149 -53.4441 -20 -8.3149 -53.4441 -2 -9 -50 -2
5 24 -8.3149 -53.4441 -2 -8.3149 -53.4441 -20 -6.364 -56.364 -20 -9 -50 -2
3 16 17.0451 -40 -20 17.7581 -38.5541 -19.6385 15.1081 -43.9278 -20
4 16 15.1081 -43.9278 -20 17.7581 -38.5541 -19.6385 17.7581 -38.5541 30.3615 15.1081 -43.9278 32.624
2 24 17.7581 -38.5541 -19.6385 17.7581 -38.5541 30.3615
5 24 15.1081 -43.9278 -20 15.1081 -43.9278 32.624 13.7136 -46.0149 0 17.7581 -38.5541 -19.6385
4 16 15.1081 -43.9278 32.624 17.7581 -38.5541 30.3615 19.0176 -36 30.4016 19.0176 -36 52.8721
2 24 19.0176 -36 52.8721 19.0176 -36 30.4016
3 16 15.1081 -43.9278 32.624 19.0176 -36 52.8721 16.1667 -41.7811 63.5157
4 16 16.1667 -41.7811 63.5157 19.0176 -36 52.8721 19.1054 -35.8221 53.0061 19.1054 -35.8221 68.0061
2 24 19.1054 -35.8221 53.0061 19.0176 -36 52.8721
2 24 19.1054 -35.8221 53.0061 19.1054 -35.8221 68.0061
2 24 16.1667 -41.7811 63.5157 19.1054 -35.8221 68.0061
4 16 8.7234 -53.4831 0 8.7234 -53.4831 -20 15.1081 -43.9278 -20 13.7136 -46.0149 0
5 24 8.7234 -53.4831 0 8.7234 -53.4831 -20 15.1081 -43.9278 -20 6.5215 -56.2587 0
2 24 8.7234 -53.4831 0 13.7136 -46.0149 0
3 16 13.7136 -46.0149 0 15.1081 -43.9278 -20 15.1081 -43.9278 32.624
4 16 13.6788 -40.0405 64.8273 16.1667 -41.7811 63.5157 19.1054 -35.8221 68.0061 15.025 -37.292 66.899
2 24 13.6788 -40.0405 64.8273 15.025 -37.292 66.899
4 16 15.025 -37.292 66.899 19.1054 -35.8221 68.0061 17.7039 -35.5433 68.2162 13.636 -36.364 67.598
2 24 19.1054 -35.8221 68.0061 17.7039 -35.5433 68.2162
2 24 13.636 -36.364 67.598 15.025 -37.292 66.899
4 16 13.636 -36.364 67.598 17.7039 -35.5433 68.2162 15.7574 -34.2426 69.1963 11.685 -33.444 69.798
2 24 17.7039 -35.5433 68.2162 15.7574 -34.2426 69.1963
4 16 11.685 -33.444 69.798 15.7574 -34.2426 69.1963 14.4567 -32.2961 70.6631 11 -30 72.393
2 24 15.7574 -34.2426 69.1963 14.4567 -32.2961 70.6631
2 24 11 -30 72.393 11.685 -33.444 69.798
4 16 11 -30 72.393 14.4567 -32.2961 70.6631 14 -30 72.3934 11.6851 -26.5558 74.9887
2 24 14.4567 -32.2961 70.6631 14 -30 72.3934
2 24 11.6851 -26.5558 74.9887 11 -30 72.393
4 16 11.6851 -26.5558 74.9887 14 -30 72.3934 14.4567 -27.7039 74.1236 13.636 -23.636 77.189
2 24 14 -30 72.3934 14.4567 -27.7039 74.1236
3 16 13.636 -23.636 77.189 14.4567 -27.7039 74.1236 15.7574 -25.7574 75.5904
2 24 14.4567 -27.7039 74.1236 15.7574 -25.7574 75.5904
3 16 17.7039 -24.4567 76.5705 20 -24 76.9147 21.1785 -21 79.1754
2 24 17.7039 -24.4567 76.5705 20 -24 76.9147
3 16 21.1785 -21 79.1754 20 -24 76.9147 23.4567 -24 76.9147
4 16 21.1785 -21 79.1754 23.4567 -24 76.9147 23.8849 -22.7387 77.8652 22.6947 -13.3779 84.919
2 24 23.4567 -24 76.9147 23.8849 -22.7387 77.8652
2 24 21.1785 -21 79.1754 22.6947 -13.3779 84.919
3 16 22.6947 -13.3779 84.919 23.8849 -22.7387 77.8652 25.7469 -13.3779 84.919
2 24 22.6947 -13.3779 84.919 25.7469 -13.3779 84.919
4 16 16.5558 -21.6851 78.6591 13.636 -23.636 77.189 21.1785 -21 79.1754 20 -21 79.1754
2 24 16.5558 -21.6851 78.6591 13.636 -23.636 77.189
2 24 20 -21 79.1754 16.5558 -21.6851 78.6591
4 16 21.1785 -21 79.1754 13.636 -23.636 77.189 15.7574 -25.7574 75.5904 17.7039 -24.4567 76.5705
2 24 15.7574 -25.7574 75.5904 17.7039 -24.4567 76.5705
4 16 3.444 -21.685 -14 6.364 -23.636 -14 6.364 -23.636 -20 3.4442 -21.6851 -20
5 24 6.364 -23.636 -20 6.364 -23.636 -14 6.986 -24.567 -14 3.4442 -21.6851 -20
5 24 3.4442 -21.6851 -20 3.444 -21.685 -14 6.364 -23.636 -14 0 -21 -20
4 16 0 -21 -14 3.444 -21.685 -14 3.4442 -21.6851 -20 0 -21 -20
4 16 6.986 -24.567 -4 8.3149 -26.5558 -4 8.3149 -26.5558 -20 6.986 -24.567 -14
2 24 8.3149 -26.5558 -4 6.986 -24.567 -4
2 24 6.986 -24.567 -14 6.986 -24.567 -4
4 16 6.986 -24.567 -14 8.3149 -26.5558 -20 6.364 -23.636 -20 6.364 -23.636 -14
4 16 13.64 -23.64 -14 13.636 -23.636 -15.909 11.6851 -26.5558 -16.639 13.01 -24.57 -14
5 24 13.64 -23.64 -14 13.636 -23.636 -15.909 11.6851 -26.5558 -16.639 16.56 -21.69 -14
4 16 13.01 -24.57 -14 11.6851 -26.5558 -16.639 11.685 -26.556 -4 13.01 -24.57 -4
5 24 11.6851 -26.5558 -16.639 11.685 -26.556 -4 13.01 -24.57 -4 11 -30 -17.5
2 24 13.01 -24.57 -4 11.685 -26.556 -4
2 24 13.01 -24.57 -4 13.01 -24.57 -14
4 16 11.685 -26.556 -4 11 -30 -4 8.3149 -33.4442 -4 11 -23 -4
2 24 11.685 -26.556 -4 11 -30 -4
3 16 11 -23 -4 8.3149 -33.4442 -4 9 -30 -4
4 16 11 -23 -4 9 -30 -4 8.3149 -26.5558 -4 9 -23 -4
2 24 9 -23 -4 11 -23 -4
3 16 9 -23 -4 8.3149 -26.5558 -4 6.986 -24.567 -4
2 24 6.986 -24.567 -4 9 -23 -4
4 16 13.636 -36.364 -4 12.51 -42.428 -4 6.364 -36.364 -4 11.685 -33.444 -4
2 24 11.685 -33.444 -4 13.636 -36.364 -4
3 16 11.685 -33.444 -4 6.364 -36.364 -4 11 -30 -4
2 24 11 -30 -4 11.685 -33.444 -4
3 16 11 -30 -4 6.364 -36.364 -4 8.3149 -33.4442 -4
3 16 6.364 -43.636 -4 3.4442 -38.3149 -4 8.3149 -46.5559 -4
4 16 8.3149 -46.5559 -4 3.4442 -38.3149 -4 6.364 -36.364 -4 12.51 -42.428 -4
3 16 8.3149 -46.5559 -4 12.51 -42.428 -4 8.6445 -48.2129 -4
2 24 12.51 -42.428 -4 8.6445 -48.2129 -4
3 16 1 -41.1989 -4 1 -38.8011 -4 3.4442 -41.6851 -4
2 24 1 -41.1989 -4 1 -38.8011 -4
4 16 3.4442 -41.6851 -4 1 -38.8011 -4 3.4442 -38.3149 -4 6.364 -43.636 -4
3 16 11 -23 -4 13.01 -24.57 -4 11.685 -26.556 -4
2 24 11 -23 -4 13.01 -24.57 -4
3 16 13.636 -36.364 -4 15.025 -37.292 -4 12.51 -42.428 -4
2 24 13.636 -36.364 -4 15.025 -37.292 -4
4 16 22.6947 -13.3779 84.919 25.7469 -13.3779 84.919 26.1269 -11.4675 83.816 23.1526 -11.0759 83.59
2 24 22.6947 -13.3779 84.919 23.1526 -11.0759 83.59
4 16 23.1526 -11.0759 83.59 26.1269 -11.4675 83.816 26.7474 -2 78.35 23.7474 -2 78.35
2 24 26.1269 -11.4675 83.816 26.7474 -2 78.35
2 24 23.7474 -2 78.35 26.7474 -2 78.35
2 24 23.7474 -2 78.35 23.1526 -11.0759 83.59
4 16 20 -36 29.5626 20 -36 20 13.393 -36 20 19.0176 -36 30.4016
2 24 13.393 -36 20 20 -36 20
4 16 19.0176 -36 30.4016 13.393 -36 20 13.393 -36 52.872 19.0176 -36 52.8721
2 24 19.0176 -36 52.8721 13.393 -36 52.872
3 16 8 -30 0 11.2048 -44.3812 0 7.391 -26.9385 0
4 16 7.391 -26.9385 0 11.2048 -44.3812 0 11.685 -33.444 0 11 -30 0
4 16 7.391 -26.9385 0 11 -30 0 11.685 -26.556 0 5.6569 -24.3431 0
3 16 5.6569 -24.3431 0 11.685 -26.556 0 3.0615 -22.609 0
3 16 3.0615 -22.609 0 11.685 -26.556 0 0 -21 0
3 16 3.0615 -22.609 0 0 -21 0 0 -22 0
4 16 0 -22 0 0 -21 0 -3.4442 -21.6851 0 -3.9155 -22 0
2 24 -3.9155 -22 0 0 -22 0
3 16 7.391 -33.0615 0 5.6569 -35.6569 0 11.2048 -44.3812 0
3 16 11.2048 -44.3812 0 5.6569 -35.6569 0 3.0615 -37.391 0
3 16 11.2048 -44.3812 0 3.0615 -37.391 0 0 -38 0
3 16 5.6569 -44.3431 0 7.391 -46.9385 0 13.7136 -46.0149 0
3 16 13.7136 -46.0149 0 7.391 -46.9385 0 8 -50 0
4 16 13.7136 -46.0149 0 8 -50 0 7.391 -53.0615 0 8.7234 -53.4831 0
4 16 8.7234 -53.4831 0 7.391 -53.0615 0 5.6569 -55.6569 0 6.5215 -56.2587 0
2 24 6.5215 -56.2587 0 8.7234 -53.4831 0
4 16 6.5215 -56.2587 0 5.6569 -55.6569 0 3.0615 -57.391 0 3.4442 -58.3149 0
4 16 3.4442 -58.3149 0 3.0615 -57.391 0 0 -58 0 0 -59 0
4 16 0 -59 0 0 -58 0 -3.9155 -58 0 -3.4442 -58.3149 0
2 24 0 -58 0 -3.9155 -58 0
2 24 -3.4442 -58.3149 0 0 -59 0
3 16 11.685 -26.556 0 13.636 -23.636 0 0 -21 0
3 16 0 -21 0 13.636 -23.636 0 16.5558 -21.6851 0
2 24 13.636 -23.636 0 16.5558 -21.6851 0
3 16 0 -21 0 16.5558 -21.6851 0 20 -21 0
2 24 16.5558 -21.6851 0 20 -21 0
4 16 5.6569 -44.3431 0 13.7136 -46.0149 0 0 -38 0 3.0615 -42.609 0
3 16 3.0615 -42.609 0 0 -38 0 0 -42 0
4 16 0 -42 0 0 -38 0 -9 -38 0 -9 -42 0
2 24 0 -38 0 -9 -38 0
2 24 -9 -42 0 0 -42 0
3 16 15.025 -37.292 0 13.636 -36.364 0 11.2048 -44.3812 0
2 24 15.025 -37.292 0 13.636 -36.364 0
3 16 11.2048 -44.3812 0 13.636 -36.364 0 11.685 -33.444 0
3 16 11.2048 -44.3812 0 8 -30 0 7.391 -33.0615 0
3 16 0 -38 0 13.7136 -46.0149 0 11.2048 -44.3812 0
3 16 11.2048 -44.3812 0 12.51 -42.43 0 15.025 -37.292 0
2 24 11.2048 -44.3812 0 12.51 -42.43 0
2 24 15.025 -37.292 0 12.51 -42.43 0
4 16 13.6788 -40.0405 64.8273 15.025 -37.292 66.899 15.025 -37.292 0 12.51 -42.4278 30.5346
2 24 15.025 -37.292 66.899 15.025 -37.292 0
3 16 12.51 -42.4278 30.5346 15.025 -37.292 0 12.51 -42.43 0
3 16 22.6947 -13.3779 84.919 23.1526 -11.0759 83.59 21.1785 -21 79.1754
4 16 21.1785 -21 79.1754 23.1526 -11.0759 83.59 23.1526 -11.0759 -12.769 21.1785 -21 -15.25
5 24 23.1526 -11.0759 -12.769 23.1526 -11.0759 83.59 23.7474 -2 -10.5 21.1785 -21 79.1754
4 16 13.393 -36 20 17.704 -35.543 20 16.375 -34.656 20 11.685 -33.444 20
4 16 11.685 -33.444 20 16.375 -34.656 20 14.162 -30.813 20 11 -30 20
4 16 11 -30 20 14.162 -30.813 20 14 -30 20 11.685 -26.556 20
3 16 11.685 -26.556 20 14 -30 20 14.457 -27.704 20
2 24 14 -30 20 14.457 -27.704 20
3 16 14.457 -27.704 20 15.757 -25.757 20 11.685 -26.556 20
2 24 14.457 -27.704 20 15.757 -25.757 20
4 16 11.685 -26.556 20 15.757 -25.757 20 17.704 -24.457 20 13.3928 -24 20
4 16 13.3928 -24 20 17.704 -24.457 20 20.277 -24.055 20 20.2957 -24 20
2 24 20.277 -24.055 20 20.2957 -24 20
4 16 20 -26.753 20 22.296 -24.457 20 20.277 -24.055 20 17.704 -24.457 20
2 24 20 -26.753 20 22.296 -24.457 20
2 24 22.296 -24.457 20 20.277 -24.055 20
2 24 17.704 -24.457 20 20 -26.753 20
3 16 13.393 -36 20 20 -36 20 17.704 -35.543 20
2 24 20 -36 20 17.704 -35.543 20
3 16 16.375 -34.656 20 17.188 -31.624 20 14.162 -30.813 20
2 24 16.375 -34.656 20 17.188 -31.624 20
2 24 17.188 -31.624 20 14.162 -30.813 20
3 16 20 -24 61.9147 17.7039 -24.4567 61.5705 13.3928 -24 61.9147
2 24 20 -24 61.9147 17.7039 -24.4567 61.5705
3 16 13.3928 -24 61.9147 17.7039 -24.4567 61.5705 15.7574 -25.7574 60.5904
2 24 17.7039 -24.4567 61.5705 15.7574 -25.7574 60.5904
3 16 13.3928 -24 61.9147 15.7574 -25.7574 60.5904 14.4567 -27.7039 59.1236
2 24 15.7574 -25.7574 60.5904 14.4567 -27.7039 59.1236
4 16 19.1054 -35.8221 53.0061 19.0176 -36 52.8721 13.393 -36 52.872 17.7039 -35.5433 53.2162
2 24 17.7039 -35.5433 53.2162 19.1054 -35.8221 53.0061
4 16 17.7039 -35.5433 53.2162 13.393 -36 52.872 11.685 -33.444 54.798 15.7574 -34.2426 54.1963
2 24 15.7574 -34.2426 54.1963 17.7039 -35.5433 53.2162
4 16 15.7574 -34.2426 54.1963 11.685 -33.444 54.798 11 -30 57.393 14.4567 -32.2961 55.6631
2 24 11.685 -33.444 54.798 11 -30 57.393
2 24 14.4567 -32.2961 55.6631 15.7574 -34.2426 54.1963
4 16 14.4567 -32.2961 55.6631 11 -30 57.393 11.6851 -26.5558 59.9887 14 -30 57.3934
2 24 11 -30 57.393 11.6851 -26.5558 59.9887
2 24 14 -30 57.3934 14.4567 -32.2961 55.6631
4 16 14 -30 57.3934 11.6851 -26.5558 59.9887 13.3928 -24 61.9147 14.4567 -27.7039 59.1236
2 24 14.4567 -27.7039 59.1236 14 -30 57.3934
4 16 20.2957 -24 34.5529 20.2957 -24 20 20.277 -24.055 20 20.277 -24.0551 34.5448
2 24 20.277 -24.055 20 20.277 -24.0551 34.5448
4 16 25.543 -32.296 20 24.243 -34.243 20 24.2426 -34.2426 26.7067 25.5433 -32.2961 26.4462
4 16 20.277 -24.0551 34.5448 20.277 -24.055 20 22.296 -24.457 20 22.2961 -24.4567 32.6448
4 16 23.7474 -2 -10.5 23.7474 -2 78.35 26.7474 -2 78.35 26.7474 -2 -10.5
2 24 23.7474 -2 -10.5 23.7474 -2 78.35
2 24 26.7474 -2 78.35 26.7474 -2 -10.5
4 16 13.636 -23.636 -15.909 13.64 -23.64 -14 16.56 -21.69 -14 16.5558 -21.6851 -15.4213
5 24 16.56 -21.69 -14 16.5558 -21.6851 -15.4213 13.636 -23.636 -15.909 20 -21 -14
4 16 16.5558 -21.6851 -15.4213 16.56 -21.69 -14 20 -21 -14 20 -21 -15.25
3 16 12.51 -42.4278 30.5346 12.51 -42.43 0 11.2048 -44.3812 0
4 16 -8.3149 -53.4441 -2 -8.3149 -53.4441 -20 -6.364 -56.364 -20 -6.364 -56.364 -2
4 16 -6.364 -23.636 -2 -6.364 -23.636 -20 -8.315 -26.556 -20 -8.3149 -26.5558 -2
4 16 24.2426 -34.2426 -18.5607 24.243 -34.243 -15 25.543 -32.296 -15 25.543 -32.296 -18.074
4 16 25.5433 -27.7039 28.4526 25.5433 -27.7039 -16.926 26 -30 -17.5 26 -30 27.0593
4 16 24.2426 -25.7574 30.414 24.2426 -25.7574 -16.4393 25.5433 -27.7039 -16.926 25.5433 -27.7039 28.4526
4 16 26.364 -23.636 -15.909 24.0182 -22.0686 -15.5172 24.0182 -22.0686 32.2173 26.364 -23.636 29.5289
5 24 26.364 -23.636 29.5289 26.364 -23.636 -15.909 24.0182 -22.0686 -15.5172 28.3149 -26.5558 26.5869
4 16 17.7581 -38.5541 30.3615 17.7581 -38.5541 -19.6385 20 -39 -19.75 20 -39 28.2518
5 24 20 -39 -19.75 20 -39 28.2518 17.7581 -38.5541 30.3615 23.4442 -38.3149 -19.5787
4 16 20 -39 28.2518 20 -39 -19.75 23.4442 -38.3149 -19.5787 23.4442 -38.3149 25.6094
5 24 23.4442 -38.3149 -19.5787 23.4442 -38.3149 25.6094 20 -39 28.2518 26.364 -36.364 -19.091
4 16 23.4442 -38.3149 25.6094 23.4442 -38.3149 -19.5787 26.364 -36.364 -19.091 26.364 -36.364 23.968
5 24 26.364 -36.364 -19.091 26.364 -36.364 23.968 23.4442 -38.3149 25.6094 28.3149 -33.4442 -18.361
4 16 28.3149 -33.4442 23.5773 26.364 -36.364 23.968 26.364 -36.364 -19.091 28.3149 -33.4442 -18.361
5 24 28.3149 -33.4442 -18.361 28.3149 -33.4442 23.5773 26.364 -36.364 23.968 29 -30 -17.5
4 16 28.3149 -33.4442 -18.361 29 -30 -17.5 29 -30 24.497 28.3149 -33.4442 23.5773
5 24 29 -30 -17.5 29 -30 24.497 28.3149 -33.4442 23.5773 28.3149 -26.5558 -16.639
4 16 29 -30 -17.5 28.3149 -26.5558 -16.639 28.3149 -26.5558 26.5869 29 -30 24.497
5 24 28.3149 -26.5558 -16.639 28.3149 -26.5558 26.5869 29 -30 24.497 26.364 -23.636 -15.909
4 16 28.3149 -26.5558 -16.639 26.364 -23.636 -15.909 26.364 -23.636 29.5289 28.3149 -26.5558 26.5869
4 16 17.704 -35.543 20 20 -36 20 20 -36 -19 17.7039 -35.5433 -18.8858
4 16 14.457 -32.296 -15 15.757 -34.243 -15 15.757 -34.243 -18.561 14.457 -32.296 -18.074
4 16 20 -24 -15 17.704 -24.457 -15 17.7039 -24.4567 -16.1142 20 -24 -16
2 24 20 -24 -15 17.704 -24.457 -15
4 16 15.757 -25.757 20 14.457 -27.704 20 14.4567 -27.7039 -16.926 15.757 -25.757 -16.439
4 16 14.457 -27.704 20 14 -30 20 14 -30 -17.5 14.4567 -27.7039 -16.926
4 16 12.51 -42.428 -4 12.51 -42.4278 -20 8.6445 -48.2129 -20 8.6445 -48.2129 -4
4 16 13.636 -36.364 -19.091 13.636 -36.364 -4 11.685 -33.444 -4 11.6851 -33.4442 -18.361
5 24 13.636 -36.364 -19.091 13.636 -36.364 -4 11.685 -33.444 -4 15.0245 -37.2917 -19.3229
5 24 11.685 -33.444 -4 11.6851 -33.4442 -18.361 13.636 -36.364 -19.091 11 -30 -4
4 16 11.6851 -33.4442 -18.361 11.685 -33.444 -4 11 -30 -4 11 -30 -17.5
5 24 11 -30 -4 11 -30 -17.5 11.6851 -33.4442 -18.361 11.685 -26.556 -4
4 16 11 -30 -17.5 11 -30 -4 11.685 -26.556 -4 11.6851 -26.5558 -16.639
4 16 15.0245 -37.2917 -19.3229 15.025 -37.292 -4 13.636 -36.364 -4 13.636 -36.364 -19.091
4 16 22.2961 -24.4567 -16.1142 22.296 -24.457 -15 20 -24 -15 20 -24 -16
2 24 22.296 -24.457 -15 20 -24 -15
4 16 19.1054 -35.8221 53.0061 17.7039 -35.5433 53.2162 17.7039 -35.5433 68.2162 19.1054 -35.8221 68.0061
4 16 17.7039 -35.5433 53.2162 15.7574 -34.2426 54.1963 15.7574 -34.2426 69.1963 17.7039 -35.5433 68.2162
4 16 14.4567 -32.2961 70.6631 15.7574 -34.2426 69.1963 15.7574 -34.2426 54.1963 14.4567 -32.2961 55.6631
4 16 20 -24 76.9147 17.7039 -24.4567 76.5705 17.7039 -24.4567 61.5705 20 -24 61.9147
4 16 17.7039 -24.4567 76.5705 15.7574 -25.7574 75.5904 15.7574 -25.7574 60.5904 17.7039 -24.4567 61.5705
4 16 14.4567 -27.7039 59.1236 15.7574 -25.7574 60.5904 15.7574 -25.7574 75.5904 14.4567 -27.7039 74.1236
4 16 14.4567 -27.7039 74.1236 14 -30 72.3934 14 -30 57.3934 14.4567 -27.7039 59.1236
4 16 14.4567 -32.2961 55.6631 14 -30 57.3934 14 -30 72.3934 14.4567 -32.2961 70.6631
4 16 26.1269 -11.4675 83.816 26.1269 -11.4675 -12.8669 26.7474 -2 -10.5 26.7474 -2 78.35
4 16 11.685 -33.444 54.798 11.685 -33.444 69.798 11 -30 72.393 11 -30 57.393
5 24 11 -30 72.393 11 -30 57.393 11.685 -33.444 54.798 11.6851 -26.5558 74.9887
4 16 11.6851 -26.5558 74.9887 11.6851 -26.5558 59.9887 11 -30 57.393 11 -30 72.393
4 16 16.5558 -21.6851 78.6591 16.5558 -21.6851 0 13.636 -23.636 0 13.636 -23.636 77.189
5 24 16.5558 -21.6851 78.6591 16.5558 -21.6851 0 13.636 -23.636 0 20 -21 79.1754
4 16 20 -21 79.1754 20 -21 0 16.5558 -21.6851 0 16.5558 -21.6851 78.6591
4 16 13.636 -36.364 67.598 13.636 -36.364 0 15.025 -37.292 0 15.025 -37.292 66.899
4 16 23.7474 -2 -10.5 23.1526 -11.0759 -12.769 23.1526 -11.0759 83.59 23.7474 -2 78.35
4 16 6.5215 -56.2587 -20 8.7234 -53.4831 -20 8.7234 -53.4831 0 6.5215 -56.2587 0
4 16 -3.4442 -58.3149 0 -3.4442 -58.3149 -20 0 -59 -20 0 -59 0
4 16 23.4567 -24 31.853 23.8849 -22.7387 32.0384 23.8849 -22.7387 77.8652 23.4567 -24 76.9147
4 16 -3.4442 -38.3149 -4 -3.4442 -38.3149 -20 -1 -38.8011 -20 -1 -38.8011 -4
2 24 -1 -38.8011 -20 -1 -38.8011 -4
4 16 -1 -38.8011 -4 -1 -38.8011 -20 -1 -41.1989 -20 -1 -41.1989 -4
4 16 1 -41.1989 -4 1 -41.1989 -20 1 -38.8011 -20 1 -38.8011 -4
3 16 13.7673 -39.8598 -19.9649 14.0379 -40 -20 13.767 -39.86 -20
4 16 0 -38 0 0 -38 -2 -9 -38 -2 -9 -38 0
4 16 0 -22 -2 0 -22 0 -3.9155 -22 0 -3.9155 -22 -2
4 16 -9 -42 -2 0 -42 -2 0 -42 0 -9 -42 0
4 16 0 -58 0 0 -58 -2 -3.9155 -58 -2 -3.9155 -58 0
4 16 9 -23 -4 9 -23 -14 11 -23 -14 11 -23 -4
2 24 9 -23 -4 9 -23 -14
2 24 11 -23 -14 11 -23 -4
4 16 6.986 -24.567 -4 6.986 -24.567 -14 9 -23 -14 9 -23 -4
4 16 11 -23 -4 11 -23 -14 13.01 -24.57 -14 13.01 -24.57 -4
4 16 22.296 -24.457 -15 20 -26.753 -15 17.704 -24.457 -15 20 -24 -15
2 24 22.296 -24.457 -15 20 -26.753 -15
2 24 20 -26.753 -15 17.704 -24.457 -15
4 16 20 -26.753 -15 22.296 -24.457 -15 22.296 -24.457 20 20 -26.753 20
2 24 20 -26.753 20 20 -26.753 -15
4 16 17.188 -31.624 -15 14.162 -30.813 -15 14.162 -30.813 20 17.188 -31.624 20
2 24 17.188 -31.624 20 17.188 -31.624 -15
4 16 17.704 -24.457 20 17.704 -24.457 -15 20 -26.753 -15 20 -26.753 20
4 16 16.375 -34.656 -15 17.188 -31.624 -15 17.188 -31.624 20 16.375 -34.656 20
4 16 22.812 -31.624 -15 23.625 -34.656 -15 23.625 -34.656 20 22.812 -31.624 20
2 24 22.812 -31.624 20 22.812 -31.624 -15
4 16 22.812 -31.624 20 25.838 -30.813 20 25.838 -30.813 -15 22.812 -31.624 -15
0
0 Conditional edges
5 24 15.1081 -43.9278 32.624 12.51 -42.4278 30.5346 11.2048 -44.3812 0 16.1667 -41.7811 63.5157
5 24 26 -30 27.0593 28.3149 -33.4442 23.5773 29 -30 24.497 25.5433 -32.2961 26.4462
5 24 25.5433 -32.2961 26.4462 26.364 -36.364 23.968 28.3149 -33.4442 23.5773 24.2426 -34.2426 26.7067
5 24 24.2426 -34.2426 26.7067 23.4442 -38.3149 25.6094 26.364 -36.364 23.968 22.2961 -35.5433 27.801
5 24 22.2961 -35.5433 27.801 20 -39 28.2518 23.4442 -38.3149 25.6094 20 -36 29.5626
5 24 20 -36 29.5626 17.7581 -38.5541 30.3615 20 -39 28.2518 19.0176 -36 30.4016
5 24 23.8849 -22.7387 32.0384 26.364 -23.636 29.5289 24.0182 -22.0686 32.2173 23.4567 -24 31.853
5 24 24.2426 -25.7574 30.414 26.364 -23.636 29.5289 23.8849 -22.7387 32.0384 28.3149 -26.5558 26.5869
5 24 24.2426 -25.7574 30.414 28.3149 -26.5558 26.5869 26.364 -23.636 29.5289 25.5433 -27.7039 28.4526
5 24 29 -30 24.497 25.5433 -27.7039 28.4526 26 -30 27.0593 28.3149 -26.5558 26.5869
5 24 22.2961 -24.4567 32.6448 23.4567 -24 31.853 20.2957 -24 34.5529 24.2426 -25.7574 30.414
5 24 23.4567 -24 31.853 24.2426 -25.7574 30.414 26.364 -23.636 29.5289 22.2961 -24.4567 32.6448
5 24 -3.4442 -21.6851 -20 -3.9155 -22 -2 -3.4442 -21.6851 0 -6.364 -23.636 -20
5 24 -3.4442 -58.3149 -20 -3.9155 -58 -2 -6.364 -56.364 -2 -3.9155 -58 0
5 24 13.636 -23.636 77.189 13.3928 -24 61.9147 11.6851 -26.5558 59.9887 13.3928 -24 20
5 24 13.636 -23.636 0 13.3928 -24 20 13.636 -23.636 77.189 11.685 -26.556 0
5 24 13.636 -36.364 0 13.393 -36 20 11.685 -33.444 20 13.393 -36 52.872
5 24 13.636 -36.364 67.598 13.393 -36 52.872 13.636 -36.364 0 11.685 -33.444 69.798
5 24 26.1269 -11.4675 83.816 24.0182 -22.0686 32.2173 24.0182 -22.0686 -15.5172 23.8849 -22.7387 32.0384
5 24 26.1269 -11.4675 83.816 23.8849 -22.7387 32.0384 24.0182 -22.0686 32.2173 25.7469 -13.3779 84.919
5 24 22.2961 -35.5433 -18.8858 26.364 -36.364 -19.091 23.4442 -38.3149 -19.5787 24.2426 -34.2426 -18.5607
5 24 24.2426 -34.2426 -18.5607 28.3149 -33.4442 -18.361 26.364 -36.364 -19.091 25.543 -32.296 -18.074
5 24 25.543 -32.296 -18.074 28.3149 -33.4442 -18.361 24.2426 -34.2426 -18.5607 26 -30 -17.5
5 24 26 -30 -17.5 28.3149 -33.4442 -18.361 25.543 -32.296 -18.074 25.5433 -27.7039 -16.926
5 24 25.5433 -27.7039 -16.926 28.3149 -33.4442 -18.361 26 -30 -17.5 28.3149 -26.5558 -16.639
5 24 25.5433 -27.7039 -16.926 28.3149 -26.5558 -16.639 29 -30 -17.5 24.2426 -25.7574 -16.4393
5 24 24.2426 -25.7574 -16.4393 28.3149 -26.5558 -16.639 25.5433 -27.7039 -16.926 22.2961 -24.4567 -16.1142
5 24 20 -21 -15.25 20 -24 -16 16.5558 -21.6851 -15.4213 26.364 -23.636 -15.909
5 24 22.2961 -24.4567 -16.1142 26.364 -23.636 -15.909 28.3149 -26.5558 -16.639 20 -24 -16
5 24 13.7673 -39.8598 -19.9649 17.7581 -38.5541 -19.6385 17.0451 -40 -20 15.0245 -37.2917 -19.3229
5 24 17.7039 -35.5433 -18.8858 17.7581 -38.5541 -19.6385 13.7673 -39.8598 -19.9649 20 -39 -19.75
5 24 17.7039 -35.5433 -18.8858 20 -39 -19.75 17.7581 -38.5541 -19.6385 20 -36 -19
5 24 23.4442 -38.3149 -19.5787 20 -36 -19 22.2961 -35.5433 -18.8858 20 -39 -19.75
5 24 11 -30 -17.5 15.0245 -37.2917 -19.3229 13.636 -36.364 -19.091 11.6851 -26.5558 -16.639
5 24 11.6851 -26.5558 -16.639 14 -30 -17.5 15.0245 -37.2917 -19.3229 13.636 -23.636 -15.909
5 24 13.636 -23.636 -15.909 14.4567 -27.7039 -16.926 14 -30 -17.5 15.757 -25.757 -16.439
5 24 13.636 -23.636 -15.909 15.757 -25.757 -16.439 14.4567 -27.7039 -16.926 17.7039 -24.4567 -16.1142
5 24 13.636 -23.636 -15.909 17.7039 -24.4567 -16.1142 15.757 -25.757 -16.439 16.5558 -21.6851 -15.4213
5 24 20 -24 -16 16.5558 -21.6851 -15.4213 20 -21 -15.25 17.7039 -24.4567 -16.1142
5 24 15.757 -34.243 -18.561 15.0245 -37.2917 -19.3229 14.457 -32.296 -18.074 17.7039 -35.5433 -18.8858
5 24 15.0245 -37.2917 -19.3229 17.7039 -35.5433 -18.8858 17.7581 -38.5541 -19.6385 15.757 -34.243 -18.561
5 24 26.1269 -11.4675 -12.8669 21.1785 -21 -15.25 23.1526 -11.0759 -12.769 24.0182 -22.0686 -15.5172
5 24 24.0182 -22.0686 -15.5172 21.1785 -21 -15.25 26.1269 -11.4675 -12.8669 26.364 -23.636 -15.909
5 24 20 -21 -15.25 26.364 -23.636 -15.909 22.2961 -24.4567 -16.1142 21.1785 -21 -15.25
5 24 23.1526 -11.0759 -12.769 26.7474 -2 -10.5 26.1269 -11.4675 -12.8669 23.7474 -2 -10.5
5 24 14 -30 -17.5 15.0245 -37.2917 -19.3229 11 -30 -17.5 14.457 -32.296 -18.074
5 24 15.0245 -37.2917 -19.3229 14.457 -32.296 -18.074 15.757 -34.243 -18.561 14 -30 -17.5
5 24 12.51 -42.428 -4 13.7673 -39.8598 -19.9649 13.767 -39.86 -20 15.025 -37.292 -4
5 24 14 -30 -17.5 14.162 -30.813 -15 14.457 -32.296 -15 14 -30 20
5 24 15.757 -25.757 -16.439 17.704 -24.457 -15 17.704 -24.457 20 17.7039 -24.4567 -16.1142
5 24 17.7039 -35.5433 -18.8858 16.375 -34.656 -15 16.375 -34.656 20 15.757 -34.243 -18.561
5 24 22.296 -24.457 -15 24.2426 -25.7574 -16.4393 24.2426 -25.7574 30.414 22.2961 -24.4567 -16.1142
5 24 24.2426 -25.7574 30.414 22.296 -24.457 20 22.296 -24.457 -15 22.2961 -24.4567 32.6448
5 24 26 -30 27.0593 25.838 -30.813 20 25.543 -32.296 20 25.838 -30.813 -15
5 24 26 -30 -17.5 25.838 -30.813 -15 26 -30 27.0593 25.543 -32.296 -18.074
5 24 22.2961 -35.5433 -18.8858 23.625 -34.656 -15 24.243 -34.243 -15 22.2961 -35.5433 27.801
5 24 22.2961 -35.5433 27.801 23.625 -34.656 20 23.625 -34.656 -15 24.2426 -34.2426 26.7067
5 24 22.2961 -35.5433 -18.8858 22.2961 -35.5433 27.801 23.625 -34.656 20 20 -36 -19
5 24 -8.3149 -26.5558 -2 -9 -30 -4 -9 -30 -2 -8.315 -26.556 -20
5 24 17.7581 -38.5541 -19.6385 15.1081 -43.9278 -20 17.0451 -40 -20 17.7581 -38.5541 30.3615
5 24 17.7581 -38.5541 30.3615 15.1081 -43.9278 32.624 15.1081 -43.9278 -20 19.0176 -36 30.4016
5 24 19.0176 -36 52.8721 15.1081 -43.9278 32.624 17.7581 -38.5541 30.3615 16.1667 -41.7811 63.5157
5 24 19.0176 -36 52.8721 16.1667 -41.7811 63.5157 15.1081 -43.9278 32.624 19.1054 -35.8221 53.0061
5 24 15.1081 -43.9278 -20 13.7136 -46.0149 0 8.7234 -53.4831 0 15.1081 -43.9278 32.624
5 24 19.1054 -35.8221 68.0061 15.025 -37.292 66.899 13.6788 -40.0405 64.8273 17.7039 -35.5433 68.2162
5 24 17.7039 -35.5433 68.2162 13.636 -36.364 67.598 15.025 -37.292 66.899 15.7574 -34.2426 69.1963
5 24 15.7574 -34.2426 69.1963 11.685 -33.444 69.798 13.636 -36.364 67.598 14.4567 -32.2961 70.6631
5 24 14.4567 -32.2961 70.6631 11 -30 72.393 11.685 -33.444 69.798 14 -30 72.3934
5 24 14 -30 72.3934 11.6851 -26.5558 74.9887 11 -30 72.393 14.4567 -27.7039 74.1236
5 24 14.4567 -27.7039 74.1236 13.636 -23.636 77.189 11.6851 -26.5558 74.9887 15.7574 -25.7574 75.5904
5 24 20 -24 76.9147 21.1785 -21 79.1754 17.7039 -24.4567 76.5705 23.4567 -24 76.9147
5 24 23.4567 -24 76.9147 21.1785 -21 79.1754 20 -24 76.9147 23.8849 -22.7387 77.8652
5 24 23.8849 -22.7387 77.8652 22.6947 -13.3779 84.919 21.1785 -21 79.1754 25.7469 -13.3779 84.919
5 24 13.636 -23.636 77.189 21.1785 -21 79.1754 20 -21 79.1754 15.7574 -25.7574 75.5904
5 24 15.7574 -25.7574 75.5904 13.636 -23.636 77.189 14.4567 -27.7039 74.1236 17.7039 -24.4567 76.5705
5 24 21.1785 -21 79.1754 17.7039 -24.4567 76.5705 20 -24 76.9147 13.636 -23.636 77.189
5 24 8.3149 -26.5558 -20 6.986 -24.567 -14 6.986 -24.567 -4 6.364 -23.636 -20
5 24 11.6851 -26.5558 -16.639 13.01 -24.57 -14 13.64 -23.64 -14 11.685 -26.556 -4
5 24 26.1269 -11.4675 83.816 23.1526 -11.0759 83.59 22.6947 -13.3779 84.919 26.7474 -2 78.35
5 24 20 -36 20 20 -36 29.5626 22.2961 -35.5433 27.801 13.393 -36 20
5 24 15.025 -37.292 0 12.51 -42.4278 30.5346 13.6788 -40.0405 64.8273 12.51 -42.43 0
5 24 23.1526 -11.0759 83.59 21.1785 -21 79.1754 22.6947 -13.3779 84.919 23.1526 -11.0759 -12.769
5 24 17.7039 -24.4567 61.5705 13.3928 -24 61.9147 20 -24 61.9147 15.7574 -25.7574 60.5904
5 24 15.7574 -25.7574 60.5904 13.3928 -24 61.9147 17.7039 -24.4567 61.5705 14.4567 -27.7039 59.1236
5 24 13.393 -36 52.872 17.7039 -35.5433 53.2162 19.1054 -35.8221 53.0061 11.685 -33.444 54.798
5 24 11.685 -33.444 54.798 15.7574 -34.2426 54.1963 17.7039 -35.5433 53.2162 11 -30 57.393
5 24 11 -30 57.393 14.4567 -32.2961 55.6631 15.7574 -34.2426 54.1963 11.6851 -26.5558 59.9887
5 24 11.6851 -26.5558 59.9887 14 -30 57.3934 14.4567 -32.2961 55.6631 13.3928 -24 61.9147
5 24 14.4567 -27.7039 59.1236 13.3928 -24 61.9147 15.7574 -25.7574 60.5904 14 -30 57.3934
5 24 24.2426 -34.2426 26.7067 24.243 -34.243 20 23.625 -34.656 20 25.5433 -32.2961 26.4462
5 24 25.543 -32.296 20 25.5433 -32.2961 26.4462 26 -30 27.0593 24.243 -34.243 20
5 24 22.2961 -24.4567 32.6448 22.296 -24.457 20 24.2426 -25.7574 30.414 20.277 -24.0551 34.5448
5 24 12.51 -42.43 0 12.51 -42.4278 30.5346 15.025 -37.292 0 11.2048 -44.3812 0
5 24 24.243 -34.243 -15 24.2426 -34.2426 -18.5607 22.2961 -35.5433 -18.8858 25.543 -32.296 -15
5 24 25.543 -32.296 -18.074 25.543 -32.296 -15 25.838 -30.813 -15 24.2426 -34.2426 -18.5607
5 24 26 -30 27.0593 26 -30 -17.5 25.838 -30.813 -15 25.5433 -27.7039 28.4526
5 24 24.2426 -25.7574 -16.4393 24.2426 -25.7574 30.414 22.296 -24.457 20 25.5433 -27.7039 -16.926
5 24 25.5433 -27.7039 28.4526 25.5433 -27.7039 -16.926 26 -30 -17.5 24.2426 -25.7574 30.414
5 24 20 -36 -19 20 -36 20 22.2961 -35.5433 27.801 17.7039 -35.5433 -18.8858
5 24 17.704 -35.543 20 17.7039 -35.5433 -18.8858 16.375 -34.656 -15 20 -36 20
5 24 15.757 -34.243 -18.561 15.757 -34.243 -15 16.375 -34.656 -15 14.457 -32.296 -18.074
5 24 14.457 -32.296 -15 14.457 -32.296 -18.074 14 -30 -17.5 15.757 -34.243 -15
5 24 17.7039 -24.4567 -16.1142 17.704 -24.457 -15 15.757 -25.757 -16.439 20 -24 -16
5 24 15.757 -25.757 20 15.757 -25.757 -16.439 17.704 -24.457 -15 14.457 -27.704 20
5 24 14 -30 -17.5 14 -30 20 14.162 -30.813 20 14.4567 -27.7039 -16.926
5 24 14.457 -27.704 20 14.4567 -27.7039 -16.926 15.757 -25.757 -16.439 14 -30 20
5 24 12.51 -42.4278 -20 12.51 -42.428 -4 13.7673 -39.8598 -19.9649 8.6445 -48.2129 -20
5 24 22.296 -24.457 -15 22.2961 -24.4567 -16.1142 24.2426 -25.7574 -16.4393 20 -24 -15
5 24 20 -24 -16 20 -24 -15 17.704 -24.457 -15 22.2961 -24.4567 -16.1142
5 24 17.7039 -35.5433 53.2162 17.7039 -35.5433 68.2162 19.1054 -35.8221 68.0061 15.7574 -34.2426 54.1963
5 24 15.7574 -34.2426 54.1963 15.7574 -34.2426 69.1963 17.7039 -35.5433 68.2162 14.4567 -32.2961 55.6631
5 24 20 -24 76.9147 20 -24 61.9147 20.2957 -24 20 17.7039 -24.4567 76.5705
5 24 17.7039 -24.4567 76.5705 17.7039 -24.4567 61.5705 20 -24 61.9147 15.7574 -25.7574 75.5904
5 24 15.7574 -25.7574 75.5904 15.7574 -25.7574 60.5904 17.7039 -24.4567 61.5705 14.4567 -27.7039 74.1236
5 24 14.4567 -27.7039 74.1236 14.4567 -27.7039 59.1236 15.7574 -25.7574 60.5904 14 -30 72.3934
5 24 14 -30 72.3934 14 -30 57.3934 14.4567 -27.7039 59.1236 14.4567 -32.2961 70.6631
5 24 14.4567 -32.2961 55.6631 14.4567 -32.2961 70.6631 15.7574 -34.2426 69.1963 14 -30 57.3934
