0 Electric Motor Boat Rudder
0 Name: 48093.dat
0 Author: Philippe Hurbain [Philo]
0 !LDRAW_ORG Part UPDATE 2015-02
0 !LICENSE Redistributable under CCAL version 2.0 : see CAreadme.txt

0 BFC CERTIFY CCW

0 !HISTORY 2015-12-30 [PTadmin] Official Update 2015-02

1 16 0 37.5 0 -4 0 0 0 -4 0 0 0 4 4-4cylc.dat
1 16 0 29.5 0 -6.5 0 0 0 4 0 0 0 -6.5 2-4cylo.dat
1 16 0 -37.5 0 4 0 0 0 4 0 0 0 4 4-4cylc.dat
1 16 0 -33.5 0 -6.5 0 0 0 4 0 0 0 -6.5 2-4cylo.dat
4 16 -2 29.5 10.283 -2 -29.5 10.283 -2 -29.5 19.223 -2 29.5 24.283
4 16 -2 36.85 10.283 -2 33.5 10.283 -2 33.5 24.283 -2 36.85 27.783
2 24 -2 36.85 27.783 -2 36.85 10.283
4 16 -2 36.85 27.783 -2 33.5 24.283 -2 29.5 24.283 -2 36.65 32.203
2 24 -2 36.65 32.203 -2 36.85 27.783
4 16 -2 36.65 32.203 -2 29.5 24.283 -2 -18.53 66.283 -2 36.05 36.593
2 24 -2 36.05 36.593 -2 36.65 32.203
4 16 -2 -18.53 66.283 -2 29.5 24.283 -2 -29.5 19.223 -2 -21.87 63.393
2 24 -2 -21.87 63.393 -2 -18.53 66.283
4 16 -2 -18.53 66.283 -2 18.22 66.283 -2 21.56 63.393 -2 24.63 60.203
2 24 -2 18.22 66.283 -2 21.56 63.393
2 24 -2 21.56 63.393 -2 24.63 60.203
4 16 -2 -18.53 66.283 -2 24.63 60.203 -2 27.4 56.753 -2 29.84 53.063
2 24 -2 24.63 60.203 -2 27.4 56.753
2 24 -2 27.4 56.753 -2 29.84 53.063
4 16 -2 -18.53 66.283 -2 29.84 53.063 -2 31.95 49.173 -2 33.69 45.103
2 24 -2 29.84 53.063 -2 31.95 49.173
2 24 -2 31.95 49.173 -2 33.69 45.103
4 16 -2 -18.53 66.283 -2 33.69 45.103 -2 35.06 40.903 -2 36.05 36.593
2 24 -2 33.69 45.103 -2 35.06 40.903
2 24 -2 35.06 40.903 -2 36.05 36.593
4 16 -2 -35.37 40.903 -2 -34 45.103 -2 -29.5 19.223 -2 -36.36 36.593
2 24 -2 -35.37 40.903 -2 -34 45.103
2 24 -2 -36.36 36.593 -2 -35.37 40.903
4 16 -2 -33.5 10.283 -2 -37.15 10.283 -2 -37.15 27.783 -2 -33.5 19.223
2 24 -2 -37.15 10.283 -2 -37.15 27.783
4 16 -2 -33.5 19.223 -2 -37.15 27.783 -2 -36.95 32.203 -2 -29.5 19.223
2 24 -2 -37.15 27.783 -2 -36.95 32.203
3 16 -2 -29.5 19.223 -2 -36.95 32.203 -2 -36.36 36.593
2 24 -2 -36.95 32.203 -2 -36.36 36.593
4 16 -2 -29.5 19.223 -2 -34 45.103 -2 -32.25 49.173 -2 -30.15 53.063
2 24 -2 -34 45.103 -2 -32.25 49.173
2 24 -2 -32.25 49.173 -2 -30.15 53.063
4 16 -2 -29.5 19.223 -2 -30.15 53.063 -2 -27.7 56.753 -2 -24.94 60.203
2 24 -2 -30.15 53.063 -2 -27.7 56.753
2 24 -2 -27.7 56.753 -2 -24.94 60.203
3 16 -2 -29.5 19.223 -2 -24.94 60.203 -2 -21.87 63.393
2 24 -2 -24.94 60.203 -2 -21.87 63.393
4 16 2 -37.15 27.783 2 -37.15 10.283 2 -33.5 10.283 2 -33.5 19.223
2 24 2 -37.15 27.783 2 -37.15 10.283
4 16 2 29.5 10.283 2 29.5 24.283 2 -29.5 19.223 2 -29.5 10.283
4 16 2 29.5 24.283 2 21.56 63.393 2 18.22 66.283 2 -29.5 19.223
2 24 2 21.56 63.393 2 18.22 66.283
4 16 2 -29.5 19.223 2 18.22 66.283 2 -36.95 32.203 2 -37.15 27.783
2 24 2 -36.95 32.203 2 -37.15 27.783
3 16 2 -29.5 19.223 2 -37.15 27.783 2 -33.5 19.223
4 16 2 18.22 66.283 2 -32.25 49.173 2 -34 45.103 2 -35.37 40.903
2 24 2 -32.25 49.173 2 -34 45.103
2 24 2 -34 45.103 2 -35.37 40.903
4 16 2 18.22 66.283 2 -18.53 66.283 2 -21.87 63.393 2 -24.94 60.203
2 24 2 -18.53 66.283 2 -21.87 63.393
2 24 2 -21.87 63.393 2 -24.94 60.203
4 16 2 18.22 66.283 2 -35.37 40.903 2 -36.36 36.593 2 -36.95 32.203
2 24 2 -35.37 40.903 2 -36.36 36.593
2 24 2 -36.36 36.593 2 -36.95 32.203
4 16 2 18.22 66.283 2 -24.94 60.203 2 -27.7 56.753 2 -30.15 53.063
2 24 2 -24.94 60.203 2 -27.7 56.753
2 24 2 -27.7 56.753 2 -30.15 53.063
3 16 2 18.22 66.283 2 -30.15 53.063 2 -32.25 49.173
2 24 2 -30.15 53.063 2 -32.25 49.173
4 16 2 33.5 10.283 2 36.85 10.283 2 36.85 27.783 2 33.5 24.283
2 24 2 36.85 10.283 2 36.85 27.783
4 16 2 33.5 24.283 2 36.85 27.783 2 36.65 32.203 2 29.5 24.283
2 24 2 36.85 27.783 2 36.65 32.203
4 16 2 29.5 24.283 2 36.65 32.203 2 36.05 36.593 2 35.06 40.903
2 24 2 36.65 32.203 2 36.05 36.593
2 24 2 36.05 36.593 2 35.06 40.903
4 16 2 29.5 24.283 2 35.06 40.903 2 33.69 45.103 2 31.95 49.173
2 24 2 35.06 40.903 2 33.69 45.103
2 24 2 33.69 45.103 2 31.95 49.173
4 16 2 29.5 24.283 2 31.95 49.173 2 29.84 53.063 2 27.4 56.753
2 24 2 31.95 49.173 2 29.84 53.063
2 24 2 29.84 53.063 2 27.4 56.753
4 16 2 29.5 24.283 2 27.4 56.753 2 24.63 60.203 2 21.56 63.393
2 24 2 27.4 56.753 2 24.63 60.203
2 24 2 24.63 60.203 2 21.56 63.393
1 16 0 0 10.283 0 0 -2 -29.5 0 0 0 1 0 rect.dat
4 16 2 36.85 27.783 2 36.85 10.283 -2 36.85 10.283 -2 36.85 27.783
5 24 -2 36.85 27.783 2 36.85 27.783 2 36.85 10.283 -2 36.65 32.203
4 16 2 36.85 27.783 -2 36.85 27.783 -2 36.65 32.203 2 36.65 32.203
5 24 -2 36.65 32.203 2 36.65 32.203 2 36.85 27.783 -2 36.05 36.593
4 16 2 36.65 32.203 -2 36.65 32.203 -2 36.05 36.593 2 36.05 36.593
5 24 -2 36.05 36.593 2 36.05 36.593 2 36.65 32.203 -2 35.06 40.903
4 16 2 36.05 36.593 -2 36.05 36.593 -2 35.06 40.903 2 35.06 40.903
5 24 -2 35.06 40.903 2 35.06 40.903 2 36.05 36.593 -2 33.69 45.103
4 16 2 35.06 40.903 -2 35.06 40.903 -2 33.69 45.103 2 33.69 45.103
5 24 -2 33.69 45.103 2 33.69 45.103 2 35.06 40.903 -2 31.95 49.173
4 16 2 33.69 45.103 -2 33.69 45.103 -2 31.95 49.173 2 31.95 49.173
5 24 -2 31.95 49.173 2 31.95 49.173 2 33.69 45.103 -2 29.84 53.063
4 16 2 31.95 49.173 -2 31.95 49.173 -2 29.84 53.063 2 29.84 53.063
5 24 -2 29.84 53.063 2 29.84 53.063 2 31.95 49.173 -2 27.4 56.753
4 16 2 29.84 53.063 -2 29.84 53.063 -2 27.4 56.753 2 27.4 56.753
5 24 -2 27.4 56.753 2 27.4 56.753 2 29.84 53.063 -2 24.63 60.203
4 16 2 27.4 56.753 -2 27.4 56.753 -2 24.63 60.203 2 24.63 60.203
5 24 -2 24.63 60.203 2 24.63 60.203 2 27.4 56.753 -2 21.56 63.393
4 16 2 24.63 60.203 -2 24.63 60.203 -2 21.56 63.393 2 21.56 63.393
5 24 -2 21.56 63.393 2 21.56 63.393 2 24.63 60.203 -2 18.22 66.283
4 16 2 21.56 63.393 -2 21.56 63.393 -2 18.22 66.283 2 18.22 66.283
1 16 0 -0.155 66.283 0 0 -2 18.375 0 0 0 -1 0 rect.dat
4 16 2 -18.53 66.283 -2 -18.53 66.283 -2 -21.87 63.393 2 -21.87 63.393
5 24 -2 -21.87 63.393 2 -21.87 63.393 2 -18.53 66.283 -2 -24.94 60.203
4 16 2 -21.87 63.393 -2 -21.87 63.393 -2 -24.94 60.203 2 -24.94 60.203
5 24 -2 -24.94 60.203 2 -24.94 60.203 2 -21.87 63.393 -2 -27.7 56.753
4 16 2 -24.94 60.203 -2 -24.94 60.203 -2 -27.7 56.753 2 -27.7 56.753
5 24 -2 -27.7 56.753 2 -27.7 56.753 2 -24.94 60.203 -2 -30.15 53.063
4 16 2 -27.7 56.753 -2 -27.7 56.753 -2 -30.15 53.063 2 -30.15 53.063
5 24 -2 -30.15 53.063 2 -30.15 53.063 2 -27.7 56.753 -2 -32.25 49.173
4 16 2 -30.15 53.063 -2 -30.15 53.063 -2 -32.25 49.173 2 -32.25 49.173
5 24 -2 -32.25 49.173 2 -32.25 49.173 2 -30.15 53.063 -2 -34 45.103
4 16 2 -32.25 49.173 -2 -32.25 49.173 -2 -34 45.103 2 -34 45.103
5 24 -2 -34 45.103 2 -34 45.103 2 -32.25 49.173 -2 -35.37 40.903
4 16 2 -34 45.103 -2 -34 45.103 -2 -35.37 40.903 2 -35.37 40.903
5 24 -2 -35.37 40.903 2 -35.37 40.903 2 -34 45.103 -2 -36.36 36.593
4 16 2 -35.37 40.903 -2 -35.37 40.903 -2 -36.36 36.593 2 -36.36 36.593
5 24 -2 -36.36 36.593 2 -36.36 36.593 2 -35.37 40.903 -2 -36.95 32.203
4 16 2 -36.36 36.593 -2 -36.36 36.593 -2 -36.95 32.203 2 -36.95 32.203
5 24 -2 -36.95 32.203 2 -36.95 32.203 2 -36.36 36.593 -2 -37.15 27.783
4 16 2 -36.95 32.203 -2 -36.95 32.203 -2 -37.15 27.783 2 -37.15 27.783
5 24 -2 -37.15 27.783 2 -37.15 27.783 2 -36.95 32.203 -2 -37.15 10.283
4 16 2 -37.15 10.283 2 -37.15 27.783 -2 -37.15 27.783 -2 -37.15 10.283
1 16 -6.5 -31.5 7.3615 0 1 0 -2 0 0 0 0 7.3615 rect3.dat
1 16 6.5 -31.5 7.3615 0 -1 0 2 0 0 0 0 7.3615 rect3.dat
1 16 -4.25 -31.5 16.973 0 0 2.25 -2 0 0 0 -1 2.25 rect3.dat
1 16 4.25 -31.5 16.973 0 0 -2.25 2 0 0 0 -1 2.25 rect3.dat
1 16 6.5 31.5 9.8915 0 -1 0 2 0 0 0 0 9.8915 rect3.dat
1 16 -6.5 31.5 9.8915 0 1 0 -2 0 0 0 0 9.8915 rect3.dat
1 16 4.25 31.5 22.033 0 -1 -2.25 2 0 0 0 0 2.25 rect3.dat
1 16 -4.25 31.5 22.033 0 1 2.25 -2 0 0 0 0 2.25 rect3.dat
2 24 -2 29.5 24.283 -2 29.5 10.283
2 24 2 29.5 10.283 2 29.5 24.283
2 24 2 -29.5 19.223 2 -29.5 10.283
2 24 -2 -29.5 10.283 -2 -29.5 19.223
2 24 -2 33.5 24.283 -2 33.5 10.283
2 24 -2 -33.5 10.283 -2 -33.5 19.223
2 24 2 -33.5 19.223 2 -33.5 10.283
2 24 2 33.5 10.283 2 33.5 24.283
4 16 -2 29.5 10.283 -2 29.5 24.283 -6.5 29.5 19.783 -6.5 29.5 0
4 16 2.488 29.5 -6.005 4.596 29.5 -4.596 -2 29.5 10.283 0 29.5 -6.5
4 16 -2 29.5 10.283 -4.596 29.5 -4.596 -2.488 29.5 -6.005 0 29.5 -6.5
4 16 6.5 29.5 19.783 2 29.5 24.283 2 29.5 10.283 6.5 29.5 0
4 16 6.5 29.5 0 2 29.5 10.283 -2 29.5 10.283 6.005 29.5 -2.488
4 16 -2 29.5 10.283 -6.5 29.5 0 -6.005 29.5 -2.488 -4.596 29.5 -4.596
3 16 4.596 29.5 -4.596 6.005 29.5 -2.488 -2 29.5 10.283
4 16 2 -29.5 10.283 2 -29.5 19.223 6.5 -29.5 14.723 6.5 -29.5 0
4 16 2.488 -29.5 -6.005 0 -29.5 -6.5 2 -29.5 10.283 4.596 -29.5 -4.596
4 16 -6.5 -29.5 0 -6.5 -29.5 14.723 -2 -29.5 19.223 -2 -29.5 10.283
4 16 -6.5 -29.5 0 -2 -29.5 10.283 2 -29.5 10.283 -6.005 -29.5 -2.488
4 16 2 -29.5 10.283 0 -29.5 -6.5 -2.488 -29.5 -6.005 -4.596 -29.5 -4.596
4 16 2 -29.5 10.283 6.5 -29.5 0 6.005 -29.5 -2.488 4.596 -29.5 -4.596
3 16 2 -29.5 10.283 -4.596 -29.5 -4.596 -6.005 -29.5 -2.488
4 16 -2 -33.5 10.283 -2 -33.5 19.223 -6.5 -33.5 14.723 -6.5 -33.5 0
4 16 6.5 -33.5 14.723 2 -33.5 19.223 2 -33.5 10.283 6.5 -33.5 0
3 16 2 -33.5 10.283 -2.828 -33.5 2.828 -1.531 -33.5 3.696
3 16 2 -33.5 10.283 -1.531 -33.5 3.696 0 -33.5 4
4 16 2 -33.5 10.283 2.828 -33.5 2.828 3.696 -33.5 1.531 6.5 -33.5 0
3 16 0 -33.5 4 1.531 -33.5 3.696 2 -33.5 10.283
3 16 2 -33.5 10.283 1.531 -33.5 3.696 2.828 -33.5 2.828
4 16 6.5 -33.5 0 3.696 -33.5 1.531 4 -33.5 0 6.005 -33.5 -2.488
4 16 6.005 -33.5 -2.488 4 -33.5 0 3.696 -33.5 -1.531 4.596 -33.5 -4.596
4 16 4.596 -33.5 -4.596 3.696 -33.5 -1.531 2.828 -33.5 -2.828 2.488 -33.5 -6.005
4 16 2.488 -33.5 -6.005 2.828 -33.5 -2.828 1.531 -33.5 -3.696 0 -33.5 -6.5
3 16 0 -33.5 -6.5 1.531 -33.5 -3.696 0 -33.5 -4
4 16 -1.531 -33.5 -3.696 -4.596 -33.5 -4.596 -2.488 -33.5 -6.005 0 -33.5 -6.5
3 16 -1.531 -33.5 -3.696 0 -33.5 -6.5 0 -33.5 -4
4 16 -3.696 -33.5 -1.531 -4 -33.5 0 -6.5 -33.5 0 -6.005 -33.5 -2.488
4 16 -3.696 -33.5 -1.531 -6.005 -33.5 -2.488 -4.596 -33.5 -4.596 -2.828 -33.5 -2.828
3 16 -2.828 -33.5 -2.828 -4.596 -33.5 -4.596 -1.531 -33.5 -3.696
3 16 -6.5 -33.5 0 -4 -33.5 0 -3.696 -33.5 1.531
4 16 -2 -33.5 10.283 -6.5 -33.5 0 -3.696 -33.5 1.531 2 -33.5 10.283
3 16 2 -33.5 10.283 -3.696 -33.5 1.531 -2.828 -33.5 2.828
4 16 -6.5 33.5 19.783 -2 33.5 24.283 -2 33.5 10.283 -6.5 33.5 0
4 16 6.5 33.5 19.783 1.531 33.5 3.696 0 33.5 4 2 33.5 10.283
3 16 -2.828 33.5 2.828 -2 33.5 10.283 -1.531 33.5 3.696
3 16 2 33.5 24.283 6.5 33.5 19.783 2 33.5 10.283
4 16 -2 33.5 10.283 2 33.5 10.283 0 33.5 4 -1.531 33.5 3.696
4 16 -2 33.5 10.283 -2.828 33.5 2.828 -3.696 33.5 1.531 -6.5 33.5 0
4 16 6.5 33.5 0 4 33.5 0 3.696 33.5 1.531 6.5 33.5 19.783
3 16 6.5 33.5 19.783 3.696 33.5 1.531 2.828 33.5 2.828
3 16 6.5 33.5 19.783 2.828 33.5 2.828 1.531 33.5 3.696
4 16 -3.696 33.5 -1.531 -2.828 33.5 -2.828 -4.596 33.5 -4.596 -6.005 33.5 -2.488
4 16 -3.696 33.5 -1.531 -6.005 33.5 -2.488 -6.5 33.5 0 -4 33.5 0
3 16 -4 33.5 0 -6.5 33.5 0 -3.696 33.5 1.531
4 16 0 33.5 -4 0 33.5 -6.5 -2.488 33.5 -6.005 -1.531 33.5 -3.696
4 16 -1.531 33.5 -3.696 -2.488 33.5 -6.005 -4.596 33.5 -4.596 -2.828 33.5 -2.828
4 16 3.696 33.5 -1.531 4 33.5 0 6.5 33.5 0 6.005 33.5 -2.488
4 16 3.696 33.5 -1.531 6.005 33.5 -2.488 4.596 33.5 -4.596 2.828 33.5 -2.828
4 16 2.828 33.5 -2.828 4.596 33.5 -4.596 2.488 33.5 -6.005 1.531 33.5 -3.696
4 16 1.531 33.5 -3.696 2.488 33.5 -6.005 0 33.5 -6.5 0 33.5 -4
1 16 1 35.175 8.783 0 -1 1 1.675 0 0 0 0 1.5 rect.dat
3 16 -2 36.85 10.283 2 36.85 10.283 0 36.85 7.283
3 16 -2 -37.15 10.283 0 -37.15 7.283 2 -37.15 10.283
1 16 1 -35.325 8.783 0 -1 -1 -1.825 0 0 0 0 -1.5 rect.dat
1 16 -1 35.175 8.783 0 1 -1 -1.675 0 0 0 0 1.5 rect3.dat
1 16 -1 -35.325 8.783 0 1 -1 -1.825 0 0 0 0 1.5 rect3.dat
