0 ~Technic Brick  2 x  2 with Hole
0 Name: s\48170s01.dat
0 Author: Guy Vivan [guyvivan]
0 !LDRAW_ORG Subpart UPDATE 2010-02
0 !LICENSE Redistributable under CCAL version 2.0 : see CAreadme.txt

0 BFC CERTIFY CCW

0 !HISTORY 2010-07-05 [PTadmin] Official Update 2010-02

1 16 0 0 0 1 0 0 0 1 0 0 0 1 stug2a.dat
1 16 0 12 20 20 0 0 0 0 12 0 -1 0 rect.dat
1 16 0 14 16 16 0 0 0 0 10 0 1 0 rect.dat
1 16 0 0 0 0 0 20 0 1 0 20 0 0 rect2p.dat
1 16 0 4 12.5 0 0 16 0 -1 0 3.5 0 0 rect2p.dat
1 16 0 4 -13.5 0 0 -16 0 -1 0 -4.5 0 0 rect2p.dat
2 24 -20 24 20 -20 24 -20
2 24 20 24 20 20 24 -20
2 24 20 0 -20 20 24 -20
2 24 -20 0 -20 -20 24 -20
2 24 16 24 16 16 24 -18
2 24 16 4 -18 16 24 -18
2 24 -16 4 -18 -16 24 -18
2 24 -16 24 16 -16 24 -18
1 16 20 10 0 0 -1 0 0 0 1 -1 0 0 peghole.dat
1 16 -20 10 0 0 1 0 0 0 1 1 0 0 peghole.dat
1 16 2 10 0 0 1 0 0 0 6 6 0 0 4-4edge.dat
1 16 -2 10 0 0 1 0 0 0 6 6 0 0 4-4edge.dat
0 BFC INVERTNEXT
1 16 2 10 0 0 16 0 0 0 6 6 0 0 4-4cyli.dat
0 BFC INVERTNEXT
1 16 -2 10 0 0 -16 0 0 0 6 -6 0 0 4-4cyli.dat
1 16 -2 10 0 0 1 0 0 0 -8 -8 0 0 2-4edge.dat
1 16 2 10 0 0 1 0 0 0 -8 -8 0 0 2-4edge.dat
1 16 2 10 0 0 1 0 0 0 -2 -2 0 0 4-4ring3.dat
1 16 2 10 0 0 1 0 0 0 8 8 0 0 2-4ndis.dat
1 16 -2 10 0 0 -1 0 0 0 8 -8 0 0 2-4ndis.dat
1 16 -2 10 0 0 -1 0 0 0 -2 2 0 0 4-4ring3.dat
0 BFC INVERTNEXT
1 16 -2 10 0 0 4 0 0 0 -8 -8 0 0 2-4cyli.dat
1 16 0 17 8 -2 0 0 0 0 7 0 1 0 rect3.dat
1 16 0 17 -8 2 0 0 0 0 7 0 -1 0 rect3.dat
1 16 -20 10 0 0 1 0 0 0 8 8 0 0 4-4ndis.dat
1 16 20 10 0 0 -1 0 0 0 8 -8 0 0 4-4ndis.dat
4 16 2 18 -8 2 18 8 2 20 8 2 20 -8
4 16 -2 18 8 -2 18 -8 -2 20 -8 -2 20 8
1 16 0 24 0 5.65685 0 5.65685 0 1 0 -5.65685 0 5.65685 1-4edge.dat
1 16 0 24 0 -5.65685 0 -5.65685 0 1 0 5.65685 0 -5.65685 1-4edge.dat
1 16 0 24 0 -2.2961 0 -5.54328 0 1 0 5.54328 0 -2.2961 3-8edge.dat
1 16 0 24 0 2.2961 0 5.54328 0 1 0 -5.54328 0 2.2961 3-8edge.dat
1 16 0 20 0 -2.2961 0 -5.54328 0 1 0 5.54328 0 -2.2961 3-8edge.dat
1 16 0 20 0 2.2961 0 5.54328 0 1 0 -5.54328 0 2.2961 3-8edge.dat
2 24 2 24 5.603 2.298 24 5.544
2 24 -2 24 5.603 -2.298 24 5.544
2 24 -2 24 -5.603 -2.298 24 -5.544
2 24 2 24 -5.603 2.298 24 -5.544
2 24 2 20 5.603 2.298 20 5.544
2 24 -2 20 5.603 -2.298 20 5.544
2 24 -2 20 -5.603 -2.298 20 -5.544
2 24 2 20 -5.603 2.298 20 -5.544
2 24 2 20 -5.603 2 24 -5.603
2 24 -2 20 -5.603 -2 24 -5.603
2 24 -2 20 5.603 -2 24 5.603
2 24 2 20 5.603 2 24 5.603
2 24 2 24 5.603 2 24 8
2 24 -2 24 5.603 -2 24 8
2 24 -2 24 -5.603 -2 24 -8
2 24 2 24 -5.603 2 24 -8
2 24 2 20 -5.603 2 20 5.603
2 24 -2 20 5.603 -2 20 -5.603
4 16 2 24 -5.603 2 24 -8 2 20 -8 2 20 -5.603
4 16 -2 20 -5.603 -2 20 -8 -2 24 -8 -2 24 -5.603
4 16 -2 24 5.603 -2 24 8 -2 20 8 -2 20 5.603
4 16 2 20 5.603 2 20 8 2 24 8 2 24 5.603
4 16 2 20 -5.603 2.298 20 -5.544 2.298 24 -5.544 2 24 -5.603
4 16 -2 24 -5.603 -2.298 24 -5.544 -2.298 20 -5.544 -2 20 -5.603
4 16 -2 20 5.603 -2.298 20 5.544 -2.298 24 5.544 -2 24 5.603
4 16 2 24 5.603 2.298 24 5.544 2.298 20 5.544 2 20 5.603
0 BFC INVERTNEXT
1 16 0 20 0 -2.2961 0 -5.54328 0 4 0 5.54328 0 -2.2961 3-8cyli.dat
0 BFC INVERTNEXT
1 16 0 20 0 2.2961 0 5.54328 0 4 0 -5.54328 0 2.2961 3-8cyli.dat
1 16 0 20 0 -2.2961 0 -5.54328 0 -1 0 5.54328 0 -2.2961 3-8chrd.dat
1 16 0 20 0 2.2961 0 5.54328 0 -1 0 -5.54328 0 2.2961 3-8chrd.dat
4 16 2 20 5.603 2.298 20 5.544 2.298 20 -5.544 2 20 -5.603
4 16 -2 20 -5.603 -2.298 20 -5.544 -2.298 20 5.544 -2 20 5.603
1 16 16 10 0 0 1 0 0 0 9 -9 0 0 2-4edge.dat
1 16 16 10 0 0 1 0 0 0 9 -9 0 0 2-4ndis.dat
1 16 -16 10 0 0 -1 0 0 0 9 9 0 0 2-4edge.dat
1 16 -16 10 0 0 -1 0 0 0 9 9 0 0 2-4ndis.dat
1 16 -16 10 0 0 12 0 0 0 9 -9 0 0 2-4cyli.dat
1 16 16 10 0 0 -12 0 0 0 9 9 0 0 2-4cyli.dat
2 24 4 4 -9 4 4 -9.5
2 24 -4 4 -9 -4 4 -9.5
2 24 -4 4 9 -4 4 9.5
2 24 4 4 9 4 4 9.5
1 16 0 14 9.5 4 0 0 0 0 10 0 -1 0 rect.dat
1 16 0 14 -9.5 -4 0 0 0 0 10 0 1 0 rect.dat
1 16 10 7 -9 -6 0 0 0 0 -3 0 1 0 rect3.dat
1 16 -10 7 -9 -6 0 0 0 0 -3 0 1 0 rect3.dat
1 16 -10 7 9 6 0 0 0 0 -3 0 -1 0 rect3.dat
1 16 10 7 9 6 0 0 0 0 -3 0 -1 0 rect3.dat
2 24 5.656 24 5.656 4 24 6.765
2 24 -5.656 24 5.656 -4 24 6.765
2 24 -5.656 24 -5.656 -4 24 -6.765
2 24 5.656 24 -5.656 4 24 -6.765
2 24 4 24 9.5 4 24 6.765
2 24 -4 24 9.5 -4 24 6.765
2 24 -4 24 -9.5 -4 24 -6.765
2 24 4 24 -9.5 4 24 -6.765
2 24 4 24 -6.765 4 15.763 -6.765
2 24 -4 24 -6.765 -4 15.763 -6.765
2 24 -4 24 6.765 -4 15.763 6.765
2 24 4 24 6.765 4 15.763 6.765
2 24 4 13.447 -8.316 4 15.763 -6.765
2 24 -4 13.447 -8.316 -4 15.763 -6.765
2 24 -4 13.447 8.316 -4 15.763 6.765
2 24 4 13.447 8.316 4 15.763 6.765
2 24 4 13.447 -8.316 4 10 -9
2 24 -4 13.447 -8.316 -4 10 -9
2 24 -4 13.447 8.316 -4 10 9
2 24 4 13.447 8.316 4 10 9
1 16 0 24 0 0.765367 0 1.84776 0 -1 0 -1.84776 0 0.765367 3-8ring3.dat
1 16 0 24 0 -0.765367 0 -1.84776 0 -1 0 1.84776 0 -0.765367 3-8ring3.dat
3 16 2 24 8 4 24 9.5 4 24 6.765
3 16 -2 24 8 -4 24 6.765 -4 24 9.5
4 16 2.298 24 5.544 2 24 5.603 2 24 8 3.064 24 7.392
4 16 -2 24 5.603 -2.298 24 5.544 -3.064 24 7.392 -2 24 8
3 16 -2 24 -8 -4 24 -9.5 -4 24 -6.765
3 16 2 24 -8 4 24 -6.765 4 24 -9.5
4 16 -2.298 24 -5.544 -2 24 -5.603 -2 24 -8 -3.064 24 -7.392
4 16 2 24 -5.603 2.298 24 -5.544 3.064 24 -7.392 2 24 -8
4 16 4 24 9.5 2 24 8 -2 24 8 -4 24 9.5
4 16 -4 24 -9.5 -2 24 -8 2 24 -8 4 24 -9.5
4 16 4 24 -9.5 4 24 -6.765 4 15.763 -6.765 4 10 -9
4 16 -4 24 -6.765 -4 24 -9.5 -4 10 -9 -4 15.763 -6.765
4 16 4 4 -9.5 4 24 -9.5 4 10 -9 4 4 -9
4 16 -4 24 -9.5 -4 4 -9.5 -4 4 -9 -4 10 -9
4 16 -4 24 9.5 -4 24 6.765 -4 15.763 6.765 -4 10 9
4 16 4 24 6.765 4 24 9.5 4 10 9 4 15.763 6.765
4 16 -4 4 9.5 -4 24 9.5 -4 10 9 -4 4 9
4 16 4 24 9.5 4 4 9.5 4 4 9 4 10 9
1 16 0 19 0 3.06147 0 7.39104 0 5 0 -7.39104 0 3.06147 3-8cyli.dat
1 16 0 19 0 -3.06147 0 -7.39104 0 5 0 7.39104 0 -3.06147 3-8cyli.dat
2 24 4 15.763 -6.765 4.6 16.363 -6.363
2 24 4.6 16.363 -6.363 5.656 16.837 -5.656
2 24 5.656 16.837 -5.656 7.135 18.316 -3.447
2 24 7.135 18.316 -3.447 7.392 18.392 -3.064
2 24 7.392 18.392 -3.064 8 19 0
2 24 -4 15.763 -6.765 -4.6 16.363 -6.363
2 24 -4.6 16.363 -6.363 -5.656 16.837 -5.656
2 24 -5.656 16.837 -5.656 -7.135 18.316 -3.447
2 24 -7.135 18.316 -3.447 -7.392 18.392 -3.064
2 24 -7.392 18.392 -3.064 -8 19 0
2 24 -4 15.763 6.765 -4.6 16.363 6.363
2 24 -4.6 16.363 6.363 -5.656 16.837 5.656
2 24 -5.656 16.837 5.656 -7.135 18.316 3.447
2 24 -7.135 18.316 3.447 -7.392 18.392 3.064
2 24 -7.392 18.392 3.064 -8 19 0
2 24 4 15.763 6.765 4.6 16.363 6.363
2 24 4.6 16.363 6.363 5.656 16.837 5.656
2 24 5.656 16.837 5.656 7.135 18.316 3.447
2 24 7.135 18.316 3.447 7.392 18.392 3.064
2 24 7.392 18.392 3.064 8 19 0
1 16 0 19 0 8 0 0 0 -8 0 0 0 8 1-8cyls.dat
1 16 0 19 0 8 0 0 0 -8 0 0 0 -8 1-8cyls.dat
1 16 0 17 0 7.39104 0 -3.06147 0 -8 0 3.06147 0 7.39104 1-8cyls.dat
1 16 0 17 0 7.39104 0 -3.06147 0 -8 0 -3.06147 0 -7.39104 1-8cyls.dat
1 16 0 19 0 5.65685 0 -5.65685 0 -2 0 5.65685 0 5.65685 1-16cyli.dat
1 16 0 19 0 3.06147 0 7.39103 0 -2 0 -7.39103 0 3.06147 1-16cyli.dat
1 16 0 19 0 -8 0 0 0 -8 0 0 0 -8 1-8cyls.dat
1 16 0 19 0 -8 0 0 0 -8 0 0 0 8 1-8cyls.dat
1 16 0 17 0 -7.39104 0 3.06147 0 -8 0 -3.06147 0 -7.39104 1-8cyls.dat
1 16 0 17 0 -7.39104 0 3.06147 0 -8 0 3.06147 0 7.39104 1-8cyls.dat
1 16 0 19 0 -5.65685 0 5.65685 0 -2 0 -5.65685 0 -5.65685 1-16cyli.dat
1 16 0 19 0 -3.06147 0 -7.39103 0 -2 0 7.39103 0 -3.06147 1-16cyli.dat
4 16 16 24 16 16 19 9 16 4 9 16 4 16
4 16 -16 4 16 -16 4 9 -16 19 9 -16 24 16
4 16 -16 24 -18 -16 19 -9 -16 4 -9 -16 4 -18
4 16 16 4 -18 16 4 -9 16 19 -9 16 24 -18
4 16 20 0 20 20 0 -20 20 2 -8 20 2 8
4 16 -20 0 -20 -20 0 20 -20 2 8 -20 2 -8
4 16 20 24 20 20 0 20 20 2 8 20 18 8
4 16 -20 0 20 -20 24 20 -20 18 8 -20 2 8
4 16 -20 24 -20 -20 0 -20 -20 2 -8 -20 18 -8
4 16 20 0 -20 20 24 -20 20 18 -8 20 2 -8
4 16 20 24 -20 20 24 20 20 18 8 20 18 -8
4 16 -20 24 20 -20 24 -20 -20 18 -8 -20 18 8
4 16 -20 24 20 20 24 20 16 24 16 -16 24 16
4 16 -20 24 -20 -20 24 20 -16 24 16 -16 24 -18
4 16 20 24 20 20 24 -20 16 24 -18 16 24 16
4 16 -16 24 -18 -16 24 16 -16 19 9 -16 19 -9
4 16 16 24 16 16 24 -18 16 19 -9 16 19 9
0
