0 Technic Bionicle Rhotuka Spinner Rod 2.5L with Gear  8 Tooth
0 Name: 50903.dat
0 Author: Michael Heidemann [mikeheide]
0 !LDRAW_ORG Part UPDATE 2010-02
0 !LICENSE Redistributable under CCAL version 2.0 : see CAreadme.txt

0 BFC CERTIFY CCW

0 !HISTORY 2010-07-05 [PTadmin] Official Update 2010-02

4 16 6 -30 0 3 -30 -5.196 3 -20 -5.196 6 -20 0
4 16 3 -30 -5.196 -3 -30 -5.196 -3 -20 -5.196 3 -20 -5.196
4 16 -3 -30 -5.196 -6 -30 0 -6 -20 0 -3 -20 -5.196
4 16 -6 -30 0 -3 -30 5.196 -3 -20 5.196 -6 -20 0
4 16 -3 -30 5.196 3 -30 5.196 3 -20 5.196 -3 -20 5.196
4 16 3 -30 5.196 6 -30 0 6 -20 0 3 -20 5.196
0 // conditional lines
2 24 6 -20 0 6 -30 0 
2 24 3 -20 -5.196 3 -30 -5.196
2 24 -3 -20 -5.196 -3 -30 -5.196
2 24 -6 -20 0 -6 -30 0
2 24 -3 -20 5.196 -3 -30 5.196
2 24 3 -20 5.196 3 -30 5.196

2 24 6 -30 0 3 -30 -5.196
2 24 3 -30 -5.196 -3 -30 -5.196
2 24 -3 -30 -5.196 -6 -30 0
2 24 -6 -30 0 -3 -30 5.196
2 24 -3 -30 5.196 3 -30 5.196
2 24 3 -30 5.196 6 -30 0

3 16 3 -30 -5.196 6 -30 0 0 -30 0
3 16 -3 -30 -5.196 3 -30 -5.196 0 -30 0
3 16 -6 -30 0 -3 -30 -5.196 0 -30 0
3 16 -3 -30 5.196 -6 -30 0 0 -30 0
3 16 3 -30 5.196 -3 -30 5.196 0 -30 0
3 16 6 -30 0 3 -30 5.196 0 -30 0

2 24 6 -20 0 3 -20 -5.196
2 24 3 -20 -5.196 -3 -20 -5.196
2 24 -3 -20 -5.196 -6 -20 0
2 24 -6 -20 0 -3 -20 5.196
2 24 -3 -20 5.196 3 -20 5.196
2 24 3 -20 5.196 6 -20 0

1 16 0 -20 0 6 0 0 0 -1 0 0 0 -6 4-4edge.dat
1 16 0 -20 0 -6 0 0 0 1 0 0 0 -6 4-4disc.dat
1 16 0 -2 0 6 0 0 0 -1 0 0 0 -6 4-4edge.dat
1 16 0 -2 0 7 0 0 0 -1 0 0 0 -7 4-4edge.dat
1 16 0 0 0 7 0 0 0 -1 0 0 0 -7 4-4edge.dat
1 16 0 0 0 7 0 0 0 -1 0 0 0 -7 4-4disc.dat

2 24 6.5 0 0 2.772 0 -1.148
2 24 1.148 0 -2.772 0 0 -6.5
2 24 0 0 -6.5 -1.148 0 -2.772
2 24 -2.772 0 -1.148 -6.5 0 0
2 24 -6.5 0 0 -2.772 0 1.148
2 24 -1.148 0 2.772 0 0 6.5
2 24 0 0 6.5 1.148 0 2.772
2 24 2.772 0 1.148 6.5 0 0
2 24 4.596 0 4.596 2.772 0 1.148
2 24 2.772 0 -1.148 4.596 0 -4.596
2 24 4.596 0 -4.596 1.148 0 -2.772
2 24 -1.148 0 -2.772 -4.596 0 -4.596
2 24 -4.596 0 -4.596 -2.772 0 -1.148
2 24 -2.772 0 1.148 -4.596 0 4.596
2 24 -4.596 0 4.596 -1.148 0 2.772
2 24 1.148 0 2.772 4.596 0 4.596
2 24 6.5 14 0 2.772 14 -1.148
2 24 1.148 14 -2.772 0 14 -6.5
2 24 0 14 -6.5 -1.148 14 -2.772
3 16 0 14 -6.5 -1.148 14 -2.772 0 14 -3
3 16 0 14 -6.5 0 14 -3 1.148 14 -2.772
3 16 4.596 14 -4.596 1.148 14 -2.772 2.121 14 -2.121
3 16 4.596 14 -4.596 2.121 14 -2.121 2.772 14 -1.148
3 16 6.5 14 0 2.772 14 -1.148 3 14 0
3 16 6.5 14 0 3 14 0 2.772 14 1.148
3 16 4.596 14 4.596 2.772 14 1.148 2.121 14 2.121
3 16 4.596 14 4.596 2.121 14 2.121 1.148 14 2.772
3 16 0 14 6.5 1.148 14 2.772 0 14 3
3 16 0 14 6.5 0 14 3 -1.148 14 2.772
3 16 -4.596 14 4.596 -1.148 14 2.772 -2.121 14 2.121
3 16 -4.596 14 4.596 -2.121 14 2.121 -2.772 14 1.148
3 16 -6.5 14 0 -2.772 14 1.148 -3 14 0
3 16 -6.5 14 0 -3 14 0 -2.772 14 -1.148
3 16 -4.596 14 -4.596 -2.772 14 -1.148 -2.121 14 -2.121
3 16 -4.596 14 -4.596 -2.121 14 -2.121 -1.148 14 -2.772
0 // Gear tooth Start
2 24 1.148 0 -2.772 1.148 14 -2.772
2 24 0 0 -6.5 0 14 -6.5
4 16 0 14 -6.5 0 0 -6.5 -1.148 0 -2.772 -1.148 14 -2.772
4 16 1.148 14 -2.772 1.148 0 -2.772 0 0 -6.5 0 14 -6.5
0 // Gear Tooth End
0 // Gear tooth Start
2 24 2.772 0 -1.148 2.772 14 -1.148
2 24 4.596 0 -4.596 4.596 14 -4.596
4 16 4.596 14 -4.596 4.596 0 -4.596 1.148 0 -2.772 1.148 14 -2.772
4 16 2.772 14 -1.148 2.772 0 -1.148 4.596 0 -4.596 4.596 14 -4.596
0 // Gear Tooth End
0 // Gear tooth Start
2 24 2.772 0 1.148 2.772 14 1.148
2 24 6.5 0 0 6.5 14 0
4 16 6.5 14 0 6.5 0 0 2.772 0 -1.148 2.772 14 -1.148
4 16 2.772 14 1.148 2.772 0 1.148 6.5 0 0 6.5 14 0
0 // Gear Tooth End
0 // Gear tooth Start
2 24 1.148 0 2.772 1.148 14 2.772
2 24 4.596 0 4.596 4.596 14 4.596
4 16 4.596 14 4.596 4.596 0 4.596 2.772 0 1.148 2.772 14 1.148
4 16 1.148 14 2.772 1.148 0 2.772 4.596 0 4.596 4.596 14 4.596
0 // Gear Tooth End
0 // Gear tooth Start
2 24 -1.148 0 2.772 -1.148 14 2.772
2 24 0 0 6.5 0 14 6.5
4 16 0 14 6.5 0 0 6.5 1.148 0 2.772 1.148 14 2.772
4 16 -1.148 14 2.772 -1.148 0 2.772 0 0 6.5 0 14 6.5
0 // Gear Tooth End
0 // Gear tooth Start
2 24 -2.772 0 1.148 -2.772 14 1.148
2 24 -4.596 0 4.596 -4.596 14 4.596
4 16 -4.596 14 4.596 -4.596 0 4.596 -1.148 0 2.772 -1.148 14 2.772
4 16 -2.772 14 1.148 -2.772 0 1.148 -4.596 0 4.596 -4.596 14 4.596
0 // Gear Tooth End
0 // Gear tooth Start
2 24 -2.772 0 -1.148 -2.772 14 -1.148
2 24 -6.5 0 0 -6.5 14 0
4 16 -6.5 14 0 -6.5 0 0 -2.772 0 1.148 -2.772 14 1.148
4 16 -2.772 14 -1.148 -2.772 0 -1.148 -6.5 0 0 -6.5 14 0
0 // Gear Tooth End
0 // Gear tooth Start
2 24 -1.148 0 -2.772 -1.148 14 -2.772
2 24 -4.596 0 -4.596 -4.596 14 -4.596
4 16 -4.596 14 -4.596 -4.596 0 -4.596 -2.772 0 -1.148 -2.772 14 -1.148
4 16 -1.148 14 -2.772 -1.148 0 -2.772 -4.596 0 -4.596 -4.596 14 -4.596
0 // Gear Tooth End
2 24 -2.772 14 -1.148 -6.5 14 0
2 24 -6.5 14 0 -2.772 14 1.148
2 24 -1.148 14 2.772 0 14 6.5
2 24 0 14 6.5 1.148 14 2.772
2 24 2.772 14 1.148 6.5 14 0
2 24 4.596 14 4.596 2.772 14 1.148
2 24 2.772 14 -1.148 4.596 14 -4.596
2 24 4.596 14 -4.596 1.148 14 -2.772
2 24 -1.148 14 -2.772 -4.596 14 -4.596
2 24 -4.596 14 -4.596 -2.772 14 -1.148
2 24 -2.772 14 1.148 -4.596 14 4.596
2 24 -4.596 14 4.596 -1.148 14 2.772
2 24 1.148 14 2.772 4.596 14 4.596

1 16 0 14 0 3 0 0 0 -1 0 0 0 -3 4-4disc.dat

1 16 0 18 0 3 0 0 0 -1 0 0 0 -3 4-4edge.dat
1 16 0 18 0 3 0 0 0 -1 0 0 0 -3 4-4disc.dat
1 16 0 18 0 3 0 0 0 -4 0 0 0 -3 4-4cyli.dat
1 16 0 14 0 3 0 0 0 -1 0 0 0 -3 4-4edge.dat
1 16 0 0 0 7 0 0 0 -2 0 0 0 -7 4-4cyli.dat
1 16 0 -2 0 -1 0 0 0 1 0 0 0 -1 4-4ring6.dat
1 16 0 0 0 1 0 0 0 -1 0 0 0 -1 4-4ring6.dat
1 16 0 -2 0 6 0 0 0 -18 0 0 0 -6 4-4cyli.dat

