0 Technic Panel Flat Sheet 11 x 23 Triangle with 10 Holes
0 Name: 57046b.dat
0 Author: Philippe Hurbain [Philo]
0 !LDRAW_ORG Part UPDATE 2013-01
0 !LICENSE Redistributable under CCAL version 2.0 : see CAreadme.txt

0 BFC CERTIFY CCW

0 !HISTORY 2013-07-21 [PTadmin] Official Update 2013-01

1 16 -80 1.5 0 7.5 0 0 0 -1 0 0 0 7.5 4-4ndis.dat
1 16 -100 1.5 0 7.5 0 0 0 -1 0 0 0 7.5 4-4ndis.dat
1 16 -100 1.5 0 0 0 -18 0 -1 0 -18 0 0 48\1-8chrd.dat
1 16 -100 1.5 0 -12.7279 0 -12.7279 0 -1 0 -12.7279 0 12.7279 48\3-16chrd.dat
1 16 -60 1.5 0 7.5 0 0 0 -1 0 0 0 7.5 4-4ndis.dat
1 16 0 1.5 0 7.5 0 0 0 -1 0 0 0 7.5 4-4ndis.dat
1 16 280 1.5 0 7.5 0 0 0 -1 0 0 0 7.5 4-4ndis.dat
1 16 300 1.5 0 7.5 0 0 0 -1 0 0 0 7.5 4-4ndis.dat
1 16 324 1.5 0 7.5 0 0 0 -1 0 0 0 7.5 4-4ndis.dat
1 16 324 1.5 0 0 0 18 0 -1 0 -18 0 0 48\1-8chrd.dat
1 16 324 1.5 0 18 0 0 0 -1 0 0 0 -18 48\1-8chrd.dat
1 16 324 1.5 0 18 0 0 0 -1 0 0 0 18 48\3-16chrd.dat
1 16 0 1.5 140 7.5 0 0 0 -1 0 0 0 7.5 4-4ndis.dat
1 16 0 1.5 160 7.5 0 0 0 -1 0 0 0 7.5 4-4ndis.dat
1 16 0 1.5 180 7.5 0 0 0 -1 0 0 0 7.5 4-4ndis.dat
1 16 0 1.5 180 -6.8883 0 16.6298 0 -1 0 16.6298 0 6.8883 48\1-8chrd.dat
1 16 0 1.5 180 -6.8883 0 -16.6298 0 -1 0 16.6298 0 -6.8883 48\1-8chrd.dat
0 BFC INVERTNEXT
1 16 -80 0 0 7.5 0 0 0 1.5 0 0 0 7.5 4-4cylo.dat
0 BFC INVERTNEXT
1 16 -100 0 0 7.5 0 0 0 1.5 0 0 0 7.5 4-4cylo.dat
0 BFC INVERTNEXT
1 16 -60 0 0 7.5 0 0 0 1.5 0 0 0 7.5 4-4cylo.dat
0 BFC INVERTNEXT
1 16 0 0 0 7.5 0 0 0 1.5 0 0 0 7.5 4-4cylo.dat
0 BFC INVERTNEXT
1 16 280 0 0 7.5 0 0 0 1.5 0 0 0 7.5 4-4cylo.dat
0 BFC INVERTNEXT
1 16 300 0 0 7.5 0 0 0 1.5 0 0 0 7.5 4-4cylo.dat
0 BFC INVERTNEXT
1 16 324 0 0 7.5 0 0 0 1.5 0 0 0 7.5 4-4cylo.dat
0 BFC INVERTNEXT
1 16 0 0 140 7.5 0 0 0 1.5 0 0 0 7.5 4-4cylo.dat
0 BFC INVERTNEXT
1 16 0 0 160 7.5 0 0 0 1.5 0 0 0 7.5 4-4cylo.dat
0 BFC INVERTNEXT
1 16 0 0 180 7.5 0 0 0 1.5 0 0 0 7.5 4-4cylo.dat
1 16 -80 0 0 7.5 0 0 0 1 0 0 0 7.5 4-4ndis.dat
1 16 -100 0 0 7.5 0 0 0 1 0 0 0 7.5 4-4ndis.dat
1 16 -100 0 0 0 0 -18 0 1 0 -18 0 0 48\1-8chrd.dat
1 16 -100 0 0 0 0 -18 0 1.5 0 -18 0 0 48\1-8cyli.dat
1 16 -100 0 0 0 0 -18 0 1 0 -18 0 0 48\1-8edge.dat
1 16 -100 1.5 0 0 0 -18 0 1 0 -18 0 0 48\1-8edge.dat
1 16 -100 0 0 -12.7279 0 -12.7279 0 1 0 -12.7279 0 12.7279 48\3-16chrd.dat
1 16 -100 0 0 -12.7279 0 -12.7279 0 1.5 0 -12.7279 0 12.7279 48\3-16cyli.dat
1 16 -100 0 0 -12.7279 0 -12.7279 0 1 0 -12.7279 0 12.7279 48\3-16edge.dat
1 16 -100 1.5 0 -12.7279 0 -12.7279 0 1 0 -12.7279 0 12.7279 48\3-16edge.dat
1 16 -60 0 0 7.5 0 0 0 1 0 0 0 7.5 4-4ndis.dat
1 16 0 0 0 7.5 0 0 0 1 0 0 0 7.5 4-4ndis.dat
1 16 280 0 0 7.5 0 0 0 1 0 0 0 7.5 4-4ndis.dat
1 16 300 0 0 7.5 0 0 0 1 0 0 0 7.5 4-4ndis.dat
1 16 324 0 0 7.5 0 0 0 1 0 0 0 7.5 4-4ndis.dat
1 16 324 0 0 0 0 18 0 1 0 -18 0 0 48\1-8chrd.dat
1 16 324 0 0 0 0 18 0 1 0 -18 0 0 48\7-16edge.dat
1 16 324 1.5 0 0 0 18 0 1 0 -18 0 0 48\7-16edge.dat
1 16 324 0 0 0 0 18 0 1.5 0 -18 0 0 48\7-16cyli.dat
1 16 324 0 0 18 0 0 0 1 0 0 0 -18 48\1-8chrd.dat
1 16 324 0 0 18 0 0 0 1 0 0 0 18 48\3-16chrd.dat
1 16 0 0 140 7.5 0 0 0 1 0 0 0 7.5 4-4ndis.dat
1 16 0 0 160 7.5 0 0 0 1 0 0 0 7.5 4-4ndis.dat
1 16 0 0 180 7.5 0 0 0 1 0 0 0 7.5 4-4ndis.dat
1 16 0 0 180 -6.8883 0 16.6298 0 1 0 16.6298 0 6.8883 48\1-8chrd.dat
1 16 0 0 180 -6.8883 0 -16.6298 0 1 0 16.6298 0 -6.8883 48\1-8chrd.dat
1 16 0 0 180 6.88828 0 -16.6298 0 1 0 16.6298 0 6.88828 48\1-4edge.dat
1 16 0 1.5 180 6.88828 0 -16.6298 0 1 0 16.6298 0 6.88828 48\1-4edge.dat
1 16 0 0 180 6.88828 0 -16.6298 0 1.5 0 16.6298 0 6.88828 48\1-4cyli.dat
4 16 -107.5 0 -7.5 -107.5 0 7.5 -116.63 0 6.888 -112.728 0 -12.728
4 16 -92.5 0 -7.5 -107.5 0 -7.5 -112.728 0 -12.728 -100 0 -18
3 16 -87.5 0 -7.5 -92.5 0 -7.5 -100 0 -18
3 16 -72.5 0 -7.5 -87.5 0 -7.5 -100 0 -18
3 16 -67.5 0 -7.5 -72.5 0 -7.5 -100 0 -18
3 16 -52.5 0 -7.5 -67.5 0 -7.5 -100 0 -18
3 16 -7.5 0 -7.5 -52.5 0 -7.5 -100 0 -18
4 16 7.5 0 -7.5 -7.5 0 -7.5 -100 0 -18 324 0 -18
4 16 -87.5 0 7.5 -92.5 0 7.5 -92.5 0 -7.5 -87.5 0 -7.5
4 16 -67.5 0 7.5 -72.5 0 7.5 -72.5 0 -7.5 -67.5 0 -7.5
4 16 -7.5 0 7.5 -52.5 0 7.5 -52.5 0 -7.5 -7.5 0 -7.5
4 16 316.5 0 7.5 331.5 0 7.5 330.889 0 16.63 6.888 0 196.63
3 16 330.889 0 16.63 331.5 0 7.5 342 0 0
4 16 342 0 0 331.5 0 7.5 331.5 0 -7.5 336.728 0 -12.728
4 16 336.728 0 -12.728 331.5 0 -7.5 316.5 0 -7.5 324 0 -18
3 16 316.5 0 -7.5 307.5 0 -7.5 324 0 -18
3 16 307.5 0 -7.5 292.5 0 -7.5 324 0 -18
3 16 292.5 0 -7.5 287.5 0 -7.5 324 0 -18
3 16 287.5 0 -7.5 272.5 0 -7.5 324 0 -18
3 16 272.5 0 -7.5 7.5 0 -7.5 324 0 -18
4 16 272.5 0 7.5 7.5 0 7.5 7.5 0 -7.5 272.5 0 -7.5
4 16 292.5 0 7.5 287.5 0 7.5 287.5 0 -7.5 292.5 0 -7.5
4 16 316.5 0 7.5 307.5 0 7.5 307.5 0 -7.5 316.5 0 -7.5
4 16 7.5 0 187.5 6.888 0 196.63 -6.888 0 196.63 -7.5 0 187.5
3 16 -6.888 0 196.63 -16.63 0 186.888 -7.5 0 187.5
4 16 -7.5 0 172.5 -7.5 0 187.5 -16.63 0 186.888 -107.5 0 7.5
4 16 7.5 0 172.5 -7.5 0 172.5 -7.5 0 167.5 7.5 0 167.5
4 16 -7.5 0 152.5 -7.5 0 147.5 7.5 0 147.5 7.5 0 152.5
4 16 316.5 0 7.5 6.888 0 196.63 7.5 0 187.5 307.5 0 7.5
4 16 307.5 0 7.5 7.5 0 187.5 7.5 0 172.5 292.5 0 7.5
4 16 292.5 0 7.5 7.5 0 172.5 7.5 0 167.5 287.5 0 7.5
4 16 287.5 0 7.5 7.5 0 167.5 7.5 0 152.5 272.5 0 7.5
3 16 7.5 0 152.5 7.5 0 147.5 272.5 0 7.5
3 16 7.5 0 147.5 7.5 0 132.5 272.5 0 7.5
4 16 7.5 0 7.5 272.5 0 7.5 7.5 0 132.5 -7.5 0 132.5
3 16 -7.5 0 132.5 -7.5 0 7.5 7.5 0 7.5
3 16 -16.63 0 186.888 -116.63 0 6.888 -107.5 0 7.5
4 16 -7.5 0 167.5 -7.5 0 172.5 -107.5 0 7.5 -92.5 0 7.5
4 16 -7.5 0 152.5 -7.5 0 167.5 -92.5 0 7.5 -87.5 0 7.5
4 16 -7.5 0 147.5 -7.5 0 152.5 -87.5 0 7.5 -72.5 0 7.5
4 16 -7.5 0 132.5 -7.5 0 147.5 -72.5 0 7.5 -67.5 0 7.5
3 16 -7.5 0 132.5 -67.5 0 7.5 -52.5 0 7.5
3 16 -7.5 0 132.5 -52.5 0 7.5 -7.5 0 7.5
4 16 -116.63 1.5 6.888 -107.5 1.5 7.5 -107.5 1.5 -7.5 -112.728 1.5 -12.728
4 16 -112.728 1.5 -12.728 -107.5 1.5 -7.5 -92.5 1.5 -7.5 -100 1.5 -18
3 16 -100 1.5 -18 -92.5 1.5 -7.5 -87.5 1.5 -7.5
3 16 -100 1.5 -18 -87.5 1.5 -7.5 -72.5 1.5 -7.5
3 16 -100 1.5 -18 -72.5 1.5 -7.5 -67.5 1.5 -7.5
3 16 -100 1.5 -18 -67.5 1.5 -7.5 -52.5 1.5 -7.5
3 16 -100 1.5 -18 -52.5 1.5 -7.5 -7.5 1.5 -7.5
4 16 -100 1.5 -18 -7.5 1.5 -7.5 7.5 1.5 -7.5 324 1.5 -18
4 16 -92.5 1.5 -7.5 -92.5 1.5 7.5 -87.5 1.5 7.5 -87.5 1.5 -7.5
4 16 -72.5 1.5 -7.5 -72.5 1.5 7.5 -67.5 1.5 7.5 -67.5 1.5 -7.5
4 16 -52.5 1.5 -7.5 -52.5 1.5 7.5 -7.5 1.5 7.5 -7.5 1.5 -7.5
4 16 330.889 1.5 16.63 331.5 1.5 7.5 316.5 1.5 7.5 6.888 1.5 196.63
3 16 342 1.5 0 331.5 1.5 7.5 330.889 1.5 16.63
4 16 331.5 1.5 -7.5 331.5 1.5 7.5 342 1.5 0 336.728 1.5 -12.728
4 16 316.5 1.5 -7.5 331.5 1.5 -7.5 336.728 1.5 -12.728 324 1.5 -18
3 16 324 1.5 -18 307.5 1.5 -7.5 316.5 1.5 -7.5
3 16 324 1.5 -18 292.5 1.5 -7.5 307.5 1.5 -7.5
3 16 324 1.5 -18 287.5 1.5 -7.5 292.5 1.5 -7.5
3 16 324 1.5 -18 272.5 1.5 -7.5 287.5 1.5 -7.5
3 16 324 1.5 -18 7.5 1.5 -7.5 272.5 1.5 -7.5
4 16 7.5 1.5 -7.5 7.5 1.5 7.5 272.5 1.5 7.5 272.5 1.5 -7.5
4 16 287.5 1.5 -7.5 287.5 1.5 7.5 292.5 1.5 7.5 292.5 1.5 -7.5
4 16 307.5 1.5 -7.5 307.5 1.5 7.5 316.5 1.5 7.5 316.5 1.5 -7.5
4 16 -6.888 1.5 196.63 6.888 1.5 196.63 7.5 1.5 187.5 -7.5 1.5 187.5
3 16 -7.5 1.5 187.5 -16.63 1.5 186.888 -6.888 1.5 196.63
4 16 -16.63 1.5 186.888 -7.5 1.5 187.5 -7.5 1.5 172.5 -107.5 1.5 7.5
4 16 -7.5 1.5 167.5 -7.5 1.5 172.5 7.5 1.5 172.5 7.5 1.5 167.5
4 16 7.5 1.5 147.5 -7.5 1.5 147.5 -7.5 1.5 152.5 7.5 1.5 152.5
4 16 7.5 1.5 187.5 6.888 1.5 196.63 316.5 1.5 7.5 307.5 1.5 7.5
4 16 7.5 1.5 172.5 7.5 1.5 187.5 307.5 1.5 7.5 292.5 1.5 7.5
4 16 7.5 1.5 167.5 7.5 1.5 172.5 292.5 1.5 7.5 287.5 1.5 7.5
4 16 7.5 1.5 152.5 7.5 1.5 167.5 287.5 1.5 7.5 272.5 1.5 7.5
3 16 272.5 1.5 7.5 7.5 1.5 147.5 7.5 1.5 152.5
3 16 272.5 1.5 7.5 7.5 1.5 132.5 7.5 1.5 147.5
4 16 7.5 1.5 132.5 272.5 1.5 7.5 7.5 1.5 7.5 -7.5 1.5 132.5
3 16 7.5 1.5 7.5 -7.5 1.5 7.5 -7.5 1.5 132.5
3 16 -107.5 1.5 7.5 -116.63 1.5 6.888 -16.63 1.5 186.888
4 16 -107.5 1.5 7.5 -7.5 1.5 172.5 -7.5 1.5 167.5 -92.5 1.5 7.5
4 16 -92.5 1.5 7.5 -7.5 1.5 167.5 -7.5 1.5 152.5 -87.5 1.5 7.5
4 16 -87.5 1.5 7.5 -7.5 1.5 152.5 -7.5 1.5 147.5 -72.5 1.5 7.5
4 16 -72.5 1.5 7.5 -7.5 1.5 147.5 -7.5 1.5 132.5 -67.5 1.5 7.5
3 16 -52.5 1.5 7.5 -67.5 1.5 7.5 -7.5 1.5 132.5
3 16 -7.5 1.5 7.5 -52.5 1.5 7.5 -7.5 1.5 132.5
2 24 -100 0 -18 324 0 -18
2 24 330.889 0 16.63 6.888 0 196.63
2 24 -16.63 0 186.888 -116.63 0 6.888
2 24 -100 1.5 -18 324 1.5 -18
2 24 330.889 1.5 16.63 6.888 1.5 196.63
2 24 -16.63 1.5 186.888 -116.63 1.5 6.888
4 16 -100 1.5 -18 324 1.5 -18 324 0 -18 -100 0 -18
4 16 330.889 1.5 16.63 6.888 1.5 196.63 6.888 0 196.63 330.889 0 16.63
4 16 -16.63 1.5 186.888 -116.63 1.5 6.888 -116.63 0 6.888 -16.63 0 186.888
