0 Technic Panel Flat Sheet  8 x 17 Triangle with 10 Holes
0 Name: 57046a.dat
0 Author: Philippe Hurbain [Philo]
0 !LDRAW_ORG Part UPDATE 2013-01
0 !LICENSE Redistributable under CCAL version 2.0 : see CAreadme.txt

0 BFC CERTIFY CCW

0 !HISTORY 2013-07-21 [PTadmin] Official Update 2013-01

0 BFC INVERTNEXT
1 16 0 0 0 7.5 0 0 0 1.5 0 0 0 7.5 4-4cylo.dat
0 BFC INVERTNEXT
1 16 0 0 80 7.5 0 0 0 1.5 0 0 0 7.5 4-4cylo.dat
0 BFC INVERTNEXT
1 16 0 0 100 7.5 0 0 0 1.5 0 0 0 7.5 4-4cylo.dat
0 BFC INVERTNEXT
1 16 0 0 120 7.5 0 0 0 1.5 0 0 0 7.5 4-4cylo.dat
1 16 0 0 120 -6.8883 0 16.6298 0 1 0 16.6298 0 6.8883 48\1-8chrd.dat
1 16 0 0 120 -6.8883 0 -16.6298 0 1 0 16.6298 0 -6.8883 48\1-8chrd.dat
1 16 0 0 120 6.88828 0 -16.6298 0 1 0 16.6298 0 6.88828 48\1-4edge.dat
1 16 0 1.5 120 -6.8883 0 16.6298 0 -1 0 16.6298 0 6.8883 48\1-8chrd.dat
1 16 0 1.5 120 -6.8883 0 -16.6298 0 -1 0 16.6298 0 -6.8883 48\1-8chrd.dat
1 16 0 1.5 120 6.88828 0 -16.6298 0 1 0 16.6298 0 6.88828 48\1-4edge.dat
1 16 0 0 120 6.88828 0 -16.6298 0 1.5 0 16.6298 0 6.88828 48\1-4cyli.dat
0 BFC INVERTNEXT
1 16 -40 0 0 7.5 0 0 0 1.5 0 0 0 7.5 4-4cylo.dat
0 BFC INVERTNEXT
1 16 -60 0 0 7.5 0 0 0 1.5 0 0 0 7.5 4-4cylo.dat
0 BFC INVERTNEXT
1 16 -20 0 0 7.5 0 0 0 1.5 0 0 0 7.5 4-4cylo.dat
1 16 -60 0 0 0 0 -18 0 1 0 -18 0 0 48\1-8chrd.dat
1 16 -60 0 0 0 0 -18 0 1 0 -18 0 0 48\1-8edge.dat
1 16 -60 0 0 -12.7279 0 -12.7279 0 1 0 -12.7279 0 12.7279 48\3-16chrd.dat
1 16 -60 0 0 -12.7279 0 -12.7279 0 1 0 -12.7279 0 12.7279 48\3-16edge.dat
1 16 -60 1.5 0 0 0 -18 0 -1 0 -18 0 0 48\1-8chrd.dat
1 16 -60 1.5 0 -12.7279 0 -12.7279 0 -1 0 -12.7279 0 12.7279 48\3-16chrd.dat
1 16 -60 0 0 0 0 -18 0 1.5 0 -18 0 0 48\1-8cyli.dat
1 16 -60 1.5 0 0 0 -18 0 1 0 -18 0 0 48\1-8edge.dat
1 16 -60 0 0 -12.7279 0 -12.7279 0 1.5 0 -12.7279 0 12.7279 48\3-16cyli.dat
1 16 -60 1.5 0 -12.7279 0 -12.7279 0 1 0 -12.7279 0 12.7279 48\3-16edge.dat
0 BFC INVERTNEXT
1 16 200 0 0 7.5 0 0 0 1.5 0 0 0 7.5 4-4cylo.dat
0 BFC INVERTNEXT
1 16 220 0 0 7.5 0 0 0 1.5 0 0 0 7.5 4-4cylo.dat
0 BFC INVERTNEXT
1 16 240 0 0 7.5 0 0 0 1.5 0 0 0 7.5 4-4cylo.dat
1 16 240 0 0 0 0 18 0 1 0 -18 0 0 48\7-16edge.dat
1 16 240 0 0 18 0 0 0 1 0 0 0 18 48\3-16chrd.dat
1 16 240 1.5 0 18 0 0 0 -1 0 0 0 18 48\3-16chrd.dat
1 16 240 0 0 0 0 18 0 1 0 -18 0 0 48\1-8chrd.dat
1 16 240 1.5 0 0 0 18 0 1 0 -18 0 0 48\7-16edge.dat
1 16 240 0 0 0 0 18 0 1.5 0 -18 0 0 48\7-16cyli.dat
1 16 240 0 0 18 0 0 0 1 0 0 0 -18 48\1-8chrd.dat
1 16 240 1.5 0 0 0 18 0 -1 0 -18 0 0 48\1-8chrd.dat
1 16 240 1.5 0 18 0 0 0 -1 0 0 0 -18 48\1-8chrd.dat
1 16 -40 0 0 7.5 0 0 0 1 0 0 0 7.5 4-4ndis.dat
1 16 -60 0 0 7.5 0 0 0 1 0 0 0 7.5 4-4ndis.dat
1 16 -20 0 0 7.5 0 0 0 1 0 0 0 7.5 4-4ndis.dat
1 16 0 0 0 7.5 0 0 0 1 0 0 0 7.5 4-4ndis.dat
1 16 200 0 0 7.5 0 0 0 1 0 0 0 7.5 4-4ndis.dat
1 16 220 0 0 7.5 0 0 0 1 0 0 0 7.5 4-4ndis.dat
1 16 240 0 0 7.5 0 0 0 1 0 0 0 7.5 4-4ndis.dat
1 16 0 0 80 7.5 0 0 0 1 0 0 0 7.5 4-4ndis.dat
1 16 0 0 100 7.5 0 0 0 1 0 0 0 7.5 4-4ndis.dat
1 16 0 0 120 7.5 0 0 0 1 0 0 0 7.5 4-4ndis.dat
4 16 -67.5 0 -7.5 -67.5 0 7.5 -76.63 0 6.888 -72.728 0 -12.728
4 16 -52.5 0 -7.5 -67.5 0 -7.5 -72.728 0 -12.728 -60 0 -18
3 16 -47.5 0 -7.5 -52.5 0 -7.5 -60 0 -18
3 16 -32.5 0 -7.5 -47.5 0 -7.5 -60 0 -18
3 16 -27.5 0 -7.5 -32.5 0 -7.5 -60 0 -18
3 16 -12.5 0 -7.5 -27.5 0 -7.5 -60 0 -18
3 16 -7.5 0 -7.5 -12.5 0 -7.5 -60 0 -18
4 16 7.5 0 -7.5 -7.5 0 -7.5 -60 0 -18 240 0 -18
4 16 -47.5 0 7.5 -52.5 0 7.5 -52.5 0 -7.5 -47.5 0 -7.5
4 16 -27.5 0 7.5 -32.5 0 7.5 -32.5 0 -7.5 -27.5 0 -7.5
4 16 -7.5 0 7.5 -12.5 0 7.5 -12.5 0 -7.5 -7.5 0 -7.5
4 16 232.5 0 7.5 247.5 0 7.5 246.889 0 16.63 6.888 0 136.63
3 16 246.889 0 16.63 247.5 0 7.5 258 0 0
4 16 258 0 0 247.5 0 7.5 247.5 0 -7.5 252.728 0 -12.728
4 16 252.728 0 -12.728 247.5 0 -7.5 232.5 0 -7.5 240 0 -18
3 16 232.5 0 -7.5 227.5 0 -7.5 240 0 -18
3 16 227.5 0 -7.5 212.5 0 -7.5 240 0 -18
3 16 212.5 0 -7.5 207.5 0 -7.5 240 0 -18
3 16 207.5 0 -7.5 192.5 0 -7.5 240 0 -18
3 16 192.5 0 -7.5 7.5 0 -7.5 240 0 -18
4 16 192.5 0 7.5 7.5 0 7.5 7.5 0 -7.5 192.5 0 -7.5
4 16 212.5 0 7.5 207.5 0 7.5 207.5 0 -7.5 212.5 0 -7.5
4 16 232.5 0 7.5 227.5 0 7.5 227.5 0 -7.5 232.5 0 -7.5
4 16 7.5 0 127.5 6.888 0 136.63 -6.888 0 136.63 -7.5 0 127.5
3 16 -6.888 0 136.63 -16.63 0 126.888 -7.5 0 127.5
4 16 -7.5 0 112.5 -7.5 0 127.5 -16.63 0 126.888 -67.5 0 7.5
4 16 7.5 0 112.5 -7.5 0 112.5 -7.5 0 107.5 7.5 0 107.5
4 16 -7.5 0 92.5 -7.5 0 87.5 7.5 0 87.5 7.5 0 92.5
4 16 232.5 0 7.5 6.888 0 136.63 7.5 0 127.5 227.5 0 7.5
4 16 227.5 0 7.5 7.5 0 127.5 7.5 0 112.5 212.5 0 7.5
4 16 212.5 0 7.5 7.5 0 112.5 7.5 0 107.5 207.5 0 7.5
4 16 207.5 0 7.5 7.5 0 107.5 7.5 0 92.5 192.5 0 7.5
3 16 7.5 0 92.5 7.5 0 87.5 192.5 0 7.5
3 16 7.5 0 87.5 7.5 0 72.5 192.5 0 7.5
4 16 7.5 0 7.5 192.5 0 7.5 7.5 0 72.5 -7.5 0 72.5
3 16 -7.5 0 72.5 -7.5 0 7.5 7.5 0 7.5
3 16 -16.63 0 126.888 -76.63 0 6.888 -67.5 0 7.5
4 16 -7.5 0 107.5 -7.5 0 112.5 -67.5 0 7.5 -52.5 0 7.5
4 16 -7.5 0 92.5 -7.5 0 107.5 -52.5 0 7.5 -47.5 0 7.5
4 16 -7.5 0 87.5 -7.5 0 92.5 -47.5 0 7.5 -32.5 0 7.5
4 16 -7.5 0 72.5 -7.5 0 87.5 -32.5 0 7.5 -27.5 0 7.5
3 16 -7.5 0 72.5 -27.5 0 7.5 -12.5 0 7.5
3 16 -7.5 0 72.5 -12.5 0 7.5 -7.5 0 7.5
4 16 -60 1.5 -18 240 1.5 -18 240 0 -18 -60 0 -18
4 16 246.889 1.5 16.63 6.888 1.5 136.63 6.888 0 136.63 246.889 0 16.63
4 16 -16.63 1.5 126.888 -76.63 1.5 6.888 -76.63 0 6.888 -16.63 0 126.888
2 24 -60 0 -18 240 0 -18
2 24 246.889 0 16.63 6.888 0 136.63
2 24 -16.63 0 126.888 -76.63 0 6.888
1 16 -40 1.5 0 7.5 0 0 0 -1 0 0 0 7.5 4-4ndis.dat
1 16 -60 1.5 0 7.5 0 0 0 -1 0 0 0 7.5 4-4ndis.dat
1 16 -20 1.5 0 7.5 0 0 0 -1 0 0 0 7.5 4-4ndis.dat
1 16 0 1.5 0 7.5 0 0 0 -1 0 0 0 7.5 4-4ndis.dat
1 16 200 1.5 0 7.5 0 0 0 -1 0 0 0 7.5 4-4ndis.dat
1 16 220 1.5 0 7.5 0 0 0 -1 0 0 0 7.5 4-4ndis.dat
1 16 240 1.5 0 7.5 0 0 0 -1 0 0 0 7.5 4-4ndis.dat
1 16 0 1.5 80 7.5 0 0 0 -1 0 0 0 7.5 4-4ndis.dat
1 16 0 1.5 100 7.5 0 0 0 -1 0 0 0 7.5 4-4ndis.dat
1 16 0 1.5 120 7.5 0 0 0 -1 0 0 0 7.5 4-4ndis.dat
4 16 -76.63 1.5 6.888 -67.5 1.5 7.5 -67.5 1.5 -7.5 -72.728 1.5 -12.728
4 16 -72.728 1.5 -12.728 -67.5 1.5 -7.5 -52.5 1.5 -7.5 -60 1.5 -18
3 16 -60 1.5 -18 -52.5 1.5 -7.5 -47.5 1.5 -7.5
3 16 -60 1.5 -18 -47.5 1.5 -7.5 -32.5 1.5 -7.5
3 16 -60 1.5 -18 -32.5 1.5 -7.5 -27.5 1.5 -7.5
3 16 -60 1.5 -18 -27.5 1.5 -7.5 -12.5 1.5 -7.5
3 16 -60 1.5 -18 -12.5 1.5 -7.5 -7.5 1.5 -7.5
4 16 -60 1.5 -18 -7.5 1.5 -7.5 7.5 1.5 -7.5 240 1.5 -18
4 16 -52.5 1.5 -7.5 -52.5 1.5 7.5 -47.5 1.5 7.5 -47.5 1.5 -7.5
4 16 -32.5 1.5 -7.5 -32.5 1.5 7.5 -27.5 1.5 7.5 -27.5 1.5 -7.5
4 16 -12.5 1.5 -7.5 -12.5 1.5 7.5 -7.5 1.5 7.5 -7.5 1.5 -7.5
4 16 246.889 1.5 16.63 247.5 1.5 7.5 232.5 1.5 7.5 6.888 1.5 136.63
3 16 258 1.5 0 247.5 1.5 7.5 246.889 1.5 16.63
4 16 247.5 1.5 -7.5 247.5 1.5 7.5 258 1.5 0 252.728 1.5 -12.728
4 16 232.5 1.5 -7.5 247.5 1.5 -7.5 252.728 1.5 -12.728 240 1.5 -18
3 16 240 1.5 -18 227.5 1.5 -7.5 232.5 1.5 -7.5
3 16 240 1.5 -18 212.5 1.5 -7.5 227.5 1.5 -7.5
3 16 240 1.5 -18 207.5 1.5 -7.5 212.5 1.5 -7.5
3 16 240 1.5 -18 192.5 1.5 -7.5 207.5 1.5 -7.5
3 16 240 1.5 -18 7.5 1.5 -7.5 192.5 1.5 -7.5
4 16 7.5 1.5 -7.5 7.5 1.5 7.5 192.5 1.5 7.5 192.5 1.5 -7.5
4 16 207.5 1.5 -7.5 207.5 1.5 7.5 212.5 1.5 7.5 212.5 1.5 -7.5
4 16 227.5 1.5 -7.5 227.5 1.5 7.5 232.5 1.5 7.5 232.5 1.5 -7.5
4 16 -6.888 1.5 136.63 6.888 1.5 136.63 7.5 1.5 127.5 -7.5 1.5 127.5
3 16 -7.5 1.5 127.5 -16.63 1.5 126.888 -6.888 1.5 136.63
4 16 -16.63 1.5 126.888 -7.5 1.5 127.5 -7.5 1.5 112.5 -67.5 1.5 7.5
4 16 -7.5 1.5 107.5 -7.5 1.5 112.5 7.5 1.5 112.5 7.5 1.5 107.5
4 16 7.5 1.5 87.5 -7.5 1.5 87.5 -7.5 1.5 92.5 7.5 1.5 92.5
4 16 7.5 1.5 127.5 6.888 1.5 136.63 232.5 1.5 7.5 227.5 1.5 7.5
4 16 7.5 1.5 112.5 7.5 1.5 127.5 227.5 1.5 7.5 212.5 1.5 7.5
4 16 7.5 1.5 107.5 7.5 1.5 112.5 212.5 1.5 7.5 207.5 1.5 7.5
4 16 7.5 1.5 92.5 7.5 1.5 107.5 207.5 1.5 7.5 192.5 1.5 7.5
3 16 192.5 1.5 7.5 7.5 1.5 87.5 7.5 1.5 92.5
3 16 192.5 1.5 7.5 7.5 1.5 72.5 7.5 1.5 87.5
4 16 7.5 1.5 72.5 192.5 1.5 7.5 7.5 1.5 7.5 -7.5 1.5 72.5
3 16 7.5 1.5 7.5 -7.5 1.5 7.5 -7.5 1.5 72.5
3 16 -67.5 1.5 7.5 -76.63 1.5 6.888 -16.63 1.5 126.888
4 16 -67.5 1.5 7.5 -7.5 1.5 112.5 -7.5 1.5 107.5 -52.5 1.5 7.5
4 16 -52.5 1.5 7.5 -7.5 1.5 107.5 -7.5 1.5 92.5 -47.5 1.5 7.5
4 16 -47.5 1.5 7.5 -7.5 1.5 92.5 -7.5 1.5 87.5 -32.5 1.5 7.5
4 16 -32.5 1.5 7.5 -7.5 1.5 87.5 -7.5 1.5 72.5 -27.5 1.5 7.5
3 16 -12.5 1.5 7.5 -27.5 1.5 7.5 -7.5 1.5 72.5
3 16 -7.5 1.5 7.5 -12.5 1.5 7.5 -7.5 1.5 72.5
2 24 -60 1.5 -18 240 1.5 -18
2 24 246.889 1.5 16.63 6.888 1.5 136.63
2 24 -16.63 1.5 126.888 -76.63 1.5 6.888
