0 Glass for Window  1 x  4 x  6 with Japanese "Ninja" Pattern
0 Name: 57895p01.dat
0 Author: Philippe Hurbain [Philo]
0 !LDRAW_ORG Part UPDATE 2012-03
0 !LICENSE Redistributable under CCAL version 2.0 : see CAreadme.txt

0 !HELP Position in 60596 frame: Y=4.5, Z=5

0 BFC CERTIFY CCW

0 !KEYWORDS 忍者, Ninjago, Masters of Spinjitsu
0 !KEYWORDS Set 2504, Set 2507, Set 2520

0 !HISTORY 2012-12-28 [PTadmin] Official Update 2012-03

1 16 0 0 0 1 0 0 0 1 0 0 0 1 s\57895s01.dat
0 BFC NOCLIP
4 4 -10.7 7.4 -2 -14 9.6 -2 -12.713 9.59 -2 -10.7 8.248 -2
4 4 -7.4 9.6 -2 -10.7 7.4 -2 -10.7 8.248 -2 -8.687 9.59 -2
4 4 -10.7 11.7 -2 -7.4 9.6 -2 -8.687 9.59 -2 -10.7 10.871 -2
4 4 -14 9.6 -2 -10.7 11.7 -2 -10.7 10.871 -2 -12.713 9.59 -2
4 79 -10.7 8.248 -2 -12.713 9.59 -2 -10.7 10.871 -2 -8.687 9.59 -2
4 4 -10.7 12.7 -2 -14 14.9 -2 -10.7 17 -2 -7.4 14.9 -2
4 4 -6.5 10 -2 -9.8 12.2 -2 -8.513 12.19 -2 -6.5 10.848 -2
4 4 -3.2 12.2 -2 -6.5 10 -2 -6.5 10.848 -2 -4.487 12.19 -2
4 4 -6.5 14.3 -2 -3.2 12.2 -2 -4.487 12.19 -2 -6.5 13.471 -2
4 4 -9.8 12.2 -2 -6.5 14.3 -2 -6.5 13.471 -2 -8.513 12.19 -2
4 79 -6.5 10.848 -2 -8.513 12.19 -2 -6.5 13.471 -2 -4.487 12.19 -2
4 4 -16.913 12.19 -2 -14.9 10.848 -2 -14.9 10 -2 -17.6 11.8 -2
4 4 -11.6 12.2 -2 -14.9 10 -2 -14.9 10.848 -2 -12.887 12.19 -2
4 4 -14.9 14.3 -2 -11.6 12.2 -2 -12.887 12.19 -2 -14.9 13.471 -2
4 79 -14.9 10.848 -2 -16.913 12.19 -2 -14.9 13.471 -2 -12.887 12.19 -2
4 79 -10.7 11.7 -2 -11.6 12.2 -2 -10.7 12.7 -2 -9.8 12.2 -2
4 79 -7.4 9.6 -2 -10.7 11.7 -2 -9.8 12.2 -2 -6.5 10 -2
4 79 -11.6 12.2 -2 -10.7 11.7 -2 -14 9.6 -2 -14.9 10 -2
4 79 -11.6 12.2 -2 -14.9 14.3 -2 -14 14.9 -2 -10.7 12.7 -2
4 79 -9.8 12.2 -2 -10.7 12.7 -2 -7.4 14.9 -2 -6.5 14.3 -2
4 4 -14.9 14.3 -2 -14.9 13.471 -2 -16.913 12.19 -2 -17.6 12.6 -2
4 4 -17.6 12.6 -2 -16.913 12.19 -2 -17.6 11.8 -2 -29 12.6 -2
4 4 -30.6 11.8 -2 -36.25 11.8 -2 -36.25 12.6 -2 -30.6 12.6 -2
4 4 -29 11.8 -2 -30.6 11.8 -2 -30.6 12.6 -2 -29 12.6 -2
3 4 -29 12.6 -2 -17.6 11.8 -2 -29 11.8 -2
3 84 -36.25 5.6 -2 -36.25 6.4 -2 -30.6 5.6 -2
4 84 -30.6 5.6 -2 -36.25 6.4 -2 -30.6 6.4 -2 -29 5.6 -2
4 84 -29 5.6 -2 -30.6 6.4 -2 -29 6.4 -2 -0.8 5.6 -2
3 84 -29 6.4 -2 -0.8 6.4 -2 -0.8 5.6 -2
4 79 -36.25 0 -2 -36.25 5.6 -2 -30.6 5.6 -2 -30.6 0 -2
4 84 -30.6 0 -2 -30.6 5.6 -2 -29 5.6 -2 -29 0 -2
4 79 -29 0 -2 -29 5.6 -2 -0.8 5.6 -2 -0.8 0 -2
4 84 -29 6.4 -2 -30.6 6.4 -2 -30.6 11.8 -2 -29 11.8 -2
4 79 -36.25 6.4 -2 -36.25 11.8 -2 -30.6 11.8 -2 -30.6 6.4 -2
4 79 -29 6.4 -2 -29 11.8 -2 -17.6 11.8 -2 -14.9 10 -2
4 79 -29 6.4 -2 -14.9 10 -2 -14 9.6 -2 -10.7 7.4 -2
3 79 -10.7 7.4 -2 -0.8 6.4 -2 -29 6.4 -2
4 79 -0.8 6.4 -2 -10.7 7.4 -2 -7.4 9.6 -2 -6.5 10 -2
3 79 -3.2 12.2 -2 -0.8 6.4 -2 -6.5 10 -2
4 84 -30.6 35.6 -2 -36.25 35.6 -2 -36.25 36.4 -2 -30.6 36.4 -2
3 84 -30.6 35.6 -2 -30.6 36.4 -2 -29 35.6 -2
4 84 -29 35.6 -2 -30.6 36.4 -2 -29 36.4 -2 -2.1 35.6 -2
4 84 -2.1 35.6 -2 -29 36.4 -2 -5.1 36.4 -2 -3.8 36.2 -2
4 84 -30.6 65.5 -2 -36.25 65.5 -2 -36.25 66.3 -2 -30.6 66.3 -2
3 84 -30.6 65.5 -2 -30.6 66.3 -2 -29 65.5 -2
4 84 -29 65.5 -2 -30.6 66.3 -2 -29 66.3 -2 -9.3 65.5 -2
4 84 -9.3 65.5 -2 -29 66.3 -2 -8.3 66.3 -2 -8.5 65.9 -2
4 79 -36.25 12.6 -2 -36.25 35.6 -2 -30.6 35.6 -2 -30.6 12.6 -2
4 84 -30.6 12.6 -2 -30.6 35.6 -2 -29 35.6 -2 -29 12.6 -2
4 79 -30.6 65.5 -2 -30.6 36.4 -2 -36.25 36.4 -2 -36.25 65.5 -2
4 84 -30.6 36.4 -2 -30.6 65.5 -2 -29 65.5 -2 -29 36.4 -2
3 84 -36.25 95.6 -2 -36.25 96.4 -2 -30.6 95.6 -2
4 84 -30.6 95.6 -2 -36.25 96.4 -2 -30.6 96.4 -2 -29 95.6 -2
4 84 -29 95.6 -2 -30.6 96.4 -2 -29 96.4 -2 -0.8 95.6 -2
3 84 -29 96.4 -2 -0.8 96.4 -2 -0.8 95.6 -2
4 84 -30.6 125.4 -2 -36.25 125.4 -2 -36.25 126.2 -2 -30.6 126.2 -2
3 84 -30.6 125.4 -2 -30.6 126.2 -2 -29 125.4 -2
4 84 -29 125.4 -2 -30.6 126.2 -2 -29 126.2 -2 -0.8 125.4 -2
3 84 -29 126.2 -2 -0.8 126.2 -2 -0.8 125.4 -2
4 84 -29 126.2 -2 -30.6 126.2 -2 -30.6 131.5 -2 -29 131.5 -2
4 79 -36.25 126.2 -2 -36.25 131.5 -2 -30.6 131.5 -2 -30.6 126.2 -2
4 79 -29 126.2 -2 -29 131.5 -2 -0.8 131.5 -2 -0.8 126.2 -2
4 79 -36.25 96.4 -2 -36.25 125.4 -2 -30.6 125.4 -2 -30.6 96.4 -2
4 84 -30.6 96.4 -2 -30.6 125.4 -2 -29 125.4 -2 -29 96.4 -2
4 79 -29 96.4 -2 -29 125.4 -2 -0.8 125.4 -2 -0.8 96.4 -2
4 79 -36.25 66.3 -2 -36.25 95.6 -2 -30.6 95.6 -2 -30.6 66.3 -2
4 84 -30.6 66.3 -2 -30.6 95.6 -2 -29 95.6 -2 -29 66.3 -2
4 79 -17.6 12.6 -2 -29 12.6 -2 -29 35.6 -2 -14.9 14.3 -2
3 79 -14 14.9 -2 -14.9 14.3 -2 -29 35.6 -2
4 79 -10.7 17 -2 -14 14.9 -2 -29 35.6 -2 -5.3 33.6 -2
4 4 12.713 9.59 -2 14 9.6 -2 10.7 7.4 -2 10.7 8.248 -2
4 4 10.7 8.248 -2 10.7 7.4 -2 7.4 9.6 -2 8.687 9.59 -2
4 4 8.687 9.59 -2 7.4 9.6 -2 10.7 11.7 -2 10.7 10.871 -2
4 4 10.7 10.871 -2 10.7 11.7 -2 14 9.6 -2 12.713 9.59 -2
4 79 10.7 10.871 -2 12.713 9.59 -2 10.7 8.248 -2 8.687 9.59 -2
4 4 10.7 17 -2 14 14.9 -2 10.7 12.7 -2 7.4 14.9 -2
4 4 8.513 12.19 -2 9.8 12.2 -2 6.5 10 -2 6.5 10.848 -2
4 4 6.5 10.848 -2 6.5 10 -2 3.2 12.2 -2 4.487 12.19 -2
4 4 4.487 12.19 -2 3.2 12.2 -2 6.5 14.3 -2 6.5 13.471 -2
4 4 6.5 13.471 -2 6.5 14.3 -2 9.8 12.2 -2 8.513 12.19 -2
4 79 6.5 13.471 -2 8.513 12.19 -2 6.5 10.848 -2 4.487 12.19 -2
4 4 14.9 10 -2 14.9 10.848 -2 16.913 12.19 -2 17.6 11.8 -2
4 4 14.9 10.848 -2 14.9 10 -2 11.6 12.2 -2 12.887 12.19 -2
4 4 12.887 12.19 -2 11.6 12.2 -2 14.9 14.3 -2 14.9 13.471 -2
4 79 14.9 13.471 -2 16.913 12.19 -2 14.9 10.848 -2 12.887 12.19 -2
4 79 10.7 12.7 -2 11.6 12.2 -2 10.7 11.7 -2 9.8 12.2 -2
4 79 9.8 12.2 -2 10.7 11.7 -2 7.4 9.6 -2 6.5 10 -2
4 79 14 9.6 -2 10.7 11.7 -2 11.6 12.2 -2 14.9 10 -2
4 79 14 14.9 -2 14.9 14.3 -2 11.6 12.2 -2 10.7 12.7 -2
4 79 7.4 14.9 -2 10.7 12.7 -2 9.8 12.2 -2 6.5 14.3 -2
4 4 16.913 12.19 -2 14.9 13.471 -2 14.9 14.3 -2 17.6 12.6 -2
4 4 17.6 11.8 -2 16.913 12.19 -2 17.6 12.6 -2 29 12.6 -2
4 4 36.25 12.6 -2 36.25 11.8 -2 30.6 11.8 -2 30.6 12.6 -2
4 4 30.6 12.6 -2 30.6 11.8 -2 29 11.8 -2 29 12.6 -2
3 4 29 12.6 -2 29 11.8 -2 17.6 11.8 -2
3 84 36.25 6.4 -2 36.25 5.6 -2 30.6 5.6 -2
4 84 30.6 6.4 -2 36.25 6.4 -2 30.6 5.6 -2 29 5.6 -2
4 84 29 6.4 -2 30.6 6.4 -2 29 5.6 -2 0.8 5.6 -2
4 84 0.8 6.4 -2 29 6.4 -2 0.8 5.6 -2 -0.8 5.6 -2
4 79 30.6 5.6 -2 36.25 5.6 -2 36.25 0 -2 30.6 0 -2
4 84 29 5.6 -2 30.6 5.6 -2 30.6 0 -2 29 0 -2
4 79 0.8 5.6 -2 29 5.6 -2 29 0 -2 0.8 0 -2
4 84 30.6 11.8 -2 30.6 6.4 -2 29 6.4 -2 29 11.8 -2
4 79 30.6 11.8 -2 36.25 11.8 -2 36.25 6.4 -2 30.6 6.4 -2
4 79 17.6 11.8 -2 29 11.8 -2 29 6.4 -2 14.9 10 -2
4 79 14 9.6 -2 14.9 10 -2 29 6.4 -2 10.7 7.4 -2
3 79 10.7 7.4 -2 29 6.4 -2 0.8 6.4 -2
4 79 7.4 9.6 -2 10.7 7.4 -2 0.8 6.4 -2 6.5 10 -2
3 79 6.5 10 -2 0.8 6.4 -2 3.2 12.2 -2
4 84 36.25 36.4 -2 36.25 35.6 -2 30.6 35.6 -2 30.6 36.4 -2
3 84 29 35.6 -2 30.6 36.4 -2 30.6 35.6 -2
4 84 29 36.4 -2 30.6 36.4 -2 29 35.6 -2 6.9 35.6 -2
3 84 6.8 36.4 -2 29 36.4 -2 6.9 35.6 -2
4 84 36.25 66.3 -2 36.25 65.5 -2 30.6 65.5 -2 30.6 66.3 -2
3 84 29 65.5 -2 30.6 66.3 -2 30.6 65.5 -2
4 84 29 66.3 -2 30.6 66.3 -2 29 65.5 -2 9.9 65.5 -2
4 84 4.9 66.3 -2 29 66.3 -2 9.9 65.5 -2 5.2 66.1 -2
4 79 30.6 35.6 -2 36.25 35.6 -2 36.25 12.6 -2 30.6 12.6 -2
4 84 29 35.6 -2 30.6 35.6 -2 30.6 12.6 -2 29 12.6 -2
4 79 36.25 36.4 -2 30.6 36.4 -2 30.6 65.5 -2 36.25 65.5 -2
4 84 29 65.5 -2 30.6 65.5 -2 30.6 36.4 -2 29 36.4 -2
3 84 36.25 96.4 -2 36.25 95.6 -2 30.6 95.6 -2
4 84 30.6 96.4 -2 36.25 96.4 -2 30.6 95.6 -2 29 95.6 -2
4 84 29 96.4 -2 30.6 96.4 -2 29 95.6 -2 0.8 95.6 -2
4 84 0.8 96.4 -2 29 96.4 -2 0.8 95.6 -2 -0.8 95.6 -2
4 84 36.25 126.2 -2 36.25 125.4 -2 30.6 125.4 -2 30.6 126.2 -2
3 84 29 125.4 -2 30.6 126.2 -2 30.6 125.4 -2
4 84 29 126.2 -2 30.6 126.2 -2 29 125.4 -2 0.8 125.4 -2
4 84 0.8 126.2 -2 29 126.2 -2 0.8 125.4 -2 -0.8 125.4 -2
4 84 30.6 131.5 -2 30.6 126.2 -2 29 126.2 -2 29 131.5 -2
4 79 30.6 131.5 -2 36.25 131.5 -2 36.25 126.2 -2 30.6 126.2 -2
4 79 0.8 131.5 -2 29 131.5 -2 29 126.2 -2 0.8 126.2 -2
4 79 30.6 125.4 -2 36.25 125.4 -2 36.25 96.4 -2 30.6 96.4 -2
4 84 29 125.4 -2 30.6 125.4 -2 30.6 96.4 -2 29 96.4 -2
4 79 0.8 125.4 -2 29 125.4 -2 29 96.4 -2 0.8 96.4 -2
4 79 30.6 95.6 -2 36.25 95.6 -2 36.25 66.3 -2 30.6 66.3 -2
4 84 29 95.6 -2 30.6 95.6 -2 30.6 66.3 -2 29 66.3 -2
4 79 29 35.6 -2 29 12.6 -2 17.6 12.6 -2 14.9 14.3 -2
3 79 29 35.6 -2 14.9 14.3 -2 14 14.9 -2
4 79 29 35.6 -2 14 14.9 -2 10.7 17 -2 6.3 33.6 -2
4 84 -0.8 126.2 -2 -0.8 131.5 -2 0.8 131.5 -2 0.8 126.2 -2
3 84 -0.8 126.2 -2 0.8 126.2 -2 -0.8 125.4 -2
3 84 -0.8 125.4 -2 0.8 125.4 -2 -0.8 96.4 -2
4 84 -0.8 96.4 -2 0.8 125.4 -2 0.8 96.4 -2 -0.8 95.6 -2
4 84 -0.8 0 -2 -0.8 5.6 -2 0.8 5.6 -2 0.8 0 -2
4 84 0.8 6.4 -2 -0.8 5.6 -2 -0.8 6.4 -2 0.8 32.3 -2
3 84 -3.8 36.2 -2 -2.4 36.1 -2 -2.1 35.6 -2
4 84 3.9 35.6 -2 0.8 35.6 -2 0.8 36.4 -2 3.6 36.4 -2
4 84 -0.2 36.5 -2 0.8 36.9 -2 0.8 36.4 -2 0.3 36 -2
4 84 0.3 36 -2 0.8 36.4 -2 0.8 35.6 -2 0.7 35.1 -2
3 84 0.7 35.1 -2 0.8 35.6 -2 0.8 34.1 -2
4 84 0.5 40.2 -2 0.8 38.8 -2 -0.8 38.6 -2 -0.8 40.1 -2
3 84 0.5 40.2 -2 0.8 40 -2 0.8 38.8 -2
4 79 0.8 38.8 -2 0.8 40 -2 1.7 39.1 -2 1.2 38.7 -2
4 79 1.6 38.2 -2 1.2 38.7 -2 1.7 39.1 -2 2.7 37.8 -2
4 79 1.5 37.5 -2 1.6 38.2 -2 2.7 37.8 -2 3.6 36.4 -2
4 79 0.8 36.9 -2 1.5 37.5 -2 3.6 36.4 -2 0.8 36.4 -2
4 79 2.3 33.5 -2 0.8 34.1 -2 0.8 35.6 -2 3.9 35.6 -2
4 79 2.3 33.5 -2 3.9 35.6 -2 4.1 34.9 -2 4.2 34.1 -2
4 79 2.7 33.4 -2 2.3 33.5 -2 4.2 34.1 -2 3.6 33.5 -2
4 79 -2.1 35.6 -2 -1.9 35 -2 -2 34.7 -2 -2.6 34.5 -2
4 79 -2.1 35.6 -2 -2.6 34.5 -2 -3.9 34.2 -2 -29 35.6 -2
3 79 -3.9 34.2 -2 -5.3 33.6 -2 -29 35.6 -2
4 79 -10.7 17 -2 -5.3 33.6 -2 -3.9 33.2 -2 -7.4 14.9 -2
4 79 -7.4 14.9 -2 -3.9 33.2 -2 -2.6 32.9 -2 -6.5 14.3 -2
4 79 -3.2 12.2 -2 -6.5 14.3 -2 -2.6 32.9 -2 -0.8 32.5 -2
3 79 -0.8 32.5 -2 -0.8 6.4 -2 -3.2 12.2 -2
3 84 -0.8 32.5 -2 0.8 32.3 -2 -0.8 6.4 -2
4 79 3.2 12.2 -2 0.8 6.4 -2 0.8 32.3 -2 2.5 32.3 -2
4 79 3.2 12.2 -2 2.5 32.3 -2 3.6 32.3 -2 6.5 14.3 -2
3 79 7.4 14.9 -2 6.5 14.3 -2 3.6 32.3 -2
4 79 10.7 17 -2 7.4 14.9 -2 3.6 32.3 -2 5.4 32.9 -2
3 79 6.3 33.6 -2 10.7 17 -2 5.4 32.9 -2
3 79 29 35.6 -2 6.3 33.6 -2 6.8 34.5 -2
3 79 29 35.6 -2 6.8 34.5 -2 6.9 35.6 -2
4 84 -0.1 42.9 -2 -0.8 42.3 -2 -0.8 43.5 -2 0.8 43.9 -2
3 84 0.8 43.9 -2 0.8 43 -2 -0.1 42.9 -2
4 79 0.8 43 -2 0.8 43.9 -2 1.5 44.1 -2 2 43.7 -2
4 79 3 41.5 -2 0.8 43 -2 2 43.7 -2 2.9 43.5 -2
3 79 4.1 43.2 -2 3 41.5 -2 2.9 43.5 -2
4 79 3 41.5 -2 4.1 43.2 -2 5.4 43 -2 4.9 39.7 -2
4 79 4.9 39.7 -2 5.4 43 -2 7.1 42.8 -2 6.2 37.5 -2
4 79 6.2 37.5 -2 7.1 42.8 -2 9.1 43.1 -2 6.8 36.4 -2
4 79 7.5 48.3 -2 8.8 45.2 -2 6.7 44.1 -2 5.6 46.9 -2
4 79 5.6 46.9 -2 6.7 44.1 -2 4.6 43.4 -2 3.6 46 -2
4 79 3.6 46 -2 4.6 43.4 -2 3.7 43.5 -2 3.1 43.8 -2
4 79 2.2 45.1 -2 3.6 46 -2 3.1 43.8 -2 2.3 44.6 -2
4 79 8.8 45.2 -2 7.5 48.3 -2 8.8 49.7 -2 10.8 45.8 -2
4 79 10.8 45.8 -2 8.8 49.7 -2 9.2 50.4 -2 11.7 45.7 -2
4 0 -1.9 43 -2 -2.5 43.2 -2 -2.8 43.7 -2 -2.6 44.3 -2
4 0 -0.8 43.5 -2 -1.9 43 -2 -2.6 44.3 -2 -1.8 45.2 -2
4 0 -0.8 43.5 -2 -1.8 45.2 -2 -0.8 45.9 -2 0.8 43.9 -2
4 0 0.8 43.9 -2 -0.8 45.9 -2 0.2 46.3 -2 1.5 44.1 -2
4 0 1.5 44.1 -2 0.2 46.3 -2 0.8 46.5 -2 2.2 45.1 -2
4 0 1.5 44.1 -2 2.2 45.1 -2 2.3 44.6 -2 2 43.7 -2
4 0 2 43.7 -2 2.3 44.6 -2 3.1 43.8 -2 2.9 43.5 -2
4 0 2.9 43.5 -2 3.1 43.8 -2 3.7 43.5 -2 4.1 43.2 -2
4 0 4.1 43.2 -2 3.7 43.5 -2 4.6 43.4 -2 5.4 43 -2
4 0 5.4 43 -2 4.6 43.4 -2 6.7 44.1 -2 7.1 42.8 -2
4 0 7.1 42.8 -2 6.7 44.1 -2 8.8 45.2 -2 9.1 43.1 -2
4 0 10.2 43.5 -2 9.1 43.1 -2 8.8 45.2 -2 10.8 45.8 -2
4 0 11.7 44.4 -2 10.2 43.5 -2 10.8 45.8 -2 12.1 45 -2
4 0 12.1 45.3 -2 12.1 45 -2 10.8 45.8 -2 11.7 45.7 -2
4 0 2.2 45.1 -2 0.8 46.5 -2 1.8 46.6 -2 2.5 46.5 -2
4 0 3.6 46 -2 2.2 45.1 -2 2.5 46.5 -2 3.5 46.9 -2
4 0 5.6 46.9 -2 3.6 46 -2 3.5 46.9 -2 4.7 47.9 -2
4 0 7.5 48.3 -2 5.6 46.9 -2 4.7 47.9 -2 5.6 49.2 -2
4 0 8.8 49.7 -2 7.5 48.3 -2 5.6 49.2 -2 5.6 49.6 -2
4 0 9.2 50.4 -2 8.8 49.7 -2 5.6 49.6 -2 9.2 51.1 -2
4 0 8.8 51.5 -2 9.2 51.1 -2 5.6 49.6 -2 6 52.1 -2
4 0 6 52.1 -2 5.6 49.6 -2 5.2 49.8 -2 3.1 52.4 -2
4 0 3.1 52.4 -2 5.2 49.8 -2 3.3 50 -2 0.8 52.3 -2
4 0 0.8 52.3 -2 3.3 50 -2 0.8 49.9 -2 -0.8 52 -2
4 0 -0.8 52 -2 0.8 49.9 -2 -0.8 49.6 -2 -2 51.5 -2
4 0 -2 51.5 -2 -0.8 49.6 -2 -1.8 49.2 -2 -3.6 50.6 -2
4 0 -3.6 50.6 -2 -1.8 49.2 -2 -3.1 47.9 -2 -4.8 49 -2
4 0 -4.8 49 -2 -3.1 47.9 -2 -4.2 45.9 -2 -5.8 46.4 -2
4 0 -5.8 46.4 -2 -4.2 45.9 -2 -5.5 43.8 -2 -6.3 43.7 -2
4 0 -6.3 43.7 -2 -5.5 43.8 -2 -5.9 43.3 -2 -6.2 43.2 -2
4 0 -6.4 51.6 -2 -6.1 51.1 -2 -6.4 50.3 -2 -6.9 51.8 -2
4 0 -8.2 51.3 -2 -6.9 51.8 -2 -6.4 50.3 -2 -9.2 49.9 -2
4 0 -9.2 49.9 -2 -6.4 50.3 -2 -7.1 48.4 -2 -9.2 48.3 -2
4 0 -8.2 46.6 -2 -9.2 48.3 -2 -7.1 48.4 -2 -7.3 46.5 -2
3 0 -8 46.4 -2 -8.2 46.6 -2 -7.3 46.5 -2
3 0 -7.6 44.9 -2 -8 46.4 -2 -7.3 46.5 -2
4 0 -9 46.3 -2 -9.2 48.3 -2 -8.2 46.6 -2 -8.4 46.2 -2
3 0 -8.8 45.8 -2 -9 46.3 -2 -8.4 46.2 -2
4 84 0.2 46.3 -2 -0.8 45.9 -2 -0.8 49.6 -2 0.8 49.9 -2
3 84 0.8 49.9 -2 0.8 46.5 -2 0.2 46.3 -2
4 79 1.8 46.6 -2 0.8 46.5 -2 0.8 49.9 -2 3.3 50 -2
4 79 2.5 46.5 -2 1.8 46.6 -2 3.3 50 -2 3.5 46.9 -2
4 79 4.7 47.9 -2 3.5 46.9 -2 3.3 50 -2 5.2 49.8 -2
4 79 5.6 49.2 -2 4.7 47.9 -2 5.2 49.8 -2 5.6 49.6 -2
4 79 -1.8 49.2 -2 -0.8 49.6 -2 -0.8 45.9 -2 -3.1 47.9 -2
4 79 -3.1 47.9 -2 -0.8 45.9 -2 -1.8 45.2 -2 -4.2 45.9 -2
3 79 -1.8 45.2 -2 -2.6 44.3 -2 -4.2 45.9 -2
4 79 -4.2 45.9 -2 -2.6 44.3 -2 -2.8 43.7 -2 -5.5 43.8 -2
4 79 -5.9 43.3 -2 -5.5 43.8 -2 -2.8 43.7 -2 -2.5 43.2 -2
4 79 -5.9 43.3 -2 -2.5 43.2 -2 -5 41.3 -2 -6.2 43.2 -2
3 79 -6.2 43.2 -2 -5 41.3 -2 -6 41.3 -2
4 79 -6.2 43.2 -2 -6 41.3 -2 -7.3 41 -2 -6.3 43.7 -2
4 79 -6.3 43.7 -2 -7.3 41 -2 -7.6 44.9 -2 -5.8 46.4 -2
3 79 -5.8 46.4 -2 -7.6 44.9 -2 -7.3 46.5 -2
4 79 -5.8 46.4 -2 -7.3 46.5 -2 -7.1 48.4 -2 -4.8 49 -2
4 79 -4.8 49 -2 -7.1 48.4 -2 -6.4 50.3 -2 -6.1 51.1 -2
3 79 -3.6 50.6 -2 -4.8 49 -2 -6.1 51.1 -2
4 79 -2 51.5 -2 -3.6 50.6 -2 -6.1 51.1 -2 -6.4 51.6 -2
4 79 -0.8 40.1 -2 -0.8 38.6 -2 -1.5 38.4 -2 -1.3 40.3 -2
4 79 -1.3 40.3 -2 -1.5 38.4 -2 -3.4 40.3 -2 -1.3 41.1 -2
4 79 -1.3 41.1 -2 -3.4 40.3 -2 -5 41.3 -2 -2.5 43.2 -2
4 79 -1.3 41.1 -2 -2.5 43.2 -2 -1.9 43 -2 -0.8 42.3 -2
3 79 -0.8 43.5 -2 -0.8 42.3 -2 -1.9 43 -2
4 79 -8.4 46.2 -2 -8.2 46.6 -2 -8 46.4 -2 -7.6 44.9 -2
4 79 -8.8 45.8 -2 -8.4 46.2 -2 -7.6 44.9 -2 -7.3 41 -2
4 79 -8.8 45.8 -2 -7.3 41 -2 -7.7 40.6 -2 -29 36.4 -2
3 79 -3.5 37.6 -2 -4.4 37.2 -2 -4.4 38.7 -2
4 79 -4.4 38.7 -2 -4.4 37.2 -2 -5.1 36.8 -2 -5.8 39.9 -2
4 79 -7.7 40.6 -2 -5.8 39.9 -2 -5.1 36.8 -2 -29 36.4 -2
3 79 -5.2 36.6 -2 -29 36.4 -2 -5.1 36.8 -2
3 79 -5.2 36.6 -2 -5.1 36.4 -2 -29 36.4 -2
4 0 -5.8 39.9 -2 -7.7 40.6 -2 -7.3 41 -2 -6 41.3 -2
4 0 -5.8 39.9 -2 -6 41.3 -2 -5 41.3 -2 -4.4 38.7 -2
4 0 -4.4 38.7 -2 -5 41.3 -2 -3.4 40.3 -2 -3.5 37.6 -2
4 0 -3.5 37.6 -2 -3.4 40.3 -2 -1.5 38.4 -2 -2.4 36.1 -2
4 0 -3.5 37.6 -2 -2.4 36.1 -2 -3.8 36.2 -2 -4.4 37.2 -2
4 0 -5.1 36.8 -2 -4.4 37.2 -2 -3.8 36.2 -2 -5.2 36.6 -2
3 0 -3.8 36.2 -2 -5.1 36.4 -2 -5.2 36.6 -2
4 0 -0.2 36.5 -2 -1.5 38.4 -2 -0.8 38.6 -2 0.8 36.9 -2
4 0 0.8 36.9 -2 -0.8 38.6 -2 0.8 38.8 -2 1.2 38.7 -2
4 0 0.8 36.9 -2 1.2 38.7 -2 1.6 38.2 -2 1.5 37.5 -2
4 0 -2.4 36.1 -2 -1.5 38.4 -2 -0.2 36.5 -2 -2.1 35.6 -2
4 0 -2.1 35.6 -2 -0.2 36.5 -2 0.3 36 -2 0.7 35.1 -2
4 0 -1.9 35 -2 -2.1 35.6 -2 0.7 35.1 -2 0.8 34.1 -2
4 0 -2 34.7 -2 -1.9 35 -2 0.8 34.1 -2 -0.8 32.5 -2
4 0 -2 34.7 -2 -0.8 32.5 -2 -2.6 32.9 -2 -2.6 34.5 -2
4 0 -2.6 34.5 -2 -2.6 32.9 -2 -3.9 33.2 -2 -3.9 34.2 -2
3 0 -3.9 33.2 -2 -5.3 33.6 -2 -3.9 34.2 -2
4 0 0.8 32.3 -2 -0.8 32.5 -2 0.8 34.1 -2 2.3 33.5 -2
4 0 2.5 32.3 -2 0.8 32.3 -2 2.3 33.5 -2 2.7 33.4 -2
4 0 3.6 32.3 -2 2.5 32.3 -2 2.7 33.4 -2 3.6 33.5 -2
3 0 3.6 32.3 -2 3.6 33.5 -2 5.4 32.9 -2
4 0 5.4 32.9 -2 3.6 33.5 -2 4.2 34.1 -2 6.3 33.6 -2
4 0 6.8 34.5 -2 6.3 33.6 -2 4.2 34.1 -2 4.1 34.9 -2
4 0 6.9 35.6 -2 6.8 34.5 -2 4.1 34.9 -2 3.9 35.6 -2
4 0 6.8 36.4 -2 6.9 35.6 -2 3.9 35.6 -2 3.6 36.4 -2
4 0 6.2 37.5 -2 6.8 36.4 -2 3.6 36.4 -2 2.7 37.8 -2
4 0 4.9 39.7 -2 6.2 37.5 -2 2.7 37.8 -2 1.7 39.1 -2
4 0 3 41.5 -2 4.9 39.7 -2 1.7 39.1 -2 0.8 40 -2
4 0 0.8 43 -2 3 41.5 -2 0.8 40 -2 0.5 40.2 -2
4 0 -0.1 42.9 -2 0.8 43 -2 0.5 40.2 -2 -0.8 42.3 -2
4 0 -0.8 42.3 -2 0.5 40.2 -2 -0.8 40.1 -2 -1.3 41.1 -2
3 0 -0.8 40.1 -2 -1.3 40.3 -2 -1.3 41.1 -2
3 79 10.2 43.5 -2 6.8 36.4 -2 9.1 43.1 -2
4 79 6.8 36.4 -2 10.2 43.5 -2 11.7 44.4 -2 29 36.4 -2
3 79 12.1 45 -2 29 36.4 -2 11.7 44.4 -2
4 79 29 36.4 -2 12.1 45 -2 12.1 45.3 -2 29 65.5 -2
4 79 12.1 45.3 -2 11.7 45.7 -2 9.2 50.4 -2 9.2 51.1 -2
3 79 -8.8 45.8 -2 -29 36.4 -2 -9 46.3 -2
3 79 -9 46.3 -2 -29 36.4 -2 -9.2 48.3 -2
4 79 -9.2 49.9 -2 -9.2 48.3 -2 -29 36.4 -2 -29 65.5 -2
3 79 -8.2 51.3 -2 -9.2 49.9 -2 -29 65.5 -2
4 79 -6.9 51.8 -2 -8.2 51.3 -2 -29 65.5 -2 -3.1 60.9 -2
4 0 5.9 77.4 -2 6.6 77.6 -2 7.4 77.2 -2 7.8 76.3 -2
4 0 5.5 77 -2 5.9 77.4 -2 7.8 76.3 -2 7.9 75 -2
4 0 5 74.7 -2 5.5 77 -2 7.9 75 -2 5.2 74.2 -2
4 0 5.2 74.2 -2 7.9 75 -2 7.8 72.1 -2 5.3 72.6 -2
4 0 5.3 72.6 -2 7.8 72.1 -2 5.1 70.9 -2 5.1 72.4 -2
3 0 5.1 70.9 -2 4.8 70.9 -2 5.1 72.4 -2
4 0 5.1 72.4 -2 4.8 70.9 -2 4.2 70.8 -2 3.4 73.4 -2
4 0 2.4 72.8 -2 3.4 73.4 -2 4.2 70.8 -2 3 70.8 -2
4 0 2.4 72.8 -2 3 70.8 -2 2.2 70.9 -2 1.9 72.7 -2
4 0 1.9 72.7 -2 2.2 70.9 -2 1.8 71 -2 1.4 72.8 -2
4 0 -0.3 72.1 -2 1.4 72.8 -2 1.8 71 -2 -0.3 71 -2
3 0 1.7 70.7 -2 -0.3 71 -2 1.8 71 -2
4 0 -0.3 71 -2 1.7 70.7 -2 1.7 69.8 -2 -0.8 68.4 -2
4 0 -0.8 68.4 -2 1.7 69.8 -2 2.1 69.4 -2 0.6 66.8 -2
4 0 3.6 67.5 -2 0.6 66.8 -2 2.1 69.4 -2 3.9 69 -2
4 0 5.3 67.3 -2 3.6 67.5 -2 3.9 69 -2 5.2 69.1 -2
4 0 6.3 67.3 -2 5.3 67.3 -2 5.2 69.1 -2 7.1 67.7 -2
4 0 7.1 67.7 -2 5.2 69.1 -2 5.4 69.3 -2 7.5 68.5 -2
4 0 7.5 68.5 -2 5.4 69.3 -2 5.3 70.6 -2 7.8 72.1 -2
3 0 5.3 70.6 -2 5.1 70.9 -2 7.8 72.1 -2
3 0 2.4 72.8 -2 2.4 73.1 -2 3.4 73.4 -2
4 0 3.4 73.4 -2 2.4 73.1 -2 2 73.6 -2 2 74.4 -2
4 0 2 74.4 -2 2 73.6 -2 1.4 74 -2 1.6 74.7 -2
4 0 -0.5 75.5 -2 1.6 74.7 -2 1.4 74 -2 -0.6 74.6 -2
4 0 -0.6 74.6 -2 1.4 74 -2 1.3 73.8 -2 -0.3 72.1 -2
3 0 -0.3 72.1 -2 1.3 73.8 -2 1.4 72.8 -2
3 0 1.6 74.7 -2 -0.5 75.5 -2 0.1 76.3 -2
4 0 1.7 75.1 -2 1.6 74.7 -2 0.1 76.3 -2 0.8 76.6 -2
4 0 2.1 75.2 -2 1.7 75.1 -2 0.8 76.6 -2 5.5 77 -2
3 0 4.5 74.9 -2 2.1 75.2 -2 5.5 77 -2
3 0 5 74.7 -2 4.5 74.9 -2 5.5 77 -2
4 0 -0.8 71.3 -2 -0.3 71 -2 -0.8 68.4 -2 -2.7 70.3 -2
4 0 -2.6 72.5 -2 -0.8 71.3 -2 -2.7 70.3 -2 -5.2 72 -2
4 0 -4 73.2 -2 -2.6 72.5 -2 -5.2 72 -2 -5.3 73.5 -2
4 0 -7.6 73.5 -2 -5.3 73.5 -2 -5.2 72 -2 -7.9 73.1 -2
4 0 -8.2 73.4 -2 -7.6 73.5 -2 -7.9 73.1 -2 -8.2 73.2 -2
3 0 -8.5 73.1 -2 -8.2 73.4 -2 -8.2 73.2 -2
4 79 5.3 70.6 -2 5.4 69.3 -2 5.2 69.1 -2 5.1 70.9 -2
4 79 4.8 70.9 -2 5.1 70.9 -2 5.2 69.1 -2 3.9 69 -2
3 79 4.8 70.9 -2 3.9 69 -2 4.2 70.8 -2
4 79 3 70.8 -2 4.2 70.8 -2 3.9 69 -2 2.1 69.4 -2
4 79 2.2 70.9 -2 3 70.8 -2 2.1 69.4 -2 1.7 69.8 -2
4 79 2.2 70.9 -2 1.7 69.8 -2 1.7 70.7 -2 1.8 71 -2
4 79 2 73.6 -2 1.4 72.8 -2 1.3 73.8 -2 1.4 74 -2
4 79 1.9 72.7 -2 1.4 72.8 -2 2 73.6 -2 2.4 72.8 -2
3 79 2.4 73.1 -2 2.4 72.8 -2 2 73.6 -2
4 79 2 74.4 -2 1.6 74.7 -2 1.7 75.1 -2 2.1 75.2 -2
4 79 3.4 73.4 -2 2 74.4 -2 2.1 75.2 -2 4.5 74.9 -2
4 79 3.4 73.4 -2 4.5 74.9 -2 5 74.7 -2 5.2 74.2 -2
4 79 3.4 73.4 -2 5.2 74.2 -2 5.3 72.6 -2 5.1 72.4 -2
4 84 0.8 76.6 -2 0.1 76.3 -2 -0.8 78 -2 0.8 95.6 -2
3 84 -0.8 78 -2 0.1 76.3 -2 -0.5 75.5 -2
4 84 -0.8 75 -2 -0.8 78 -2 -0.5 75.5 -2 -0.6 74.6 -2
4 84 -0.8 71.3 -2 -0.8 75 -2 -0.6 74.6 -2 -0.3 72.1 -2
3 84 -0.8 71.3 -2 -0.3 72.1 -2 -0.3 71 -2
3 79 -0.8 75 -2 -0.8 71.3 -2 -2.6 72.5 -2
4 79 -0.8 75 -2 -2.6 72.5 -2 -4 73.2 -2 -0.8 78 -2
3 79 -0.8 78 -2 -4 73.2 -2 -5.3 73.5 -2
4 79 -0.8 78 -2 -5.3 73.5 -2 -7.6 73.5 -2 -0.8 95.6 -2
3 84 -0.8 67.2 -2 -0.8 68.4 -2 0.6 66.8 -2
4 84 -0.8 62.5 -2 -0.8 65.1 -2 0.2 64.8 -2 0 62.6 -2
4 84 0 62.6 -2 0.2 64.8 -2 0.8 64.2 -2 0.8 62.6 -2
4 79 1.1 62.9 -2 0.8 62.6 -2 0.8 64.2 -2 1.1 63.4 -2
3 79 3.7 63.8 -2 5.3 61.8 -2 3.7 62.1 -2
3 79 8.2 63.5 -2 7.9 62.8 -2 7.3 63.5 -2
4 79 7.3 58.5 -2 7.1 57.8 -2 6.6 57.3 -2 7 59.4 -2
4 79 6.5 60.2 -2 7 59.4 -2 6.6 57.3 -2 5.7 59.7 -2
4 79 5.7 59.7 -2 6.6 57.3 -2 3.6 57.5 -2 3.8 58.7 -2
3 79 5.7 59.7 -2 3.8 58.7 -2 4.9 59.6 -2
3 79 4.9 59.6 -2 3.8 58.7 -2 3.8 59.7 -2
4 79 2.9 56.7 -2 3.6 57.5 -2 6.6 57.3 -2 3.1 52.4 -2
4 79 1.6 56.1 -2 2.9 56.7 -2 3.1 52.4 -2 0.8 52.3 -2
3 79 1.6 56.1 -2 0.8 52.3 -2 0.8 56.2 -2
4 84 0.8 56.2 -2 0.8 52.3 -2 -0.8 52 -2 0.1 56.7 -2
3 84 0 57 -2 0.1 56.7 -2 -0.8 52 -2
3 84 -0.8 60.8 -2 0 57 -2 -0.8 52 -2
4 84 0 57 -2 -0.8 60.8 -2 0.8 60.5 -2 0.8 57.3 -2
4 79 0.8 57.3 -2 0.8 60.5 -2 1.2 60.4 -2 1.4 57.8 -2
3 79 1.5 58.4 -2 1.4 57.8 -2 1.2 60.4 -2
3 84 -8.5 65.9 -2 -8.3 65.8 -2 -9.3 65.5 -2
4 84 -2.4 65.6 -2 -9.3 65.5 -2 -8.3 65.8 -2 -5.1 66 -2
4 84 -5.1 66 -2 -8.3 65.8 -2 -7.8 66 -2 -6.9 66.2 -2
4 0 -7.8 66 -2 -8.3 65.8 -2 -8.3 66.3 -2 -7.4 66.9 -2
4 0 -6.9 66.2 -2 -7.8 66 -2 -7.4 66.9 -2 -5.4 67.4 -2
3 0 -8.3 65.8 -2 -8.5 65.9 -2 -8.3 66.3 -2
4 0 -5.1 66 -2 -6.9 66.2 -2 -5.4 67.4 -2 -3.2 67.4 -2
4 0 -2.4 65.6 -2 -5.1 66 -2 -3.2 67.4 -2 -0.8 67.2 -2
4 0 -0.8 65.1 -2 -2.4 65.6 -2 -0.8 67.2 -2 0.6 66.8 -2
3 0 0.2 64.8 -2 -0.8 65.1 -2 0.6 66.8 -2
4 0 -1.8 60.8 -2 -3.1 60.9 -2 -2.7 61.6 -2 -1.9 62.2 -2
4 0 -0.8 60.8 -2 -1.8 60.8 -2 -1.9 62.2 -2 -0.8 62.5 -2
4 0 0.8 60.5 -2 -0.8 60.8 -2 -0.8 62.5 -2 0 62.6 -2
4 0 0.8 60.5 -2 0 62.6 -2 0.8 62.6 -2 1.2 60.4 -2
4 0 3.7 62.1 -2 1.2 60.4 -2 0.8 62.6 -2 1.1 62.9 -2
4 0 3.7 63.8 -2 3.7 62.1 -2 1.1 62.9 -2 1.1 63.4 -2
4 0 3.7 63.8 -2 1.1 63.4 -2 0.8 64.2 -2 4.9 66.3 -2
4 0 3.6 67.5 -2 4.9 66.3 -2 0.8 64.2 -2 0.6 66.8 -2
3 0 0.8 64.2 -2 0.2 64.8 -2 0.6 66.8 -2
4 0 3.7 63.8 -2 4.9 66.3 -2 5.2 66.1 -2 7.3 63.5 -2
4 0 5.3 61.8 -2 3.7 63.8 -2 7.3 63.5 -2 7.9 62.8 -2
4 0 5.3 61.8 -2 7.9 62.8 -2 8.5 62.3 -2 6.5 60.2 -2
3 0 6.5 60.2 -2 8.5 62.3 -2 8.6 61.9 -2
4 0 6.5 60.2 -2 8.6 61.9 -2 9.5 60.6 -2 7 59.4 -2
4 0 7 59.4 -2 9.5 60.6 -2 9.8 59.1 -2 7.3 58.5 -2
4 0 7.3 58.5 -2 9.8 59.1 -2 9.4 58.2 -2 8.5 57.6 -2
3 0 8.5 57.6 -2 7.1 57.8 -2 7.3 58.5 -2
3 0 6.6 57.3 -2 7.1 57.8 -2 8.5 57.6 -2
4 0 7.3 63.5 -2 5.2 66.1 -2 9.9 65.5 -2 8.2 63.5 -2
4 0 8.2 63.5 -2 9.9 65.5 -2 11.2 65.1 -2 11.6 64.6 -2
4 0 8.2 63.5 -2 11.6 64.6 -2 11.7 64.2 -2 10.5 63.4 -2
3 0 8.9 62.6 -2 8.2 63.5 -2 10.5 63.4 -2
4 0 8.2 63.5 -2 8.9 62.6 -2 8.5 62.3 -2 7.9 62.8 -2
4 0 0.1 56.7 -2 0 57 -2 0.8 57.3 -2 0.8 56.2 -2
4 0 1.6 56.1 -2 0.8 56.2 -2 0.8 57.3 -2 1.4 57.8 -2
4 0 2.9 56.7 -2 1.6 56.1 -2 1.4 57.8 -2 3.6 57.5 -2
4 0 3.6 57.5 -2 1.4 57.8 -2 1.5 58.4 -2 3.8 58.7 -2
4 0 3.8 59.7 -2 3.8 58.7 -2 1.5 58.4 -2 1.2 60.4 -2
4 0 3.8 59.7 -2 1.2 60.4 -2 3.7 62.1 -2 5.3 61.8 -2
4 0 4.9 59.6 -2 3.8 59.7 -2 5.3 61.8 -2 5.7 59.7 -2
3 0 5.7 59.7 -2 5.3 61.8 -2 6.5 60.2 -2
4 79 -0.8 60.8 -2 -0.8 52 -2 -2 51.5 -2 -1.8 60.8 -2
4 79 -1.8 60.8 -2 -2 51.5 -2 -6.4 51.6 -2 -3.1 60.9 -2
3 79 -3.1 60.9 -2 -6.4 51.6 -2 -6.9 51.8 -2
4 79 -3.1 60.9 -2 -29 65.5 -2 -9.3 65.5 -2 -2.7 61.6 -2
4 79 -2.7 61.6 -2 -9.3 65.5 -2 -2.4 65.6 -2 -1.9 62.2 -2
4 79 -1.9 62.2 -2 -2.4 65.6 -2 -0.8 65.1 -2 -0.8 62.5 -2
4 79 -0.8 68.4 -2 -0.8 67.2 -2 -3.2 67.4 -2 -2.7 70.3 -2
4 79 -5.2 72 -2 -2.7 70.3 -2 -3.2 67.4 -2 -5.4 67.4 -2
4 79 -5.2 72 -2 -5.4 67.4 -2 -7.4 66.9 -2 -7.9 73.1 -2
4 79 -8.2 73.2 -2 -7.9 73.1 -2 -7.4 66.9 -2 -8.5 73.1 -2
4 79 -8.5 73.1 -2 -7.4 66.9 -2 -8.3 66.3 -2 -29 66.3 -2
4 79 -8.5 73.1 -2 -29 66.3 -2 -29 95.6 -2 -0.8 95.6 -2
3 79 -8.2 73.4 -2 -8.5 73.1 -2 -0.8 95.6 -2
3 79 -7.6 73.5 -2 -8.2 73.4 -2 -0.8 95.6 -2
3 84 -0.8 95.6 -2 0.8 95.6 -2 -0.8 78 -2
4 79 5.5 77 -2 0.8 76.6 -2 0.8 95.6 -2 5.9 77.4 -2
4 79 6.6 77.6 -2 5.9 77.4 -2 0.8 95.6 -2 10.2 87.2 -2
3 79 5.3 67.3 -2 4.9 66.3 -2 3.6 67.5 -2
4 79 4.9 66.3 -2 5.3 67.3 -2 6.3 67.3 -2 29 66.3 -2
3 79 7.1 67.7 -2 29 66.3 -2 6.3 67.3 -2
3 79 7.5 68.5 -2 29 66.3 -2 7.1 67.7 -2
3 79 7.8 72.1 -2 29 66.3 -2 7.5 68.5 -2
3 79 29 65.5 -2 11.2 65.1 -2 9.9 65.5 -2
3 79 29 65.5 -2 11.6 64.6 -2 11.2 65.1 -2
3 79 29 65.5 -2 11.7 64.2 -2 11.6 64.6 -2
4 79 11.7 64.2 -2 29 65.5 -2 9.8 59.1 -2 9.5 60.6 -2
4 79 10.5 63.4 -2 11.7 64.2 -2 9.5 60.6 -2 8.6 61.9 -2
4 79 8.9 62.6 -2 10.5 63.4 -2 8.6 61.9 -2 8.5 62.3 -2
4 79 6 52.1 -2 3.1 52.4 -2 6.6 57.3 -2 8.5 57.6 -2
4 79 8.8 51.5 -2 6 52.1 -2 8.5 57.6 -2 9.4 58.2 -2
4 79 9.2 51.1 -2 8.8 51.5 -2 9.4 58.2 -2 9.8 59.1 -2
4 79 9.2 51.1 -2 9.8 59.1 -2 29 65.5 -2 12.1 45.3 -2
4 4 10.6 78.6 -2 10.3 78.7 -2 10.6 78.8 -2 12.8 78.8 -2
3 4 10.6 78.8 -2 10.3 78.7 -2 10.4 79 -2
4 4 10.4 79 -2 10.3 78.7 -2 10.2 79 -2 10.2 83 -2
4 4 15.1 78.8 -2 15.4 78.7 -2 15.1 78.6 -2 12.8 78.8 -2
3 4 15.3 79 -2 15.4 78.7 -2 15.1 78.8 -2
4 4 15.5 79 -2 15.4 78.7 -2 15.3 79 -2 15.5 83 -2
4 4 10.3 87.5 -2 10.6 87.6 -2 10.6 87.4 -2 10.4 87.2 -2
4 4 10.2 87.2 -2 10.3 87.5 -2 10.4 87.2 -2 10.2 83 -2
4 4 12.8 87.4 -2 10.6 87.4 -2 10.6 87.6 -2 12.8 87.6 -2
4 4 15.1 87.6 -2 15.4 87.5 -2 15.1 87.4 -2 12.8 87.4 -2
3 4 15.4 87.5 -2 15.3 87.2 -2 15.1 87.4 -2
4 4 15.3 87.2 -2 15.4 87.5 -2 15.5 87.2 -2 15.5 83 -2
3 4 12.8 78.8 -2 12.8 78.6 -2 10.6 78.6 -2
3 4 12.8 78.8 -2 15.1 78.6 -2 12.8 78.6 -2
3 4 15.5 83 -2 15.3 79 -2 15.3 83 -2
3 4 15.3 87.2 -2 15.5 83 -2 15.3 83 -2
3 4 15.1 87.6 -2 12.8 87.4 -2 12.8 87.6 -2
3 4 10.4 83 -2 10.4 79 -2 10.2 83 -2
3 4 10.4 87.2 -2 10.4 83 -2 10.2 83 -2
4 79 13.4 80.35 -2 13.4 81.05 -2 13.55 81.05 -2 13.55 80.35 -2
4 4 13.4 80.35 -2 13.55 80.35 -2 13.2 80.1 -2 13.1 80.2 -2
4 4 13.4 80.35 -2 13.1 80.2 -2 13.1 81.1 -2 13.4 81.05 -2
4 4 13.4 81.05 -2 13.1 81.1 -2 13.3 81.3 -2 13.65 81.3 -2
4 4 13.55 81.05 -2 13.4 81.05 -2 13.65 81.3 -2 13.85 81.15 -2
4 4 13.55 81.05 -2 13.85 81.15 -2 13.85 80.25 -2 13.55 80.35 -2
4 4 13.55 80.35 -2 13.85 80.25 -2 13.75 80.1 -2 13.2 80.1 -2
4 79 12.95 79.65 -2 13.2 80.1 -2 13.75 80.1 -2 13.9 79.65 -2
4 79 14.15 79.85 -2 13.9 79.65 -2 13.75 80.1 -2 13.85 80.25 -2
4 79 14.15 81.5 -2 14.15 79.85 -2 13.85 80.25 -2 13.85 81.15 -2
4 79 13.95 81.65 -2 14.15 81.5 -2 13.85 81.15 -2 13.65 81.3 -2
4 79 12.95 81.7 -2 13.95 81.65 -2 13.65 81.3 -2 13.3 81.3 -2
4 79 12.85 81.55 -2 12.95 81.7 -2 13.3 81.3 -2 13.1 81.1 -2
4 79 12.8 79.8 -2 12.85 81.55 -2 13.1 81.1 -2 13.1 80.2 -2
4 79 12.8 79.8 -2 13.1 80.2 -2 13.2 80.1 -2 12.95 79.65 -2
4 4 12.8 79.8 -2 12.95 79.65 -2 12.55 79.45 -2 12.45 79.6 -2
4 4 12.8 79.8 -2 12.45 79.6 -2 12.45 81.75 -2 12.85 81.55 -2
4 4 12.85 81.55 -2 12.45 81.75 -2 12.6 81.9 -2 12.95 81.7 -2
4 4 12.95 81.7 -2 12.6 81.9 -2 14.35 81.9 -2 13.95 81.65 -2
4 4 13.95 81.65 -2 14.35 81.9 -2 14.55 81.7 -2 14.15 81.5 -2
4 4 14.15 79.85 -2 14.15 81.5 -2 14.55 81.7 -2 14.55 79.7 -2
4 4 14.15 79.85 -2 14.55 79.7 -2 14.3 79.45 -2 13.9 79.65 -2
4 4 13.9 79.65 -2 14.3 79.45 -2 12.55 79.45 -2 12.95 79.65 -2
4 4 12.2 79.7 -2 12.25 79.55 -2 11.95 79.45 -2 11.15 79.45 -2
4 4 12.2 79.7 -2 11.15 79.45 -2 11.15 79.8 -2 11.6 79.85 -2
4 4 12.2 79.7 -2 11.6 79.85 -2 11.6 79.95 -2 11.75 80.4 -2
4 4 11.75 80.4 -2 11.6 79.95 -2 11.2 80.8 -2 11.6 80.8 -2
4 4 11.8 80.55 -2 11.75 80.4 -2 11.6 80.8 -2 11.8 80.95 -2
4 4 12.2 80.55 -2 11.8 80.55 -2 11.8 80.95 -2 12.2 81.2 -2
4 4 12.2 81.2 -2 11.8 80.95 -2 11.8 81.2 -2 12.1 81.6 -2
4 79 12.45 79.6 -2 12.55 79.45 -2 12.25 79.55 -2 12.2 79.7 -2
4 79 12.45 79.6 -2 12.2 79.7 -2 12.2 80.55 -2 12.45 81.75 -2
3 79 12.45 81.75 -2 12.2 80.55 -2 12.2 81.2 -2
4 79 12.2 80.55 -2 12.2 79.7 -2 11.75 80.4 -2 11.8 80.55 -2
4 79 11.95 79.45 -2 12.25 79.55 -2 12.55 79.45 -2 12.8 78.8 -2
4 79 12.8 78.8 -2 12.55 79.45 -2 14.3 79.45 -2 15.1 78.8 -2
4 79 15.3 79 -2 15.1 78.8 -2 14.3 79.45 -2 14.55 79.7 -2
4 79 11.95 79.45 -2 12.8 78.8 -2 10.6 78.8 -2 11.15 79.45 -2
4 79 11.15 79.45 -2 10.6 78.8 -2 10.4 79 -2 11.15 79.8 -2
4 79 11.15 79.8 -2 11.2 80.8 -2 11.6 79.95 -2 11.6 79.85 -2
4 4 12.1 81.6 -2 11.8 81.2 -2 11.7 81.25 -2 11.9 81.9 -2
4 4 11.5 81.7 -2 11.9 81.9 -2 11.7 81.25 -2 11.3 81.5 -2
4 4 11.3 81.5 -2 11.7 81.25 -2 11.55 81.2 -2 11.25 81.2 -2
3 4 11.55 81.2 -2 11.4 81.1 -2 11.25 81.2 -2
4 79 11.2 80.8 -2 11.25 81.2 -2 11.4 81.1 -2 11.6 80.8 -2
4 79 11.6 80.8 -2 11.4 81.1 -2 11.55 81.2 -2 11.8 80.95 -2
4 79 11.8 81.2 -2 11.8 80.95 -2 11.55 81.2 -2 11.7 81.25 -2
4 4 11.9 81.9 -2 11.5 81.7 -2 11.55 81.85 -2 11.8 82.15 -2
4 4 11.5 82.4 -2 11.8 82.15 -2 11.55 81.85 -2 11.1 82.35 -2
4 4 11.2 82.65 -2 11.5 82.4 -2 11.1 82.35 -2 11.05 82.5 -2
4 4 12.35 82.15 -2 11.9 81.9 -2 11.8 82.15 -2 12.25 82.4 -2
4 4 12.85 82.3 -2 12.35 82.15 -2 12.25 82.4 -2 12.85 82.5 -2
4 4 13.6 82.35 -2 12.85 82.3 -2 12.85 82.5 -2 13.75 82.55 -2
4 4 14.2 82.25 -2 13.6 82.35 -2 13.75 82.55 -2 14.4 82.6 -2
4 4 14.2 82.25 -2 14.4 82.6 -2 14.55 82.45 -2 14.55 82.3 -2
3 79 12.45 81.75 -2 12.2 81.2 -2 12.1 81.6 -2
4 79 12.45 81.75 -2 12.1 81.6 -2 11.9 81.9 -2 12.35 82.15 -2
4 79 12.6 81.9 -2 12.45 81.75 -2 12.35 82.15 -2 12.85 82.3 -2
4 79 12.6 81.9 -2 12.85 82.3 -2 13.6 82.35 -2 14.35 81.9 -2
3 79 14.2 82.25 -2 14.35 81.9 -2 13.6 82.35 -2
4 79 14.35 81.9 -2 14.2 82.25 -2 14.55 82.3 -2 14.55 81.7 -2
3 79 12.25 82.4 -2 11.8 82.15 -2 11.5 82.4 -2
4 79 12.25 82.4 -2 11.5 82.4 -2 11.2 82.65 -2 12.85 82.5 -2
4 79 11.1 82.35 -2 11.55 81.85 -2 11.5 81.7 -2 11.3 81.5 -2
3 79 11.3 81.5 -2 11.25 81.2 -2 11.1 82.35 -2
4 79 11.1 82.35 -2 11.25 81.2 -2 11.2 80.8 -2 10.4 79 -2
3 79 11.15 79.8 -2 10.4 79 -2 11.2 80.8 -2
4 79 11.05 82.5 -2 11.1 82.35 -2 10.4 79 -2 10.4 83 -2
3 79 14.55 81.7 -2 15.3 79 -2 14.55 79.7 -2
4 79 15.3 79 -2 14.55 81.7 -2 14.55 82.3 -2 15.3 83 -2
3 79 15.3 83 -2 14.55 82.3 -2 14.55 82.45 -2
3 79 15.3 83 -2 14.55 82.45 -2 14.4 82.6 -2
3 79 11.2 82.65 -2 11.05 82.5 -2 10.4 83 -2
4 79 11.2 82.65 -2 10.4 83 -2 15.3 83 -2 12.85 82.5 -2
4 79 13.75 82.55 -2 12.85 82.5 -2 15.3 83 -2 14.4 82.6 -2
4 4 12.05 83.35 -2 11.8 83.35 -2 11.7 83.55 -2 12.1 83.45 -2
4 4 12.1 83.95 -2 12.1 83.45 -2 11.7 83.55 -2 11.7 83.9 -2
4 4 11.7 83.9 -2 11.7 83.55 -2 11.35 83.55 -2 11.25 83.9 -2
4 4 11.25 83.9 -2 11.35 83.55 -2 11.1 83.55 -2 11 83.7 -2
4 4 12.35 83.55 -2 12.1 83.45 -2 12.1 83.95 -2 12.35 83.75 -2
4 4 12.6 83.6 -2 12.35 83.55 -2 12.35 83.75 -2 12.6 83.85 -2
3 4 12.75 83.8 -2 12.6 83.6 -2 12.6 83.85 -2
4 79 12.2 84.4 -2 12.2 84.7 -2 12.4 84.7 -2 12.4 84.45 -2
4 4 12.15 84.15 -2 12.2 84.4 -2 12.4 84.45 -2 12.6 84.2 -2
4 4 12.7 84.4 -2 12.6 84.2 -2 12.4 84.45 -2 12.75 84.7 -2
4 4 12.75 84.7 -2 12.4 84.45 -2 12.4 84.7 -2 12.7 85 -2
4 4 12.4 84.9 -2 12.7 85 -2 12.4 84.7 -2 12.2 84.7 -2
4 4 12.15 84.9 -2 12.4 84.9 -2 12.2 84.7 -2 11.8 84.7 -2
4 4 11.8 84.7 -2 12.2 84.7 -2 12.2 84.4 -2 11.8 84.4 -2
4 4 11.8 84.4 -2 12.2 84.4 -2 12.15 84.15 -2 11.75 84.15 -2
4 4 11.75 84.15 -2 12.15 84.15 -2 12.1 83.95 -2 11.7 83.9 -2
4 4 11.55 84.4 -2 11.8 84.4 -2 11.75 84.15 -2 11.25 84.2 -2
4 4 11.55 84.4 -2 11.25 84.2 -2 11.1 84.35 -2 11.55 84.7 -2
4 79 11.8 84.4 -2 11.55 84.4 -2 11.55 84.7 -2 11.8 84.7 -2
4 4 11.8 84.7 -2 11.55 84.7 -2 11.8 84.95 -2 12.15 84.9 -2
4 4 12.15 85.2 -2 12.15 84.9 -2 11.8 84.95 -2 11.8 85.25 -2
4 79 12.4 84.9 -2 12.15 84.9 -2 12.15 85.2 -2 12.4 85.25 -2
4 4 12.7 85 -2 12.4 84.9 -2 12.4 85.25 -2 12.8 85.25 -2
4 4 12.75 85.4 -2 12.8 85.25 -2 12.4 85.25 -2 12.5 85.45 -2
4 4 12.1 85.5 -2 12.5 85.45 -2 12.4 85.25 -2 12.15 85.2 -2
4 4 12.1 85.5 -2 12.15 85.2 -2 11.8 85.25 -2 11.7 85.6 -2
4 79 11.5 85.25 -2 11.8 85.25 -2 11.8 84.95 -2 11.45 84.95 -2
4 4 11.45 84.95 -2 11.8 84.95 -2 11.55 84.7 -2 11.1 84.35 -2
4 4 11.45 84.95 -2 11.1 84.35 -2 11.1 85.25 -2 11.5 85.25 -2
4 4 11.5 85.25 -2 11.1 85.25 -2 11.25 85.45 -2 11.7 85.6 -2
3 4 11.7 85.6 -2 11.8 85.25 -2 11.5 85.25 -2
4 4 12.1 85.75 -2 12.1 85.5 -2 11.7 85.6 -2 11.7 85.75 -2
4 4 12.1 85.75 -2 11.7 85.75 -2 11.75 86.2 -2 12.15 85.85 -2
4 4 12.2 86.1 -2 12.15 85.85 -2 11.75 86.2 -2 12.1 86.6 -2
4 4 12.1 86.6 -2 11.75 86.2 -2 11.75 86.6 -2 11.9 86.7 -2
4 4 12.15 85.85 -2 12.2 86.1 -2 12.55 86.1 -2 12.7 86 -2
3 4 12.7 86 -2 12.7 85.85 -2 12.15 85.85 -2
4 4 11.3 86.05 -2 11.75 86.2 -2 11.7 85.75 -2 11.25 85.85 -2
4 4 11.05 86.1 -2 11.3 86.05 -2 11.25 85.85 -2 11 85.95 -2
4 4 13 83.45 -2 12.95 83.55 -2 13.15 83.8 -2 14.2 83.45 -2
4 4 14.2 83.45 -2 13.15 83.8 -2 14.1 83.8 -2 14.35 83.65 -2
4 4 14 84.8 -2 14.6 84.8 -2 14.45 84.55 -2 13.6 84.5 -2
4 4 13.75 84.95 -2 14 84.8 -2 13.6 84.5 -2 13 84.5 -2
4 4 13.75 84.95 -2 13 84.5 -2 12.95 84.65 -2 13.2 84.9 -2
4 4 13.75 84.95 -2 13.2 84.9 -2 13.2 85.15 -2 13.6 85.45 -2
4 4 13.6 85.45 -2 13.2 85.15 -2 13 85.9 -2 13.45 85.95 -2
4 4 13.45 85.95 -2 13 85.9 -2 12.7 86.4 -2 12.8 86.55 -2
4 4 13.45 85.95 -2 12.8 86.55 -2 13.25 86.6 -2 13.5 86.15 -2
4 4 13.7 86.2 -2 13.5 86.15 -2 13.25 86.6 -2 13.8 86.35 -2
4 4 13.95 86.1 -2 13.7 86.2 -2 13.8 86.35 -2 14 86.35 -2
4 4 14 85.8 -2 13.95 86.1 -2 14 86.35 -2 14.1 86.45 -2
4 4 14.05 85.3 -2 13.85 85.4 -2 14 85.8 -2 14.3 85.5 -2
4 4 14.5 85.9 -2 14.3 85.5 -2 14 85.8 -2 14.5 86.35 -2
4 4 14.45 86.5 -2 14.5 86.35 -2 14 85.8 -2 14.1 86.45 -2
4 79 14.45 84.55 -2 14.6 84.8 -2 14.35 83.65 -2 14.1 83.8 -2
4 79 13.6 84.5 -2 14.45 84.55 -2 14.1 83.8 -2 13.15 83.8 -2
4 79 13 84.5 -2 13.6 84.5 -2 13.15 83.8 -2 12.7 84.4 -2
4 79 12.6 84.2 -2 12.7 84.4 -2 13.15 83.8 -2 12.75 83.8 -2
4 79 12.75 83.8 -2 13.15 83.8 -2 12.95 83.55 -2 12.6 83.6 -2
4 79 12.6 83.6 -2 12.95 83.55 -2 13 83.45 -2 12.35 83.55 -2
4 79 12.1 83.45 -2 12.35 83.55 -2 13 83.45 -2 12.05 83.35 -2
3 79 12.6 84.2 -2 12.75 83.8 -2 12.6 83.85 -2
4 79 12.6 84.2 -2 12.6 83.85 -2 12.35 83.75 -2 12.1 83.95 -2
3 79 12.6 84.2 -2 12.1 83.95 -2 12.15 84.15 -2
4 79 11.75 84.15 -2 11.7 83.9 -2 11.25 83.9 -2 11.25 84.2 -2
4 79 11.25 84.2 -2 11.25 83.9 -2 11 83.7 -2 11.1 84.35 -2
4 79 11.1 85.25 -2 11.1 84.35 -2 11 83.7 -2 10.4 83 -2
4 79 11.1 85.25 -2 11 85.95 -2 11.25 85.85 -2 11.25 85.45 -2
4 79 11.25 85.45 -2 11.25 85.85 -2 11.7 85.75 -2 11.7 85.6 -2
4 79 12.1 85.5 -2 12.1 85.75 -2 12.15 85.85 -2 12.5 85.45 -2
4 79 12.5 85.45 -2 12.15 85.85 -2 12.7 85.85 -2 12.75 85.4 -2
4 79 12.75 85.4 -2 12.7 85.85 -2 13 85.9 -2 13.2 85.15 -2
4 79 12.8 85.25 -2 12.75 85.4 -2 13.2 85.15 -2 13.2 84.9 -2
4 79 12.7 85 -2 12.8 85.25 -2 13.2 84.9 -2 12.95 84.65 -2
3 79 12.7 85 -2 12.95 84.65 -2 12.75 84.7 -2
4 79 12.7 84.4 -2 12.75 84.7 -2 12.95 84.65 -2 13 84.5 -2
4 79 13.45 85.95 -2 13.5 86.15 -2 13.7 86.2 -2 13.95 86.1 -2
4 79 13.45 85.95 -2 13.95 86.1 -2 14 85.8 -2 13.6 85.45 -2
3 79 14 85.8 -2 13.85 85.4 -2 13.6 85.45 -2
4 79 13.75 84.95 -2 13.6 85.45 -2 13.85 85.4 -2 14.05 85.3 -2
4 79 14 84.8 -2 13.75 84.95 -2 14.05 85.3 -2 14.6 84.8 -2
3 79 14.3 85.5 -2 14.6 84.8 -2 14.05 85.3 -2
4 79 11.05 86.1 -2 11 85.95 -2 10.4 87.2 -2 10.6 87.4 -2
4 79 11.3 86.05 -2 11.05 86.1 -2 10.6 87.4 -2 11.75 86.2 -2
3 79 11.75 86.6 -2 11.75 86.2 -2 10.6 87.4 -2
4 79 11.9 86.7 -2 11.75 86.6 -2 10.6 87.4 -2 12.8 87.4 -2
4 79 12.1 86.6 -2 11.9 86.7 -2 12.8 87.4 -2 12.7 86.4 -2
3 79 12.8 86.55 -2 12.7 86.4 -2 12.8 87.4 -2
4 79 13.25 86.6 -2 12.8 86.55 -2 12.8 87.4 -2 15.1 87.4 -2
4 79 14.1 86.45 -2 13.25 86.6 -2 15.1 87.4 -2 14.45 86.5 -2
4 79 14.45 86.5 -2 15.1 87.4 -2 15.3 87.2 -2 14.5 86.35 -2
4 79 14.5 85.9 -2 14.5 86.35 -2 15.3 87.2 -2 14.6 84.8 -2
4 79 13.8 86.35 -2 13.25 86.6 -2 14.1 86.45 -2 14 86.35 -2
3 79 13 85.9 -2 12.7 85.85 -2 12.7 86 -2
4 79 12.7 86.4 -2 13 85.9 -2 12.7 86 -2 12.55 86.1 -2
4 79 12.7 86.4 -2 12.55 86.1 -2 12.2 86.1 -2 12.1 86.6 -2
4 79 14.6 84.8 -2 15.3 87.2 -2 15.3 83 -2 14.35 83.65 -2
3 79 14.35 83.65 -2 15.3 83 -2 14.2 83.45 -2
4 79 13 83.45 -2 14.2 83.45 -2 15.3 83 -2 12.05 83.35 -2
4 79 12.05 83.35 -2 15.3 83 -2 10.4 83 -2 11.8 83.35 -2
4 79 11.7 83.55 -2 11.8 83.35 -2 10.4 83 -2 11.35 83.55 -2
3 79 11.35 83.55 -2 10.4 83 -2 11.1 83.55 -2
3 79 11.1 83.55 -2 10.4 83 -2 11 83.7 -2
4 79 11.1 85.25 -2 10.4 83 -2 10.4 87.2 -2 11 85.95 -2
3 79 14.5 85.9 -2 14.6 84.8 -2 14.3 85.5 -2
4 79 29 66.3 -2 7.8 72.1 -2 7.9 75 -2 15.1 78.6 -2
3 79 15.4 78.7 -2 29 66.3 -2 15.1 78.6 -2
3 79 15.5 79 -2 29 66.3 -2 15.4 78.7 -2
3 79 15.5 83 -2 29 66.3 -2 15.5 79 -2
4 79 29 66.3 -2 15.5 83 -2 15.5 87.2 -2 29 95.6 -2
3 79 29 95.6 -2 15.5 87.2 -2 15.4 87.5 -2
3 79 29 95.6 -2 15.4 87.5 -2 15.1 87.6 -2
4 79 29 95.6 -2 15.1 87.6 -2 12.8 87.6 -2 0.8 95.6 -2
3 79 0.8 95.6 -2 12.8 87.6 -2 10.6 87.6 -2
3 79 10.6 87.6 -2 10.3 87.5 -2 0.8 95.6 -2
3 79 10.3 87.5 -2 10.2 87.2 -2 0.8 95.6 -2
3 79 10.2 83 -2 6.6 77.6 -2 10.2 87.2 -2
4 79 6.6 77.6 -2 10.2 83 -2 10.2 79 -2 7.4 77.2 -2
4 79 7.4 77.2 -2 10.2 79 -2 10.3 78.7 -2 7.8 76.3 -2
4 79 7.8 76.3 -2 10.3 78.7 -2 10.6 78.6 -2 7.9 75 -2
3 79 12.8 78.6 -2 7.9 75 -2 10.6 78.6 -2
3 79 15.1 78.6 -2 7.9 75 -2 12.8 78.6 -2
0 BFC CLIP
