0 ~Electric Power Functions Infra-Red Receiver Lens
0 Name: 58149.dat
0 Author: Philippe Hurbain [Philo]
0 !LDRAW_ORG Part UPDATE 2012-01
0 !LICENSE Redistributable under CCAL version 2.0 : see CAreadme.txt

0 BFC CERTIFY CW

0 !HISTORY 2012-03-30 [PTadmin] Official Update 2012-01

0 BFC INVERTNEXT
1 16 -38 -56 0 0 38 0 0 0 -16 18 0 0 2-4cylc.dat
2 24 -38 -56 20 -2 -56 20
2 24 -38 -56 -20 -2 -56 -20
2 24 -40 -56 -18 -38 -56 -20
2 24 -2 -56 20 0 -56 18
2 24 0 -56 -18 -2 -56 -20
2 24 -38 -56 20 -40 -56 18
1 16 -2 -56 0 0 -36 0 0 0 -17.7777 20 0 0 2-4cylo.dat
1 16 -40 -56 0 0 -1 0 0 0 -16 18 0 0 2-4edge.dat
1 16 -2 -56 0 0 2 0 0 0 -1.7777 -2 0 0 1-4con9.dat
1 16 -2 -56 0 0 2 0 0 0 -1.7777 2 0 0 1-4con9.dat
1 16 -38 -56 0 0 -2 0 0 0 -1.7777 2 0 0 1-4con9.dat
1 16 -38 -56 0 0 -2 0 0 0 -1.7777 -2 0 0 1-4con9.dat
1 16 -38 -14 0 0 1 0 8 0 8 8 0 -8 1-4edge.dat
0 BFC INVERTNEXT
1 16 -40 -14 0 0 2 0 2 0 2 2 0 -2 1-4con4.dat
1 16 -38 -30 0 0 1 0 -8 0 -8 -8 0 8 1-4edge.dat
0 BFC INVERTNEXT
1 16 -40 -30 0 0 2 0 -2 0 -2 -2 0 2 1-4con4.dat
1 16 -40 -30 0 0 1 0 -10 0 -10 -10 0 10 1-4edge.dat
1 16 -40 -14 0 0 1 0 10 0 10 10 0 -10 1-4edge.dat
1 16 -40 -18 0 0 2 0 18 0 18 18 0 -18 1-4cylo.dat
4 16 -40 -0.934 5.412 -40 5.519 9.742 -40 0 18 -40 -4 10
4 16 -40 0.142 0 -40 7.456 0 -40 5.519 9.742 -40 -0.934 5.412
4 16 -40 -0.934 -5.412 -40 5.519 -9.742 -40 7.456 0 -40 0.142 0
4 16 -40 -4 -10 -40 0 -18 -40 5.519 -9.742 -40 -0.934 -5.412
3 16 -40 -56 -18 -40 -40 -10 -40 -62.123 -16.63
4 16 -40 -62.123 -16.63 -40 -40 -10 -40 -43.066 -5.412 -40 -67.314 -12.728
3 16 -40 -67.314 -12.728 -40 -43.066 -5.412 -40 -70.782 -6.889
4 16 -40 -70.782 -6.889 -40 -43.066 -5.412 -40 -44.142 0 -40 -72 0
3 16 -40 -62.123 16.63 -40 -40 10 -40 -56 18
4 16 -40 -67.314 12.728 -40 -43.066 5.412 -40 -40 10 -40 -62.123 16.63
3 16 -40 -70.782 6.889 -40 -43.066 5.412 -40 -67.314 12.728
4 16 -40 -72 0 -40 -44.142 0 -40 -43.066 5.412 -40 -70.782 6.889
4 16 -40 -4 10 -40 0 18 -40 -56 18 -40 -40 10
4 16 -40 0 -18 -40 -4 -10 -40 -40 -10 -40 -56 -18
4 16 -40 -4 -10 -38 -6 -8 -38 -38 -8 -40 -40 -10
4 16 -40 -40 10 -38 -38 8 -38 -6 8 -40 -4 10
2 24 -40 -32 10 -40 -40 10
2 24 -40 -4 10 -40 -12 10
2 24 -40 -14 10 -40 -18 10
2 24 -40 -20 10 -40 -24 10
2 24 -40 -26 10 -40 -30 10
2 24 -40 -4 -10 -40 -40 -10
2 24 -38 -6 -8 -38 -38 -8
2 24 -38 -6 8 -38 -38 8
2 24 -38 -6 8 -40 -4 10
2 24 -38 -6 -8 -40 -4 -10
2 24 -38 -38 8 -40 -40 10
2 24 -38 -38 -8 -40 -40 -10
3 16 -40 -32 10 -40 -31 9 -40 -30 10
3 16 -39 -31 9 -40 -31 9 -40 -32 10
3 16 -40 -30 10 -40 -31 9 -39 -31 9
2 24 -40 -32 10 -40 -31 9
2 24 -40 -32 10 -39 -31 9
2 24 -40 -31 9 -39 -31 9
2 24 -40 -30 10 -40 -31 9
2 24 -40 -30 10 -39 -31 9
3 16 -40 -26 10 -40 -25 9 -40 -24 10
3 16 -39 -25 9 -40 -25 9 -40 -26 10
3 16 -40 -24 10 -40 -25 9 -39 -25 9
2 24 -40 -26 10 -40 -25 9
2 24 -40 -26 10 -39 -25 9
2 24 -40 -25 9 -39 -25 9
2 24 -40 -24 10 -40 -25 9
2 24 -40 -24 10 -39 -25 9
3 16 -40 -20 10 -40 -19 9 -40 -18 10
3 16 -39 -19 9 -40 -19 9 -40 -20 10
3 16 -40 -18 10 -40 -19 9 -39 -19 9
2 24 -40 -20 10 -40 -19 9
2 24 -40 -20 10 -39 -19 9
2 24 -40 -19 9 -39 -19 9
2 24 -40 -18 10 -40 -19 9
2 24 -40 -18 10 -39 -19 9
3 16 -40 -14 10 -40 -13 9 -40 -12 10
3 16 -39 -13 9 -40 -13 9 -40 -14 10
3 16 -40 -12 10 -40 -13 9 -39 -13 9
2 24 -40 -14 10 -40 -13 9
2 24 -40 -14 10 -39 -13 9
2 24 -40 -13 9 -39 -13 9
2 24 -40 -12 10 -40 -13 9
2 24 -40 -12 10 -39 -13 9
4 16 -40 -56 18 0 -56 18 -2 -56 20 -38 -56 20
2 24 -40 -56 18 0 -56 18
4 16 -38 -56 -20 -2 -56 -20 0 -56 -18 -40 -56 -18
1 16 -39 -28 -18 1 0 0 0 0 28 0 1 0 rect3.dat
1 16 -39 -28 18 -1 0 0 0 0 28 0 -1 0 rect3.dat
2 24 -40 -56 -18 0 -56 -18
4 16 -38 -3.55 -4.33 -38 -2.69 0 -38 7.46 0 -38 5.52 -9.74
4 16 -38 -6 -8 -38 -3.55 -4.33 -38 5.52 -9.74 -38 0 -18
4 16 -38 -38 -8 -38 -6 -8 -38 0 -18 -38 -56 -18
3 16 -38 -38 -8 -38 -56 -18 -38 -40.45 -4.33
4 16 -38 -41.31 0 -38 -40.45 -4.33 -38 -56 -18 -38 -56 18
3 16 -38 -41.31 0 -38 -56 18 -38 -40.45 4.33
3 16 -38 -40.45 4.33 -38 -56 18 -38 -38 8
4 16 -38 -38 8 -38 -56 18 -38 0 18 -38 -6 8
4 16 -38 -6 8 -38 0 18 -38 5.52 9.74 -38 -3.55 4.33
4 16 -38 -3.55 4.33 -38 5.52 9.74 -38 7.46 0 -38 -2.69 0
