0 Electric Light & Sound Brick  1 x  2 with Single Side Light 
0 Name: 6035.dat
0 Author: Thomas Burger [grapeape]
0 !LDRAW_ORG Part UPDATE 1999-01
0 !LICENSE Redistributable under CCAL version 2.0 : see CAreadme.txt

0 !HISTORY 1998-02-12 [PTadmin] Official Update 1998-02
0 !HISTORY 1999-02-01 [PTadmin] Official Update 1999-01
0 !HISTORY 2007-07-09 [PTadmin] Header formatted for Contributor Agreement
0 !HISTORY 2008-07-01 [PTadmin] Official Update 2008-01

 2 24 20 24 10 20 24 -10 
 2 24 -20 24 -10 20 24 -10 
 2 24 -20 24 -10 -20 24 10 
0 inline of 6034
0 --------------
4 16 -20 24 -10 -16 24 -6 -16 24 6 -20 24 10
4 16 -16 24 6 -5.50 24 6 -3.50 24 10 -20 24 10
3 16 -3.50 24 4 -5.50 24 6 -3.50 24 10
4 16 -3.50 24 4 -3.50 24 6 3.50 24 6 3.50 24 4
3 16 3.50 24 4 5.50 24 6 3.50 24 10
4 16 16 24 6 5.50 24 6 3.50 24 10 20 24 10
4 16 20 24 -10 16 24 -6 16 24 6 20 24 10
4 16 20 24 -10 16 24 -6 -16 24 -6 -20 24 -10
4 16 -4 24 -1.70 -4 24 1.70 -1.70 24 1.70 -1.70 24 -1.70
4 16 -1.70 24 -6 -1.70 24 4 1.70 24 4 1.70 24 -6
4 16 4 24 -1.70 4 24 1.70 1.70 24 1.70 1.70 24 -1.70
0
2 24 -1.70 24 -6 -1.70 24 -1.70
2 24 -1.70 24 -1.70 -4 24 -1.70
2 24 -4 24 -1.70 -4 24 1.70
2 24 -4 24 1.70 -1.70 24 1.70
2 24 -1.70 24 1.70 -1.70 24 4
2 24 -1.70 24 4 -3.50 24 4
2 24 -3.50 24 4 -5.50 24 6
2 24 -5.50 24 6 -16 24 6
2 24 -1.70 24 -6 -16 24 -6
2 24 -16 24 -6 -16 24 -7
2 24 -16 24 -7 -18 24 -7
2 24 -18 24 -7 -18 24 7
2 24 -18 24 7 -16 24 7
2 24 -16 24 7 -16 24 6
0
2 24 1.70 24 -6 1.70 24 -1.70
2 24 1.70 24 -1.70 4 24 -1.70
2 24 4 24 -1.70 4 24 1.70
2 24 4 24 1.70 1.70 24 1.70
2 24 1.70 24 1.70 1.70 24 4
2 24 1.70 24 4 3.50 24 4
2 24 3.50 24 4 5.50 24 6
2 24 5.50 24 6 16 24 6
2 24 1.70 24 -6 16 24 -6
2 24 16 24 -6 16 24 -7
2 24 16 24 -7 18 24 -7
2 24 18 24 -7 18 24 7
2 24 18 24 7 16 24 7
2 24 16 24 7 16 24 6
0
0
2 24 -1.70 20 -6 -1.70 20 -1.70
2 24 -1.70 20 -1.70 -4 20 -1.70
2 24 -4 20 -1.70 -4 20 1.70
2 24 -4 20 1.70 -1.70 20 1.70
2 24 -1.70 20 1.70 -1.70 20 4
2 24 -1.70 20 4 -3.50 20 4
2 24 -3.50 20 4 -5.50 20 6
2 24 -5.50 20 6 -16 20 6
2 24 -1.70 20 -6 -16 20 -6
0
2 24 1.70 20 -6 1.70 20 -1.70
2 24 1.70 20 -1.70 4 20 -1.70
2 24 4 20 -1.70 4 20 1.70
2 24 4 20 1.70 1.70 20 1.70
2 24 1.70 20 1.70 1.70 20 4
2 24 1.70 20 4 3.50 20 4
2 24 3.50 20 4 5.50 20 6
2 24 5.50 20 6 16 20 6
2 24 1.70 20 -6 16 20 -6
0
2 24 -1.70 24 -6 -1.70 20 -6
2 24 -1.70 24 -1.70 -1.70 20 -1.70
2 24 -4 24 -1.70 -4 20 -1.70
2 24 -4 24 1.70 -4 20 1.70
2 24 -1.70 24 1.70 -1.70 20 1.70
2 24 -1.70 24 4 -1.70 20 4
2 24 -3.50 24 4 -3.50 20 4
2 24 -5.50 24 6 -5.50 20 6
2 24 1.70 24 -6 1.70 20 -6
2 24 1.70 24 -1.70 1.70 20 -1.70
2 24 4 24 -1.70 4 20 -1.70
2 24 4 24 1.70 4 20 1.70
2 24 1.70 24 1.70 1.70 20 1.70
2 24 1.70 24 4 1.70 20 4
2 24 3.50 24 4 3.50 20 4
2 24 5.50 24 6 5.50 20 6
0
4 16 1.70 20 -6 1.70 20 -1.70 1.70 24 -6 1.70 24 -1.70
4 16 1.70 20 -1.70 4 20 -1.70 1.70 24 -1.70 4 24 -1.70
4 16 4 20 -1.70 4 20 1.70 4 24 -1.70 4 24 1.70
4 16 4 20 1.70 1.70 20 1.70 4 24 1.70 1.70 24 1.70
4 16 1.70 20 1.70 1.70 20 4 1.70 24 1.70 1.70 24 4
4 16 1.70 20 4 3.50 20 4 1.70 24 4 3.50 24 4
4 16 3.50 20 4 5.50 20 6 3.50 24 4 5.50 24 6
4 16 5.50 20 6 16 20 6 5.50 24 6 16 24 6
4 16 1.70 20 -6 16 20 -6 1.70 24 -6 16 24 -6
1 383 16 22 0 0 -1 0 2 0 0 0 0 6 rect.DAT
0
4 16 -1.70 20 -6 -1.70 20 -1.70 -1.70 24 -6 -1.70 24 -1.70
4 16 -1.70 20 -1.70 -4 20 -1.70 -1.70 24 -1.70 -4 24 -1.70
4 16 -4 20 -1.70 -4 20 1.70 -4 24 -1.70 -4 24 1.70
4 16 -4 20 1.70 -1.70 20 1.70 -4 24 1.70 -1.70 24 1.70
4 16 -1.70 20 1.70 -1.70 20 4 -1.70 24 1.70 -1.70 24 4
4 16 -1.70 20 4 -3.50 20 4 -1.70 24 4 -3.50 24 4
4 16 -3.50 20 4 -5.50 20 6 -3.50 24 4 -5.50 24 6
4 16 -5.50 20 6 -16 20 6 -5.50 24 6 -16 24 6
4 16 -1.70 20 -6 -16 20 -6 -1.70 24 -6 -16 24 -6
1 383 -16 22 0 0 -1 0 2 0 0 0 0 6 rect.DAT
0
3 16 -4 20 -1.70 -16 20 -6 -16 20 6
4 16 -1.70 20 -1.70 -4 20 -1.70 -1.70 20 -6 -16 20 -6
4 16 -4 20 -1.70 -4 20 1.70 -5.50 20 6 -16 20 6
4 16 -4 20 1.70 -1.70 20 1.70 -3.50 20 4 -5.50 20 6
4 16 -1.70 20 1.70 -1.70 20 4 -1.70 20 4 -3.50 20 4
3 16 4 20 -1.70 16 20 -6 16 20 6
4 16 1.70 20 -1.70 4 20 -1.70 1.70 20 -6 16 20 -6
4 16 4 20 -1.70 4 20 1.70 5.50 20 6 16 20 6
4 16 4 20 1.70 1.70 20 1.70 3.50 20 4 5.50 20 6
4 16 1.70 20 1.70 1.70 20 4 1.70 20 4 3.50 20 4
0 ---------
0 end inlining
 1 0 0 10 -8 6 0 0 0 0 6 0 0 0 4-4disc.dat
 1 16 0 10 -10 6 0 0 0 0 6 0 0 0 4-4ndis.dat
 2 24 -20 10 -10 -6 10 -10 
 2 24 6 10 -10 20 10 -10 
 4 16 6 4 -10 6 10 -10 20 10 -10 20 0 -10 
 4 16 -20 10 -10 -6 10 -10 -6 4 -10 -20 0 -10 
 4 16 -20 10 -10 -6 10 -10 -6 16 -10 -20 24 -10 
 4 16 6 16 -10 20 24 -10 20 10 -10 6 10 -10 
 4 16 -20 0 -10 -6 4 -10 6 4 -10 20 0 -10 
 4 16 -20 24 -10 -6 16 -10 6 16 -10 20 24 -10 
0
 2 24 20 0 -10 20 24 -10 
 2 24 20 0 10 20 24 10 
 2 24 -20 0 -10 -20 24 -10 
 2 24 -20 0 10 -20 24 10 
 2 24 20 10 10 20 10 -10 
 2 24 20 13.50 4 20 13.50 -4 
 2 24 20 13.50 -4 20 17 -4 
 2 24 20 17 -4 20 17 4 
 2 24 20 17 4 20 13.50 4 
 4 16 20 0 10 20 0 -10 20 10 -10 20 10 10 
 4 16 20 10 10 20 10 -10 20 13.50 -4 20 13.50 4 
 4 16 20 10 10 20 13.50 4 20 17 4 20 24 10 
 4 16 20 10 -10 20 13.50 -4 20 17 -4 20 24 -10 
 4 16 20 24 10 20 24 -10 20 17 -4 20 17 4 
 4 16 20 13.50 4 20 13.50 -4 20 17 -4 20 17 4 
0
 2 24 -20 10 10 -20 10 -10 
 2 24 -20 13.50 4 -20 13.50 -4 
 2 24 -20 13.50 -4 -20 17 -4 
 2 24 -20 17 -4 -20 17 4 
 2 24 -20 17 4 -20 13.50 4 
 4 16 -20 0 10 -20 0 -10 -20 10 -10 -20 10 10 
 4 16 -20 10 10 -20 10 -10 -20 13.50 -4 -20 13.50 4 
 4 16 -20 10 10 -20 13.50 4 -20 17 4 -20 24 10 
 4 16 -20 10 -10 -20 13.50 -4 -20 17 -4 -20 24 -10 
 4 16 -20 24 10 -20 24 -10 -20 17 -4 -20 17 4 
 4 16 -20 13.50 4 -20 13.50 -4 -20 17 -4 -20 17 4 
0
 2 24 20 0 10 20 0 -10 
 2 24 -20 0 -10 20 0 -10 
 2 24 -20 0 -10 -20 0 10 
0 Top
 4 16 20 0 10 3.50 0 10 3.50 0 -10 20 0 -10 
 4 16 3.50 0 6 -3.50 0 6 -3.50 0 -10 3.50 0 -10 
 4 16 -20 0 10 -3.50 0 10 -3.50 0 -10 -20 0 -10 
0 
 4 16 20 24 10 3.50 24 10 3.50 10 10 20 10 10 
 4 16 20 10 10 3.50 10 10 3.50 0 10 20 0 10 
 2 24 20 10 10 3.50 10 10 
 2 24 20 24 10 3.50 24 10 
 2 24 20 0 10 3.50 0 10 
 1 16 3.50 5 8 0 -1 0 5 0 0 0 0 2 rect.dat 
 1 16 3.50 17 8 0 -1 0 7 0 0 0 0 2 rect.dat
 4 16 3.50 24 6 -3.50 24 6 -3.50 10 6 3.50 10 6 
 4 16 3.50 10 6 -3.50 10 6 -3.50 0 6 3.50 0 6 
 2 24 3.50 10 6 -3.50 10 6 
 2 24 3.50 24 6 -3.50 24 6 
 2 24 3.50 0 6 -3.50 0 6 
 1 16 -3.50 5 8 0 -1 0 5 0 0 0 0 2 rect.dat
 1 16 -3.50 17 8 0 -1 0 7 0 0 0 0 2 rect.dat
 4 16 -20 24 10 -3.50 24 10 -3.50 10 10 -20 10 10 
 4 16 -20 10 10 -3.50 10 10 -3.50 0 10 -20 0 10 
 2 24 -20 0 10 -3.50 0 10 
 2 24 -20 10 10 -3.50 10 10 
 2 24 -20 24 10 -3.50 24 10 
 1 16 10 0 0 0 0 -1 0 1 0 1 0 0 studel.DAT
 1 16 -10 0 0 0 0 1 0 1 0 -1 0 0 studel.DAT
0
 1 16 0 10 -10 0 0 6 6 0 0 0 0 0 4-4edge.dat
 1 16 0 10 -8 6 0 0 0 0 -6 0 -2 0 4-4cyli.dat
 1 16 0 10 -8 6 0 0 0 0 -6 0 0 0 4-4edge.dat
 1 16 0 4 0 6 0 0 0 0 0 0 0 6 4-4ndis.dat
 1 16 0 20 0 6 0 0 0 0 0 0 0 6 4-4edge.dat
 1 47 0 10 -10 6 0 0 0 0 -6 0 -4 0 4-4cyli.dat
 1 47 0 10 -14 6 0 0 0 0 -6 0 -4 0 4-4cyli.dat
 1 47 0 10 -18 6 0 0 0 0 -6 0 -6 0 4-8sphe.dat
0