0 Technic Beam  3 x  3 T-shaped
0 Name: 60484.dat
0 Author: Philippe Hurbain [Philo]
0 !LDRAW_ORG Part UPDATE 2009-02
0 !LICENSE Redistributable under CCAL version 2.0 : see CAreadme.txt

0 BFC CERTIFY CCW

0 !HISTORY 2009-09-03 [PTadmin] Official Update 2009-02

1 16 0 -10 0 9 0 0 0 1 0 0 0 -9 2-4edge.dat
1 16 0 10 0 9 0 0 0 1 0 0 0 -9 2-4edge.dat
1 16 0 -10 0 9 0 0 0 20 0 0 0 -9 2-4cyli.dat
0 BFC INVERTNEXT
1 16 14.5 0 15.5 0 -5.5 0 -10 0 0 0 0 15.5 box2-7.dat
0 BFC INVERTNEXT
1 16 -14.5 0 15.5 0 5.5 0 -10 0 0 0 0 15.5 box2-7.dat
1 16 20 -10 40 0 0 9 0 1 0 9 0 0 2-4edge.dat
1 16 20 10 40 0 0 9 0 1 0 9 0 0 2-4edge.dat
1 16 20 -10 40 0 0 9 0 20 0 9 0 0 2-4cyli.dat
1 16 -20 -10 40 0 0 -9 0 1 0 9 0 0 2-4edge.dat
1 16 -20 10 40 0 0 -9 0 1 0 9 0 0 2-4edge.dat
1 16 -20 -10 40 0 0 -9 0 20 0 9 0 0 2-4cyli.dat
1 16 0 0 49 20 0 0 0 0 -10 0 -1 0 rect2p.dat
1 16 0 0 0 1 0 0 0 1 0 0 0 1 beamhole.dat
1 16 0 0 20 1 0 0 0 1 0 0 0 1 connhole.dat
1 16 20 0 40 0 0 -1 0 1 0 1 0 0 connhole.dat
1 16 0 0 40 0 0 -1 0 1 0 1 0 0 connhole.dat
1 16 -20 0 40 0 0 -1 0 1 0 1 0 0 connhole.dat
1 16 10 -10 40 0 0 -1 0 8 0 1 0 0 npeghole.dat
1 16 10 10 40 0 0 -1 0 -8 0 1 0 0 npeghole.dat
1 16 -10 -10 40 0 0 -1 0 8 0 1 0 0 npeghole.dat
1 16 -10 10 40 0 0 -1 0 -8 0 1 0 0 npeghole.dat
1 16 0 -10 30 -1 0 0 0 8 0 0 0 -1 npeghole.dat
1 16 0 10 30 -1 0 0 0 -8 0 0 0 -1 npeghole.dat
4 16 0 -10 49 6.36 -10 46.36 13.64 -10 46.36 20 -10 49
4 16 20 -10 31 13.64 -10 33.64 6.36 -10 33.64 9 -10 31
4 16 20 10 49 13.64 10 46.36 6.36 10 46.36 0 10 49
4 16 6.36 10 33.64 13.64 10 33.64 20 10 31 9 10 31
4 16 6.36 -10 33.64 6.36 -10 26.36 9 -10 20 9 -10 31
4 16 9 10 20 6.36 10 26.36 6.36 10 33.64 9 10 31
4 16 -20 -10 49 -13.64 -10 46.36 -6.36 -10 46.36 0 -10 49
4 16 -9 -10 31 -6.36 -10 33.64 -13.64 -10 33.64 -20 -10 31
4 16 0 10 49 -6.36 10 46.36 -13.64 10 46.36 -20 10 49
4 16 -9 10 31 -20 10 31 -13.64 10 33.64 -6.36 10 33.64
4 16 -9 -10 31 -9 -10 20 -6.36 -10 26.36 -6.36 -10 33.64
4 16 -9 10 31 -6.36 10 33.64 -6.36 10 26.36 -9 10 20
0 //
0 //
