0 Sticker  3 x  5 with White 'LL 929' Exclamation and Arrow Pointing Right (Formed)
0 Name: 6074343ec01.dat
0 Author: Christophe Mitillo [Christophe_Mitillo]
0 !LDRAW_ORG Part UPDATE 2015-02
0 !LICENSE Redistributable under CCAL version 2.0 : see CAreadme.txt

0 BFC CERTIFY CCW
0 !KEYWORDS Set 70816, Spaceship 
0 !HISTORY 2015-11-07 [MagFors] Changed description, cond-lines
0 !HISTORY 2015-12-30 [PTadmin] Official Update 2015-02

0 // Top

4 16 -48.986 -0.25 -12.384 -49.109 -0.25 -13 -47.5 -0.25 -13 -48.638 -0.25 -11.862
4 16 -47.5 -0.25 -13 -47.5 -0.25 -11.391 -48.116 -0.25 -11.514 -48.638 -0.25 -11.862
4 16 47.9 -0.25 -13 49.509 -0.25 -13 49.386 -0.25 -12.384 49.038 -0.25 -11.862
4 16 47.9 -0.25 -13 49.038 -0.25 -11.862 48.516 -0.25 -11.514 47.9 -0.25 -11.391
4 15 -9.4367 -0.25 -28.555 -9.4367 -0.25 -22.4786 -11.9084 -0.25 -22.4786 -11.9084 -0.25 -30
3 15 -11.9084 -0.25 -30 -11.0881 -0.25 -30 -9.4367 -0.25 -28.555
4 15 -3.66926 -0.25 -28.555 -9.4367 -0.25 -28.555 -11.0881 -0.25 -30 -3.66926 -0.25 -30
4 15 -18.6028 -0.25 -28.555 -18.6028 -0.25 -22.4786 -21.0745 -0.25 -22.4786 -21.0745 -0.25 -30
3 15 -21.0745 -0.25 -30 -20.2542 -0.25 -30 -18.6028 -0.25 -28.555
4 15 -12.8353 -0.25 -28.555 -18.6028 -0.25 -28.555 -20.2542 -0.25 -30 -12.8353 -0.25 -30
4 16 1.424 -0.25 -24.611 1.377 -0.25 -24.847 1.995 -0.25 -24.847 1.558 -0.25 -24.41
4 16 1.995 -0.25 -24.847 1.995 -0.25 -24.23 1.759 -0.25 -24.276 1.558 -0.25 -24.41
4 16 1.995 -0.25 -25.259 1.376 -0.25 -25.259 1.423 -0.25 -25.496 1.558 -0.25 -25.697
4 16 1.995 -0.25 -25.259 1.558 -0.25 -25.697 1.758 -0.25 -25.831 1.995 -0.25 -25.878
4 16 1.995 -0.25 -24.847 1.377 -0.25 -24.847 1.376 -0.25 -25.259 1.995 -0.25 -25.259
4 16 5.291 -0.25 -24.847 5.911 -0.25 -24.847 5.864 -0.25 -24.61 5.729 -0.25 -24.409
4 16 5.291 -0.25 -24.847 5.729 -0.25 -24.409 5.528 -0.25 -24.275 5.291 -0.25 -24.227
4 16 5.291 -0.25 -25.259 5.291 -0.25 -25.88 5.529 -0.25 -25.833 5.73 -0.25 -25.698
4 16 5.291 -0.25 -25.259 5.73 -0.25 -25.698 5.865 -0.25 -25.497 5.912 -0.25 -25.259
4 16 5.911 -0.25 -24.847 5.291 -0.25 -24.847 5.291 -0.25 -25.259 5.912 -0.25 -25.259
4 16 5.291 -0.25 -24.227 1.995 -0.25 -24.23 1.995 -0.25 -24.847 5.291 -0.25 -24.847
4 16 5.291 -0.25 -24.847 1.995 -0.25 -24.847 1.995 -0.25 -25.259 5.291 -0.25 -25.259
4 16 5.291 -0.25 -25.259 1.995 -0.25 -25.259 1.995 -0.25 -25.878 5.291 -0.25 -25.88
4 16 1.995 -0.25 -28.246 1.376 -0.25 -28.246 1.423 -0.25 -28.483 1.558 -0.25 -28.684
4 16 1.995 -0.25 -28.246 1.558 -0.25 -28.684 1.758 -0.25 -28.818 1.995 -0.25 -28.865
4 16 5.291 -0.25 -28.246 5.291 -0.25 -28.867 5.529 -0.25 -28.82 5.73 -0.25 -28.685
4 16 5.291 -0.25 -28.246 5.73 -0.25 -28.685 5.865 -0.25 -28.484 5.912 -0.25 -28.246
4 16 5.291 -0.25 -28.246 1.995 -0.25 -28.246 1.995 -0.25 -28.865 5.291 -0.25 -28.867
4 15 1.06827 -0.25 -25.8773 -1.0873 -0.25 -25.8773 -0.92322 -0.25 -26.5635 -0.45595 -0.25 -27.1452
4 15 1.06827 -0.25 -25.8773 -0.45595 -0.25 -27.1452 0.24337 -0.25 -27.5339 1.06827 -0.25 -27.6703
4 15 -0.92893 -0.25 -23.5587 -1.09348 -0.25 -24.2295 1.06827 -0.25 -24.2295 -0.46032 -0.25 -22.99
4 15 1.06827 -0.25 -24.2295 1.06827 -0.25 -22.4766 0.241 -0.25 -22.61 -0.46032 -0.25 -22.99
4 15 1.06827 -0.25 -28.9155 -1.0873 -0.25 -28.9155 -0.92322 -0.25 -29.6016 -0.603237 -0.25 -30
3 15 -0.603237 -0.25 -30 -0.235518 -0.25 -30 1.06827 -0.25 -28.9155
3 15 1.06827 -0.25 -28.9155 -0.235518 -0.25 -30 1.06827 -0.25 -30
4 15 6.21204 -0.25 -24.2295 8.37379 -0.25 -24.2295 8.20924 -0.25 -23.5587 7.74063 -0.25 -22.99
4 15 6.21204 -0.25 -24.2295 7.74063 -0.25 -22.99 7.03931 -0.25 -22.61 6.21204 -0.25 -22.4766
4 15 8.20353 -0.25 -29.6016 8.36761 -0.25 -28.9155 6.21204 -0.25 -28.9155 7.51583 -0.25 -30
3 15 7.51583 -0.25 -30 7.88355 -0.25 -30 8.20353 -0.25 -29.6016
3 15 6.21204 -0.25 -28.9155 6.21204 -0.25 -30 7.51583 -0.25 -30
4 15 6.21204 -0.25 -22.4766 1.06827 -0.25 -22.4766 1.06827 -0.25 -24.2295 1.99518 -0.25 -24.2295
3 15 6.21204 -0.25 -22.4766 1.99518 -0.25 -24.2295 5.29085 -0.25 -24.2274
4 15 6.21204 -0.25 -22.4766 5.29085 -0.25 -24.2274 5.52811 -0.25 -24.2746 6.21204 -0.25 -24.2295
3 15 6.21204 -0.25 -24.2295 5.52811 -0.25 -24.2746 5.72925 -0.25 -24.409
3 15 6.21204 -0.25 -24.2295 5.72925 -0.25 -24.409 5.86365 -0.25 -24.6101
3 15 6.21204 -0.25 -24.2295 5.86365 -0.25 -24.6101 5.91085 -0.25 -24.8474
4 15 6.21204 -0.25 -24.2295 5.91085 -0.25 -24.8474 5.91188 -0.25 -25.2594 8.37379 -0.25 -24.2295
3 15 1.99518 -0.25 -24.2295 1.06827 -0.25 -24.2295 1.7587 -0.25 -24.2765
3 15 1.06827 -0.25 -24.2295 1.55823 -0.25 -24.4104 1.7587 -0.25 -24.2765
3 15 1.06827 -0.25 -24.2295 1.42428 -0.25 -24.6109 1.55823 -0.25 -24.4104
3 15 1.06827 -0.25 -24.2295 1.37724 -0.25 -24.8474 1.42428 -0.25 -24.6109
4 15 1.37621 -0.25 -25.2594 1.37724 -0.25 -24.8474 1.06827 -0.25 -24.2295 1.06827 -0.25 -25.8773
3 15 1.37621 -0.25 -25.2594 1.06827 -0.25 -25.8773 1.42332 -0.25 -25.4962
3 15 1.42332 -0.25 -25.4962 1.06827 -0.25 -25.8773 1.5575 -0.25 -25.697
3 15 1.5575 -0.25 -25.697 1.06827 -0.25 -25.8773 1.75831 -0.25 -25.8312
4 15 1.99518 -0.25 -25.8783 1.75831 -0.25 -25.8312 1.06827 -0.25 -25.8773 5.90879 -0.25 -27.6796
4 15 -1.0873 -0.25 -25.8773 1.06827 -0.25 -25.8773 1.06827 -0.25 -24.2295 -1.09348 -0.25 -24.2295
3 15 1.06827 -0.25 -25.8773 1.06827 -0.25 -27.6703 5.90879 -0.25 -27.6796
3 15 1.99518 -0.25 -25.8783 5.90879 -0.25 -27.6796 5.29085 -0.25 -25.8804
3 15 5.5285 -0.25 -25.8331 5.29085 -0.25 -25.8804 5.90879 -0.25 -27.6796
3 15 5.72998 -0.25 -25.6985 5.5285 -0.25 -25.8331 5.90879 -0.25 -27.6796
4 15 5.8646 -0.25 -25.497 5.72998 -0.25 -25.6985 5.90879 -0.25 -27.6796 8.37379 -0.25 -24.2295
3 15 8.37379 -0.25 -24.2295 5.91188 -0.25 -25.2594 5.8646 -0.25 -25.497
4 15 8.36761 -0.25 -28.9155 8.37379 -0.25 -24.2295 5.90879 -0.25 -27.6796 6.21204 -0.25 -28.9155
3 15 5.90879 -0.25 -27.6796 5.91188 -0.25 -28.2461 6.21204 -0.25 -28.9155
3 15 5.91188 -0.25 -28.2461 5.8646 -0.25 -28.4837 6.21204 -0.25 -28.9155
3 15 5.8646 -0.25 -28.4837 5.72998 -0.25 -28.6852 6.21204 -0.25 -28.9155
4 15 6.21204 -0.25 -28.9155 5.72998 -0.25 -28.6852 5.5285 -0.25 -28.8198 5.95353 -0.25 -30
3 15 5.95353 -0.25 -30 6.21204 -0.25 -30 6.21204 -0.25 -28.9155
4 15 5.95353 -0.25 -30 5.5285 -0.25 -28.8198 5.29085 -0.25 -28.8671 2.70599 -0.25 -30
4 15 2.70599 -0.25 -30 5.29085 -0.25 -28.8671 1.99518 -0.25 -28.865 1.42737 -0.25 -30
4 15 1.42737 -0.25 -30 1.99518 -0.25 -28.865 1.75831 -0.25 -28.8179 1.32897 -0.25 -30
4 15 1.75831 -0.25 -28.8179 1.5575 -0.25 -28.6837 1.06827 -0.25 -28.9155 1.06827 -0.25 -30
3 15 1.06827 -0.25 -30 1.32897 -0.25 -30 1.75831 -0.25 -28.8179
3 15 1.42332 -0.25 -28.4829 1.06827 -0.25 -28.9155 1.5575 -0.25 -28.6837
4 15 1.06827 -0.25 -28.9155 1.42332 -0.25 -28.4829 1.37621 -0.25 -28.2461 -1.09451 -0.25 -28.2461
3 15 -1.09451 -0.25 -28.2461 -1.0873 -0.25 -28.9155 1.06827 -0.25 -28.9155
4 16 -1.095 -0.25 -28.246 -0.923 -0.25 -26.564 -1.087 -0.25 -25.877 -3.669 -0.25 -28.555
3 16 -0.923 -0.25 -26.564 -1.095 -0.25 -28.246 -0.456 -0.25 -27.145
4 16 0.243 -0.25 -27.534 -0.456 -0.25 -27.145 -1.095 -0.25 -28.246 1.376 -0.25 -28.246
4 16 1.068 -0.25 -27.67 0.243 -0.25 -27.534 1.376 -0.25 -28.246 1.995 -0.25 -28.246
4 16 5.909 -0.25 -27.68 1.068 -0.25 -27.67 1.995 -0.25 -28.246 5.291 -0.25 -28.246
3 16 5.909 -0.25 -27.68 5.291 -0.25 -28.246 5.912 -0.25 -28.246
4 16 22.383 -0.25 -24.611 22.336 -0.25 -24.847 22.954 -0.25 -24.847 22.517 -0.25 -24.41
4 16 22.954 -0.25 -24.847 22.954 -0.25 -24.23 22.717 -0.25 -24.276 22.517 -0.25 -24.41
4 16 22.954 -0.25 -25.259 22.335 -0.25 -25.259 22.382 -0.25 -25.496 22.516 -0.25 -25.697
4 16 22.954 -0.25 -25.259 22.516 -0.25 -25.697 22.717 -0.25 -25.831 22.954 -0.25 -25.878
4 16 22.954 -0.25 -24.847 22.336 -0.25 -24.847 22.335 -0.25 -25.259 22.954 -0.25 -25.259
4 16 26.249 -0.25 -24.847 26.869 -0.25 -24.847 26.822 -0.25 -24.61 26.688 -0.25 -24.409
4 16 26.249 -0.25 -24.847 26.688 -0.25 -24.409 26.486 -0.25 -24.275 26.249 -0.25 -24.227
4 16 26.249 -0.25 -25.259 26.249 -0.25 -25.88 26.487 -0.25 -25.833 26.688 -0.25 -25.698
4 16 26.249 -0.25 -25.259 26.688 -0.25 -25.698 26.823 -0.25 -25.497 26.87 -0.25 -25.259
4 16 26.869 -0.25 -24.847 26.249 -0.25 -24.847 26.249 -0.25 -25.259 26.87 -0.25 -25.259
4 16 26.249 -0.25 -24.227 22.954 -0.25 -24.23 22.954 -0.25 -24.847 26.249 -0.25 -24.847
4 16 26.249 -0.25 -24.847 22.954 -0.25 -24.847 22.954 -0.25 -25.259 26.249 -0.25 -25.259
4 16 26.249 -0.25 -25.259 22.954 -0.25 -25.259 22.954 -0.25 -25.878 26.249 -0.25 -25.88
4 16 22.954 -0.25 -28.246 22.335 -0.25 -28.246 22.382 -0.25 -28.483 22.516 -0.25 -28.684
4 16 22.954 -0.25 -28.246 22.516 -0.25 -28.684 22.717 -0.25 -28.818 22.954 -0.25 -28.865
4 16 26.249 -0.25 -28.246 26.249 -0.25 -28.867 26.487 -0.25 -28.82 26.688 -0.25 -28.685
4 16 26.249 -0.25 -28.246 26.688 -0.25 -28.685 26.823 -0.25 -28.484 26.87 -0.25 -28.246
4 16 26.249 -0.25 -28.246 22.954 -0.25 -28.246 22.954 -0.25 -28.865 26.249 -0.25 -28.867
4 15 22.0267 -0.25 -25.8773 19.8711 -0.25 -25.8773 20.0352 -0.25 -26.5635 20.5025 -0.25 -27.1452
4 15 22.0267 -0.25 -25.8773 20.5025 -0.25 -27.1452 21.2018 -0.25 -27.5339 22.0267 -0.25 -27.6703
4 15 20.0295 -0.25 -23.5587 19.8649 -0.25 -24.2295 22.0267 -0.25 -24.2295 20.4981 -0.25 -22.99
4 15 22.0267 -0.25 -24.2295 22.0267 -0.25 -22.4766 21.1994 -0.25 -22.61 20.4981 -0.25 -22.99
4 15 22.0267 -0.25 -28.9155 19.8711 -0.25 -28.9155 20.0352 -0.25 -29.6016 20.3552 -0.25 -30
3 15 20.3552 -0.25 -30 20.7229 -0.25 -30 22.0267 -0.25 -28.9155
3 15 22.0267 -0.25 -28.9155 20.7229 -0.25 -30 22.0267 -0.25 -30
4 15 27.1704 -0.25 -24.2295 29.3322 -0.25 -24.2295 29.1676 -0.25 -23.5587 28.699 -0.25 -22.99
4 15 27.1704 -0.25 -24.2295 28.699 -0.25 -22.99 27.9977 -0.25 -22.61 27.1704 -0.25 -22.4766
4 15 29.1619 -0.25 -29.6016 29.326 -0.25 -28.9155 27.1704 -0.25 -28.9155 28.4743 -0.25 -30
3 15 28.4743 -0.25 -30 28.842 -0.25 -30 29.1619 -0.25 -29.6016
3 15 27.1704 -0.25 -28.9155 27.1704 -0.25 -30 28.4743 -0.25 -30
4 15 27.1704 -0.25 -22.4766 22.0267 -0.25 -22.4766 22.0267 -0.25 -24.2295 22.9536 -0.25 -24.2295
3 15 27.1704 -0.25 -22.4766 22.9536 -0.25 -24.2295 26.2493 -0.25 -24.2274
4 15 27.1704 -0.25 -22.4766 26.2493 -0.25 -24.2274 26.4865 -0.25 -24.2746 27.1704 -0.25 -24.2295
3 15 27.1704 -0.25 -24.2295 26.4865 -0.25 -24.2746 26.6877 -0.25 -24.409
3 15 27.1704 -0.25 -24.2295 26.6877 -0.25 -24.409 26.8221 -0.25 -24.6101
3 15 27.1704 -0.25 -24.2295 26.8221 -0.25 -24.6101 26.8693 -0.25 -24.8474
4 15 27.1704 -0.25 -24.2295 26.8693 -0.25 -24.8474 26.8703 -0.25 -25.2594 29.3322 -0.25 -24.2295
3 15 22.9536 -0.25 -24.2295 22.0267 -0.25 -24.2295 22.7171 -0.25 -24.2765
3 15 22.0267 -0.25 -24.2295 22.5166 -0.25 -24.4104 22.7171 -0.25 -24.2765
3 15 22.0267 -0.25 -24.2295 22.3827 -0.25 -24.6109 22.5166 -0.25 -24.4104
3 15 22.0267 -0.25 -24.2295 22.3356 -0.25 -24.8474 22.3827 -0.25 -24.6109
4 15 22.3346 -0.25 -25.2594 22.3356 -0.25 -24.8474 22.0267 -0.25 -24.2295 22.0267 -0.25 -25.8773
3 15 22.3346 -0.25 -25.2594 22.0267 -0.25 -25.8773 22.3817 -0.25 -25.4962
3 15 22.3817 -0.25 -25.4962 22.0267 -0.25 -25.8773 22.5159 -0.25 -25.697
3 15 22.5159 -0.25 -25.697 22.0267 -0.25 -25.8773 22.7167 -0.25 -25.8312
4 15 22.9536 -0.25 -25.8783 22.7167 -0.25 -25.8312 22.0267 -0.25 -25.8773 26.8672 -0.25 -27.6796
4 15 19.8711 -0.25 -25.8773 22.0267 -0.25 -25.8773 22.0267 -0.25 -24.2295 19.8649 -0.25 -24.2295
3 15 22.0267 -0.25 -25.8773 22.0267 -0.25 -27.6703 26.8672 -0.25 -27.6796
3 15 22.9536 -0.25 -25.8783 26.8672 -0.25 -27.6796 26.2493 -0.25 -25.8804
3 15 26.4869 -0.25 -25.8331 26.2493 -0.25 -25.8804 26.8672 -0.25 -27.6796
3 15 26.6884 -0.25 -25.6985 26.4869 -0.25 -25.8331 26.8672 -0.25 -27.6796
4 15 26.823 -0.25 -25.497 26.6884 -0.25 -25.6985 26.8672 -0.25 -27.6796 29.3322 -0.25 -24.2295
3 15 29.3322 -0.25 -24.2295 26.8703 -0.25 -25.2594 26.823 -0.25 -25.497
4 15 29.326 -0.25 -28.9155 29.3322 -0.25 -24.2295 26.8672 -0.25 -27.6796 27.1704 -0.25 -28.9155
3 15 26.8672 -0.25 -27.6796 26.8703 -0.25 -28.2461 27.1704 -0.25 -28.9155
3 15 26.8703 -0.25 -28.2461 26.823 -0.25 -28.4837 27.1704 -0.25 -28.9155
3 15 26.823 -0.25 -28.4837 26.6884 -0.25 -28.6852 27.1704 -0.25 -28.9155
4 15 27.1704 -0.25 -28.9155 26.6884 -0.25 -28.6852 26.4869 -0.25 -28.8198 26.9119 -0.25 -30
3 15 26.9119 -0.25 -30 27.1704 -0.25 -30 27.1704 -0.25 -28.9155
4 15 26.9119 -0.25 -30 26.4869 -0.25 -28.8198 26.2493 -0.25 -28.8671 23.6644 -0.25 -30
4 15 23.6644 -0.25 -30 26.2493 -0.25 -28.8671 22.9536 -0.25 -28.865 22.3858 -0.25 -30
4 15 22.3858 -0.25 -30 22.9536 -0.25 -28.865 22.7167 -0.25 -28.8179 22.2874 -0.25 -30
4 15 22.7167 -0.25 -28.8179 22.5159 -0.25 -28.6837 22.0267 -0.25 -28.9155 22.0267 -0.25 -30
3 15 22.0267 -0.25 -30 22.2874 -0.25 -30 22.7167 -0.25 -28.8179
3 15 22.3817 -0.25 -28.4829 22.0267 -0.25 -28.9155 22.5159 -0.25 -28.6837
4 15 22.0267 -0.25 -28.9155 22.3817 -0.25 -28.4829 22.3346 -0.25 -28.2461 19.8639 -0.25 -28.2461
3 15 19.8639 -0.25 -28.2461 19.8711 -0.25 -28.9155 22.0267 -0.25 -28.9155
4 16 19.864 -0.25 -28.246 20.035 -0.25 -26.564 19.871 -0.25 -25.877 18.988 -0.25 -27.68
3 16 20.035 -0.25 -26.564 19.864 -0.25 -28.246 20.503 -0.25 -27.145
4 16 21.202 -0.25 -27.534 20.503 -0.25 -27.145 19.864 -0.25 -28.246 22.335 -0.25 -28.246
4 16 22.027 -0.25 -27.67 21.202 -0.25 -27.534 22.335 -0.25 -28.246 22.954 -0.25 -28.246
4 16 26.867 -0.25 -27.68 22.027 -0.25 -27.67 22.954 -0.25 -28.246 26.249 -0.25 -28.246
3 16 26.867 -0.25 -27.68 26.249 -0.25 -28.246 26.87 -0.25 -28.246
4 15 16.8241 -0.25 -24.2295 18.9859 -0.25 -24.2295 18.8213 -0.25 -23.5587 18.3527 -0.25 -22.99
4 15 17.6514 -0.25 -22.61 16.8241 -0.25 -22.4766 16.8241 -0.25 -24.2295 18.3527 -0.25 -22.99
4 15 9.52868 -0.25 -23.5587 9.36412 -0.25 -24.2295 11.5259 -0.25 -24.2295 9.99729 -0.25 -22.99
4 15 10.6986 -0.25 -22.61 9.99729 -0.25 -22.99 11.5259 -0.25 -24.2295 11.5259 -0.25 -22.4766
4 15 16.8241 -0.25 -24.2295 16.8241 -0.25 -22.4766 11.5259 -0.25 -22.4766 15.8978 -0.25 -24.2284
3 15 11.5259 -0.25 -22.4766 12.4476 -0.25 -24.2284 15.8978 -0.25 -24.2284
4 15 12.2107 -0.25 -24.2758 12.4476 -0.25 -24.2284 11.5259 -0.25 -22.4766 11.5259 -0.25 -24.2295
3 15 15.8978 -0.25 -24.2284 16.1346 -0.25 -24.2758 16.8241 -0.25 -24.2295
4 15 18.9797 -0.25 -25.8773 18.9859 -0.25 -24.2295 16.8241 -0.25 -24.2295 16.8241 -0.25 -25.8773
3 15 16.8241 -0.25 -24.2295 16.1346 -0.25 -24.2758 16.3355 -0.25 -24.4097
3 15 16.8241 -0.25 -24.2295 16.3355 -0.25 -24.4097 16.4694 -0.25 -24.6105
3 15 16.8241 -0.25 -24.2295 16.4694 -0.25 -24.6105 16.5167 -0.25 -24.8474
4 15 16.8241 -0.25 -24.2295 16.5167 -0.25 -24.8474 16.5198 -0.25 -25.2594 16.8241 -0.25 -25.8773
4 15 18.8156 -0.25 -26.5635 18.9797 -0.25 -25.8773 16.8241 -0.25 -25.8773 18.3484 -0.25 -27.1452
4 15 17.649 -0.25 -27.5339 18.3484 -0.25 -27.1452 16.8241 -0.25 -25.8773 16.8241 -0.25 -27.6703
4 15 9.52868 -0.25 -27.2148 9.36412 -0.25 -27.8856 11.5259 -0.25 -27.8856 9.99729 -0.25 -26.6461
4 15 10.6986 -0.25 -26.2661 9.99729 -0.25 -26.6461 11.5259 -0.25 -27.8856 11.5259 -0.25 -26.1327
4 16 15.899 -0.25 -25.259 15.899 -0.25 -25.88 16.136 -0.25 -25.833 16.338 -0.25 -25.698
4 16 15.899 -0.25 -25.259 16.338 -0.25 -25.698 16.472 -0.25 -25.497 16.52 -0.25 -25.259
4 16 15.899 -0.25 -24.847 16.469 -0.25 -24.61 16.335 -0.25 -24.41 16.135 -0.25 -24.276
4 16 15.899 -0.25 -24.847 16.135 -0.25 -24.276 15.898 -0.25 -24.228 12.449 -0.25 -24.847
4 16 16.517 -0.25 -24.847 16.469 -0.25 -24.61 15.899 -0.25 -24.847 15.899 -0.25 -25.259
4 16 12.449 -0.25 -24.847 12.448 -0.25 -24.228 12.211 -0.25 -24.276 12.012 -0.25 -24.41
4 16 12.449 -0.25 -24.847 12.012 -0.25 -24.41 11.878 -0.25 -24.611 11.831 -0.25 -24.847
4 15 11.8307 -0.25 -28.452 11.5259 -0.25 -27.8856 9.36412 -0.25 -27.8856 9.36025 -0.25 -30
3 15 9.36025 -0.25 -30 10.142 -0.25 -30 11.8307 -0.25 -28.452
4 16 12.449 -0.25 -28.452 12.448 -0.25 -27.833 12.211 -0.25 -27.88 12.012 -0.25 -28.015
4 16 12.449 -0.25 -28.452 12.012 -0.25 -28.015 11.878 -0.25 -28.216 11.831 -0.25 -28.452
4 15 12.4486 -0.25 -28.452 11.8307 -0.25 -28.452 10.142 -0.25 -30 16.9167 -0.25 -30
4 15 18.9885 -0.25 -30 18.9885 -0.25 -28.452 12.4486 -0.25 -28.452 16.9167 -0.25 -30
3 15 11.5259 -0.25 -27.8856 11.8307 -0.25 -28.452 11.8777 -0.25 -28.2156
3 15 11.5259 -0.25 -27.8856 11.8777 -0.25 -28.2156 12.0117 -0.25 -28.0151
4 15 11.5259 -0.25 -27.8856 12.0117 -0.25 -28.0151 12.2107 -0.25 -27.8804 11.5259 -0.25 -26.1327
3 15 16.5198 -0.25 -25.2594 16.4725 -0.25 -25.497 16.8241 -0.25 -25.8773
3 15 16.4725 -0.25 -25.497 16.3379 -0.25 -25.6985 16.8241 -0.25 -25.8773
4 15 16.8241 -0.25 -25.8773 16.3379 -0.25 -25.6985 16.1364 -0.25 -25.8331 16.8241 -0.25 -27.6703
4 15 16.8241 -0.25 -27.6703 16.1364 -0.25 -25.8331 15.8988 -0.25 -25.8804 12.4476 -0.25 -27.8331
4 15 12.4476 -0.25 -27.8331 15.8988 -0.25 -25.8804 11.5259 -0.25 -26.1327 12.2107 -0.25 -27.8804
4 15 11.5259 -0.25 -24.2295 9.36412 -0.25 -24.2295 9.35894 -0.25 -25.4138 11.8307 -0.25 -24.8474
3 15 11.8307 -0.25 -24.8474 9.35894 -0.25 -25.4138 11.8307 -0.25 -25.4138
3 15 11.5259 -0.25 -24.2295 11.8307 -0.25 -24.8474 11.8777 -0.25 -24.6109
3 15 11.5259 -0.25 -24.2295 11.8777 -0.25 -24.6109 12.0117 -0.25 -24.4104
3 15 11.5259 -0.25 -24.2295 12.0117 -0.25 -24.4104 12.2107 -0.25 -24.2758
3 16 15.898 -0.25 -24.228 12.448 -0.25 -24.228 12.449 -0.25 -24.847
3 16 15.899 -0.25 -24.847 12.449 -0.25 -24.847 15.899 -0.25 -25.259
3 16 16.517 -0.25 -24.847 15.899 -0.25 -25.259 16.52 -0.25 -25.259
4 16 12.449 -0.25 -24.847 11.831 -0.25 -24.847 11.831 -0.25 -25.414 15.899 -0.25 -25.88
3 16 12.449 -0.25 -24.847 15.899 -0.25 -25.88 15.899 -0.25 -25.259
4 16 11.526 -0.25 -26.133 15.899 -0.25 -25.88 11.831 -0.25 -25.414 9.359 -0.25 -25.414
3 16 9.359 -0.25 -25.414 10.699 -0.25 -26.266 11.526 -0.25 -26.133
3 16 9.359 -0.25 -25.414 9.997 -0.25 -26.646 10.699 -0.25 -26.266
3 16 9.359 -0.25 -25.414 9.529 -0.25 -27.215 9.997 -0.25 -26.646
3 16 8.381 -0.25 -22.479 7.039 -0.25 -22.61 7.741 -0.25 -22.99
3 16 8.381 -0.25 -22.479 7.741 -0.25 -22.99 8.209 -0.25 -23.559
4 16 8.381 -0.25 -22.479 8.209 -0.25 -23.559 8.374 -0.25 -24.23 9.364 -0.25 -24.23
3 16 9.307 -0.25 -22.479 9.997 -0.25 -22.99 10.699 -0.25 -22.61
3 16 9.307 -0.25 -22.479 9.529 -0.25 -23.559 9.997 -0.25 -22.99
4 16 9.364 -0.25 -24.23 9.529 -0.25 -23.559 9.307 -0.25 -22.479 8.381 -0.25 -22.479
3 16 18.988 -0.25 -22.479 17.651 -0.25 -22.61 18.353 -0.25 -22.99
3 16 18.988 -0.25 -22.479 18.353 -0.25 -22.99 18.821 -0.25 -23.559
4 16 18.988 -0.25 -22.479 18.821 -0.25 -23.559 18.986 -0.25 -24.23 19.864 -0.25 -22.479
3 16 19.864 -0.25 -22.479 20.498 -0.25 -22.99 21.199 -0.25 -22.61
3 16 19.864 -0.25 -22.479 20.029 -0.25 -23.559 20.498 -0.25 -22.99
4 16 19.865 -0.25 -24.23 20.029 -0.25 -23.559 19.864 -0.25 -22.479 18.986 -0.25 -24.23
4 16 19.974 -0.25 -30 20.035 -0.25 -29.602 19.871 -0.25 -28.916 19.34 -0.25 -30
3 16 20.035 -0.25 -29.602 19.974 -0.25 -30 20.355 -0.25 -30
3 16 29.162 -0.25 -29.602 28.842 -0.25 -30 29.225 -0.25 -30
4 16 31.553 -0.25 -25.465 29.326 -0.25 -28.916 29.162 -0.25 -29.602 29.225 -0.25 -30
3 16 29.225 -0.25 -30 29.642 -0.25 -30 31.553 -0.25 -25.465
4 16 29.339 -0.25 -22.479 29.168 -0.25 -23.559 29.332 -0.25 -24.23 31.553 -0.25 -25.465
3 16 29.339 -0.25 -22.479 28.699 -0.25 -22.99 29.168 -0.25 -23.559
3 16 29.339 -0.25 -22.479 27.998 -0.25 -22.61 28.699 -0.25 -22.99
3 16 -1.095 -0.25 -22.479 -0.46 -0.25 -22.99 0.241 -0.25 -22.61
3 16 -1.095 -0.25 -22.479 -0.929 -0.25 -23.559 -0.46 -0.25 -22.99
4 16 -1.093 -0.25 -24.23 -0.929 -0.25 -23.559 -1.095 -0.25 -22.479 -3.669 -0.25 -28.555
4 16 -0.984 -0.25 -30 -0.923 -0.25 -29.602 -1.087 -0.25 -28.916 -2.641 -0.25 -30
3 16 -0.923 -0.25 -29.602 -0.984 -0.25 -30 -0.603 -0.25 -30
3 16 8.204 -0.25 -29.602 7.884 -0.25 -30 8.267 -0.25 -30
4 16 8.964 -0.25 -30 8.368 -0.25 -28.916 8.204 -0.25 -29.602 8.267 -0.25 -30
4 16 18.988 -0.25 -27.68 17.649 -0.25 -27.534 16.824 -0.25 -27.67 18.988 -0.25 -28.452
3 16 18.348 -0.25 -27.145 17.649 -0.25 -27.534 18.988 -0.25 -27.68
3 16 18.816 -0.25 -26.564 18.348 -0.25 -27.145 18.988 -0.25 -27.68
4 16 18.98 -0.25 -25.877 18.816 -0.25 -26.564 18.988 -0.25 -27.68 19.871 -0.25 -25.877
4 16 16.824 -0.25 -27.67 12.448 -0.25 -27.833 12.449 -0.25 -28.452 18.988 -0.25 -28.452
4 16 19.864 -0.25 -28.246 18.988 -0.25 -27.68 18.988 -0.25 -28.452 19.871 -0.25 -28.916
4 16 19.34 -0.25 -30 19.871 -0.25 -28.916 18.988 -0.25 -28.452 18.988 -0.25 -30
4 16 18.98 -0.25 -25.877 19.871 -0.25 -25.877 19.865 -0.25 -24.23 18.986 -0.25 -24.23
4 16 9.359 -0.25 -25.414 9.364 -0.25 -24.23 8.374 -0.25 -24.23 8.368 -0.25 -28.916
4 16 9.359 -0.25 -25.414 8.368 -0.25 -28.916 9.364 -0.25 -27.886 9.529 -0.25 -27.215
4 16 9.36 -0.25 -30 9.364 -0.25 -27.886 8.368 -0.25 -28.916 8.964 -0.25 -30
4 16 -18.603 -0.25 -22.479 -18.603 -0.25 -28.555 -12.835 -0.25 -28.555 -11.908 -0.25 -22.479
4 16 -9.437 -0.25 -22.479 -9.437 -0.25 -28.555 -3.669 -0.25 -28.555 -1.095 -0.25 -22.479
4 16 -11.908 -0.25 -30 -11.908 -0.25 -22.479 -12.835 -0.25 -28.555 -12.835 -0.25 -30
3 16 -1.093 -0.25 -24.23 -3.669 -0.25 -28.555 -1.087 -0.25 -25.877
4 16 -1.087 -0.25 -28.916 -1.095 -0.25 -28.246 -3.669 -0.25 -28.555 -3.669 -0.25 -30
3 16 -3.669 -0.25 -30 -2.641 -0.25 -30 -1.087 -0.25 -28.916
4 16 -21.075 -0.25 -30 -21.075 -0.25 -22.479 -23.031 -0.25 -25.568 -23.031 -0.25 -30
3 16 31.553 -0.25 -25.465 29.642 -0.25 -30 33.037 -0.25 -30
3 16 29.332 -0.25 -24.23 29.326 -0.25 -28.916 31.553 -0.25 -25.465
4 15 -30.85 -0.25 -24.05 -29.5713 -0.25 -23.6704 -29.8714 -0.25 -23.2214 -30.3204 -0.25 -22.9214
4 15 -30.85 -0.25 -24.05 -30.3204 -0.25 -22.9214 -30.85 -0.25 -22.816 -31.3796 -0.25 -22.9214
4 15 -30.85 -0.25 -24.05 -31.3796 -0.25 -22.9214 -31.8286 -0.25 -23.2214 -32.1287 -0.25 -23.6704
3 15 -32.1287 -0.25 -23.6704 -30.95 -0.25 -24.1 -30.85 -0.25 -24.05
4 15 -31 -0.25 -24.2 -30.95 -0.25 -24.1 -32.1287 -0.25 -23.6704 -35.2587 -0.25 -30
3 15 -35.2587 -0.25 -30 -34.3288 -0.25 -30 -31 -0.25 -24.2
3 15 -29.5713 -0.25 -23.6704 -30.85 -0.25 -24.05 -30.75 -0.25 -24.1
4 15 -29.5713 -0.25 -23.6704 -30.75 -0.25 -24.1 -30.7 -0.25 -24.2 -26.8766 -0.25 -30
3 15 -26.8766 -0.25 -30 -25.9388 -0.25 -30 -29.5713 -0.25 -23.6704
3 15 -30.7 -0.25 -24.2 -27.3712 -0.25 -30 -26.8766 -0.25 -30
3 15 -32.1287 -0.25 -23.6704 -35.7612 -0.25 -30 -35.2587 -0.25 -30
4 15 -29.8 -0.25 -30 -29.8 -0.25 -28.5 -31.9 -0.25 -28.5 -31.9 -0.25 -30
4 16 -30.75 -0.25 -24.1 -30.85 -0.25 -24.05 -30.95 -0.25 -24.1 -31 -0.25 -24.2
4 16 -30.7 -0.25 -24.2 -30.75 -0.25 -24.1 -31 -0.25 -24.2 -29.8 -0.25 -28.5
3 16 -31 -0.25 -24.2 -31.9 -0.25 -28.5 -29.8 -0.25 -28.5
4 16 -27.371 -0.25 -30 -30.7 -0.25 -24.2 -29.8 -0.25 -28.5 -28.761 -0.25 -30
4 16 -32.939 -0.25 -30 -31.9 -0.25 -28.5 -31 -0.25 -24.2 -34.329 -0.25 -30
3 16 -29.8 -0.25 -28.5 -29.8 -0.25 -30 -28.761 -0.25 -30
3 16 -31.9 -0.25 -28.5 -32.939 -0.25 -30 -31.9 -0.25 -30
4 16 -30.85 -0.25 -22.816 -30.32 -0.25 -22.921 -29.4 -0.25 -22.6 -47.5 -0.25 -11.391
3 16 -29.4 -0.25 -22.6 -30.32 -0.25 -22.921 -29.871 -0.25 -23.221
4 16 -29.4 -0.25 -22.6 -29.871 -0.25 -23.221 -29.571 -0.25 -23.67 -21.075 -0.25 -22.479
4 16 -32.5 -0.25 -22.6 -31.38 -0.25 -22.921 -30.85 -0.25 -22.816 -47.5 -0.25 -11.391
3 16 -32.5 -0.25 -22.6 -31.829 -0.25 -23.221 -31.38 -0.25 -22.921
4 16 -32.129 -0.25 -23.67 -31.829 -0.25 -23.221 -32.5 -0.25 -22.6 -49.1 -0.25 -22.75
4 16 29.339 -0.25 -22.479 31.553 -0.25 -25.465 49.1 -0.25 -22.75 47.9 -0.25 -13
3 16 49.1 -0.25 -22.75 40.565 -0.25 -30 48.357 -0.25 -30
4 16 -47.5 -0.25 -13 -49.109 -0.25 -13 -49.1 -0.25 -22.75 -32.5 -0.25 -22.6
3 16 -47.5 -0.25 -11.391 -47.5 -0.25 -13 -32.5 -0.25 -22.6
3 16 -47.5 -0.25 -11.391 -21.075 -0.25 -22.479 -18.603 -0.25 -22.479
3 16 -47.5 -0.25 -11.391 -18.603 -0.25 -22.479 -11.908 -0.25 -22.479
3 16 -47.5 -0.25 -11.391 -11.908 -0.25 -22.479 -9.437 -0.25 -22.479
3 16 -47.5 -0.25 -11.391 -9.437 -0.25 -22.479 -1.095 -0.25 -22.479
4 16 -47.5 -0.25 -11.391 -1.095 -0.25 -22.479 1.068 -0.25 -22.477 47.9 -0.25 -11.391
3 16 47.9 -0.25 -11.391 1.068 -0.25 -22.477 6.212 -0.25 -22.477
4 16 8.381 -0.25 -22.479 47.9 -0.25 -11.391 6.212 -0.25 -22.477 7.039 -0.25 -22.61
3 16 1.068 -0.25 -22.477 -1.095 -0.25 -22.479 0.241 -0.25 -22.61
4 16 9.307 -0.25 -22.479 10.699 -0.25 -22.61 11.526 -0.25 -22.477 47.9 -0.25 -11.391
4 16 16.824 -0.25 -22.477 17.651 -0.25 -22.61 18.988 -0.25 -22.479 47.9 -0.25 -13
4 16 19.864 -0.25 -22.479 21.199 -0.25 -22.61 22.027 -0.25 -22.477 47.9 -0.25 -13
4 16 27.17 -0.25 -22.477 27.998 -0.25 -22.61 29.339 -0.25 -22.479 47.9 -0.25 -13
3 16 47.9 -0.25 -11.391 8.381 -0.25 -22.479 9.307 -0.25 -22.479
4 16 47.9 -0.25 -11.391 11.526 -0.25 -22.477 16.824 -0.25 -22.477 47.9 -0.25 -13
3 16 47.9 -0.25 -13 18.988 -0.25 -22.479 19.864 -0.25 -22.479
3 16 47.9 -0.25 -13 22.027 -0.25 -22.477 27.17 -0.25 -22.477
3 16 49.509 -0.25 -13 47.9 -0.25 -13 49.1 -0.25 -22.75
4 16 49.1 -0.25 -22.75 31.553 -0.25 -25.465 33.037 -0.25 -30 40.565 -0.25 -30
4 16 -32.129 -0.25 -23.67 -49.1 -0.25 -22.75 -48.357 -0.25 -30 -35.761 -0.25 -30
3 16 -47.5 -0.25 -11.391 -29.4 -0.25 -22.6 -21.075 -0.25 -22.479
3 16 -21.075 -0.25 -22.479 -29.571 -0.25 -23.67 -23.031 -0.25 -25.568
4 16 -23.031 -0.25 -30 -23.031 -0.25 -25.568 -29.571 -0.25 -23.67 -24.695 -0.25 -30
3 16 -29.571 -0.25 -23.67 -25.939 -0.25 -30 -24.695 -0.25 -30
3 15 -11.9084 -0.17822 -30.7178 -11.0881 -0.25 -30 -11.9084 -0.25 -30
4 15 -11.0881 -0.25 -30 -11.9084 -0.17822 -30.7178 -3.66926 -0.17822 -30.7178 -3.66926 -0.25 -30
3 15 -21.0745 -0.17822 -30.7178 -20.2542 -0.25 -30 -21.0745 -0.25 -30
4 15 -20.2542 -0.25 -30 -21.0745 -0.17822 -30.7178 -12.8353 -0.17822 -30.7178 -12.8353 -0.25 -30
3 15 -0.45595 -0.231664 -30.1834 -0.235518 -0.25 -30 -0.603237 -0.25 -30
4 15 -0.235518 -0.25 -30 -0.45595 -0.231664 -30.1834 0.24337 -0.192796 -30.572 1.06827 -0.17822 -30.7178
3 15 1.06827 -0.17822 -30.7178 1.06827 -0.25 -30 -0.235518 -0.25 -30
3 15 7.73626 -0.231664 -30.1834 7.88355 -0.25 -30 7.51583 -0.25 -30
4 15 7.73626 -0.231664 -30.1834 7.51583 -0.25 -30 6.21204 -0.25 -30 6.21204 -0.17822 -30.7178
3 15 6.21204 -0.17822 -30.7178 7.03694 -0.192796 -30.572 7.73626 -0.231664 -30.1834
3 15 6.21204 -0.17822 -30.7178 6.21204 -0.25 -30 5.95353 -0.25 -30
4 15 1.06827 -0.17822 -30.7178 6.21204 -0.17822 -30.7178 5.95353 -0.25 -30 2.70599 -0.25 -30
3 15 1.06827 -0.17822 -30.7178 2.70599 -0.25 -30 1.42737 -0.25 -30
3 15 1.06827 -0.17822 -30.7178 1.42737 -0.25 -30 1.32897 -0.25 -30
3 15 1.06827 -0.17822 -30.7178 1.32897 -0.25 -30 1.06827 -0.25 -30
3 15 20.5025 -0.231664 -30.1834 20.7229 -0.25 -30 20.3552 -0.25 -30
4 15 20.7229 -0.25 -30 20.5025 -0.231664 -30.1834 21.2018 -0.192796 -30.572 22.0267 -0.17822 -30.7178
3 15 22.0267 -0.17822 -30.7178 22.0267 -0.25 -30 20.7229 -0.25 -30
3 15 28.6947 -0.231664 -30.1834 28.842 -0.25 -30 28.4743 -0.25 -30
4 15 28.6947 -0.231664 -30.1834 28.4743 -0.25 -30 27.1704 -0.25 -30 27.1704 -0.17822 -30.7178
3 15 27.1704 -0.17822 -30.7178 27.9953 -0.192796 -30.572 28.6947 -0.231664 -30.1834
3 15 27.1704 -0.17822 -30.7178 27.1704 -0.25 -30 26.9119 -0.25 -30
4 15 22.0267 -0.17822 -30.7178 27.1704 -0.17822 -30.7178 26.9119 -0.25 -30 23.6644 -0.25 -30
3 15 22.0267 -0.17822 -30.7178 23.6644 -0.25 -30 22.3858 -0.25 -30
3 15 22.0267 -0.17822 -30.7178 22.3858 -0.25 -30 22.2874 -0.25 -30
3 15 22.0267 -0.17822 -30.7178 22.2874 -0.25 -30 22.0267 -0.25 -30
3 15 9.35894 -0.17822 -30.7178 10.142 -0.25 -30 9.36025 -0.25 -30
4 15 10.142 -0.25 -30 9.35894 -0.17822 -30.7178 18.9885 -0.17822 -30.7178 16.9167 -0.25 -30
3 15 18.9885 -0.17822 -30.7178 18.9885 -0.25 -30 16.9167 -0.25 -30
4 16 18.988 -0.178 -30.718 19.864 -0.178 -30.718 19.974 -0.25 -30 19.34 -0.25 -30
4 16 19.974 -0.25 -30 19.864 -0.178 -30.718 20.503 -0.232 -30.183 20.355 -0.25 -30
3 16 20.503 -0.232 -30.183 19.864 -0.178 -30.718 21.202 -0.193 -30.572
3 16 21.202 -0.193 -30.572 19.864 -0.178 -30.718 22.027 -0.178 -30.718
4 16 29.339 -0.178 -30.718 27.995 -0.193 -30.572 27.17 -0.178 -30.718 31.553 -0.034 -32.16
3 16 28.695 -0.232 -30.183 27.995 -0.193 -30.572 29.339 -0.178 -30.718
4 16 28.842 -0.25 -30 28.695 -0.232 -30.183 29.339 -0.178 -30.718 29.225 -0.25 -30
3 16 29.339 -0.178 -30.718 29.642 -0.25 -30 29.225 -0.25 -30
4 16 -3.669 -0.178 -30.718 -1.095 -0.178 -30.718 -0.984 -0.25 -30 -2.641 -0.25 -30
4 16 -0.984 -0.25 -30 -1.095 -0.178 -30.718 -0.456 -0.232 -30.183 -0.603 -0.25 -30
3 16 -0.456 -0.232 -30.183 -1.095 -0.178 -30.718 0.243 -0.193 -30.572
4 16 1.068 -0.178 -30.718 0.243 -0.193 -30.572 -1.095 -0.178 -30.718 0.399 -0.034 -32.16
4 16 8.381 -0.178 -30.718 7.037 -0.193 -30.572 6.212 -0.178 -30.718 0.399 -0.034 -32.16
3 16 7.736 -0.232 -30.183 7.037 -0.193 -30.572 8.381 -0.178 -30.718
4 16 7.884 -0.25 -30 7.736 -0.232 -30.183 8.381 -0.178 -30.718 8.267 -0.25 -30
4 16 8.381 -0.178 -30.718 9.359 -0.178 -30.718 8.964 -0.25 -30 8.267 -0.25 -30
3 16 18.988 -0.178 -30.718 19.34 -0.25 -30 18.988 -0.25 -30
3 16 9.359 -0.178 -30.718 9.36 -0.25 -30 8.964 -0.25 -30
4 16 -12.835 -0.178 -30.718 -11.908 -0.178 -30.718 -11.908 -0.25 -30 -12.835 -0.25 -30
3 16 -3.669 -0.178 -30.718 -2.641 -0.25 -30 -3.669 -0.25 -30
4 16 -23.031 -0.034 -32.16 -21.075 -0.178 -30.718 -21.075 -0.25 -30 -23.031 -0.25 -30
3 16 -12.835 -0.178 -30.718 -21.075 -0.178 -30.718 -23.031 -0.034 -32.16
4 16 -11.908 -0.178 -30.718 -12.835 -0.178 -30.718 -23.031 -0.034 -32.16 0.399 -0.034 -32.16
3 16 -3.669 -0.178 -30.718 -11.908 -0.178 -30.718 0.399 -0.034 -32.16
3 16 -1.095 -0.178 -30.718 -3.669 -0.178 -30.718 0.399 -0.034 -32.16
3 16 6.212 -0.178 -30.718 1.068 -0.178 -30.718 0.399 -0.034 -32.16
3 16 9.359 -0.178 -30.718 8.381 -0.178 -30.718 0.399 -0.034 -32.16
4 16 18.988 -0.178 -30.718 9.359 -0.178 -30.718 0.399 -0.034 -32.16 31.553 -0.034 -32.16
3 16 19.864 -0.178 -30.718 18.988 -0.178 -30.718 31.553 -0.034 -32.16
3 16 22.027 -0.178 -30.718 19.864 -0.178 -30.718 31.553 -0.034 -32.16
3 16 27.17 -0.178 -30.718 22.027 -0.178 -30.718 31.553 -0.034 -32.16
4 16 33.037 -0.25 -30 29.642 -0.25 -30 29.339 -0.178 -30.718 31.553 -0.034 -32.16
3 16 31.553 -0.034 -32.16 33.25 -0.185 -30.65 33.037 -0.25 -30
4 15 36 0.75 -40 36 0.18 -34.3 -10.45 0.175 -34.25 -7.03898 0.75 -40
4 15 39.8 -0.185 -30.65 33.25 -0.185 -30.65 36 0.18 -34.3 45.05 0.4738 -37.238
3 15 45.05 0.4738 -37.238 36.5392 0.75 -40 42.8486 0.75 -40
4 15 36.5392 0.75 -40 45.05 0.4738 -37.238 36 0.18 -34.3 36 0.75 -40
4 16 -7.039 0.75 -40 -10.45 0.175 -34.25 -12 0.175 -34.25 -8.589 0.75 -40
4 15 -8.58898 0.75 -40 -12 0.175 -34.25 -15.2 0.175 -34.25 -11.789 0.75 -40
4 16 -11.789 0.75 -40 -15.2 0.175 -34.25 -16.75 0.175 -34.25 -13.339 0.75 -40
4 15 -13.339 0.75 -40 -16.75 0.175 -34.25 -19 0.175 -34.25 -15.589 0.75 -40
4 15 -40.0681 0.75 -40 -34.3288 -0.25 -30 -35.2587 -0.25 -30 -40.2037 0.75 -40
4 15 -20.1999 0.75 -40 -25.9388 -0.25 -30 -26.8766 -0.25 -30 -20.2846 0.75 -40
4 15 -20.2846 0.75 -40 -26.8766 -0.25 -30 -27.3712 -0.25 -30 -21.6319 0.75 -40
4 15 -40.2037 0.75 -40 -35.2587 -0.25 -30 -35.7612 -0.25 -30 -41.5001 0.75 -40
4 15 -29.85 0.75 -40 -29.85 0.575 -38.25 -31.95 0.575 -38.25 -31.95 0.75 -40
4 15 -31.9 0.195 -34.45 -29.8 0.195 -34.45 -29.8 -0.25 -30 -31.9 -0.25 -30
4 15 -29.95 0.505 -37.55 -29.8 0.195 -34.45 -31.9 0.195 -34.45 -31.75 0.505 -37.55
4 16 -21.632 0.75 -40 -27.371 -0.25 -30 -28.761 -0.25 -30 -21.834 0.75 -40
4 16 -39.865 0.75 -40 -32.939 -0.25 -30 -34.329 -0.25 -30 -40.068 0.75 -40
3 16 -31.95 0.575 -38.25 -36.556 0.75 -40 -36.163 0.75 -40
3 16 -29.85 0.575 -38.25 -29.85 0.75 -40 -25.193 0.75 -40
3 16 -31.95 0.575 -38.25 -36.163 0.75 -40 -31.95 0.75 -40
4 16 -31.75 0.505 -37.55 -31.95 0.575 -38.25 -29.85 0.575 -38.25 -29.95 0.505 -37.55
4 16 -29.8 0.195 -34.45 -29.95 0.505 -37.55 -29.85 0.575 -38.25 -25.193 0.75 -40
3 16 -25.193 0.75 -40 -22.804 0.75 -40 -29.8 0.195 -34.45
4 16 -28.761 -0.25 -30 -29.8 -0.25 -30 -29.8 0.195 -34.45 -22.804 0.75 -40
3 16 -22.804 0.75 -40 -21.834 0.75 -40 -28.761 -0.25 -30
4 16 -31.95 0.575 -38.25 -31.75 0.505 -37.55 -31.9 0.195 -34.45 -38.896 0.75 -40
3 16 -38.896 0.75 -40 -36.556 0.75 -40 -31.95 0.575 -38.25
4 16 -31.9 0.195 -34.45 -31.9 -0.25 -30 -32.939 -0.25 -30 -39.865 0.75 -40
3 16 -39.865 0.75 -40 -38.896 0.75 -40 -31.9 0.195 -34.45
3 16 -47.85 0.245 -34.95 -44.167 0.75 -40 -43.021 0.75 -40
4 16 48.357 -0.25 -30 40.565 -0.25 -30 39.8 -0.185 -30.65 45.05 0.474 -37.238
3 16 45.05 0.474 -37.238 47.85 0.245 -34.95 48.357 -0.25 -30
4 16 47.85 0.245 -34.95 45.05 0.474 -37.238 42.849 0.75 -40 46.966 0.75 -40
4 16 33.037 -0.25 -30 33.25 -0.185 -30.65 39.8 -0.185 -30.65 40.565 -0.25 -30
3 16 33.25 -0.185 -30.65 31.553 -0.034 -32.16 36 0.18 -34.3
4 16 0.399 -0.034 -32.16 -10.45 0.175 -34.25 36 0.18 -34.3 31.553 -0.034 -32.16
4 16 -10.45 0.175 -34.25 0.399 -0.034 -32.16 -23.031 -0.034 -32.16 -12 0.175 -34.25
3 16 -23.031 -0.034 -32.16 -15.2 0.175 -34.25 -12 0.175 -34.25
3 16 -23.031 -0.034 -32.16 -16.75 0.175 -34.25 -15.2 0.175 -34.25
3 16 -23.031 -0.034 -32.16 -19 0.175 -34.25 -16.75 0.175 -34.25
4 16 -15.589 0.75 -40 -19 0.175 -34.25 -23.031 -0.034 -32.16 -20.012 0.75 -40
3 16 -47.85 0.245 -34.95 -46.966 0.75 -40 -44.167 0.75 -40
4 16 -35.761 -0.25 -30 -48.357 -0.25 -30 -47.85 0.245 -34.95 -43.021 0.75 -40
3 16 -43.021 0.75 -40 -41.5 0.75 -40 -35.761 -0.25 -30
3 16 -23.031 -0.034 -32.16 -23.031 -0.25 -30 -24.695 -0.25 -30
4 16 -23.031 -0.034 -32.16 -24.695 -0.25 -30 -25.939 -0.25 -30 -20.2 0.75 -40
3 16 -20.2 0.75 -40 -20.012 0.75 -40 -23.031 -0.034 -32.16
4 15 -6.95 0.774 -40.15 36 0.778 -40.175 36 0.75 -40 -7.03898 0.75 -40
4 15 36.5392 0.75 -40 36 0.778 -40.175 33.25 1.362 -43.825 39.8 1.362 -43.825
3 15 39.8 1.362 -43.825 42.8486 0.75 -40 36.5392 0.75 -40
3 15 36 0.778 -40.175 36.5392 0.75 -40 36 0.75 -40
4 16 -8.5 0.774 -40.15 -6.95 0.774 -40.15 -7.039 0.75 -40 -8.589 0.75 -40
4 15 -11.7 0.774 -40.15 -8.5 0.774 -40.15 -8.58898 0.75 -40 -11.789 0.75 -40
4 16 -13.25 0.774 -40.15 -11.7 0.774 -40.15 -11.789 0.75 -40 -13.339 0.75 -40
4 15 -15.5 0.774 -40.15 -13.25 0.774 -40.15 -13.339 0.75 -40 -15.589 0.75 -40
3 15 -41.0476 1.02306 -41.7066 -40.0681 0.75 -40 -40.2037 0.75 -40
3 15 -19.6294 0.90904 -40.994 -20.1999 0.75 -40 -20.2846 0.75 -40
4 15 -20.5975 1.05584 -41.9115 -20.908 1.26339 -43.2087 -20.3692 1.25774 -43.1734 -19.8849 1.21952 -42.9345
4 15 -20.5975 1.05584 -41.9115 -19.8849 1.21952 -42.9345 -19.5288 1.15456 -42.5285 -19.3552 1.07275 -42.0172
4 15 -20.5975 1.05584 -41.9115 -19.3552 1.07275 -42.0172 -19.3906 0.98653 -41.4783 -19.6294 0.90904 -40.994
3 15 -19.6294 0.90904 -40.994 -20.5908 1.03799 -41.7999 -20.5975 1.05584 -41.9115
4 15 -20.2846 0.75 -40 -21.6319 0.75 -40 -20.6524 1.02306 -41.7066 -20.5908 1.03799 -41.7999
3 15 -20.5908 1.03799 -41.7999 -19.6294 0.90904 -40.994 -20.2846 0.75 -40
3 15 -20.5975 1.05584 -41.9115 -20.6908 1.0657 -41.9731 -20.908 1.26339 -43.2087
4 15 -20.908 1.26339 -43.2087 -20.6908 1.0657 -41.9731 -20.8024 1.06463 -41.9664 -40.792 1.26339 -43.2087
4 15 -41.3308 1.25774 -43.1734 -40.792 1.26339 -43.2087 -41.1025 1.05584 -41.9115 -41.8151 1.21952 -42.9345
4 15 -42.1712 1.15456 -42.5285 -41.8151 1.21952 -42.9345 -41.1025 1.05584 -41.9115 -42.3448 1.07275 -42.0172
4 15 -42.3094 0.98653 -41.4783 -42.3448 1.07275 -42.0172 -41.1025 1.05584 -41.9115 -42.0706 0.90904 -40.994
3 15 -42.0706 0.90904 -40.994 -41.1025 1.05584 -41.9115 -41.1092 1.03799 -41.7999
4 15 -40.2037 0.75 -40 -41.5001 0.75 -40 -42.0706 0.90904 -40.994 -41.1092 1.03799 -41.7999
3 15 -41.1092 1.03799 -41.7999 -41.0476 1.02306 -41.7066 -40.2037 0.75 -40
3 15 -41.1025 1.05584 -41.9115 -40.792 1.26339 -43.2087 -41.0092 1.0657 -41.9731
4 15 -40.8976 1.06463 -41.9664 -41.0092 1.0657 -41.9731 -40.792 1.26339 -43.2087 -20.8024 1.06463 -41.9664
4 15 -31.95 0.838 -40.55 -29.85 0.838 -40.55 -29.85 0.75 -40 -31.95 0.75 -40
3 16 -20.652 1.023 -41.707 -21.632 0.75 -40 -21.834 0.75 -40
3 16 -41.048 1.023 -41.707 -39.865 0.75 -40 -40.068 0.75 -40
4 16 -20.691 1.066 -41.973 -20.597 1.056 -41.911 -20.591 1.038 -41.8 -20.802 1.065 -41.966
4 16 -20.802 1.065 -41.966 -20.591 1.038 -41.8 -20.652 1.023 -41.707 -29.85 0.838 -40.55
4 16 -41.109 1.038 -41.8 -41.102 1.056 -41.911 -41.009 1.066 -41.973 -40.898 1.065 -41.966
4 16 -36.556 0.75 -40 -41.048 1.023 -41.707 -41.109 1.038 -41.8 -40.898 1.065 -41.966
3 16 -40.898 1.065 -41.966 -36.163 0.75 -40 -36.556 0.75 -40
4 16 -31.95 0.838 -40.55 -40.898 1.065 -41.966 -20.802 1.065 -41.966 -29.85 0.838 -40.55
4 16 -29.85 0.75 -40 -29.85 0.838 -40.55 -20.652 1.023 -41.707 -25.193 0.75 -40
4 16 -36.163 0.75 -40 -40.898 1.065 -41.966 -31.95 0.838 -40.55 -31.95 0.75 -40
3 16 -20.652 1.023 -41.707 -22.804 0.75 -40 -25.193 0.75 -40
3 16 -20.652 1.023 -41.707 -21.834 0.75 -40 -22.804 0.75 -40
3 16 -41.048 1.023 -41.707 -36.556 0.75 -40 -38.896 0.75 -40
3 16 -41.048 1.023 -41.707 -38.896 0.75 -40 -39.865 0.75 -40
4 16 -18.7 1.006 -41.6 -19.355 1.073 -42.017 -19.529 1.155 -42.529 -15.5 0.774 -40.15
3 16 -19.391 0.987 -41.478 -19.355 1.073 -42.017 -18.7 1.006 -41.6
4 16 -19.629 0.909 -40.994 -19.391 0.987 -41.478 -18.7 1.006 -41.6 -15.5 0.774 -40.15
4 16 -19.85 1.334 -43.65 -20.369 1.258 -43.173 -20.908 1.263 -43.209 -39.857 2.35 -50
3 16 -39.857 2.35 -50 -39.373 2.35 -50 -19.85 1.334 -43.65
3 16 -19.885 1.22 -42.934 -20.369 1.258 -43.173 -19.85 1.334 -43.65
4 16 -19.529 1.155 -42.529 -19.885 1.22 -42.934 -19.85 1.334 -43.65 -11.7 0.774 -40.15
4 16 -41.8 1.334 -43.65 -41.815 1.22 -42.934 -42.171 1.155 -42.529 -45.75 1.862 -46.95
3 16 -41.815 1.22 -42.934 -41.8 1.334 -43.65 -41.331 1.258 -43.173
4 16 -40.792 1.263 -43.209 -41.331 1.258 -43.173 -41.8 1.334 -43.65 -44.009 2.35 -50
3 16 -44.009 2.35 -50 -43.838 2.35 -50 -40.792 1.263 -43.209
4 16 -42.071 0.909 -40.994 -43.021 0.75 -40 -44.167 0.75 -40 -43 1.006 -41.6
3 16 -43 1.006 -41.6 -42.309 0.987 -41.478 -42.071 0.909 -40.994
3 16 -42.309 0.987 -41.478 -43 1.006 -41.6 -42.345 1.073 -42.017
4 16 -42.171 1.155 -42.529 -42.345 1.073 -42.017 -43 1.006 -41.6 -45.75 1.862 -46.95
4 16 42.849 0.75 -40 39.8 1.362 -43.825 45.75 1.862 -46.95 46.966 0.75 -40
4 16 -19.629 0.909 -40.994 -15.5 0.774 -40.15 -15.589 0.75 -40 -20.012 0.75 -40
3 16 -13.25 0.774 -40.15 -15.5 0.774 -40.15 -19.529 1.155 -42.529
3 16 -11.7 0.774 -40.15 -13.25 0.774 -40.15 -19.529 1.155 -42.529
4 16 -6.95 0.774 -40.15 -8.5 0.774 -40.15 -19.85 1.334 -43.65 33.25 1.362 -43.825
3 16 -8.5 0.774 -40.15 -11.7 0.774 -40.15 -19.85 1.334 -43.65
3 16 -6.95 0.774 -40.15 33.25 1.362 -43.825 36 0.778 -40.175
4 16 45.75 1.862 -46.95 39.8 1.362 -43.825 33.25 1.362 -43.825 42.228 2.35 -50
3 16 42.228 2.35 -50 45.076 2.35 -50 45.75 1.862 -46.95
4 16 33.25 1.362 -43.825 -19.85 1.334 -43.65 -39.373 2.35 -50 42.228 2.35 -50
4 16 -39.857 2.35 -50 -20.908 1.263 -43.209 -40.792 1.263 -43.209 -43.838 2.35 -50
4 16 -44.009 2.35 -50 -41.8 1.334 -43.65 -45.75 1.862 -46.95 -45.012 2.35 -50
4 16 -46.966 0.75 -40 -45.75 1.862 -46.95 -43 1.006 -41.6 -44.167 0.75 -40
3 16 -42.071 0.909 -40.994 -41.5 0.75 -40 -43.021 0.75 -40
3 16 -19.629 0.909 -40.994 -20.012 0.75 -40 -20.2 0.75 -40
4 16 -40.4 4.21 -57.75 -43.4 3.622 -55.3 -41.938 4.75 -60 -39.841 4.75 -60
4 16 40.95 4.21 -57.75 43 4.21 -57.75 43.8 3.622 -55.3 20.2 3.73 -55.75
4 15 44.7 2.758 -51.7 -44.6 2.758 -51.7 -43.4 3.622 -55.3 0 3.622 -55.3
4 15 -34.7105 4.75 -60 -35.65 4.21 -57.75 -40.4 4.21 -57.75 -39.4046 4.75 -60
4 16 -30.355 4.75 -60 -31.35 4.21 -57.75 -35.65 4.21 -57.75 -34.711 4.75 -60
4 15 -25.6605 4.75 -60 -26.6 4.21 -57.75 -31.35 4.21 -57.75 -30.3546 4.75 -60
4 16 -21.305 4.75 -60 -22.3 4.21 -57.75 -26.6 4.21 -57.75 -25.66 4.75 -60
4 15 -16.6105 4.75 -60 -17.55 4.21 -57.75 -22.3 4.21 -57.75 -21.3046 4.75 -60
4 16 -12.255 4.75 -60 -13.25 4.21 -57.75 -17.55 4.21 -57.75 -16.61 4.75 -60
4 15 -7.56054 4.75 -60 -8.5 4.21 -57.75 -13.25 4.21 -57.75 -12.2546 4.75 -60
4 16 -3.205 4.75 -60 -4.2 4.21 -57.75 -8.5 4.21 -57.75 -7.561 4.75 -60
4 15 1.48946 4.75 -60 0.55 4.21 -57.75 -4.2 4.21 -57.75 -3.20462 4.75 -60
4 16 5.845 4.75 -60 4.85 4.21 -57.75 0.55 4.21 -57.75 1.489 4.75 -60
4 15 10.5395 4.75 -60 9.6 4.21 -57.75 4.85 4.21 -57.75 5.84538 4.75 -60
4 16 14.895 4.75 -60 13.9 4.21 -57.75 9.6 4.21 -57.75 10.54 4.75 -60
4 15 19.5895 4.75 -60 18.65 4.21 -57.75 13.9 4.21 -57.75 14.8954 4.75 -60
4 16 23.945 4.75 -60 22.95 4.21 -57.75 18.65 4.21 -57.75 19.59 4.75 -60
4 15 28.6395 4.75 -60 27.7 4.21 -57.75 22.95 4.21 -57.75 23.9454 4.75 -60
4 16 32.995 4.75 -60 32 4.21 -57.75 27.7 4.21 -57.75 28.64 4.75 -60
4 15 37.1893 4.75 -60 36.75 4.21 -57.75 32 4.21 -57.75 32.9954 4.75 -60
3 15 36.75 4.21 -57.75 37.1893 4.75 -60 37.6577 4.75 -60
4 16 41.85 4.75 -60 40.95 4.21 -57.75 36.75 4.21 -57.75 37.658 4.75 -60
4 15 42.2227 4.75 -60 43 4.21 -57.75 40.95 4.21 -57.75 41.85 4.75 -60
3 16 -40.4 4.21 -57.75 -39.841 4.75 -60 -39.405 4.75 -60
3 16 -44.6 2.758 -51.7 -39.373 2.35 -50 -39.857 2.35 -50
3 16 -44.6 2.758 -51.7 -43.838 2.35 -50 -44.009 2.35 -50
3 16 44.7 2.758 -51.7 45.076 2.35 -50 42.228 2.35 -50
4 16 -39.373 2.35 -50 -44.6 2.758 -51.7 44.7 2.758 -51.7 42.228 2.35 -50
4 16 -18 3.79 -56 -4.2 4.21 -57.75 0.55 4.21 -57.75 0 3.622 -55.3
3 16 -18 3.79 -56 -8.5 4.21 -57.75 -4.2 4.21 -57.75
3 16 -18 3.79 -56 -13.25 4.21 -57.75 -8.5 4.21 -57.75
3 16 -18 3.79 -56 -17.55 4.21 -57.75 -13.25 4.21 -57.75
3 16 -18 3.79 -56 -22.3 4.21 -57.75 -17.55 4.21 -57.75
3 16 -18 3.79 -56 -26.6 4.21 -57.75 -22.3 4.21 -57.75
3 16 -18 3.79 -56 -31.35 4.21 -57.75 -26.6 4.21 -57.75
3 16 -18 3.79 -56 -35.65 4.21 -57.75 -31.35 4.21 -57.75
4 16 -40.4 4.21 -57.75 -35.65 4.21 -57.75 -18 3.79 -56 -43.4 3.622 -55.3
3 16 0 3.622 -55.3 -43.4 3.622 -55.3 -18 3.79 -56
3 16 20.2 3.73 -55.75 36.75 4.21 -57.75 40.95 4.21 -57.75
3 16 20.2 3.73 -55.75 32 4.21 -57.75 36.75 4.21 -57.75
3 16 20.2 3.73 -55.75 27.7 4.21 -57.75 32 4.21 -57.75
3 16 20.2 3.73 -55.75 22.95 4.21 -57.75 27.7 4.21 -57.75
3 16 20.2 3.73 -55.75 18.65 4.21 -57.75 22.95 4.21 -57.75
3 16 20.2 3.73 -55.75 13.9 4.21 -57.75 18.65 4.21 -57.75
3 16 20.2 3.73 -55.75 9.6 4.21 -57.75 13.9 4.21 -57.75
3 16 20.2 3.73 -55.75 4.85 4.21 -57.75 9.6 4.21 -57.75
4 16 0.55 4.21 -57.75 4.85 4.21 -57.75 20.2 3.73 -55.75 0 3.622 -55.3
3 16 43.8 3.622 -55.3 0 3.622 -55.3 20.2 3.73 -55.75
3 15 44.7 2.758 -51.7 0 3.622 -55.3 43.8 3.622 -55.3
3 16 -44.6 2.758 -51.7 -39.857 2.35 -50 -43.838 2.35 -50
3 16 -44.6 2.758 -51.7 -44.009 2.35 -50 -45.012 2.35 -50
4 15 38.4 6.61 -66.2 38.4 7.0927 -67.809 39.0157 7.05596 -67.6865 39.5377 6.95132 -67.3377
4 15 38.4 6.61 -66.2 39.5377 6.95132 -67.3377 39.8865 6.79472 -66.8157 40.159 6.61 -66.2
4 16 -38.3 6.61 -66.2 -40.009 6.61 -66.2 -39.786 6.795 -66.816 -39.438 6.951 -67.338
4 16 -38.3 6.61 -66.2 -39.438 6.951 -67.338 -38.916 7.056 -67.686 -38.3 7.093 -67.809
4 16 -41.938 4.75 -60 -40.009 6.61 -66.2 -38.3 6.61 -66.2 -39.841 4.75 -60
4 15 -35.95 7.0927 -67.809 -31.45 7.0927 -67.809 -34.7105 4.75 -60 -39.4046 4.75 -60
4 16 -31.45 7.093 -67.809 -26.9 7.093 -67.809 -30.355 4.75 -60 -34.711 4.75 -60
4 15 -26.9 7.0927 -67.809 -22.4 7.0927 -67.809 -25.6605 4.75 -60 -30.3546 4.75 -60
4 16 -22.4 7.093 -67.809 -17.85 7.093 -67.809 -21.305 4.75 -60 -25.66 4.75 -60
4 15 -17.85 7.0927 -67.809 -13.35 7.0927 -67.809 -16.6105 4.75 -60 -21.3046 4.75 -60
4 16 -13.35 7.093 -67.809 -8.8 7.093 -67.809 -12.255 4.75 -60 -16.61 4.75 -60
4 15 -8.8 7.0927 -67.809 -4.3 7.0927 -67.809 -7.56054 4.75 -60 -12.2546 4.75 -60
4 16 -4.3 7.093 -67.809 0.25 7.093 -67.809 -3.205 4.75 -60 -7.561 4.75 -60
4 15 0.25 7.0927 -67.809 4.75 7.0927 -67.809 1.48946 4.75 -60 -3.20462 4.75 -60
4 16 4.75 7.093 -67.809 9.3 7.093 -67.809 5.845 4.75 -60 1.489 4.75 -60
4 15 9.3 7.0927 -67.809 13.8 7.0927 -67.809 10.5395 4.75 -60 5.84538 4.75 -60
4 16 13.8 7.093 -67.809 18.35 7.093 -67.809 14.895 4.75 -60 10.54 4.75 -60
4 15 18.35 7.0927 -67.809 22.85 7.0927 -67.809 19.5895 4.75 -60 14.8954 4.75 -60
4 16 22.85 7.093 -67.809 27.4 7.093 -67.809 23.945 4.75 -60 19.59 4.75 -60
4 15 27.4 7.0927 -67.809 31.9 7.0927 -67.809 28.6395 4.75 -60 23.9454 4.75 -60
4 16 31.9 7.093 -67.809 36.45 7.093 -67.809 32.995 4.75 -60 28.64 4.75 -60
4 15 36.45 7.0927 -67.809 38.4 6.61 -66.2 37.1893 4.75 -60 32.9954 4.75 -60
4 15 37.1893 4.75 -60 38.4 6.61 -66.2 40.159 6.61 -66.2 37.6577 4.75 -60
3 15 38.4 6.61 -66.2 36.45 7.0927 -67.809 38.4 7.0927 -67.809
4 16 40.159 6.61 -66.2 42.05 4.9 -60.5 41.85 4.75 -60 37.658 4.75 -60
3 15 42.05 4.9 -60.5 42.2227 4.75 -60 41.85 4.75 -60
3 16 -38.3 6.61 -66.2 -38.3 7.093 -67.809 -35.95 7.093 -67.809
4 16 -39.841 4.75 -60 -38.3 6.61 -66.2 -35.95 7.093 -67.809 -39.405 4.75 -60
0 // Side
4 16 -49.109 0 -13 -49.1 0 -22.75 -49.1 -0.25 -22.75 -49.109 -0.25 -13
4 16 -49.1 0 -22.75 -48.357 0 -30 -48.357 -0.25 -30 -49.1 -0.25 -22.75
4 16 -48.357 0 -30 -47.85 0.495 -34.95 -47.85 0.245 -34.95 -48.357 -0.25 -30
4 16 -47.85 0.495 -34.95 -46.966 1 -40 -46.966 0.75 -40 -47.85 0.245 -34.95
4 16 -46.966 1 -40 -45.75 2.112 -46.95 -45.75 1.862 -46.95 -46.966 0.75 -40
4 16 -45.75 2.112 -46.95 -45.012 2.6 -50 -45.012 2.35 -50 -45.75 1.862 -46.95
4 16 -45.012 2.6 -50 -44.6 3.008 -51.7 -44.6 2.758 -51.7 -45.012 2.35 -50
4 16 -44.6 3.008 -51.7 -43.4 3.872 -55.3 -43.4 3.622 -55.3 -44.6 2.758 -51.7
4 16 -43.4 3.872 -55.3 -41.938 5 -60 -41.938 4.75 -60 -43.4 3.622 -55.3
4 16 -41.938 5 -60 -40.009 6.86 -66.2 -40.009 6.61 -66.2 -41.938 4.75 -60
4 16 -40.009 6.86 -66.2 -39.786 7.045 -66.816 -39.786 6.795 -66.816 -40.009 6.61 -66.2
4 16 -39.786 7.045 -66.816 -39.438 7.201 -67.338 -39.438 6.951 -67.338 -39.786 6.795 -66.816
4 16 -39.438 7.201 -67.338 -38.916 7.306 -67.686 -38.916 7.056 -67.686 -39.438 6.951 -67.338
4 16 -38.916 7.306 -67.686 -38.3 7.343 -67.809 -38.3 7.093 -67.809 -38.916 7.056 -67.686
4 16 -38.3 7.343 -67.809 -35.95 7.343 -67.809 -35.95 7.093 -67.809 -38.3 7.093 -67.809
4 16 -35.95 7.343 -67.809 -31.45 7.343 -67.809 -31.45 7.093 -67.809 -35.95 7.093 -67.809
4 16 -31.45 7.343 -67.809 -26.9 7.343 -67.809 -26.9 7.093 -67.809 -31.45 7.093 -67.809
4 16 -26.9 7.343 -67.809 -22.4 7.343 -67.809 -22.4 7.093 -67.809 -26.9 7.093 -67.809
4 16 -22.4 7.343 -67.809 -17.85 7.343 -67.809 -17.85 7.093 -67.809 -22.4 7.093 -67.809
4 16 -17.85 7.343 -67.809 -13.35 7.343 -67.809 -13.35 7.093 -67.809 -17.85 7.093 -67.809
4 16 -13.35 7.343 -67.809 -8.8 7.343 -67.809 -8.8 7.093 -67.809 -13.35 7.093 -67.809
4 16 -8.8 7.343 -67.809 -4.3 7.343 -67.809 -4.3 7.093 -67.809 -8.8 7.093 -67.809
4 16 -4.3 7.343 -67.809 0.25 7.343 -67.809 0.25 7.093 -67.809 -4.3 7.093 -67.809
4 16 0.25 7.343 -67.809 4.75 7.343 -67.809 4.75 7.093 -67.809 0.25 7.093 -67.809
4 16 4.75 7.343 -67.809 9.3 7.343 -67.809 9.3 7.093 -67.809 4.75 7.093 -67.809
4 16 9.3 7.343 -67.809 13.8 7.343 -67.809 13.8 7.093 -67.809 9.3 7.093 -67.809
4 16 13.8 7.343 -67.809 18.35 7.343 -67.809 18.35 7.093 -67.809 13.8 7.093 -67.809
4 16 18.35 7.343 -67.809 22.85 7.343 -67.809 22.85 7.093 -67.809 18.35 7.093 -67.809
4 16 22.85 7.343 -67.809 27.4 7.343 -67.809 27.4 7.093 -67.809 22.85 7.093 -67.809
4 16 27.4 7.343 -67.809 31.9 7.343 -67.809 31.9 7.093 -67.809 27.4 7.093 -67.809
4 16 31.9 7.343 -67.809 36.45 7.343 -67.809 36.45 7.093 -67.809 31.9 7.093 -67.809
4 16 36.45 7.343 -67.809 38.4 7.343 -67.809 38.4 7.093 -67.809 36.45 7.093 -67.809
4 16 38.4 7.343 -67.809 39.016 7.306 -67.686 39.016 7.056 -67.686 38.4 7.093 -67.809
4 16 39.016 7.306 -67.686 39.538 7.201 -67.338 39.538 6.951 -67.338 39.016 7.056 -67.686
4 16 39.538 7.201 -67.338 39.886 7.045 -66.816 39.886 6.795 -66.816 39.538 6.951 -67.338
4 16 39.886 7.045 -66.816 40.159 6.86 -66.2 40.159 6.61 -66.2 39.886 6.795 -66.816
4 16 40.159 6.86 -66.2 42.05 5.15 -60.5 42.05 4.9 -60.5 40.159 6.61 -66.2
4 16 42.05 5.15 -60.5 42.223 5 -60 42.223 4.75 -60 42.05 4.9 -60.5
4 16 42.223 5 -60 43 4.46 -57.75 43 4.21 -57.75 42.223 4.75 -60
4 16 43 4.46 -57.75 43.8 3.872 -55.3 43.8 3.622 -55.3 43 4.21 -57.75
4 16 43.8 3.872 -55.3 44.7 3.008 -51.7 44.7 2.758 -51.7 43.8 3.622 -55.3
4 16 44.7 3.008 -51.7 45.076 2.6 -50 45.076 2.35 -50 44.7 2.758 -51.7
4 16 45.076 2.6 -50 45.75 2.112 -46.95 45.75 1.862 -46.95 45.076 2.35 -50
4 16 45.75 2.112 -46.95 46.966 1 -40 46.966 0.75 -40 45.75 1.862 -46.95
4 16 46.966 1 -40 47.85 0.495 -34.95 47.85 0.245 -34.95 46.966 0.75 -40
4 16 47.85 0.495 -34.95 48.357 0 -30 48.357 -0.25 -30 47.85 0.245 -34.95
4 16 48.357 0 -30 49.1 0 -22.75 49.1 -0.25 -22.75 48.357 -0.25 -30
4 16 49.1 0 -22.75 49.509 0 -13 49.509 -0.25 -13 49.1 -0.25 -22.75
4 16 49.509 0 -13 49.386 0 -12.384 49.386 -0.25 -12.384 49.509 -0.25 -13
4 16 49.386 0 -12.384 49.038 0 -11.862 49.038 -0.25 -11.862 49.386 -0.25 -12.384
4 16 49.038 0 -11.862 48.516 0 -11.514 48.516 -0.25 -11.514 49.038 -0.25 -11.862
4 16 48.516 0 -11.514 47.9 0 -11.391 47.9 -0.25 -11.391 48.516 -0.25 -11.514
4 16 47.9 0 -11.391 -47.5 0 -11.391 -47.5 -0.25 -11.391 47.9 -0.25 -11.391
4 16 -47.5 0 -11.391 -48.116 0 -11.514 -48.116 -0.25 -11.514 -47.5 -0.25 -11.391
4 16 -48.116 0 -11.514 -48.638 0 -11.862 -48.638 -0.25 -11.862 -48.116 -0.25 -11.514
4 16 -48.638 0 -11.862 -48.986 0 -12.384 -48.986 -0.25 -12.384 -48.638 -0.25 -11.862
4 16 -48.986 0 -12.384 -49.109 0 -13 -49.109 -0.25 -13 -48.986 -0.25 -12.384
0 // Bottom
4 16 -48.638 0 -11.862 -47.5 0 -13 -49.109 0 -13 -48.986 0 -12.384
4 16 -48.638 0 -11.862 -48.116 0 -11.514 -47.5 0 -11.391 -47.5 0 -13
4 16 49.038 0 -11.862 49.386 0 -12.384 49.509 0 -13 47.9 0 -13
4 16 47.9 0 -11.391 48.516 0 -11.514 49.038 0 -11.862 47.9 0 -13
3 16 -49.1 0 -22.75 -49.109 0 -13 -47.5 0 -13
4 16 -49.1 0 -22.75 47.9 0 -13 49.509 0 -13 49.1 0 -22.75
4 16 -48.357 0 -30 -49.1 0 -22.75 49.1 0 -22.75 48.357 0 -30
4 16 47.9 0 -13 -47.5 0 -13 -47.5 0 -11.391 47.9 0 -11.391
3 16 -49.1 0 -22.75 -47.5 0 -13 47.9 0 -13
4 16 -48.357 0 -30 48.357 0 -30 47.85 0.495 -34.95 -47.85 0.495 -34.95
4 16 -46.966 1 -40 -47.85 0.495 -34.95 47.85 0.495 -34.95 46.966 1 -40
4 16 -46.966 1 -40 46.966 1 -40 45.75 2.112 -46.95 -45.75 2.112 -46.95
4 16 -45.012 2.6 -50 -45.75 2.112 -46.95 45.75 2.112 -46.95 45.076 2.6 -50
4 16 -45.012 2.6 -50 45.076 2.6 -50 44.7 3.008 -51.7 -44.6 3.008 -51.7
4 16 44.7 3.008 -51.7 43.8 3.872 -55.3 -43.4 3.872 -55.3 -44.6 3.008 -51.7
4 16 -41.938 5 -60 -43.4 3.872 -55.3 43.8 3.872 -55.3 43 4.46 -57.75
3 16 43 4.46 -57.75 42.223 5 -60 -41.938 5 -60
4 16 39.538 7.201 -67.338 39.016 7.306 -67.686 38.4 7.343 -67.809 38.4 6.86 -66.2
4 16 40.159 6.86 -66.2 39.886 7.045 -66.816 39.538 7.201 -67.338 38.4 6.86 -66.2
4 16 -39.438 7.201 -67.338 -39.786 7.045 -66.816 -40.009 6.86 -66.2 -38.3 6.86 -66.2
4 16 -38.3 7.343 -67.809 -38.916 7.306 -67.686 -39.438 7.201 -67.338 -38.3 6.86 -66.2
3 16 40.159 6.86 -66.2 38.4 6.86 -66.2 42.05 5.15 -60.5
4 16 42.223 5 -60 42.05 5.15 -60.5 38.4 6.86 -66.2 -41.938 5 -60
3 16 -38.3 6.86 -66.2 -41.938 5 -60 38.4 6.86 -66.2
3 16 -38.3 6.86 -66.2 -40.009 6.86 -66.2 -41.938 5 -60
4 16 -38.3 7.343 -67.809 -38.3 6.86 -66.2 38.4 6.86 -66.2 38.4 7.343 -67.809
0 // Added lines/Condlines
0 // top
5 24 -48.357 -0.25 -30 48.357 -0.25 -30 -49.1 -0.25 -22.75 -47.85 0.245 -34.95
5 24 -46.966 0.75 -40 46.966 0.75 -40 -47.85 0.245 -34.95 -45.75 1.862 -46.95
5 24 -45.076 2.35 -50 45.076 2.35 -50 -45.75 1.862 -46.95 -44.7 2.758 -51.7
5 24 -41.938 4.75 -60 42.223 4.75 -60 -43.4 3.622 -55.3 -40.009 6.61 -66.2
0 // sides
5 24 -49.1 0 -22.75 -49.1 -0.25 -22.75 -49.109 0 -13 -48.3572 0 -30
5 24 -49.109 -0.25 -13 -49.109 0 -13 -49.1 0 -22.75 -48.9865 0 -12.3843
5 24 -47.85 0.495 -34.95 -47.85 0.245 -34.95 -48.3572 0 -30 -46.9663 1 -40
5 24 -45.75 2.112 -46.95 -45.75 1.862 -46.95 -46.9663 1 -40 -45.0116 2.6 -50
5 24 -44.6 3.008 -51.7 -44.6 2.758 -51.7 -45.0116 2.6 -50 -43.4 3.872 -55.3
5 24 -43.4 3.872 -55.3 -43.4 3.622 -55.3 -44.6 3.008 -51.7 -41.9378 5 -60
5 24 -40.009 6.86 -66.2 -40.009 6.61 -66.2 -41.9378 5 -60 -39.7865 7.04472 -66.8157
5 24 -39.7865 7.04472 -66.8157 -39.7865 6.79472 -66.8157 -40.009 6.86 -66.2 -39.4377 7.20132 -67.3377
5 24 -39.4377 7.20132 -67.3377 -39.4377 6.95132 -67.3377 -39.7865 7.04472 -66.8157 -38.9157 7.30596 -67.6865
5 24 -38.9157 7.30596 -67.6865 -38.9157 7.05596 -67.6865 -39.4377 7.20132 -67.3377 -38.3 7.3427 -67.809
5 24 -38.3 7.3427 -67.809 -38.3 7.0927 -67.809 -38.9157 7.30596 -67.6865 -35.95 7.3427 -67.809
5 24 38.4 7.3427 -67.809 38.4 7.0927 -67.809 36.45 7.3427 -67.809 39.0157 7.30596 -67.6865
5 24 39.0157 7.30596 -67.6865 39.0157 7.05596 -67.6865 38.4 7.3427 -67.809 39.5377 7.20132 -67.3377
5 24 39.5377 7.20132 -67.3377 39.5377 6.95132 -67.3377 39.0157 7.30596 -67.6865 39.8865 7.04472 -66.8157
5 24 39.8865 7.04472 -66.8157 39.8865 6.79472 -66.8157 39.5377 7.20132 -67.3377 40.159 6.86 -66.2
5 24 40.159 6.86 -66.2 40.159 6.61 -66.2 39.8865 7.04472 -66.8157 42.05 5.15 -60.5
5 24 42.05 5.15 -60.5 42.05 4.9 -60.5 40.159 6.86 -66.2 42.2227 5 -60
5 24 43 4.46 -57.75 43 4.21 -57.75 42.2227 5 -60 43.8 3.872 -55.3
5 24 43.8 3.872 -55.3 43.8 3.622 -55.3 43 4.46 -57.75 44.7 3.008 -51.7
5 24 44.7 3.008 -51.7 44.7 2.758 -51.7 43.8 3.872 -55.3 45.0758 2.6 -50
5 24 45.75 2.112 -46.95 45.75 1.862 -46.95 45.0758 2.6 -50 46.9663 1 -40
5 24 47.85 0.495 -34.95 47.85 0.245 -34.95 46.9663 1 -40 48.3572 0 -30
5 24 49.1 0 -22.75 49.1 -0.25 -22.75 48.3572 0 -30 49.509 0 -13
5 24 49.509 0 -13 49.509 -0.25 -13 49.1 0 -22.75 49.3865 0 -12.3843
5 24 49.3865 0 -12.3843 49.3865 -0.25 -12.3843 49.509 0 -13 49.0377 0 -11.8623
5 24 49.0377 0 -11.8623 49.0377 -0.25 -11.8623 49.3865 0 -12.3843 48.5157 0 -11.5135
5 24 48.5157 0 -11.5135 48.5157 -0.25 -11.5135 49.0377 0 -11.8623 47.9 0 -11.391
5 24 47.9 0 -11.391 47.9 -0.25 -11.391 48.5157 0 -11.5135 -47.5 0 -11.391
5 24 -47.5 0 -11.391 -47.5 -0.25 -11.391 47.9 0 -11.391 -48.1157 0 -11.5135
5 24 -48.1157 0 -11.5135 -48.1157 -0.25 -11.5135 -47.5 0 -11.391 -48.6377 0 -11.8623
5 24 -48.6377 0 -11.8623 -48.6377 -0.25 -11.8623 -48.1157 0 -11.5135 -48.9865 0 -12.3843
5 24 -48.9865 0 -12.3843 -48.9865 -0.25 -12.3843 -48.6377 0 -11.8623 -49.109 0 -13
0 // bottom
5 24 48.357 0 -30 -48.357 0 -30 49.1 0 -22.75 47.85 0.495 -34.95
5 24 46.966 1 -40 -46.966 1 -40 47.85 0.495 -34.95 45.75 2.112 -46.95
5 24 45.076 2.6 -50 -45.012 2.6 -50 45.75 2.112 -46.95 44.7 3.008 -51.7
5 24 -41.938 5 -60 42.223 5 -60 -43.4 3.872 -55.3 -40.009 6.86 -66.2
