0 Minifig Surf Board  2 x 10
0 Name: 6075.dat
0 Author: Philippe Hurbain [Philo]
0 !LDRAW_ORG Part UPDATE 2013-02
0 !LICENSE Redistributable under CCAL version 2.0 : see CAreadme.txt

0 BFC CERTIFY CCW
0 !CATEGORY Minifig Accessory

0 !HISTORY 2013-12-23 [PTadmin] Official Update 2013-02

0 // Top surface and mast hole

1 16 -10 0 0 0 0 1 0 1 0 -1 0 0 stud2.dat
1 16 10 0 0 0 0 1 0 1 0 -1 0 0 stud2.dat
1 16 0 -6 50 10 0 0 0 1 0 0 0 10 4-4edge.dat
0 BFC INVERTNEXT
1 16 0 -6 50 0.5 0 0 0 0.5 0 0 0 0.5 1-4con15.dat
0 BFC INVERTNEXT
1 16 0 -5 50 0.5 0 0 0 -0.5 0 0 0 0.5 1-4con15.dat
1 16 0 -5 50 8 0 0 0 1 0 0 0 8 1-4edge.dat
1 16 0 -5.5 50 7.5 0 0 0 1 0 0 0 7.5 1-4edge.dat
3 16 0 -6 58 0 -5 58 0 -5.5 57.5
2 24 0 -6 58 0 -5.5 57.5
2 24 0 -6 58 0 -5 58
2 24 0 -5 58 0 -5.5 57.5
3 16 7.5 -5.5 50 8 -5 50 8 -6 50
2 24 8 -6 50 7.5 -5.5 50
2 24 8 -6 50 8 -5 50
2 24 8 -5 50 7.5 -5.5 50
0 BFC INVERTNEXT
1 16 0 -6 50 -0.5 0 0 0 0.5 0 0 0 -0.5 1-4con15.dat
0 BFC INVERTNEXT
1 16 0 -5 50 -0.5 0 0 0 -0.5 0 0 0 -0.5 1-4con15.dat
1 16 0 -5 50 -8 0 0 0 1 0 0 0 -8 1-4edge.dat
1 16 0 -5.5 50 -7.5 0 0 0 1 0 0 0 -7.5 1-4edge.dat
3 16 0 -6 42 0 -5 42 0 -5.5 42.5
2 24 0 -6 42 0 -5.5 42.5
2 24 0 -6 42 0 -5 42
2 24 0 -5 42 0 -5.5 42.5
3 16 -7.5 -5.5 50 -8 -5 50 -8 -6 50
2 24 -8 -6 50 -7.5 -5.5 50
2 24 -8 -6 50 -8 -5 50
2 24 -8 -5 50 -7.5 -5.5 50
0 BFC INVERTNEXT
1 16 0 -1 50 0 0 -0.5 0 0.5 0 0.5 0 0 1-4con15.dat
0 BFC INVERTNEXT
1 16 0 0 50 0 0 -0.5 0 -0.5 0 0.5 0 0 1-4con15.dat
1 16 0 0 50 0 0 -8 0 1 0 8 0 0 1-4edge.dat
1 16 0 -1 50 0 0 -8 0 1 0 8 0 0 1-4edge.dat
1 16 0 -0.5 50 0 0 -7.5 0 1 0 7.5 0 0 1-4edge.dat
3 16 -8 -1 50 -8 0 50 -7.5 -0.5 50
2 24 -8 -1 50 -7.5 -0.5 50
2 24 -8 -1 50 -8 0 50
2 24 -8 0 50 -7.5 -0.5 50
3 16 0 -0.5 57.5 0 0 58 0 -1 58
2 24 0 -1 58 0 -0.5 57.5
2 24 0 -1 58 0 0 58
2 24 0 0 58 0 -0.5 57.5
0 BFC INVERTNEXT
1 16 0 -1 50 0 0 0.5 0 0.5 0 -0.5 0 0 1-4con15.dat
0 BFC INVERTNEXT
1 16 0 0 50 0 0 0.5 0 -0.5 0 -0.5 0 0 1-4con15.dat
1 16 0 0 50 0 0 8 0 1 0 -8 0 0 1-4edge.dat
1 16 0 -1 50 0 0 8 0 1 0 -8 0 0 1-4edge.dat
1 16 0 -0.5 50 0 0 7.5 0 1 0 -7.5 0 0 1-4edge.dat
3 16 8 -1 50 8 0 50 7.5 -0.5 50
2 24 8 -1 50 7.5 -0.5 50
2 24 8 -1 50 8 0 50
2 24 8 0 50 7.5 -0.5 50
3 16 0 -0.5 42.5 0 0 42 0 -1 42
2 24 0 -1 42 0 -0.5 42.5
2 24 0 -1 42 0 0 42
2 24 0 0 42 0 -0.5 42.5
1 16 0 -6 50 8 0 0 0 1 0 0 0 8 4-4edge.dat
0 BFC INVERTNEXT
1 16 0 -6 50 8 0 0 0 9 0 0 0 8 4-4cyli.dat
1 16 0 -6 50 2 0 0 0 1 0 0 0 2 4-4ring4.dat
1 16 0 -6 50 10 0 0 0 6 0 0 0 10 4-4cyli.dat
1 16 0 0 50 10 0 0 0 1 0 0 0 10 4-4edge.dat
1 16 0 0 50 10 0 0 0 1 0 0 0 10 4-4ndis.dat
1 16 0 3 50 8 0 0 0 -1 0 0 0 8 4-4ndis.dat
4 16 20 0 -16 10 0 40 -10 0 40 -20 0 -16
4 16 20 0 60 10 0 60 10 0 40 20 0 -16
4 16 -20 0 -16 -10 0 40 -10 0 60 -20 0 60
1 16 0 0 -16 -20 0 0 0 1 0 0 0 -50 48\2-4disc.dat
4 16 19.828 0 68.743 -19.828 0 68.743 -20 0 60 20 0 60
4 16 19.318 0 77.34 -19.318 0 77.34 -19.828 0 68.743 19.828 0 68.743
4 16 18.478 0 85.641 -18.478 0 85.641 -19.318 0 77.34 19.318 0 77.34
4 16 17.32 -0.092 93.5 -17.32 -0.092 93.5 -18.478 0 85.641 18.478 0 85.641
4 16 15.868 -0.511 100.79 -15.868 -0.511 100.79 -17.32 -0.092 93.5 17.32 -0.092 93.5
4 16 14.142 -1.283 107.376 -14.142 -1.283 107.376 -15.868 -0.511 100.79 15.868 -0.511 100.79
4 16 12.176 -2.316 113.158 -12.176 -2.316 113.158 -14.142 -1.283 107.376 14.142 -1.283 107.376
4 16 10 -3.487 118.022 -10 -3.487 118.022 -12.176 -2.316 113.158 12.176 -2.316 113.158
4 16 7.654 -4.645 121.901 -7.654 -4.645 121.901 -10 -3.487 118.022 10 -3.487 118.022
4 16 5.176 -5.633 124.715 -5.176 -5.633 124.715 -7.654 -4.645 121.901 7.654 -4.645 121.901
4 16 2.61 -6.345 126.424 -2.61 -6.345 126.424 -5.176 -5.633 124.715 5.176 -5.633 124.715
3 16 0 -6.607 127 -2.61 -6.345 126.424 2.61 -6.345 126.424
5 24 -18.478 0 85.641 18.478 0 85.641 19.318 0 77.34 -17.32 -0.092 93.5
5 24 -17.32 -0.092 93.5 17.32 -0.092 93.5 18.478 0 85.641 -15.868 -0.511 100.79
5 24 -15.868 -0.511 100.79 15.868 -0.511 100.79 17.32 -0.092 93.5 -14.142 -1.283 107.376
5 24 -14.142 -1.283 107.376 14.142 -1.283 107.376 15.868 -0.511 100.79 -12.176 -2.316 113.158
5 24 -12.176 -2.316 113.158 12.176 -2.316 113.158 14.142 -1.283 107.376 -10 -3.487 118.022
5 24 -10 -3.487 118.022 10 -3.487 118.022 12.176 -2.316 113.158 -7.654 -4.645 121.901
5 24 -7.654 -4.645 121.901 7.654 -4.645 121.901 10 -3.487 118.022 -5.176 -5.633 124.715
5 24 -5.176 -5.633 124.715 5.176 -5.633 124.715 7.654 -4.645 121.901 -2.61 -6.345 126.424
5 24 -2.61 -6.345 126.424 2.61 -6.345 126.424 5.176 -5.633 124.715 0 -6.607 127
0 // Bottom surface
1 16 0 0 0 1 0 0 0 1 0 0 0 1 s\6075s01.dat
1 16 0 0 0 -1 0 0 0 1 0 0 0 1 s\6075s01.dat
