0 Minifig Helmet Bubble Half
0 Name: 61287.dat
0 Author: Alex Taylor [anathema]
0 !LDRAW_ORG Part UPDATE 2012-03
0 !LICENSE Redistributable under CCAL version 2.0 : see CAreadme.txt

0 BFC CERTIFY CCW

0 !CATEGORY Minifig Headwear

0 !HISTORY 2010-04-05 [PTadmin] Official Update 2010-01
0 !HISTORY 2012-12-24 [cwdee] Add category
0 !HISTORY 2012-12-28 [PTadmin] Official Update 2012-03

4 16 -24.021 -10.05 0 -21.863 -10.05 -9.95 -24.021 -20 -9.95 -26 -20 0
4 16 -21.863 -10.05 -9.95 -16.986 -10.05 -16.986 -18.385 -20 -18.385 -24.021 -20 -9.95
4 16 -16.986 -10.05 -16.986 -9.95 -10.05 -21.863 -9.95 -20 -24.021 -18.385 -20 -18.385
4 16 -9.95 -10.05 -21.863 0 -10.05 -24.021 0 -20 -26 -9.95 -20 -24.021
3 16 -17 -3 -9.85 -16.966 -3 -9.95 -16.986 -3.014 -9.95
3 16 -9.95 -3 -16.966 -9.85 -3 -17 -9.95 -3.014 -16.986
5 24 -26 -20 0 -24.021 -20 -9.95 -21.863 -10.05 -9.95 -24.021 -46 -9.95
5 24 -24.021 -20 -9.95 -18.385 -20 -18.385 -16.986 -10.05 -16.986 -18.385 -46 -18.385
5 24 -18.385 -20 -18.385 -9.95 -20 -24.021 -9.95 -10.05 -21.863 -9.95 -46 -24.021
5 24 -9.95 -20 -24.021 0 -20 -26 0 -10.05 -24.021 0 -46 -26
5 24 -24.021 -10.05 0 -21.863 -10.05 -9.95 -16.986 -3.014 -9.95 -24.021 -20 -9.95
5 24 -21.863 -10.05 -9.95 -16.986 -10.05 -16.986 -16.986 -3.014 -9.95 -18.385 -20 -18.385
5 24 -16.986 -10.05 -16.986 -9.95 -10.05 -21.863 -9.95 -3.014 -16.986 -9.95 -20 -24.021
5 24 -9.95 -10.05 -21.863 0 -10.05 -24.021 0 -1.615 -18.385 0 -20 -26
5 24 -17 -3 -9.85 -16.986 -3.014 -9.95 -9.95 1.863 -9.95 -21.863 -10.05 -9.95
5 24 -9.95 -3.014 -16.986 -9.85 -3 -17 0 4.021 -9.95 0 -10.05 -24.021
5 24 -9.95 -10.05 -21.863 -9.95 -20 -24.021 -18.385 -20 -18.385 0 -20 -26
5 24 -16.986 -10.05 -16.986 -18.385 -20 -18.385 -24.021 -20 -9.95 -9.95 -20 -24.021
5 24 -24.021 -10.05 0 -26 -20 0 -24.021 -20 -9.95 -26 -20 26
5 24 -21.863 -10.05 -9.95 -24.021 -20 -9.95 -18.385 -20 -18.385 -26 -20 0
4 16 -26 -20 0 -24.021 -20 -9.95 -21.863 -29.95 -9.95 -24.021 -29.95 0
4 16 -24.021 -20 -9.95 -18.385 -20 -18.385 -16.986 -29.95 -16.986 -21.863 -29.95 -9.95
4 16 -18.385 -20 -18.385 -9.95 -20 -24.021 -9.95 -29.95 -21.863 -16.986 -29.95 -16.986
4 16 -24.021 -29.95 0 -21.863 -29.95 -9.95 -16.986 -36.986 -9.95 -18.385 -38.385 0
3 16 -16.986 -36.986 -9.95 -21.863 -29.95 -9.95 -16.986 -29.95 -16.986
3 16 -16.986 -36.986 -9.95 -16.986 -29.95 -16.986 -9.95 -36.986 -16.986
3 16 -9.95 -36.986 -16.986 -16.986 -29.95 -16.986 -9.95 -29.95 -21.863
4 16 -18.385 -38.385 0 -16.986 -36.986 -9.95 -9.95 -41.863 -9.95 -9.95 -44.021 0
3 16 -9.95 -41.863 -9.95 -16.986 -36.986 -9.95 -9.95 -36.986 -16.986
4 16 -9.95 -44.021 0 -9.95 -41.863 -9.95 0 -44.021 -9.95 0 -46 0
5 24 -26 -20 0 -24.021 -20 -9.95 -21.863 -29.95 -9.95 -24.021 6 -9.95
5 24 -24.021 -20 -9.95 -18.385 -20 -18.385 -16.986 -29.95 -16.986 -18.385 6 -18.385
5 24 -18.385 -20 -18.385 -9.95 -20 -24.021 -9.95 -29.95 -21.863 -9.95 6 -24.021
5 24 -9.95 -20 -24.021 0 -20 -26 0 -29.95 -24.021 0 6 -26
5 24 -24.021 -29.95 0 -21.863 -29.95 -9.95 -16.986 -36.986 -9.95 -24.021 -20 -9.95
5 24 -21.863 -29.95 -9.95 -16.986 -29.95 -16.986 -16.986 -36.986 -9.95 -18.385 -20 -18.385
5 24 -16.986 -29.95 -16.986 -9.95 -29.95 -21.863 -9.95 -36.986 -16.986 -9.95 -20 -24.021
5 24 -18.385 -38.385 0 -16.986 -36.986 -9.95 -9.95 -41.863 -9.95 -21.863 -29.95 -9.95
5 24 -16.986 -36.986 -9.95 -9.95 -36.986 -16.986 -9.95 -41.863 -9.95 -16.986 -29.95 -16.986
5 24 -9.95 -44.021 0 -9.95 -41.863 -9.95 -16.986 -36.986 -9.95 0 -44.021 -9.95
5 24 -9.95 -41.863 -9.95 -9.95 -36.986 -16.986 -16.986 -36.986 -9.95 0 -38.385 -18.385
5 24 -9.95 -36.986 -16.986 -9.95 -29.95 -21.863 -16.986 -29.95 -16.986 0 -29.95 -24.021
5 24 -9.95 -29.95 -21.863 -9.95 -20 -24.021 -18.385 -20 -18.385 0 -20 -26
5 24 -16.986 -36.986 -9.95 -16.986 -29.95 -16.986 -21.863 -29.95 -9.95 -9.95 -36.986 -16.986
5 24 -16.986 -29.95 -16.986 -18.385 -20 -18.385 -24.021 -20 -9.95 -9.95 -20 -24.021
5 24 0 -46 0 -9.95 -44.021 0 -9.95 -41.863 -9.95 -9.95 -44.021 26
5 24 -9.95 -44.021 0 -18.385 -38.385 0 -16.986 -36.986 -9.95 -18.385 -38.385 26
5 24 -18.385 -38.385 0 -24.021 -29.95 0 -21.863 -29.95 -9.95 -24.021 -29.95 26
5 24 -24.021 -29.95 0 -26 -20 0 -24.021 -20 -9.95 -26 -20 26
5 24 -9.95 -41.863 -9.95 -16.986 -36.986 -9.95 -9.95 -36.986 -16.986 -18.385 -38.385 0
5 24 -16.986 -36.986 -9.95 -21.863 -29.95 -9.95 -16.986 -29.95 -16.986 -24.021 -29.95 0
5 24 -21.863 -29.95 -9.95 -24.021 -20 -9.95 -18.385 -20 -18.385 -26 -20 0
5 24 -9.95 -36.986 -16.986 -16.986 -29.95 -16.986 -9.95 -29.95 -21.863 -16.986 -36.986 -9.95
4 16 -26 -20 0 -24.021 -20 9.95 -21.863 -10.05 9.95 -24.021 -10.05 0
4 16 -24.021 -20 9.95 -18.385 -20 18.385 -16.986 -10.05 16.986 -21.863 -10.05 9.95
4 16 -18.385 -20 18.385 -9.95 -20 24.021 -9.95 -10.05 21.863 -16.986 -10.05 16.986
4 16 -9.95 -20 24.021 0 -20 26 0 -10.05 24.021 -9.95 -10.05 21.863
5 24 -26 -20 0 -24.021 -20 9.95 -21.863 -10.05 9.95 -24.021 -46 9.95
5 24 -24.021 -20 9.95 -18.385 -20 18.385 -16.986 -10.05 16.986 -18.385 -46 18.385
5 24 -18.385 -20 18.385 -9.95 -20 24.021 -9.95 -10.05 21.863 -9.95 -46 24.021
5 24 -9.95 -20 24.021 0 -20 26 0 -10.05 24.021 0 -46 26
5 24 -24.021 -10.05 0 -21.863 -10.05 9.95 -16.986 -3.014 9.95 -24.021 -20 9.95
5 24 -21.863 -10.05 9.95 -16.986 -10.05 16.986 -16.986 -3.014 9.95 -18.385 -20 18.385
5 24 -16.986 -10.05 16.986 -9.95 -10.05 21.863 -9.95 -3.014 16.986 -9.95 -20 24.021
5 24 -9.95 -10.05 21.863 0 -10.05 24.021 0 -1.615 18.385 0 -20 26
5 24 -9.95 -10.05 21.863 -9.95 -20 24.021 -18.385 -20 18.385 0 -20 26
5 24 -16.986 -10.05 16.986 -18.385 -20 18.385 -24.021 -20 9.95 -9.95 -20 24.021
5 24 -24.021 -10.05 0 -26 -20 0 -24.021 -20 9.95 -26 -20 -26
5 24 -21.863 -10.05 9.95 -24.021 -20 9.95 -18.385 -20 18.385 -26 -20 0
4 16 -24.021 -29.95 0 -21.863 -29.95 9.95 -24.021 -20 9.95 -26 -20 0
4 16 -21.863 -29.95 9.95 -16.986 -29.95 16.986 -18.385 -20 18.385 -24.021 -20 9.95
4 16 -16.986 -29.95 16.986 -9.95 -29.95 21.863 -9.95 -20 24.021 -18.385 -20 18.385
4 16 -9.95 -29.95 21.863 0 -29.95 24.021 0 -20 26 -9.95 -20 24.021
4 16 -18.385 -38.385 0 -16.986 -36.986 9.95 -21.863 -29.95 9.95 -24.021 -29.95 0
3 16 -16.986 -29.95 16.986 -21.863 -29.95 9.95 -16.986 -36.986 9.95
3 16 -9.95 -36.986 16.986 -16.986 -29.95 16.986 -16.986 -36.986 9.95
3 16 -9.95 -29.95 21.863 -16.986 -29.95 16.986 -9.95 -36.986 16.986
4 16 -9.95 -29.95 21.863 -9.95 -36.986 16.986 0 -38.385 18.385 0 -29.95 24.021
4 16 -24.021 -10.05 0 -21.863 -10.05 9.95 -16.986 -3.014 9.95 -18.385 -1.615 0
3 16 -16.986 -3.014 9.95 -21.863 -10.05 9.95 -16.986 -10.05 16.986
3 16 -16.986 -3.014 9.95 -16.986 -10.05 16.986 -9.95 -3.014 16.986
3 16 -9.95 -3.014 16.986 -16.986 -10.05 16.986 -9.95 -10.05 21.863
4 16 0 -10.05 24.021 0 -1.615 18.385 -9.95 -3.014 16.986 -9.95 -10.05 21.863
4 16 -18.385 -1.615 0 -16.986 -3.014 -9.95 -21.863 -10.05 -9.95 -24.021 -10.05 0
3 16 -16.986 -10.05 -16.986 -21.863 -10.05 -9.95 -16.986 -3.014 -9.95
3 16 -9.95 -3.014 -16.986 -16.986 -10.05 -16.986 -16.986 -3.014 -9.95
3 16 -9.95 -10.05 -21.863 -16.986 -10.05 -16.986 -9.95 -3.014 -16.986
4 16 -9.95 -10.05 -21.863 -9.95 -3.014 -16.986 0 -1.615 -18.385 0 -10.05 -24.021
4 16 -9.95 -44.021 0 -9.95 -41.863 9.95 -16.986 -36.986 9.95 -18.385 -38.385 0
3 16 -9.95 -36.986 16.986 -16.986 -36.986 9.95 -9.95 -41.863 9.95
4 16 -9.95 -36.986 16.986 -9.95 -41.863 9.95 0 -44.021 9.95 0 -38.385 18.385
4 16 0 -46 0 0 -44.021 9.95 -9.95 -41.863 9.95 -9.95 -44.021 0
5 24 -26 -20 0 -24.021 -20 9.95 -21.863 -29.95 9.95 -24.021 6 9.95
5 24 -24.021 -20 9.95 -18.385 -20 18.385 -16.986 -29.95 16.986 -18.385 6 18.385
5 24 -18.385 -20 18.385 -9.95 -20 24.021 -9.95 -29.95 21.863 -9.95 6 24.021
5 24 -9.95 -20 24.021 0 -20 26 0 -29.95 24.021 0 6 26
5 24 -24.021 -29.95 0 -21.863 -29.95 9.95 -16.986 -36.986 9.95 -24.021 -20 9.95
5 24 -21.863 -29.95 9.95 -16.986 -29.95 16.986 -16.986 -36.986 9.95 -18.385 -20 18.385
5 24 -16.986 -29.95 16.986 -9.95 -29.95 21.863 -9.95 -36.986 16.986 -9.95 -20 24.021
5 24 -9.95 -29.95 21.863 0 -29.95 24.021 0 -38.385 18.385 0 -20 26
5 24 -18.385 -38.385 0 -16.986 -36.986 9.95 -9.95 -41.863 9.95 -21.863 -29.95 9.95
5 24 -16.986 -36.986 9.95 -9.95 -36.986 16.986 -9.95 -41.863 9.95 -16.986 -29.95 16.986
5 24 -9.95 -36.986 16.986 0 -38.385 18.385 0 -44.021 9.95 0 -29.95 24.021
5 24 -9.95 -44.021 0 -9.95 -41.863 9.95 -16.986 -36.986 9.95 0 -44.021 9.95
5 24 -9.95 -41.863 9.95 -9.95 -36.986 16.986 -16.986 -36.986 9.95 0 -38.385 18.385
5 24 -9.95 -36.986 16.986 -9.95 -29.95 21.863 -16.986 -29.95 16.986 0 -29.95 24.021
5 24 -9.95 -29.95 21.863 -9.95 -20 24.021 -18.385 -20 18.385 0 -20 26
5 24 -16.986 -36.986 9.95 -16.986 -29.95 16.986 -21.863 -29.95 9.95 -9.95 -36.986 16.986
5 24 -16.986 -29.95 16.986 -18.385 -20 18.385 -24.021 -20 9.95 -9.95 -20 24.021
5 24 0 -46 0 -9.95 -44.021 0 -9.95 -41.863 9.95 -9.95 -44.021 -26
5 24 -9.95 -44.021 0 -18.385 -38.385 0 -16.986 -36.986 9.95 -18.385 -38.385 -26
5 24 -18.385 -38.385 0 -24.021 -29.95 0 -21.863 -29.95 9.95 -24.021 -29.95 -26
5 24 -24.021 -29.95 0 -26 -20 0 -24.021 -20 9.95 -26 -20 -26
5 24 0 -44.021 9.95 -9.95 -41.863 9.95 -9.95 -36.986 16.986 -9.95 -44.021 0
5 24 -9.95 -41.863 9.95 -16.986 -36.986 9.95 -9.95 -36.986 16.986 -18.385 -38.385 0
5 24 -16.986 -36.986 9.95 -21.863 -29.95 9.95 -16.986 -29.95 16.986 -24.021 -29.95 0
5 24 -21.863 -29.95 9.95 -24.021 -20 9.95 -18.385 -20 18.385 -26 -20 0
5 24 0 -38.385 18.385 -9.95 -36.986 16.986 -9.95 -29.95 21.863 -9.95 -41.863 9.95
5 24 -9.95 -36.986 16.986 -16.986 -29.95 16.986 -9.95 -29.95 21.863 -16.986 -36.986 9.95
4 16 -9.95 -3.014 -16.986 -16.986 -3.014 -9.95 -16.966 -3 -9.95 -9.95 -3 -16.966
3 16 -16.986 -3.014 9.95 -16.966 -3 9.95 -17 -3 9.85
4 16 -16.986 -3.014 9.95 -9.95 -3.014 16.986 -9.95 -3 16.966 -16.966 -3 9.95
3 16 -9.85 -3 17 -9.95 -3 16.966 -9.95 -3.014 16.986
4 16 -22 -20 0 -20.326 -20 -8.419 -18.5 -11.581 -8.419 -20.326 -11.581 0
4 16 -20.326 -20 -8.419 -15.556 -20 -15.556 -14.373 -11.581 -14.373 -18.5 -11.581 -8.419
4 16 -15.556 -20 -15.556 -8.419 -20 -20.326 -8.419 -11.581 -18.5 -14.373 -11.581 -14.373
4 16 -8.419 -20 -20.326 0 -20 -22 0 -11.581 -20.326 -8.419 -11.581 -18.5
3 16 -14.373 -5.627 -8.419 -18.5 -11.581 -8.419 -14.373 -11.581 -14.373
3 16 -14.373 -5.627 -8.419 -14.373 -11.581 -14.373 -8.419 -5.627 -14.373
3 16 -8.419 -5.627 -14.373 -14.373 -11.581 -14.373 -8.419 -11.581 -18.5
5 24 -22 -20 0 -20.326 -20 -8.419 -18.5 -11.581 -8.419 -20.326 -42 -8.419
5 24 -20.326 -20 -8.419 -15.556 -20 -15.556 -14.373 -11.581 -14.373 -15.556 -42 -15.556
5 24 -15.556 -20 -15.556 -8.419 -20 -20.326 -8.419 -11.581 -18.5 -8.419 -42 -20.326
5 24 -8.419 -20 -20.326 0 -20 -22 0 -11.581 -20.326 0 -42 -22
5 24 -20.326 -11.581 0 -18.5 -11.581 -8.419 -14.373 -5.627 -8.419 -20.326 -20 -8.419
5 24 -18.5 -11.581 -8.419 -14.373 -11.581 -14.373 -14.373 -5.627 -8.419 -15.556 -20 -15.556
5 24 -14.373 -11.581 -14.373 -8.419 -11.581 -18.5 -8.419 -5.627 -14.373 -8.419 -20 -20.326
5 24 -8.419 -11.581 -18.5 0 -11.581 -20.326 0 -4.444 -15.556 0 -20 -22
5 24 -14.373 -5.627 -8.419 -8.419 -5.627 -14.373 -8.419 -1.5 -8.419 -14.373 -11.581 -14.373
5 24 -8.419 -5.627 -14.373 -8.419 -11.581 -18.5 -14.373 -11.581 -14.373 0 -11.581 -20.326
5 24 -8.419 -11.581 -18.5 -8.419 -20 -20.326 -15.556 -20 -15.556 0 -20 -22
5 24 -14.373 -5.627 -8.419 -14.373 -11.581 -14.373 -18.5 -11.581 -8.419 -8.419 -5.627 -14.373
5 24 -14.373 -11.581 -14.373 -15.556 -20 -15.556 -20.326 -20 -8.419 -8.419 -20 -20.326
5 24 -20.326 -11.581 0 -22 -20 0 -20.326 -20 -8.419 -22 -20 22
5 24 -14.373 -5.627 -8.419 -18.5 -11.581 -8.419 -14.373 -11.581 -14.373 -20.326 -11.581 0
5 24 -18.5 -11.581 -8.419 -20.326 -20 -8.419 -15.556 -20 -15.556 -22 -20 0
5 24 -8.419 -5.627 -14.373 -14.373 -11.581 -14.373 -8.419 -11.581 -18.5 -14.373 -5.627 -8.419
4 16 -20.326 -28.419 0 -18.5 -28.419 -8.419 -20.326 -20 -8.419 -22 -20 0
4 16 -18.5 -28.419 -8.419 -14.373 -28.419 -14.373 -15.556 -20 -15.556 -20.326 -20 -8.419
4 16 -14.373 -28.419 -14.373 -8.419 -28.419 -18.5 -8.419 -20 -20.326 -15.556 -20 -15.556
4 16 -15.556 -35.556 0 -14.373 -34.373 -8.419 -18.5 -28.419 -8.419 -20.326 -28.419 0
3 16 -14.373 -28.419 -14.373 -18.5 -28.419 -8.419 -14.373 -34.373 -8.419
3 16 -8.419 -34.373 -14.373 -14.373 -28.419 -14.373 -14.373 -34.373 -8.419
4 16 -8.419 -40.326 0 -8.419 -38.5 -8.419 -14.373 -34.373 -8.419 -15.556 -35.556 0
3 16 -8.419 -34.373 -14.373 -14.373 -34.373 -8.419 -8.419 -38.5 -8.419
5 24 -22 -20 0 -20.326 -20 -8.419 -18.5 -28.419 -8.419 -20.326 2 -8.419
5 24 -20.326 -20 -8.419 -15.556 -20 -15.556 -14.373 -28.419 -14.373 -15.556 2 -15.556
5 24 -15.556 -20 -15.556 -8.419 -20 -20.326 -8.419 -28.419 -18.5 -8.419 2 -20.326
5 24 -8.419 -20 -20.326 0 -20 -22 0 -28.419 -20.326 0 2 -22
5 24 -20.326 -28.419 0 -18.5 -28.419 -8.419 -14.373 -34.373 -8.419 -20.326 -20 -8.419
5 24 -18.5 -28.419 -8.419 -14.373 -28.419 -14.373 -14.373 -34.373 -8.419 -15.556 -20 -15.556
5 24 -14.373 -28.419 -14.373 -8.419 -28.419 -18.5 -8.419 -34.373 -14.373 -8.419 -20 -20.326
5 24 -15.556 -35.556 0 -14.373 -34.373 -8.419 -8.419 -38.5 -8.419 -18.5 -28.419 -8.419
5 24 -14.373 -34.373 -8.419 -8.419 -34.373 -14.373 -8.419 -38.5 -8.419 -14.373 -28.419 -14.373
5 24 -8.419 -38.5 -8.419 -8.419 -34.373 -14.373 -14.373 -34.373 -8.419 0 -35.556 -15.556
5 24 -8.419 -34.373 -14.373 -8.419 -28.419 -18.5 -14.373 -28.419 -14.373 0 -28.419 -20.326
5 24 -8.419 -28.419 -18.5 -8.419 -20 -20.326 -15.556 -20 -15.556 0 -20 -22
5 24 -14.373 -34.373 -8.419 -14.373 -28.419 -14.373 -18.5 -28.419 -8.419 -8.419 -34.373 -14.373
5 24 -14.373 -28.419 -14.373 -15.556 -20 -15.556 -20.326 -20 -8.419 -8.419 -20 -20.326
5 24 0 -42 0 -8.419 -40.326 0 -8.419 -38.5 -8.419 -8.419 -40.326 22
5 24 -8.419 -40.326 0 -15.556 -35.556 0 -14.373 -34.373 -8.419 -15.556 -35.556 22
5 24 -15.556 -35.556 0 -20.326 -28.419 0 -18.5 -28.419 -8.419 -20.326 -28.419 22
5 24 -15.556 -4.444 0 -20.326 -11.581 0 -18.5 -11.581 -8.419 -20.326 -11.581 22
5 24 -20.326 -28.419 0 -22 -20 0 -20.326 -20 -8.419 -22 -20 22
5 24 -8.419 -38.5 -8.419 -14.373 -34.373 -8.419 -8.419 -34.373 -14.373 -15.556 -35.556 0
5 24 -14.373 -34.373 -8.419 -18.5 -28.419 -8.419 -14.373 -28.419 -14.373 -20.326 -28.419 0
5 24 -18.5 -28.419 -8.419 -20.326 -20 -8.419 -15.556 -20 -15.556 -22 -20 0
5 24 -8.419 -34.373 -14.373 -14.373 -28.419 -14.373 -8.419 -28.419 -18.5 -14.373 -34.373 -8.419
4 16 -20.326 -11.581 0 -18.5 -11.581 8.419 -20.326 -20 8.419 -22 -20 0
4 16 -18.5 -11.581 8.419 -14.373 -11.581 14.373 -15.556 -20 15.556 -20.326 -20 8.419
4 16 -14.373 -11.581 14.373 -8.419 -11.581 18.5 -8.419 -20 20.326 -15.556 -20 15.556
4 16 -8.419 -11.581 18.5 0 -11.581 20.326 0 -20 22 -8.419 -20 20.326
3 16 -14.373 -11.581 14.373 -18.5 -11.581 8.419 -14.373 -5.627 8.419
3 16 -8.419 -5.627 14.373 -14.373 -11.581 14.373 -14.373 -5.627 8.419
3 16 -8.419 -11.581 18.5 -14.373 -11.581 14.373 -8.419 -5.627 14.373
5 24 -22 -20 0 -20.326 -20 8.419 -18.5 -11.581 8.419 -20.326 -42 8.419
5 24 -20.326 -20 8.419 -15.556 -20 15.556 -14.373 -11.581 14.373 -15.556 -42 15.556
5 24 -15.556 -20 15.556 -8.419 -20 20.326 -8.419 -11.581 18.5 -8.419 -42 20.326
5 24 -8.419 -20 20.326 0 -20 22 0 -11.581 20.326 0 -42 22
5 24 -20.326 -11.581 0 -18.5 -11.581 8.419 -14.373 -5.627 8.419 -20.326 -20 8.419
5 24 -18.5 -11.581 8.419 -14.373 -11.581 14.373 -14.373 -5.627 8.419 -15.556 -20 15.556
5 24 -14.373 -11.581 14.373 -8.419 -11.581 18.5 -8.419 -5.627 14.373 -8.419 -20 20.326
5 24 -8.419 -11.581 18.5 0 -11.581 20.326 0 -4.444 15.556 0 -20 22
5 24 -14.373 -5.627 8.419 -8.419 -5.627 14.373 -8.419 -1.5 8.419 -14.373 -11.581 14.373
5 24 -8.419 -5.627 14.373 -8.419 -11.581 18.5 -14.373 -11.581 14.373 0 -11.581 20.326
5 24 -8.419 -11.581 18.5 -8.419 -20 20.326 -15.556 -20 15.556 0 -20 22
5 24 -14.373 -5.627 8.419 -14.373 -11.581 14.373 -18.5 -11.581 8.419 -8.419 -5.627 14.373
5 24 -14.373 -11.581 14.373 -15.556 -20 15.556 -20.326 -20 8.419 -8.419 -20 20.326
5 24 -20.326 -11.581 0 -22 -20 0 -20.326 -20 8.419 -22 -20 -22
5 24 -14.373 -5.627 8.419 -18.5 -11.581 8.419 -14.373 -11.581 14.373 -20.326 -11.581 0
5 24 -18.5 -11.581 8.419 -20.326 -20 8.419 -15.556 -20 15.556 -22 -20 0
5 24 -8.419 -5.627 14.373 -14.373 -11.581 14.373 -8.419 -11.581 18.5 -14.373 -5.627 8.419
4 16 -22 -20 0 -20.326 -20 8.419 -18.5 -28.419 8.419 -20.326 -28.419 0
4 16 -20.326 -20 8.419 -15.556 -20 15.556 -14.373 -28.419 14.373 -18.5 -28.419 8.419
4 16 -15.556 -20 15.556 -8.419 -20 20.326 -8.419 -28.419 18.5 -14.373 -28.419 14.373
4 16 -8.419 -20 20.326 0 -20 22 0 -28.419 20.326 -8.419 -28.419 18.5
4 16 -20.326 -28.419 0 -18.5 -28.419 8.419 -14.373 -34.373 8.419 -15.556 -35.556 0
4 16 -20.326 -11.581 0 -18.5 -11.581 -8.419 -14.373 -5.627 -8.419 -15.556 -4.444 0
4 16 -15.556 -4.444 0 -14.373 -5.627 8.419 -18.5 -11.581 8.419 -20.326 -11.581 0
3 16 -14.373 -34.373 8.419 -18.5 -28.419 8.419 -14.373 -28.419 14.373
3 16 -8.419 -34.373 -14.373 -8.419 -28.419 -18.5 -14.373 -28.419 -14.373
3 16 -14.373 -34.373 8.419 -14.373 -28.419 14.373 -8.419 -34.373 14.373
3 16 -8.419 -34.373 14.373 -14.373 -28.419 14.373 -8.419 -28.419 18.5
4 16 0 -28.419 20.326 0 -35.556 15.556 -8.419 -34.373 14.373 -8.419 -28.419 18.5
4 16 -8.419 -11.581 18.5 -8.419 -5.627 14.373 0 -4.444 15.556 0 -11.581 20.326
4 16 0 -11.581 -20.326 0 -4.444 -15.556 -8.419 -5.627 -14.373 -8.419 -11.581 -18.5
4 16 -8.419 -28.419 -18.5 -8.419 -34.373 -14.373 -2 -35.275 -15.275 -2 -28.419 -19.892
4 16 -15.556 -35.556 0 -14.373 -34.373 8.419 -8.419 -38.5 8.419 -8.419 -40.326 0
3 16 -8.419 -38.5 8.419 -14.373 -34.373 8.419 -8.419 -34.373 14.373
4 16 0 -35.556 15.556 0 -40.326 8.419 -8.419 -38.5 8.419 -8.419 -34.373 14.373
4 16 -8.419 -34.373 -14.373 -8.419 -38.5 -8.419 -2 -39.892 -8.419 -2 -35.275 -15.275
4 16 -8.419 -40.326 0 -8.419 -38.5 8.419 0 -40.326 8.419 0 -42 0
5 24 -22 -20 0 -20.326 -20 8.419 -18.5 -28.419 8.419 -20.326 2 8.419
5 24 -20.326 -20 8.419 -15.556 -20 15.556 -14.373 -28.419 14.373 -15.556 2 15.556
5 24 -15.556 -20 15.556 -8.419 -20 20.326 -8.419 -28.419 18.5 -8.419 2 20.326
5 24 -8.419 -20 20.326 0 -20 22 0 -28.419 20.326 0 2 22
5 24 -20.326 -28.419 0 -18.5 -28.419 8.419 -14.373 -34.373 8.419 -20.326 -20 8.419
5 24 -18.5 -28.419 8.419 -14.373 -28.419 14.373 -14.373 -34.373 8.419 -15.556 -20 15.556
5 24 -14.373 -28.419 14.373 -8.419 -28.419 18.5 -8.419 -34.373 14.373 -8.419 -20 20.326
5 24 -8.419 -28.419 18.5 0 -28.419 20.326 0 -35.556 15.556 0 -20 22
5 24 -15.556 -35.556 0 -14.373 -34.373 8.419 -8.419 -38.5 8.419 -18.5 -28.419 8.419
5 24 -15.556 -4.444 0 -14.373 -5.627 8.419 -8.419 -1.5 8.419 -18.5 -11.581 8.419
5 24 -15.556 -4.444 0 -14.373 -5.627 -8.419 -8.419 -1.5 -8.419 -18.5 -11.581 -8.419
5 24 -14.373 -34.373 8.419 -8.419 -34.373 14.373 -8.419 -38.5 8.419 -14.373 -28.419 14.373
5 24 -8.419 -34.373 14.373 0 -35.556 15.556 0 -40.326 8.419 0 -28.419 20.326
5 24 -8.419 -40.326 0 -8.419 -38.5 8.419 -14.373 -34.373 8.419 0 -40.326 8.419
5 24 -8.419 -40.326 0 -8.419 -38.5 -8.419 -14.373 -34.373 -8.419 0 -40.326 -8.419
5 24 -8.419 -38.5 8.419 -8.419 -34.373 14.373 -14.373 -34.373 8.419 0 -35.556 15.556
5 24 -8.419 -34.373 14.373 -8.419 -28.419 18.5 -14.373 -28.419 14.373 0 -28.419 20.326
5 24 -8.419 -28.419 18.5 -8.419 -20 20.326 -15.556 -20 15.556 0 -20 22
5 24 -14.373 -34.373 8.419 -14.373 -28.419 14.373 -18.5 -28.419 8.419 -8.419 -34.373 14.373
5 24 -14.373 -28.419 14.373 -15.556 -20 15.556 -20.326 -20 8.419 -8.419 -20 20.326
5 24 0 -42 0 -8.419 -40.326 0 -8.419 -38.5 8.419 -8.419 -40.326 -22
5 24 -8.419 -40.326 0 -15.556 -35.556 0 -14.373 -34.373 8.419 -15.556 -35.556 -22
5 24 -15.556 -35.556 0 -20.326 -28.419 0 -18.5 -28.419 8.419 -20.326 -28.419 -22
5 24 -20.326 -28.419 0 -22 -20 0 -20.326 -20 8.419 -22 -20 -22
5 24 0 -40.326 8.419 -8.419 -38.5 8.419 -8.419 -34.373 14.373 -8.419 -40.326 0
5 24 -8.419 -38.5 8.419 -14.373 -34.373 8.419 -8.419 -34.373 14.373 -15.556 -35.556 0
5 24 -14.373 -34.373 8.419 -18.5 -28.419 8.419 -14.373 -28.419 14.373 -20.326 -28.419 0
5 24 -18.5 -28.419 8.419 -20.326 -20 8.419 -15.556 -20 15.556 -22 -20 0
5 24 0 -4.444 15.556 -8.419 -5.627 14.373 -8.419 -11.581 18.5 -8.419 -1.5 8.419
5 24 0 -4.444 -15.556 -8.419 -5.627 -14.373 -8.419 -11.581 -18.5 -8.419 -1.5 -8.419
5 24 -8.419 -34.373 14.373 -14.373 -28.419 14.373 -8.419 -28.419 18.5 -14.373 -34.373 8.419
1 16 0 0 0 0 0 -8 0 1 0 8 0 0 2-4edge.dat
1 16 0 0 0 0 0 -8 0 -1 0 -8 0 0 2-4ndis.dat
1 16 0 -2 0 0 0 -8 0 1 0 -8 0 0 2-4ndis.dat
2 24 0 -2 8 0 0 8
2 24 0 -2 -8 0 0 -8
2 24 0 0 -15.968 0 0 -8
2 24 0 0 -15.968 0 -1.615 -18.385
2 24 0 0 15.968 0 -1.615 18.385
2 24 0 0 15.968 0 0 8
2 24 0 -2 11.899 0 -2 8
2 24 0 -2 -11.899 0 -2 -8
3 16 0 -1 -14 0 -2 -8 0 -2 -11.899
3 16 0 -2 -11.899 0 -3 -14 0 -1 -14
3 16 0 -4.444 -15.556 0 -3 -14 0 -2 -11.899
3 16 0 -3 -16 0 -3 -14 0 -4.444 -15.556
4 16 0 -3 -16 0 -4.444 -15.556 0 -11.581 -20.326 0 -10.05 -24.021
4 16 0 -3 -16 0 -10.05 -24.021 0 -1.615 -18.385 0 -1 -16
3 16 0 -1 -16 0 -1.615 -18.385 0 0 -15.968
3 16 0 0 -15.968 0 -1 -14 0 -1 -16
4 16 0 0 -15.968 0 0 -8 0 -2 -8 0 -1 -14
3 16 0 -2 11.899 0 -2 8 0 -1 14
3 16 0 -1 14 0 -3 14 0 -2 11.899
3 16 0 -2 11.899 0 -3 14 0 -4.444 15.556
3 16 0 -4.444 15.556 0 -3 14 0 -3 16
4 16 0 -11.581 20.326 0 -4.444 15.556 0 -3 16 0 -10.05 24.021
4 16 0 -1.615 18.385 0 -10.05 24.021 0 -3 16 0 -1 16
3 16 0 0 15.968 0 -1.615 18.385 0 -1 16
3 16 0 -1 16 0 -1 14 0 0 15.968
4 16 0 -1 14 0 -2 8 0 0 8 0 0 15.968
1 16 0 -2 0 0 0 -8 0 1 0 8 0 0 2-4edge.dat
0 BFC INVERTNEXT
1 16 0 -2 0 0 0 -8 0 2 0 8 0 0 2-4cyli.dat
1 16 2 -2 15 0 -2 0 1 0 0 0 0 1 4-4cylc.dat
1 16 0 -43 -5 0 -1 0 1 0 0 0 0 1 4-4ndis.dat
1 16 0 -43 5 0 -1 0 1 0 0 0 0 1 4-4ndis.dat
1 16 0 -2 -15 0 -1 0 1 0 0 0 0 1 4-4ndis.dat
1 16 0 -2 15 0 -1 0 1 0 0 0 0 1 4-4ndis.dat
1 16 2 -43 5 0 -2 0 1 0 0 0 0 1 4-4cylc.dat
0 BFC INVERTNEXT
1 16 -2 -43 -5 0 2 0 1 0 0 0 0 1 4-4cylc.dat
0 BFC INVERTNEXT
1 16 -2 -2 -15 0 2 0 1 0 0 0 0 1 4-4cylc.dat
3 16 -2 -25.359 -20.501 -8.419 -28.419 -18.5 -2 -28.419 -19.892
3 16 0 -40.531 -7.389 -2 -40.169 -7.027 0 -42 0
3 16 -2 -40.169 -7.027 -2 -39.892 -8.419 -8.419 -38.5 -8.419
4 16 -2 -28.713 -23.855 -2 -29.95 -23.587 -9.95 -29.95 -21.863 -9.95 -20 -24.021
4 16 -2 -38.104 -18.104 -9.95 -36.986 -16.986 -9.95 -29.95 -21.863 -2 -29.95 -23.587
4 16 -2 -43.389 -10.247 -9.95 -41.863 -9.95 -9.95 -36.986 -16.986 -2 -38.104 -18.104
4 16 -9.95 -20 -24.021 0 -20 -26 0 -29.056 -24.199 -2 -28.713 -23.855
4 16 -2 -40.169 -7.027 -8.419 -38.5 -8.419 -8.419 -40.326 0 0 -42 0
3 16 0 -44.021 -9.95 -9.95 -41.863 -9.95 -2 -43.389 -10.247
4 16 -2 -25.359 -20.501 0 -20 -22 -8.419 -20 -20.326 -8.419 -28.419 -18.5
3 16 0 -20 -22 -2 -25.359 -20.501 0 -25.72 -20.863
5 24 -9.95 -29.95 -21.863 -2 -29.95 -23.587 0 -38.385 -18.385 0 -20 -26
5 24 -9.95 -36.986 -16.986 -2 -38.104 -18.104 0 -44.021 -9.95 0 -29.95 -24.021
5 24 -2 -38.104 -18.104 -9.95 -36.986 -16.986 -9.95 -29.95 -21.863 -9.95 -41.863 -9.95
5 24 -8.419 -28.419 -18.5 -2 -28.419 -19.892 0 -35.556 -15.556 0 -20 -22
5 24 -8.419 -34.373 -14.373 -2 -35.275 -15.275 0 -40.326 -8.419 0 -28.419 -20.326
5 24 -2 -39.892 -8.419 -8.419 -38.5 -8.419 -8.419 -34.373 -14.373 -8.419 -40.326 0
5 24 -2 -35.275 -15.275 -8.419 -34.373 -14.373 -8.419 -28.419 -18.5 -8.419 -38.5 -8.419
5 24 0 -44.021 -9.95 -9.95 -41.863 -9.95 -9.95 -36.986 -16.986 -9.95 -44.021 0
3 16 0 -44.021 -9.95 -2 -43.389 -10.247 0 -43.649 -10.507
4 16 0 -25.72 -20.863 -2 -25.359 -20.501 -2 -28.713 -23.855 0 -29.056 -24.199
2 24 0 -25.72 -20.863 -2 -25.359 -20.501
2 24 -2 -25.359 -20.501 -2 -28.713 -23.855
2 24 -2 -28.713 -23.855 0 -29.056 -24.199
2 24 0 -29.056 -24.199 0 -25.72 -20.863
4 16 0 -43.649 -10.507 -2 -43.382 -10.247 -2 -40.169 -7.027 0 -40.531 -7.389
2 24 0 -43.649 -10.507 -2 -43.382 -10.247
2 24 -2 -43.382 -10.247 -2 -40.169 -7.027
2 24 -2 -40.169 -7.027 0 -40.531 -7.389
2 24 0 -40.531 -7.389 0 -43.649 -10.507
4 16 -2 -28.419 -19.892 -2 -29.95 -23.587 -2 -28.713 -23.855 -2 -25.359 -20.501
2 24 -2 -29.95 -23.587 -2 -28.713 -23.855
3 16 -2 -43.389 -10.247 -2 -39.084 -16.689 -2 -38.104 -18.104
4 16 -2 -39.892 -8.419 -2 -43.389 -10.247 -2 -38.104 -18.104 -2 -35.275 -15.275
3 16 -2 -40.169 -7.027 -2 -43.389 -10.247 -2 -39.892 -8.419
2 24 -2 -40.169 -7.027 -2 -39.892 -8.419
2 24 -2 -39.892 -8.419 -2 -35.275 -15.275
4 16 -2 -35.275 -15.275 -2 -38.104 -18.104 -2 -29.95 -23.587 -2 -28.419 -19.892
2 24 -2 -43.389 -10.247 -2 -38.104 -18.104
2 24 -2 -38.104 -18.104 -2 -29.95 -23.587
2 24 -2 -28.419 -19.892 -2 -35.275 -15.275
2 24 -2 -25.359 -20.501 -2 -28.419 -19.892
2 24 0 -20 -26 0 -10.05 -24.021
2 24 0 -10.05 -24.021 0 -1.615 -18.385
2 24 0 -44.021 -9.95 0 -46 0
2 24 0 -20 26 0 -10.05 24.021
2 24 0 -29.95 24.021 0 -20 26
2 24 0 -38.385 18.385 0 -29.95 24.021
2 24 0 -44.021 9.95 0 -38.385 18.385
2 24 0 -46 0 0 -44.021 9.95
4 16 0 -44 4 0 -44 6 0 -44.021 9.95 0 -46 0
4 16 0 -46 0 0 -44.021 -9.95 0 -44 -6 0 -44 -4
2 24 0 -10.05 24.021 0 -1.615 18.385
2 24 0 -20 -22 0 -11.581 -20.326
4 16 0 -20 -26 0 -10.05 -24.021 0 -11.581 -20.326 0 -20 -22
4 16 0 -20 22 0 -11.581 20.326 0 -10.05 24.021 0 -20 26
2 24 0 -20 22 0 -11.581 20.326
2 24 0 -11.581 20.326 0 -4.444 15.556
2 24 0 -2 11.899 0 -4.444 15.556
2 24 0 -2 -11.899 0 -4.444 -15.556
2 24 0 -28.419 20.326 0 -20 22
4 16 0 -28.419 20.326 0 -20 22 0 -20 26 0 -29.95 24.021
2 24 0 -35.556 15.556 0 -28.419 20.326
4 16 0 -35.556 15.556 0 -28.419 20.326 0 -29.95 24.021 0 -38.385 18.385
2 24 0 -40.326 8.419 0 -35.556 15.556
4 16 0 -40.326 8.419 0 -35.556 15.556 0 -38.385 18.385 0 -44.021 9.95
2 24 0 -42 0 0 -40.326 8.419
4 16 0 -46 0 0 -42 0 0 -42 4 0 -44 4
4 16 0 -44 -4 0 -42 -4 0 -42 0 0 -46 0
3 16 0 -40.326 8.419 0 -42 4 0 -42 0
3 16 0 -42 0 0 -42 -4 0 -40.531 -7.389
3 16 0 -42 6 0 -42 4 0 -40.326 8.419
3 16 0 -40.531 -7.389 0 -42 -4 0 -42 -6
3 16 0 -40.531 -7.389 0 -44.021 -9.95 0 -43.649 -10.507
4 16 0 -44 6 0 -42 6 0 -40.326 8.419 0 -44.021 9.95
4 16 0 -44.021 -9.95 0 -40.531 -7.389 0 -42 -6 0 -44 -6
2 24 0 -11.581 -20.326 0 -4.444 -15.556
2 24 0 -40.531 -7.389 0 -42 0
2 24 0 -29.056 -24.199 0 -20 -26
2 24 0 -25.72 -20.863 0 -20 -22
4 16 0 -29.056 -24.199 0 -20 -26 0 -20 -22 0 -25.72 -20.863
2 24 0 -43.649 -10.507 0 -44.021 -9.95
2 24 -15.968 0 0 -12.638 0 9.95
2 24 -12.638 0 9.95 -9.95 0 12.638
2 24 -4.62 0 14.468 0 0 15.968
2 24 -9.95 0 12.638 -4.62 0 14.468
2 24 -12.638 0 -9.95 -15.968 0 0
4 16 -12.638 0 -9.95 -15.968 0 0 -8 0 0 -8 0 -8
4 16 -8 0 8 -8 0 0 -15.968 0 0 -12.638 0 9.95
2 24 -12.638 0 -9.95 -9.95 0 -12.638
3 16 -8 0 -8 -9.95 0 -12.638 -12.638 0 -9.95
3 16 -12.638 0 9.95 -9.95 0 12.638 -8 0 8
2 24 -9.95 0 -12.638 0 0 -15.968
4 16 -8 0 -8 0 0 -8 0 0 -15.968 -9.95 0 -12.638
4 16 -9.95 0 12.638 0 0 15.968 0 0 8 -8 0 8
4 16 -16.986 -3.014 9.95 -9.95 -3.014 16.986 -9.95 0 12.638 -12.638 0 9.95
4 16 -18.385 -1.615 0 -15.968 0 0 -12.638 0 -9.95 -16.986 -3.014 -9.95
4 16 -16.986 -3.014 9.95 -12.638 0 9.95 -15.968 0 0 -18.385 -1.615 0
4 16 -12.638 0 -9.95 -9.95 0 -12.638 -9.95 -3.014 -16.986 -16.986 -3.014 -9.95
4 16 0 -1.615 -18.385 -9.95 -3.014 -16.986 -9.95 0 -12.638 0 0 -15.968
4 16 0 0 15.968 -9.95 0 12.638 -9.95 -3.014 16.986 0 -1.615 18.385
5 24 -9.95 0 12.638 -9.95 -3.014 16.986 -16.986 -3.014 9.95 0 -1.615 18.385
5 24 -15.968 0 0 -18.385 -1.615 0 -16.986 -3.014 9.95 -18.385 -1.615 -26
5 24 -12.638 0 9.95 -16.986 -3.014 9.95 -9.95 -3.014 16.986 -18.385 -1.615 0
5 24 -9.95 0 -12.638 -9.95 -3.014 -16.986 -16.986 -3.014 -9.95 0 -1.615 -18.385
5 24 -15.968 0 0 -18.385 -1.615 0 -16.986 -3.014 -9.95 -18.385 -1.615 26
5 24 -12.638 0 -9.95 -16.986 -3.014 -9.95 -9.95 -3.014 -16.986 -18.385 -1.615 0
5 24 -18.385 -1.615 0 -16.986 -3.014 9.95 -9.95 1.863 9.95 -21.863 -10.05 9.95
5 24 -16.986 -3.014 9.95 -9.95 -3.014 16.986 -9.95 1.863 9.95 -16.986 -10.05 16.986
5 24 -9.95 -3.014 16.986 0 -1.615 18.385 0 4.021 9.95 0 -10.05 24.021
5 24 -9.95 -3.014 16.986 -9.95 -10.05 21.863 -16.986 -10.05 16.986 0 -10.05 24.021
5 24 -16.986 -3.014 9.95 -16.986 -10.05 16.986 -21.863 -10.05 9.95 -9.95 -3.014 16.986
5 24 -16.986 -3.014 9.95 -21.863 -10.05 9.95 -16.986 -10.05 16.986 -24.021 -10.05 0
5 24 0 -1.615 18.385 -9.95 -3.014 16.986 -9.95 -10.05 21.863 -9.95 1.863 9.95
5 24 -9.95 -3.014 16.986 -16.986 -10.05 16.986 -9.95 -10.05 21.863 -16.986 -3.014 9.95
5 24 -18.385 -1.615 0 -16.986 -3.014 -9.95 -9.95 1.863 -9.95 -21.863 -10.05 -9.95
5 24 -16.986 -3.014 -9.95 -9.95 -3.014 -16.986 -9.95 1.863 -9.95 -16.986 -10.05 -16.986
5 24 -9.95 -3.014 -16.986 0 -1.615 -18.385 0 4.021 -9.95 0 -10.05 -24.021
5 24 -9.95 -3.014 -16.986 -9.95 -10.05 -21.863 -16.986 -10.05 -16.986 0 -10.05 -24.021
5 24 -16.986 -3.014 -9.95 -16.986 -10.05 -16.986 -21.863 -10.05 -9.95 -9.95 -3.014 -16.986
5 24 -18.385 -1.615 0 -24.021 -10.05 0 -21.863 -10.05 -9.95 -24.021 -10.05 26
5 24 -16.986 -3.014 -9.95 -21.863 -10.05 -9.95 -16.986 -10.05 -16.986 -24.021 -10.05 0
5 24 0 -1.615 -18.385 -9.95 -3.014 -16.986 -9.95 -10.05 -21.863 -9.95 1.863 -9.95
5 24 -9.95 -3.014 -16.986 -16.986 -10.05 -16.986 -9.95 -10.05 -21.863 -16.986 -3.014 -9.95
5 24 -11.899 -2 0 -15.556 -4.444 0 -14.373 -5.627 -8.419 -15.556 -4.444 22
5 24 -8.419 -2 -9.14 -8.419 -5.627 -14.373 -14.373 -5.627 -8.419 0 -4.444 -15.556
5 24 -9.14 -2 -8.419 -14.373 -5.627 -8.419 -8.419 -5.627 -14.373 -15.556 -4.444 0
4 16 -8.419 -2 -9.14 -9.14 -2 -8.419 -14.373 -5.627 -8.419 -8.419 -5.627 -14.373
4 16 -9.14 -2 -8.419 -11.899 -2 0 -15.556 -4.444 0 -14.373 -5.627 -8.419
4 16 0 -2 -11.899 -8.419 -2 -9.14 -8.419 -5.627 -14.373 0 -4.444 -15.556
5 24 -8.419 -2 9.14 -8.419 -5.627 14.373 -14.373 -5.627 8.419 0 -4.444 15.556
5 24 -9.14 -2 8.419 -14.373 -5.627 8.419 -8.419 -5.627 14.373 -15.556 -4.444 0
4 16 -8.419 -5.627 14.373 -14.373 -5.627 8.419 -9.14 -2 8.419 -8.419 -2 9.14
4 16 -14.373 -5.627 8.419 -15.556 -4.444 0 -11.899 -2 0 -9.14 -2 8.419
4 16 0 -4.444 15.556 -8.419 -5.627 14.373 -8.419 -2 9.14 0 -2 11.899
2 24 -9.14 -2 -8.419 -8.419 -2 -9.14
3 16 -9.14 -2 -8.419 -8.419 -2 -9.14 -8 -2 -8
3 16 -8 -2 8 -8.419 -2 9.14 -9.14 -2 8.419
2 24 -9.14 -2 -8.419 -11.899 -2 0
4 16 -8 -2 -8 -8 -2 0 -11.899 -2 0 -9.14 -2 -8.419
4 16 -9.14 -2 8.419 -11.899 -2 0 -8 -2 0 -8 -2 8
2 24 -8.419 -2 -9.14 0 -2 -11.899
4 16 -8.419 -2 -9.14 0 -2 -11.899 0 -2 -8 -8 -2 -8
4 16 -8 -2 8 0 -2 8 0 -2 11.899 -8.419 -2 9.14
2 24 -9.14 -2 8.419 -8.419 -2 9.14
2 24 -9.14 -2 8.419 -11.899 -2 0
2 24 -8.419 -2 9.14 0 -2 11.899
0
