0 ~Animal Dragon Body Back without Patterned Area
0 Name: s\6145s01.dat
0 Author: Bernd Broich [bbroich]
0 !LDRAW_ORG Subpart UPDATE 2011-01
0 !LICENSE Redistributable under CCAL version 2.0 : see CAreadme.txt

0 BFC CERTIFY CW

0 !HISTORY 2011-03-27 [MagFors] Subparted for patterned part
0 !HISTORY 2011-07-25 [PTadmin] Official Update 2011-01

1 16 10 0 10 1 0 0 0 1 0 0 0 1 stud2.dat
1 16 -10 0 10 1 0 0 0 1 0 0 0 1 stud2.dat
1 16 10 0 -10 1 0 0 0 1 0 0 0 1 stud2.dat
1 16 -10 0 -10 1 0 0 0 1 0 0 0 1 stud2.dat
2 24 -1 0 11.5 -2 0 20
2 24 -14 0 20 -19 0 1
2 24 -14 0 20 -2 0 20
2 24 -20 0 -6 -19 0 1
2 24 1 0 11.5 2 0 20
2 24 14 0 20 19 0 1
2 24 14 0 20 2 0 20
2 24 16 3 -18 -16 3 -18
2 24 20 0 -6 19 0 1
4 16 -16 3 -18 -16 8.5 -18 -20 8.5 -18 -20 0 -18
4 16 -2 0 20 -1 0 11.5 -19 0 1 -14 0 20
4 16 -20 0 -18 20 0 -18 16 3 -18 -16 3 -18
4 16 -20 0 -6 -19 0 1 19 0 1 20 0 -6
4 16 14 0 20 19 0 1 1 0 11.5 2 0 20
4 16 19 0 1 -19 0 1 -1 0 11.5 1 0 11.5
4 16 20 0 -18 20 8.5 -18 16 8.5 -18 16 3 -18
1 16 0 0 -12 20 0 0 0 1 0 0 0 -6 rect3.dat
0 // Left Side
2 24 0 86 72 2 86 71.5
2 24 13.5 86 64 7.75 86 68.25
2 24 14.142 64 63.314 16.31 86 61
2 24 14.142 64 63.314 7.654 64 66.782
2 24 16.31 86 61 13.5 86 64
2 24 20 0 -18 20 8.5 -18
2 24 20 13 16 20 9.5 7.5
2 24 20 16.5 14 20 12 6
2 24 20 16.5 14 20 24 21.5
2 24 20 19 23.5 20 13 16
2 24 20 24 21.5 20 31 25
2 24 20 29.5 32 20 19 23.5
2 24 20 31 25 20 40 25
2 24 20 37 36 20 29.5 32
2 24 20 40 25 20 47 23
2 24 20 47 23 20 51.5 19.5
2 24 20 51.5 19.5 20 53 17
2 24 20 52.5 41.5 20 37 36
2 24 20 57.5 45.5 20 52.5 41.5
2 24 20 60 52.414 20 57.5 45.5
2 24 20 8.5 -18 20 9.5 -6
2 24 20 9.5 -6 20 12 6
2 24 20 9.5 7.5 20 8 -3
2 24 3.5 64 67.5 0 64 68
2 24 7.654 64 66.782 3.5 64 67.5
2 24 7.75 86 68.25 2 86 71.5
3 16 20 73.568 36.784 20 76.286 34.612 20 67.055 31
3 16 16.31 86 61 16.31 64 61 14.142 64 63.314
3 16 20 82 41 20 73.568 36.784 20 79.669 41.622
3 16 20 9.5 -6 20 8.5 -18 20 8 -3
3 16 20 83.5 46 20 79.669 41.622 20 81.076 46.669
3 16 20 87 52 20 81.076 46.669 20 85.138 52.414
4 16 0 92 72 2 92 71.5 2 86 71.5 0 86 72
4 16 13.5 86 64 7.75 86 68.25 7.75 92 68.25 13.5 92 64
4 16 14.142 59.293 63.314 7.654 59.076 66.782 7.654 64 66.782 14.142 64 63.314
4 16 16.31 59.434 61 14.142 59.293 63.314 14.142 64 63.314 16.31 64 61
4 16 16.31 86 61 13.5 86 64 13.5 92 64 16.31 89 61
4 16 20 0 -6 20 8 -3 20 8.5 -18 20 0 -18
4 16 20 13 16 20 19 23.5 20 24 21.5 20 16.5 14
4 16 20 8 -3 20 9.5 7.5 20 12 6 20 9.5 -6
4 16 20 9.5 7.5 20 13 16 20 16.5 14 20 12 6
4 16 3.5 59.031 67.5 0 59 68 0 64 68 3.5 64 67.5
4 16 7.654 59.076 66.782 3.5 59.031 67.5 3.5 64 67.5 7.654 64 66.782
4 16 7.75 86 68.25 2 86 71.5 2 92 71.5 7.75 92 68.25
0 // Right Side
2 24 -20 24 21.5 -20 31 25
2 24 -20 29.5 32 -20 19 23.5
2 24 -20 31 25 -20 40 25
2 24 -20 19 23.5 -20 13 16
2 24 -20 16.5 14 -20 12 6
2 24 -20 16.5 14 -20 24 21.5
2 24 -20 51.5 19.5 -20 53 17
2 24 -20 8.5 -18 -20 9.5 -6
2 24 -20 9.5 -6 -20 12 6
2 24 -20 9.5 7.5 -20 8 -3
2 24 -20 47 23 -20 51.5 19.5
2 24 -20 40 25 -20 47 23
2 24 0 86 72 -2 86 71.5
2 24 -7.75 86 68.25 -2 86 71.5
2 24 -13.5 86 64 -7.75 86 68.25
2 24 -14.142 64 63.314 -16.31 86 61
2 24 -14.142 64 63.314 -7.654 64 66.782
2 24 -16.31 86 61 -13.5 86 64
2 24 -20 0 -18 -20 8.5 -18
2 24 -20 13 16 -20 9.5 7.5
2 24 -7.654 64 66.782 -3.5 64 67.5
2 24 -20 37 36 -20 29.5 32
2 24 -20 52.5 41.5 -20 37 36
2 24 -20 57.5 45.5 -20 52.5 41.5
2 24 -20 60 52.414 -20 57.5 45.5
2 24 -3.5 64 67.5 0 64 68
3 16 -20 67.055 31 -20 76.286 34.612 -20 73.568 36.784
3 16 -16.31 86 61 -14.142 64 63.314 -16.31 64 61
3 16 -20 9.5 -6 -20 8 -3 -20 8.5 -18
3 16 -20 83.5 46 -20 81.076 46.669 -20 79.669 41.622
3 16 -20 82 41 -20 79.669 41.622 -20 73.568 36.784
3 16 -20 87 52 -20 85.138 52.414 -20 81.076 46.669
4 16 -20 12 6 -20 16.5 14 -20 13 16 -20 9.5 7.5
4 16 -20 9.5 -6 -20 12 6 -20 9.5 7.5 -20 8 -3
4 16 -20 0 -18 -20 8.5 -18 -20 8 -3 -20 0 -6
4 16 -13.5 92 64 -7.75 92 68.25 -7.75 86 68.25 -13.5 86 64
4 16 -14.142 64 63.314 -7.654 64 66.782 -7.654 59.076 66.782 -14.142 59.293 63.314
4 16 -16.31 64 61 -14.142 64 63.314 -14.142 59.293 63.314 -16.31 59.434 61
4 16 -16.31 89 61 -13.5 92 64 -13.5 86 64 -16.31 86 61
4 16 -20 16.5 14 -20 24 21.5 -20 19 23.5 -20 13 16
4 16 -3.5 64 67.5 0 64 68 0 59 68 -3.5 59.031 67.5
4 16 -7.654 64 66.782 -3.5 64 67.5 -3.5 59.031 67.5 -7.654 59.076 66.782
4 16 -7.75 92 68.25 -2 92 71.5 -2 86 71.5 -7.75 86 68.25
4 16 0 86 72 -2 86 71.5 -2 92 71.5 0 92 72
0 // Holder for Body
1 16 -14 30 -4 0 -1 0 14 0 0 0 0 14 4-4edge.dat
1 16 -16 30 -4 0 -1 0 16 0 0 0 0 16 4-4edge.dat
1 16 -16 30 -4 0 1 0 -16 0 0 0 0 -16 3-4ndis.dat
1 16 14 30 -4 0 1 0 12 0 0 0 0 12 4-4edge.dat
1 16 16 30 -4 0 1 0 14 0 0 0 0 14 4-4edge.dat
1 16 16 30 -4 0 -1 0 14 0 0 0 0 14 4-4ndis.dat
0 BFC INVERTNEXT
1 16 -16 30 -4 0 2 0 0 0 -2 2 0 0 1-4con7.dat
0 BFC INVERTNEXT
1 16 -16 30 -4 0 2 0 0 0 2 -2 0 0 1-4con7.dat
0 BFC INVERTNEXT
1 16 -16 30 -4 0 2 0 2 0 0 0 0 2 1-4con7.dat
0 BFC INVERTNEXT
1 16 -16 30 -4 0 2 0 -2 0 0 0 0 -2 1-4con7.dat
0 BFC INVERTNEXT
1 16 16 30 -4 0 -2 0 0 0 -2 2 0 0 1-4con6.dat
0 BFC INVERTNEXT
1 16 16 30 -4 0 -2 0 0 0 2 -2 0 0 1-4con6.dat
0 BFC INVERTNEXT
1 16 16 30 -4 0 -2 0 2 0 0 0 0 2 1-4con6.dat
0 BFC INVERTNEXT
1 16 16 30 -4 0 -2 0 -2 0 0 0 0 -2 1-4con6.dat
2 24 -14.5 47 23 -14.5 51.5 19.5
2 24 -14.5 51.5 19.5 -14.5 53 17
2 24 -14.5 53 17 -14.5 54.75 14
2 24 -14.5 54.75 14 -14.5 55.5 10.5
2 24 -14.5 55.5 -5 -14.5 55.5 10.5
2 24 -16 16.5 14 -16 12 6
2 24 -16 16.5 14 -16 24 21.5
2 24 -16 24 21.5 -16 31 25
2 24 -16 31 25 -16 40 25
2 24 -16 40 25 -16 47 23
2 24 -16 55.5 -27 -16 55.5 -5
2 24 -16 8.5 -18 -16 9.5 -6
2 24 -16 9.5 -6 -16 12 6
2 24 -20 8.5 -18 -16 8.5 -18
2 24 14.5 47 23 14.5 51.5 19.5
2 24 14.5 51.5 19.5 14.5 53 17
2 24 14.5 53 17 14.5 54.75 14
2 24 14.5 54.75 14 14.5 55.5 10.5
2 24 14.5 55.5 -5 14.5 55.5 10.5
2 24 16 16.5 14 16 12 6
2 24 16 16.5 14 16 24 21.5
2 24 16 24 21.5 16 31 25
2 24 16 31 25 16 40 25
2 24 16 40 25 16 47 23
2 24 16 55.5 -27 16 55.5 -5
2 24 16 8.5 -18 16 9.5 -6
2 24 16 9.5 -6 16 12 6
2 24 20 8.5 -18 16 8.5 -18
3 16 -16 14 -4 -16 15.2176 2.1232 -16 12 6
4 16 -16 12 6 -16 15.2176 2.1232 -16 18.6864 7.3136 -16 16.5 14
3 16 -16 18.6864 7.3136 -16 23.8768 10.7824 -16 16.5 14
3 16 -16 23.8768 10.7824 -16 30 12 -16 16.5 14
3 16 -16 46 12 -16 47 23 -16 40 25
3 16 -16 55.5 -5 -16 47 -5 -16 46 -20
3 16 16 12 6 16 16.5 14 16 16 10
3 16 16 55.5 -5 16 44 -18 16 47 -5
3 16 16 44 10 16 40 25 16 47 23
4 16 -12.5 55.5 -7 -12.5 55.5 10.5 -14.5 55.5 10.5 -14.5 55.5 -5
1 16 -15 16.75 -48 0 0 -1 2.75 0 0 0 1 0 rect.dat
1 16 -15 35.75 -37.5 1 0 0 0 -42 16.25 0 65 10.5 rect3.dat
1 16 -15 8.5 -33 0 0 -1 5.5 30 0 -15 11 0 rect2p.dat
1 16 -15 53.75 -27 1 0 0 0 0 1.75 0 1 0 rect3.dat
4 16 -14 55.5 -27 -14 55.5 -7 -16 55.5 -5 -16 55.5 -27
1 16 -15.25 47 9 0 0 -0.75 0 -1 0 14 0 0 rect.dat
4 16 -14.5 47 23 -14.5 51.5 19.5 -20 51.5 19.5 -20 47 23
4 16 -14.5 51.5 19.5 -14.5 53 17 -20 53 17 -20 51.5 19.5
4 16 -14.5 53 17 -14.5 54.75 14 -18.3 54.75 14 -20 53 17
4 16 -14.5 54.75 14 -14.5 55.5 10.5 -16.7 55.5 10.5 -18.3 54.75 14
1 16 -15.25 51.25 -5 -0.75 0 0 0 0 4.25 0 -1 0 rect3.dat
4 16 -14.5 55.5 -5 -14.5 55.5 10.5 -14.5 47 23 -14.5 47 -5
1 16 -14.25 55.5 -6 1 0 0.75 0 -1 0 -1 0 0 rect1.dat
4 16 -14.5 55.5 10.5 -14.5 54.75 14 -14.5 51.5 19.5 -14.5 47 23
4 16 -16 14 -20 -16 9.5 -6 -16 8.5 -18 -16 19.5 -48
4 16 -16 14 -4 -16 12 6 -16 9.5 -6 -16 14 -20
4 16 -16 16.5 14 -16 24 21.5 -20 24 21.5 -20 16.5 14
4 16 -16 19.5 -48 -16 52 -27 -16 46 -20 -16 14 -20
4 16 -16 24 21.5 -16 31 25 -20 31 25 -20 24 21.5
1 16 -16 11.25 -33 0 1 0 -5.5 0 -2.75 15 0 0 rect1.dat
4 16 -16 30 12 -16 46 12 -16 24 21.5 -16 16.5 14
4 16 -16 31 25 -16 24 21.5 -16 46 12 -16 40 25
4 16 -16 31 25 -16 40 25 -20 40 25 -20 31 25
4 16 -16 40 25 -16 47 23 -20 47 23 -20 40 25
4 16 -16 47 -5 -16 47 23 -16 46 12 -16 46 -20
4 16 -16 55.5 -27 -16 55.5 -5 -16 46 -20 -16 52 -27
4 16 -16 8.5 -18 -16 9.5 -6 -20 9.5 -6 -20 8.5 -18
4 16 -16 9.5 -6 -16 12 6 -20 12 6 -20 9.5 -6
4 16 -20 16.5 14 -20 12 6 -16 12 6 -16 16.5 14
1 16 14.25 55.5 -6 0.75 0 1 0 -1 0 0 0 1 rect2p.dat
4 16 14.5 47 -5 14.5 47 23 14.5 55.5 10.5 14.5 55.5 -5
4 16 14.5 47 23 14.5 51.5 19.5 14.5 54.75 14 14.5 55.5 10.5
4 16 14.5 55.5 -5 14.5 55.5 10.5 12.5 55.5 10.5 12.5 55.5 -7
1 16 15 16.75 -48 0 0 -1 2.75 0 0 0 1 0 rect.dat
4 16 16 16 -18 16 44 -18 16 52 -27 16 19.5 -48
4 16 16 16 -18 16 9.5 -6 16 12 6 16 16 10
4 16 16 16.5 14 16 12 6 20 12 6 20 16.5 14
4 16 16 16.5 14 16 24 21.5 16 44 10 16 16 10
1 16 15 35.75 -37.5 1 0 0 0 -42 16.25 0 65 10.5 rect3.dat
4 16 16 19.5 -48 16 8.5 -18 16 9.5 -6 16 16 -18
1 16 15 8.5 -33 0 0 -1 5.5 30 0 -15 11 0 rect2p.dat
4 16 16 40 25 16 44 10 16 24 21.5 16 31 25
1 16 16 45.5 2.5 0 -1 0 1.5 0 0 6.5 0 -14 rect1.dat
1 16 15.25 47 9 0 0 -0.75 0 -1 0 14 0 0 rect3.dat
4 16 16 52 -27 16 44 -18 16 55.5 -5 16 55.5 -27
1 16 15 53.75 -27 1 0 0 0 0 1.75 0 1 0 rect3.dat
4 16 16 55.5 -27 16 55.5 -5 14 55.5 -7 14 55.5 -27
1 16 15.25 51.25 -5 0 0 -0.75 -4.25 0 0 0 -1 0 rect2p.dat
1 16 16 11.25 -33 0 -1 0 -5.5 0 2.75 15 0 0 rect1.dat
4 16 18.3 54.75 14 16.7 55.5 10.5 14.5 55.5 10.5 14.5 54.75 14
4 16 20 16.5 14 20 24 21.5 16 24 21.5 16 16.5 14
4 16 20 24 21.5 20 31 25 16 31 25 16 24 21.5
4 16 20 31 25 20 40 25 16 40 25 16 31 25
4 16 20 40 25 20 47 23 16 47 23 16 40 25
4 16 20 47 23 20 51.5 19.5 14.5 51.5 19.5 14.5 47 23
4 16 20 51.5 19.5 20 53 17 14.5 53 17 14.5 51.5 19.5
4 16 20 53 17 18.3 54.75 14 14.5 54.75 14 14.5 53 17
4 16 20 8.5 -18 20 9.5 -6 16 9.5 -6 16 8.5 -18
4 16 20 9.5 -6 20 12 6 16 12 6 16 9.5 -6
0 // Comb Left
2 24 0.75 56.5 54 1 59.125 66
2 24 1 54 45.5 1.063 40.5 37
2 24 1 54.5 47 0.75 56.5 54
2 24 1.125 27 28.5 1 13.5 20
2 24 1.125 27 28.5 1.063 40.5 37
2 24 1.5 7 20 3.75 7 30.5
2 24 11.5 51 57.5 13.75 54.5 47
2 24 12.3 59.281 63.5 8.8 59.125 66
2 24 13.75 54.5 47 1 54.5 47
2 24 14 54 45.5 1 54 45.5
2 24 14 54 45.5 12.5 22.5 45
2 24 14 54 45.5 13.75 54.5 47
2 24 14.142 59.293 63.314 7.654 59.076 66.782
2 24 14.2 59.563 59 12.3 59.281 63.5
2 24 14.5 22.5 31 12.5 22.5 45
2 24 14.5 22.5 31 12.5 7 30.5
2 24 14.5 22.5 31 2.25 22.5 31
2 24 14.64 52.5 41.5 14.779 37 36
2 24 14.64 52.5 41.5 15 57.5 45.5
2 24 14.75 7 20 1.5 7 20
2 24 14.75 7 20 12.5 7 30.5
2 24 14.75 7 20 14 0 20
2 24 14.879 29.5 32 14.779 37 36
2 24 14.879 29.5 32 15.5 19 23.5
2 24 15.25 60 52.414 14.2 59.563 59
2 24 15.25 60 52.414 15 57.5 45.5
2 24 16.31 59.434 61 14.142 59.293 63.314
2 24 16.481 13 16 15.5 19 23.5
2 24 16.481 13 16 18.056 9.5 7.5
2 24 18.478 59.617 58 16.31 59.434 61
2 24 2 0 20 1.5 7 20
2 24 2.25 22.5 31 3 14.75 30.75
2 24 20 60 52.414 18.478 59.617 58
2 24 20 8 -3 18.056 9.5 7.5
2 24 3 14.75 30.75 3.75 7 30.5
2 24 3.5 59.031 67.5 0 59 68
2 24 3.75 7 30.5 12.5 7 30.5
2 24 6 22.5 45 1 54 45.5
2 24 6 22.5 45 12.5 22.5 45
2 24 6 22.5 45 2.25 22.5 31
2 24 6 51 57.5 1 54.5 47
2 24 6 51 57.5 1 59.125 66
2 24 6 51 57.5 11.5 51 57.5
2 24 7.654 59.076 66.782 3.5 59.031 67.5
2 24 8.8 59.125 66 1 59.125 66
4 16 0.75 56.5 54 1 59.125 66 6 51 57.5 1 54.5 47
3 16 2 0 20 1 0 11.5 1.5 7 20
3 16 1 0 11.5 1 13.5 20 1.5 7 20
3 16 3.75 7 30.5 1 13.5 20 3 14.75 30.75
3 16 6 22.5 45 1.125 27 28.5 1.063 40.5 37
3 16 3 14.75 30.75 1.125 27 28.5 2.25 22.5 31
3 16 3.75 7 30.5 1.5 7 20 1 13.5 20
3 16 15.25 60 52.414 11.5 51 57.5 14.2 59.563 59
3 16 8.8 59.125 66 12.3 59.281 63.5 11.5 51 57.5
3 16 14.142 59.293 63.314 12.3 59.281 63.5 8.8 59.125 66
3 16 16.481 13 16 12.5 7 30.5 15.5 19 23.5
3 16 19 0 1 14 0 20 18.056 9.5 7.5
3 16 15 57.5 45.5 14 54 45.5 13.75 54.5 47
3 16 12.3 59.281 63.5 14.2 59.563 59 11.5 51 57.5
4 16 14.2 59.563 59 16.31 59.434 61 18.478 59.617 58 15.25 60 52.414
3 16 14.5 22.5 31 12.5 22.5 45 14.879 29.5 32
3 16 14.5 22.5 31 15.5 19 23.5 12.5 7 30.5
4 16 12.5 22.5 45 14 54 45.5 14.64 52.5 41.5 14.779 37 36
3 16 18.056 9.5 7.5 14 0 20 14.75 7 20
3 16 14.879 29.5 32 12.5 22.5 45 14.779 37 36
3 16 14.879 29.5 32 15.5 19 23.5 14.5 22.5 31
4 16 15.25 60 52.414 15 57.5 45.5 13.75 54.5 47 11.5 51 57.5
3 16 14.64 52.5 41.5 14 54 45.5 15 57.5 45.5
3 16 12.5 7 30.5 16.481 13 16 14.75 7 20
3 16 14.75 7 20 16.481 13 16 18.056 9.5 7.5
3 16 15.25 60 52.414 18.478 59.617 58 20 60 52.414
3 16 20 8 -3 19 0 1 18.056 9.5 7.5
3 16 19 0 1 20 8 -3 20 0 -6
3 16 18.056 9.5 7.5 20 9.5 7.5 20 8 -3
3 16 1.125 27 28.5 3 14.75 30.75 1 13.5 20
3 16 1 54 45.5 6 22.5 45 1.063 40.5 37
3 16 1.125 27 28.5 6 22.5 45 2.25 22.5 31
3 16 14.142 59.293 63.314 8.8 59.125 66 7.654 59.076 66.782
1 16 0 6.75 15.75 1 0 0 0 17 -6.75 0 -27 -4.25 rect3.dat
4 16 -1 54 45.5 1 54 45.5 1.063 40.5 37 -1.063 40.5 37
4 16 -1.125 27 28.5 1.125 27 28.5 1 13.5 20 -1 13.5 20
4 16 0.75 56.5 54 -0.75 56.5 54 -1 59.125 66 1 59.125 66
4 16 1 54 45.5 14 54 45.5 12.5 22.5 45 6 22.5 45
4 16 1 54.5 47 -1 54.5 47 -0.75 56.5 54 0.75 56.5 54
4 16 1.125 27 28.5 -1.125 27 28.5 -1.063 40.5 37 1.063 40.5 37
4 16 11.5 51 57.5 6 51 57.5 1 59.125 66 8.8 59.125 66
4 16 13.75 54.5 47 14 54 45.5 -14 54 45.5 -13.75 54.5 47
4 16 14 0 20 2 0 20 1.5 7 20 14.75 7 20
4 16 14.5 22.5 31 2.25 22.5 31 6 22.5 45 12.5 22.5 45
4 16 14.64 52.5 41.5 20 52.5 41.5 20 37 36 14.779 37 36
4 16 14.75 7 20 1.5 7 20 3.75 7 30.5 12.5 7 30.5
4 16 14.779 37 36 20 37 36 20 29.5 32 14.879 29.5 32
4 16 14.879 29.5 32 20 29.5 32 20 19 23.5 15.5 19 23.5
4 16 15 57.5 45.5 20 57.5 45.5 20 52.5 41.5 14.64 52.5 41.5
4 16 15.25 60 52.414 20 60 52.414 20 57.5 45.5 15 57.5 45.5
4 16 15.5 19 23.5 20 19 23.5 20 13 16 16.481 13 16
4 16 16.31 59.434 61 14.2 59.563 59 12.3 59.281 63.5 14.142 59.293 63.314
4 16 16.481 13 16 20 13 16 20 9.5 7.5 18.056 9.5 7.5
4 16 2.25 22.5 31 14.5 22.5 31 13.5 14.75 30.75 3 14.75 30.75
4 16 3 14.75 30.75 13.5 14.75 30.75 12.5 7 30.5 3.75 7 30.5
4 16 3.5 59.031 67.5 3.5 59.125 66 0 59.125 66 0 59 68
4 16 6 51 57.5 11.5 51 57.5 13.75 54.5 47 1 54.5 47
4 16 7.654 59.076 66.782 8.8 59.125 66 3.5 59.125 66 3.5 59.031 67.5
0 // Comb Right
2 24 -0.75 56.5 54 -1 59.125 66
2 24 -1 54 45.5 -1.063 40.5 37
2 24 -1 54.5 47 -0.75 56.5 54
2 24 -1.125 27 28.5 -1 13.5 20
2 24 -1.125 27 28.5 -1.063 40.5 37
2 24 -1.5 7 20 -3.75 7 30.5
2 24 -11.5 51 57.5 -13.75 54.5 47
2 24 -12.3 59.281 63.5 -8.8 59.125 66
2 24 -13.75 54.5 47 -1 54.5 47
2 24 -14 54 45.5 -1 54 45.5
2 24 -14 54 45.5 -12.5 22.5 45
2 24 -14 54 45.5 -13.75 54.5 47
2 24 -14.142 59.293 63.314 -7.654 59.076 66.782
2 24 -14.2 59.563 59 -12.3 59.281 63.5
2 24 -14.5 22.5 31 -12.5 22.5 45
2 24 -14.5 22.5 31 -12.5 7 30.5
2 24 -14.5 22.5 31 -2.25 22.5 31
2 24 -14.64 52.5 41.5 -14.779 37 36
2 24 -14.64 52.5 41.5 -15 57.5 45.5
2 24 -14.75 7 20 -1.5 7 20
2 24 -14.75 7 20 -12.5 7 30.5
2 24 -14.75 7 20 -14 0 20
2 24 -14.879 29.5 32 -14.779 37 36
2 24 -14.879 29.5 32 -15.5 19 23.5
2 24 -15.25 60 52.414 -14.2 59.563 59
2 24 -15.25 60 52.414 -15 57.5 45.5
2 24 -16.31 59.434 61 -14.142 59.293 63.314
2 24 -16.481 13 16 -15.5 19 23.5
2 24 -16.481 13 16 -18.056 9.5 7.5
2 24 -18.478 59.617 58 -16.31 59.434 61
2 24 -2 0 20 -1.5 7 20
2 24 -2.25 22.5 31 -3 14.75 30.75
2 24 -20 60 52.414 -18.478 59.617 58
2 24 -20 8 -3 -18.056 9.5 7.5
2 24 -3 14.75 30.75 -3.75 7 30.5
2 24 -3.5 59.031 67.5 0 59 68
2 24 -3.75 7 30.5 -12.5 7 30.5
2 24 -6 22.5 45 -1 54 45.5
2 24 -6 22.5 45 -12.5 22.5 45
2 24 -6 22.5 45 -2.25 22.5 31
2 24 -6 51 57.5 -1 54.5 47
2 24 -6 51 57.5 -1 59.125 66
2 24 -6 51 57.5 -11.5 51 57.5
2 24 -7.654 59.076 66.782 -3.5 59.031 67.5
2 24 -8.8 59.125 66 -1 59.125 66
4 16 -0.75 56.5 54 -1 54.5 47 -6 51 57.5 -1 59.125 66
3 16 -1 13.5 20 -1 0 11.5 -1.5 7 20
3 16 -6 22.5 45 -1 54 45.5 -1.063 40.5 37
3 16 -3 14.75 30.75 -1.125 27 28.5 -1 13.5 20
3 16 -6 22.5 45 -1.125 27 28.5 -2.25 22.5 31
4 16 -15.25 60 52.414 -11.5 51 57.5 -13.75 54.5 47 -15 57.5 45.5
3 16 -12.3 59.281 63.5 -11.5 51 57.5 -14.2 59.563 59
3 16 -12.5 7 30.5 -14.75 7 20 -16.481 13 16
3 16 -12.5 7 30.5 -15.5 19 23.5 -14.5 22.5 31
3 16 -14 0 20 -18.056 9.5 7.5 -14.75 7 20
4 16 -14.64 52.5 41.5 -14 54 45.5 -12.5 22.5 45 -14.779 37 36
3 16 -14.64 52.5 41.5 -15 57.5 45.5 -14 54 45.5
3 16 -8.8 59.125 66 -12.3 59.281 63.5 -14.142 59.293 63.314
3 16 -15.5 19 23.5 -14.879 29.5 32 -14.5 22.5 31
3 16 -14.75 7 20 -18.056 9.5 7.5 -16.481 13 16
3 16 -14.779 37 36 -12.5 22.5 45 -14.879 29.5 32
3 16 -14.879 29.5 32 -12.5 22.5 45 -14.5 22.5 31
3 16 -15 57.5 45.5 -13.75 54.5 47 -14 54 45.5
3 16 -11.5 51 57.5 -15.25 60 52.414 -14.2 59.563 59
4 16 -15.25 60 52.414 -20 60 52.414 -18.478 59.617 58 -14.2 59.563 59
3 16 -16.481 13 16 -15.5 19 23.5 -12.5 7 30.5
3 16 -18.056 9.5 7.5 -20 8 -3 -20 9.5 7.5
3 16 -14.2 59.563 59 -18.478 59.617 58 -16.31 59.434 61
3 16 -14 0 20 -19 0 1 -18.056 9.5 7.5
3 16 -20 8 -3 -19 0 1 -20 0 -6
3 16 -1 0 11.5 -2 0 20 -1.5 7 20
3 16 -19 0 1 -20 8 -3 -18.056 9.5 7.5
3 16 -1.125 27 28.5 -3 14.75 30.75 -2.25 22.5 31
3 16 -1.5 7 20 -3.75 7 30.5 -1 13.5 20
3 16 -1 13.5 20 -3.75 7 30.5 -3 14.75 30.75
3 16 -1.125 27 28.5 -6 22.5 45 -1.063 40.5 37
3 16 -11.5 51 57.5 -12.3 59.281 63.5 -8.8 59.125 66
3 16 -14.142 59.293 63.314 -7.654 59.076 66.782 -8.8 59.125 66
4 16 -1.5 7 20 -14.75 7 20 -12.5 7 30.5 -3.75 7 30.5
4 16 -13.5 14.75 30.75 -3 14.75 30.75 -3.75 7 30.5 -12.5 7 30.5
4 16 -14 54 45.5 -1 54 45.5 -6 22.5 45 -12.5 22.5 45
4 16 -14.5 22.5 31 -12.5 22.5 45 -6 22.5 45 -2.25 22.5 31
4 16 -14.5 22.5 31 -2.25 22.5 31 -3 14.75 30.75 -13.5 14.75 30.75
4 16 -16.31 59.434 61 -14.142 59.293 63.314 -12.3 59.281 63.5 -14.2 59.563 59
4 16 -2 0 20 -14 0 20 -14.75 7 20 -1.5 7 20
4 16 -20 13 16 -16.481 13 16 -18.056 9.5 7.5 -20 9.5 7.5
4 16 -20 19 23.5 -15.5 19 23.5 -16.481 13 16 -20 13 16
4 16 -20 29.5 32 -14.879 29.5 32 -15.5 19 23.5 -20 19 23.5
4 16 -20 37 36 -14.779 37 36 -14.879 29.5 32 -20 29.5 32
4 16 -20 52.5 41.5 -14.64 52.5 41.5 -14.779 37 36 -20 37 36
4 16 -20 57.5 45.5 -15 57.5 45.5 -14.64 52.5 41.5 -20 52.5 41.5
4 16 -20 60 52.414 -15.25 60 52.414 -15 57.5 45.5 -20 57.5 45.5
4 16 -3.5 59.031 67.5 0 59 68 0 59.125 66 -3.5 59.125 66
4 16 -6 51 57.5 -1 54.5 47 -13.75 54.5 47 -11.5 51 57.5
4 16 -6 51 57.5 -11.5 51 57.5 -8.8 59.125 66 -1 59.125 66
4 16 -7.654 59.076 66.782 -3.5 59.031 67.5 -3.5 59.125 66 -8.8 59.125 66
0 // Bottom
1 16 0 92 64 3.5 0 0 0 1 0 0 0 3.5 4-4edge.dat
1 16 0 92 64 3.5 0 0 0 -1 0 0 0 3.5 4-4ndis.dat
2 24 -11.25 70 13.714 -12.421 78.449 19.615
2 24 -12 72.443 11.62 -20 60 22.286
2 24 -12.03 77.77 22 -14.05 84.56 28
2 24 -12.03 77.8 22.09 -20 67.055 31
2 24 -12.421 78.449 19.615 -12.03 77.8 22.09
2 24 -12.421 78.449 19.615 -20 68.055 28.525
2 24 -12.5 82.635 29.539 -14.66 87.77 35.5
2 24 -12.5 82.635 29.539 -20 73.568 36.784
2 24 -13.5 92 57 -15.5 92 57
2 24 -13.5 92 57 -18.478 87 58
2 24 -13.5 92 64 -7.75 92 68.25
2 24 -13.75 89.5 39 -16 90.75 44
2 24 -13.75 89.5 39 -16.25 89.5 39
2 24 -13.75 89.5 39 -20 79.669 41.622
2 24 -14.05 84.56 28 -20 76.286 34.612
2 24 -14.05 84.56 28 14.05 84.56 28
2 24 -14.5 90.75 44 -17 91.5 51
2 24 -14.66 87.77 35.5 -16.25 89.5 39
2 24 -15 91.5 51 -15.5 92 57
2 24 -15.5 92 57 -18.478 87 58
2 24 -16 90.75 44 -14.5 90.75 44
2 24 -16.31 89 61 -13.5 92 64
2 24 -16.7 55.5 10.5 -12 65 6
2 24 -17 91.5 51 -15 91.5 51
2 24 -17 91.5 51 -20 87 52
2 24 -18.3 54.75 14 -16.7 55.5 10.5
2 24 -18.478 87 58 -16.31 89 61
2 24 -20 53 17 -18.3 54.75 14
2 24 -20 53 17 -20 60 22.286
2 24 -20 58 24 -11.25 70 13.714
2 24 -20 58 24 -20 60 22.286
2 24 -20 58 24 -20 68.055 28.525
2 24 -20 67.055 31 -20 76.286 34.612
2 24 -20 68.055 28.525 -20 67.055 31
2 24 -20 73.568 36.784 -20 82 41
2 24 -20 76.286 34.612 -20 73.568 36.784
2 24 -20 79.669 41.622 -20 83.5 46
2 24 -20 81.076 46.669 -14.5 90.75 44
2 24 -20 81.076 46.669 -20 83.5 46
2 24 -20 81.076 46.669 -20 87 52
2 24 -20 82 41 -16.25 89.5 39
2 24 -20 82 41 -20 79.669 41.622
2 24 -20 83.5 46 -16 90.75 44
2 24 -20 85.138 52.414 -15 91.5 51
2 24 -20 85.138 52.414 -18.478 87 58
2 24 -20 85.138 52.414 -20 87 52
2 24 -7.75 92 68.25 -2 92 71.5
2 24 0 92 72 -2 92 71.5
2 24 0 92 72 2 92 71.5
2 24 11.25 70 13.714 -11.25 70 13.714
2 24 11.25 70 13.714 12.421 78.449 19.615
2 24 12 72.443 11.62 20 60 22.286
2 24 12.03 77.77 22 14.05 84.56 28
2 24 12.03 77.8 22.09 -12.03 77.8 22.09
2 24 12.03 77.8 22.09 20 67.055 31
2 24 12.421 78.449 19.615 -12.421 78.449 19.615
2 24 12.421 78.449 19.615 12.03 77.8 22.09
2 24 12.421 78.449 19.615 20 68.055 28.525
2 24 12.5 82.635 29.539 -12.5 82.635 29.539
2 24 12.5 82.635 29.539 14.66 87.77 35.5
2 24 12.5 82.635 29.539 20 73.568 36.784
2 24 13.5 92 57 15.5 92 57
2 24 13.5 92 57 18.478 87 58
2 24 13.5 92 64 7.75 92 68.25
2 24 13.75 89.5 39 16 90.75 44
2 24 13.75 89.5 39 16.25 89.5 39
2 24 13.75 89.5 39 20 79.669 41.622
2 24 14.05 84.56 28 20 76.286 34.612
2 24 14.5 90.75 44 17 91.5 51
2 24 14.66 87.77 35.5 16.25 89.5 39
2 24 15 91.5 51 15.5 92 57
2 24 15.5 92 57 18.478 87 58
2 24 16 90.75 44 14.5 90.75 44
2 24 16.31 89 61 13.5 92 64
2 24 16.7 55.5 10.5 12 65 6
2 24 17 91.5 51 15 91.5 51
2 24 17 91.5 51 20 87 52
2 24 18.3 54.75 14 16.7 55.5 10.5
2 24 18.478 87 58 16.31 89 61
2 24 20 53 17 18.3 54.75 14
2 24 20 53 17 20 60 22.286
2 24 20 58 24 11.25 70 13.714
2 24 20 58 24 20 60 22.286
2 24 20 58 24 20 68.055 28.525
2 24 20 67.055 31 20 76.286 34.612
2 24 20 68.055 28.525 20 67.055 31
2 24 20 73.568 36.784 20 82 41
2 24 20 76.286 34.612 20 73.568 36.784
2 24 20 79.669 41.622 20 83.5 46
2 24 20 81.076 46.669 14.5 90.75 44
2 24 20 81.076 46.669 20 83.5 46
2 24 20 81.076 46.669 20 87 52
2 24 20 82 41 16.25 89.5 39
2 24 20 82 41 20 79.669 41.622
2 24 20 83.5 46 16 90.75 44
2 24 20 85.138 52.414 15 91.5 51
2 24 20 85.138 52.414 18.478 87 58
2 24 20 85.138 52.414 20 87 52
2 24 7.75 92 68.25 2 92 71.5
3 16 -13.5 92 64 -16.31 89 61 -13.5 92 57
3 16 -16.31 89 61 -18.478 87 58 -13.5 92 57
3 16 -16 90.75 44 -20 79.669 41.622 -13.75 89.5 39
3 16 -20 85.138 52.414 -15 91.5 51 -15.5 92 57
3 16 -20 82 41 -14.66 87.77 35.5 -16.25 89.5 39
3 16 -12 65 6 -18.3 54.75 14 -16.7 55.5 10.5
3 16 -20 81.076 46.669 -14.5 90.75 44 -17 91.5 51
3 16 -15.5 92 57 -13.5 92 57 -18.478 87 58
3 16 -20 85.138 52.414 -15.5 92 57 -18.478 87 58
3 16 2 92 71.5 0 92 72 -2 92 71.5
3 16 -18.3 54.75 14 -12 65 6 -20 53 17
3 16 -16 90.75 44 -20 83.5 46 -20 79.669 41.622
3 16 -20 81.076 46.669 -17 91.5 51 -20 87 52
3 16 18.3 54.75 14 20 53 17 12 65 6
3 16 15.5 92 57 18.478 87 58 13.5 92 57
3 16 20 81.076 46.669 17 91.5 51 14.5 90.75 44
3 16 20 82 41 16.25 89.5 39 14.66 87.77 35.5
3 16 20 85.138 52.414 15.5 92 57 15 91.5 51
3 16 20 85.138 52.414 18.478 87 58 15.5 92 57
3 16 13.5 92 64 13.5 92 57 16.31 89 61
3 16 20 81.076 46.669 20 87 52 17 91.5 51
3 16 12 65 6 16.7 55.5 10.5 18.3 54.75 14
3 16 16.31 89 61 13.5 92 57 18.478 87 58
3 16 16 90.75 44 13.75 89.5 39 20 79.669 41.622
3 16 16 90.75 44 20 79.669 41.622 20 83.5 46
4 16 -11.25 70 13.714 -12.421 78.449 19.615 -20 68.055 28.525 -20 58 24
4 16 -12 72.443 11.62 -11.25 70 13.714 -20 58 24 -20 60 22.286
4 16 -12.03 77.77 22 -14.05 84.56 28 -20 76.286 34.612 -20 67.055 31
4 16 -12.421 78.449 19.615 -12.03 77.8 22.09 -20 67.055 31 -20 68.055 28.525
4 16 -12.5 82.635 29.539 -14.66 87.77 35.5 -20 82 41 -20 73.568 36.784
4 16 -12.5 82.635 29.539 -20 73.568 36.784 -20 76.286 34.612 -14.05 84.56 28
1 16 -8.5 92 60.5 -5 0 0 0 -1 0 0 0 -3.5 rect1.dat
4 16 -13.5 92 64 -3.5 92 64 -3.5 92 68.25 -7.75 92 68.25
4 16 -13.75 89.5 39 -20 79.669 41.622 -20 82 41 -16.25 89.5 39
4 16 -14.05 84.56 28 14.05 84.56 28 12.5 82.635 29.539 -12.5 82.635 29.539
4 16 -16 90.75 44 -13.75 89.5 39 13.75 89.5 39 16 90.75 44
4 16 -17 91.5 51 -15 91.5 51 -20 85.138 52.414 -20 87 52
4 16 -20 53 17 -12 65 6 -12 72.443 11.62 -20 60 22.286
4 16 -20 81.076 46.669 -20 83.5 46 -16 90.75 44 -14.5 90.75 44
4 16 11.25 70 13.714 12.421 78.449 19.615 -12.421 78.449 19.615 -11.25 70 13.714
4 16 11.25 70 13.714 20 58 24 20 68.055 28.525 12.421 78.449 19.615
4 16 12 72.443 11.62 11.25 70 13.714 -11.25 70 13.714 -12 72.443 11.62
1 16 0 68.7215 8.81 -12 0 0 0 -134.88 -3.7215 0 178.632 -2.81 rect.dat
4 16 12 72.443 11.62 20 60 22.286 20 58 24 11.25 70 13.714
4 16 12.03 77.77 22 20 67.055 31 20 76.286 34.612 14.05 84.56 28
4 16 12.03 77.8 22.09 14.05 84.56 28 -14.05 84.56 28 -12.03 77.8 22.09
4 16 12.421 78.449 19.615 12.03 77.8 22.09 -12.03 77.8 22.09 -12.421 78.449 19.615
4 16 12.421 78.449 19.615 20 68.055 28.525 20 67.055 31 12.03 77.8 22.09
4 16 12.5 82.635 29.539 14.66 87.77 35.5 -14.66 87.77 35.5 -12.5 82.635 29.539
4 16 12.5 82.635 29.539 14.05 84.56 28 20 76.286 34.612 20 73.568 36.784
4 16 12.5 82.635 29.539 20 73.568 36.784 20 82 41 14.66 87.77 35.5
1 16 8.5 92 60.5 5 0 0 0 -1 0 0 0 3.5 rect1.dat
4 16 13.5 92 64 7.75 92 68.25 3.5 92 68.25 3.5 92 64
4 16 13.75 89.5 39 16.25 89.5 39 20 82 41 20 79.669 41.622
4 16 14.5 90.75 44 17 91.5 51 -17 91.5 51 -14.5 90.75 44
4 16 15 91.5 51 15.5 92 57 -15.5 92 57 -15 91.5 51
4 16 16.25 89.5 39 -16.25 89.5 39 -14.66 87.77 35.5 14.66 87.77 35.5
4 16 17 91.5 51 20 87 52 20 85.138 52.414 15 91.5 51
4 16 20 53 17 20 60 22.286 12 72.443 11.62 12 65 6
4 16 20 81.076 46.669 14.5 90.75 44 16 90.75 44 20 83.5 46
4 16 3.5 92 57 3.5 92 60.5 -3.5 92 60.5 -3.5 92 57
4 16 3.5 92 68.25 -3.5 92 68.25 -3.5 92 67.5 3.5 92 67.5
4 16 7.75 92 68.25 2 92 71.5 -2 92 71.5 -7.75 92 68.25
0 // Inner Front
1 16 -14 30 -4 0 -1 0 14 0 0 0 0 14 4-4ndis.dat
1 16 14 30 -4 0 1 0 12 0 0 0 0 12 4-4ndis.dat
2 24 -12.5 45.5 35.5 -12.5 55.5 39
2 24 -12.5 55.5 -7 -12.5 55.5 39
2 24 -12.5 55.5 10.5 -16.7 55.5 10.5
2 24 -12.5 55.5 39 -9 62 40
2 24 -14 25 24 -14 11 12
2 24 -14 3 -6 -14 3 -18
2 24 -14 3 -6 -14 4.5 2
2 24 -14 4.5 2 -14 11 12
2 24 -14 45.5 35.5 -14 25 24
2 24 -14 55.5 -27 -14 55.5 -7
2 24 -9 62 7.421 -12.5 55.5 10.5
2 24 12.5 45.5 35.5 12.5 55.5 39
2 24 12.5 55.5 -7 12.5 55.5 39
2 24 12.5 55.5 10.5 16.7 55.5 10.5
2 24 12.5 55.5 39 9 62 40
2 24 14 25 24 14 11 12
2 24 14 3 -6 14 3 -18
2 24 14 3 -6 14 4.5 2
2 24 14 4.5 2 14 11 12
2 24 14 45.5 35.5 14 25 24
2 24 14 55.5 -27 14 55.5 -7
2 24 9 62 7.421 12.5 55.5 10.5
3 16 -14 45.5 35.5 -14 44 10 -14 25 24
3 16 -14 44 -18 -14 52 -27 -14 3 -18
3 16 -14 44 -18 -14 45.4 -7 -14 52 -27
3 16 14 45.5 35.5 14 25 24 14 42 8
3 16 14 42 -16 14 52 -27 14 45.4 -7
4 16 -12.5 45.5 35.5 -12.5 55.5 39 -12.5 55.5 -7 -12.5 45.4 -7
1 16 -13.25 50.45 -7 0 0 0.75 -5.05 0 0 0 1.01 0 rect2p.dat
4 16 -14 16 10 -14 11 12 -14 25 24 -14 44 10
4 16 -14 16 10 -14 16 -18 -14 4.5 2 -14 11 12
4 16 -14 3 -18 -14 3 -6 -14 4.5 2 -14 16 -18
4 16 -14 3 -18 -14 52 -27 -14 19.5 -48 -14 14 -48
4 16 -14 44 -18 -14 44 11 -14 45.5 35.5 -14 45.5 -7
1 16 -13.25 45.5 14.25 0.75 0 0 0 1.011905 0 0 0 -21.25 rect.dat
4 16 -14 52 -27 -14 45.4 -7 -14 55.5 -7 -14 55.5 -27
4 16 -9 62 7.421 -12 65 6 -16.7 55.5 10.5 -12.5 55.5 10.5
4 16 -9 62 7.421 -12.5 55.5 10.5 -12.5 55.5 39 -9 62 40
4 16 12 65 6 -12 65 6 -9 62 7.421 9 62 7.421
4 16 12.5 45.5 35.5 12.5 45.4 -7 12.5 55.5 -7 12.5 55.5 39
4 16 12.5 45.5 35.5 12.5 55.5 39 -12.5 55.5 39 -12.5 45.5 35.5
1 16 13.25 50.45 -7 0 0 0.75 -5.05 0 0 0 1.01 0 rect2p.dat
4 16 12.5 55.5 39 9 62 40 -9 62 40 -12.5 55.5 39
4 16 14 18 8 14 11 12 14 4.5 2 14 18 -16
4 16 14 18 8 14 42 8 14 25 24 14 11 12
4 16 14 25 24 -14 25 24 -14 11 12 14 11 12
4 16 14 3 -18 14 14 -48 14 19.5 -48 14 52 -27
4 16 14 3 -18 14 18 -16 14 4.5 2 14 3 -6
4 16 14 3 -18 14 52 -27 14 42 -16 14 18 -16
4 16 14 3 -6 -14 3 -6 -14 3 -18 14 3 -18
4 16 14 3 -6 14 4.5 2 -14 4.5 2 -14 3 -6
4 16 14 4.5 2 14 11 12 -14 11 12 -14 4.5 2
4 16 14 42 -16 14 45.5 -7 14 45.5 35.5 14 42 8
4 16 14 45.5 35.5 -14 45.5 35.5 -14 25 24 14 25 24
1 16 13.25 45.5 14.25 0 0 -0.75 0 1.011905 0 -21.25 0 0 rect.dat
4 16 14 52 -27 14 55.5 -27 14 55.5 -7 14 45.4 -7
1 16 0 62 23.7105 -9 0 0 0 1.00072 0 0 0 16.2895 rect.dat
4 16 9 62 7.421 12.5 55.5 10.5 16.7 55.5 10.5 12 65 6
4 16 9 62 7.421 9 62 40 12.5 55.5 39 12.5 55.5 10.5
0 // Inner Back
1 16 0 64 64 3.5 0 0 0 -0.625 0 0 0 3.5 4-4ndis.dat
0 BFC INVERTNEXT
1 16 0 64 64 3.5 0 0 0 -0.625 0 0 0 3.5 1-8sphe.dat
0 BFC INVERTNEXT
1 16 0 64 64 0 0 -3.5 0 -0.625 0 3.5 0 0 1-8sphe.dat
0 BFC INVERTNEXT
1 16 0 64 64 -3.5 0 0 0 -0.625 0 0 0 -3.5 1-8sphe.dat
0 BFC INVERTNEXT
1 16 0 64 64 0 0 3.5 0 -0.625 0 -3.5 0 0 1-8sphe.dat
1 16 0 64 64 3.5 0 0 0 1 0 0 0 3.5 4-4edge.dat
1 16 0 64 64 3.5 0 0 0 -1 0 0 0 3.5 4-4ndis.dat
1 16 0 86 64 3.5 0 0 0 1 0 0 0 3.5 4-4edge.dat
1 16 0 86 64 3.5 0 0 0 1 0 0 0 3.5 4-4ndis.dat
0 BFC INVERTNEXT
1 16 0 86 64 3.5 0 0 0 6 0 0 0 3.5 4-4cyli.dat
2 24 -12.75 64 11 -12.75 64 61.5
2 24 -12.75 64 11 -12.892 66.5 14.5
2 24 -12.75 64 61.5 -13.375 75 60.75
2 24 -12.75 64 61.5 -14 86 60
2 24 -12.75 64 61.5 -14.142 64 63.314
2 24 -12.892 66.5 16 -13.261 73 20.5
2 24 -13.261 73 23 -13.631 79.5 29
2 24 -13.375 75 60.75 -14 86 60
2 24 -13.631 79.5 32 -14 86 41
2 24 -14 86 60 -14 86 41
2 24 -14 86 60 -16.31 86 61
2 24 -15.226 75 62.157 -14.142 64 63.314
2 24 -16.31 86 61 -15.226 75 62.157
2 24 12.75 64 11 -12.75 64 11
2 24 12.75 64 11 12.75 64 61.5
2 24 12.75 64 11 12.892 66.5 14.5
2 24 12.75 64 61.5 13.375 75 60.75
2 24 12.75 64 61.5 14 86 60
2 24 12.75 64 61.5 14.142 64 63.314
2 24 12.892 66.5 16 13.261 73 20.5
2 24 13.261 73 23 13.631 79.5 29
2 24 13.375 75 60.75 14 86 60
2 24 13.631 79.5 32 14 86 41
2 24 14 86 41 -14 86 41
2 24 14 86 60 14 86 41
2 24 14 86 60 16.31 86 61
2 24 15.226 75 62.157 14.142 64 63.314
2 24 16.31 86 61 15.226 75 62.157
3 16 -14 86 60 -12.75 64 60 -12.75 64 61.5
3 16 -14.142 64 63.314 -15.226 75 62.157 -12.75 64 61.5
3 16 -15.226 75 62.157 -16.31 86 61 -13.375 75 60.75
3 16 -16.31 86 61 -13.5 86 64 -14 86 60
3 16 -13.375 75 60.75 -12.75 64 61.5 -15.226 75 62.157
3 16 -14 86 60 -13.375 75 60.75 -16.31 86 61
3 16 -12.75 64 61.5 -12.75 64 11 -3.5 64 60.5
3 16 -14.142 64 63.314 -12.75 64 61.5 -7.654 64 66.782
3 16 -2 86 71.5 -3.5 86 67.5 -7.75 86 68.25
3 16 12.75 64 61.5 3.5 64 60.5 12.75 64 11
3 16 14 86 60 12.75 64 61.5 12.75 64 60
3 16 13.375 75 60.75 15.226 75 62.157 12.75 64 61.5
3 16 14.142 64 63.314 7.654 64 66.782 12.75 64 61.5
3 16 14 86 60 16.31 86 61 13.375 75 60.75
3 16 16.31 86 61 14 86 60 13.5 86 64
3 16 14.142 64 63.314 12.75 64 61.5 15.226 75 62.157
3 16 15.226 75 62.157 13.375 75 60.75 16.31 86 61
3 16 0 64 68 -3.5 64 67.5 3.5 64 67.5
3 16 2 86 71.5 7.75 86 68.25 3.5 86 67.5
4 16 -12.75 64 11 -12.75 64 60 -12.892 66.5 60 -12.892 66.5 14.5
4 16 -12.75 64 61.5 -3.5 64 60.5 -3.5 64 67.5 -7.654 64 66.782
4 16 -12.892 66.5 16 -12.892 66.5 60 -13.261 73 60 -13.261 73 20.5
4 16 -13.261 73 23 -13.261 73 60 -13.631 79.5 60 -13.631 79.5 29
1 16 0 79.5 30.5 0 0 13.631 0 1.009704 0 1.5 0 0 rect.dat
4 16 -13.631 79.5 32 -13.631 79.5 60 -14 86 60 -14 86 41
4 16 -3.5 86 60.5 -14 86 41 -14 86 60 -3.5 86 67.5
4 16 -7.75 86 68.25 -3.5 86 67.5 -14 86 60 -13.5 86 64
4 16 0 86 72 0 86 67.5 -3.5 86 67.5 -2 86 71.5
4 16 0 86 72 2 86 71.5 3.5 86 67.5 0 86 67.5
4 16 12.75 64 11 -12.75 64 11 -12.892 66.5 14.5 12.892 66.5 14.5
4 16 12.75 64 11 12.892 66.5 14.5 12.892 66.5 60 12.75 64 60
4 16 12.75 64 11 3.5 64 60.5 -3.5 64 60.5 -12.75 64 11
4 16 12.75 64 61.5 7.654 64 66.782 3.5 64 67.5 3.5 64 60.5
1 16 0 66.5 15.25 -12.892 0 0 0 1.017789 0 0 0 0.75 rect.dat
4 16 12.892 66.5 16 -12.892 66.5 16 -13.261 73 20.5 13.261 73 20.5
4 16 12.892 66.5 16 13.261 73 20.5 13.261 73 60 12.892 66.5 60
1 16 0 73 21.75 -13.261 0 0 0 1.004621 0 0 0 1.25 rect.dat
4 16 13.261 73 23 -13.261 73 23 -13.631 79.5 29 13.631 79.5 29
4 16 13.261 73 23 13.631 79.5 29 13.631 79.5 60 13.261 73 60
4 16 13.631 79.5 32 -13.631 79.5 32 -14 86 41 14 86 41
4 16 13.631 79.5 32 14 86 41 14 86 60 13.631 79.5 60
4 16 3.5 86 60.5 14 86 41 -14 86 41 -3.5 86 60.5
4 16 3.5 86 60.5 3.5 86 67.5 14 86 60 14 86 41
4 16 7.75 86 68.25 13.5 86 64 14 86 60 3.5 86 67.5
0 // Added lines/Condlines
5 24 2 92 71.5 2 86 71.5 0 92 72 7.75 86 68.25
5 24 0 86 72 0 92 72 2 92 71.5 -2 86 71.5
5 24 7.75 86 68.25 7.75 92 68.25 13.5 86 64 2 86 71.5
5 24 13.5 92 64 13.5 86 64 7.75 86 68.25 16.31 86 61
5 24 7.654 59.076 66.782 7.654 64 66.782 14.142 59.293 63.314 3.5 59.031 67.5
5 24 14.142 64 63.314 14.142 59.293 63.314 7.654 59.076 66.782 16.31 59.434 61
5 24 20 0 -6 20 8 -3 20 8.5 -18 19 0 1
5 24 0 59 68 0 64 68 3.5 59.031 67.5 -3.5 64 67.5
5 24 3.5 64 67.5 3.5 59.031 67.5 0 59 68 7.654 59.076 66.782
5 24 -20 8 -3 -20 0 -6 -20 0 -18 -19 0 1
5 24 -7.75 92 68.25 -7.75 86 68.25 -13.5 92 64 -2 92 71.5
5 24 -13.5 86 64 -13.5 92 64 -7.75 92 68.25 -16.31 89 61
5 24 -7.654 64 66.782 -7.654 59.076 66.782 -14.142 64 63.314 -3.5 64 67.5
5 24 -14.142 59.293 63.314 -14.142 64 63.314 -7.654 64 66.782 -16.31 64 61
5 24 -3.5 59.031 67.5 -3.5 64 67.5 0 64 68 -7.654 64 66.782
5 24 -2 92 71.5 -2 86 71.5 -7.75 92 68.25 0 86 72
5 24 -14.5 51.5 19.5 -20 51.5 19.5 -14.5 47 23 -14.5 53 17
5 24 -14.5 53 17 -20 53 17 -14.5 51.5 19.5 -14.5 54.75 14
5 24 -14.5 54.75 14 -18.3 54.75 14 -14.5 53 17 -14.5 55.5 10.5
5 24 -16 24 21.5 -20 24 21.5 -16 16.5 14 -16 31 25
5 24 -20 16.5 14 -16 16.5 14 -16 24 21.5 -20 12 6
5 24 -16 31 25 -20 31 25 -16 24 21.5 -16 40 25
5 24 -16 40 25 -20 40 25 -16 31 25 -16 47 23
5 24 -16 9.5 -6 -20 9.5 -6 -16 8.5 -18 -16 12 6
5 24 -16 12 6 -20 12 6 -16 9.5 -6 -20 16.5 14
5 24 16 12 6 20 12 6 16 16.5 14 20 9.5 -6
5 24 20 16.5 14 16 16.5 14 16 12 6 20 24 21.5
5 24 14.5 54.75 14 18.3 54.75 14 16.7 55.5 10.5 20 53 17
5 24 20 24 21.5 16 24 21.5 20 16.5 14 20 31 25
5 24 20 31 25 16 31 25 20 24 21.5 20 40 25
5 24 20 40 25 16 40 25 20 31 25 20 47 23
5 24 20 51.5 19.5 14.5 51.5 19.5 20 47 23 20 53 17
5 24 20 53 17 14.5 53 17 20 51.5 19.5 18.3 54.75 14
5 24 20 9.5 -6 16 9.5 -6 20 8.5 -18 20 12 6
5 24 1 0 11.5 1.5 7 20 2 0 20 1 13.5 20
5 24 1 13.5 20 1.5 7 20 1 0 11.5 3.75 7 30.5
5 24 3.75 7 30.5 1 13.5 20 3 14.75 30.75 1.5 7 20
5 24 1 13.5 20 3 14.75 30.75 3.75 7 30.5 1.125 27 28.5
5 24 6 22.5 45 1.125 27 28.5 1.063 40.5 37 2.25 22.5 31
5 24 3 14.75 30.75 1.125 27 28.5 2.25 22.5 31 1 13.5 20
5 24 1.125 27 28.5 2.25 22.5 31 3 14.75 30.75 6 22.5 45
5 24 15.25 60 52.414 11.5 51 57.5 14.2 59.563 59 15 57.5 45.5
5 24 11.5 51 57.5 14.2 59.563 59 15.25 60 52.414 12.3 59.281 63.5
5 24 12.3 59.281 63.5 11.5 51 57.5 8.8 59.125 66 14.2 59.563 59
5 24 11.5 51 57.5 8.8 59.125 66 12.3 59.281 63.5 6 51 57.5
5 24 14.142 59.293 63.314 12.3 59.281 63.5 8.8 59.125 66 16.31 59.434 61
5 24 16.481 13 16 12.5 7 30.5 15.5 19 23.5 14.75 7 20
5 24 12.5 7 30.5 15.5 19 23.5 16.481 13 16 14.5 22.5 31
5 24 14 0 20 18.056 9.5 7.5 19 0 1 14.75 7 20
5 24 18.056 9.5 7.5 19 0 1 14 0 20 20 8 -3
5 24 15 57.5 45.5 14 54 45.5 13.75 54.5 47 14.64 52.5 41.5
5 24 13.75 54.5 47 15 57.5 45.5 14 54 45.5 15.25 60 52.414
5 24 18.478 59.617 58 15.25 60 52.414 14.2 59.563 59 20 60 52.414
5 24 12.5 22.5 45 14.879 29.5 32 14.5 22.5 31 14.779 37 36
5 24 14.879 29.5 32 14.5 22.5 31 12.5 22.5 45 15.5 19 23.5
5 24 14.5 22.5 31 15.5 19 23.5 12.5 7 30.5 14.879 29.5 32
5 24 14 54 45.5 14.64 52.5 41.5 12.5 22.5 45 15 57.5 45.5
5 24 14.779 37 36 12.5 22.5 45 14 54 45.5 14.879 29.5 32
5 24 14.75 7 20 18.056 9.5 7.5 14 0 20 16.481 13 16
5 24 16.481 13 16 14.75 7 20 12.5 7 30.5 18.056 9.5 7.5
5 24 20 60 52.414 15.25 60 52.414 18.478 59.617 58 20 57.5 45.5
5 24 20 8 -3 19 0 1 18.056 9.5 7.5 20 0 -6
5 24 18.056 9.5 7.5 20 9.5 7.5 20 8 -3 16.481 13 16
5 24 0.75 56.5 54 -0.75 56.5 54 -1 59.125 66 1 54.5 47
5 24 14.64 52.5 41.5 20 52.5 41.5 20 37 36 15 57.5 45.5
5 24 20 37 36 14.779 37 36 14.64 52.5 41.5 20 29.5 32
5 24 20 29.5 32 14.879 29.5 32 14.779 37 36 20 19 23.5
5 24 20 19 23.5 15.5 19 23.5 14.879 29.5 32 20 13 16
5 24 15 57.5 45.5 20 57.5 45.5 20 52.5 41.5 15.25 60 52.414
5 24 20 13 16 16.481 13 16 15.5 19 23.5 20 9.5 7.5
5 24 -1 0 11.5 -1.5 7 20 -1 13.5 20 -2 0 20
5 24 -1.5 7 20 -1 13.5 20 -1 0 11.5 -3.75 7 30.5
5 24 -3 14.75 30.75 -1.125 27 28.5 -1 13.5 20 -2.25 22.5 31
5 24 -1 13.5 20 -3 14.75 30.75 -1.125 27 28.5 -3.75 7 30.5
5 24 -6 22.5 45 -1.125 27 28.5 -2.25 22.5 31 -1.063 40.5 37
5 24 -1.125 27 28.5 -2.25 22.5 31 -6 22.5 45 -3 14.75 30.75
5 24 -15.25 60 52.414 -11.5 51 57.5 -13.75 54.5 47 -14.2 59.563 59
5 24 -13.75 54.5 47 -15 57.5 45.5 -15.25 60 52.414 -14 54 45.5
5 24 -12.3 59.281 63.5 -11.5 51 57.5 -14.2 59.563 59 -8.8 59.125 66
5 24 -11.5 51 57.5 -14.2 59.563 59 -12.3 59.281 63.5 -15.25 60 52.414
5 24 -14.75 7 20 -16.481 13 16 -12.5 7 30.5 -18.056 9.5 7.5
5 24 -16.481 13 16 -12.5 7 30.5 -14.75 7 20 -15.5 19 23.5
5 24 -12.5 7 30.5 -15.5 19 23.5 -14.5 22.5 31 -16.481 13 16
5 24 -15.5 19 23.5 -14.5 22.5 31 -12.5 7 30.5 -14.879 29.5 32
5 24 -14 0 20 -18.056 9.5 7.5 -14.75 7 20 -19 0 1
5 24 -18.056 9.5 7.5 -14.75 7 20 -14 0 20 -16.481 13 16
5 24 -14.64 52.5 41.5 -14 54 45.5 -12.5 22.5 45 -15 57.5 45.5
5 24 -12.5 22.5 45 -14.779 37 36 -14.64 52.5 41.5 -14.879 29.5 32
5 24 -15 57.5 45.5 -14 54 45.5 -14.64 52.5 41.5 -13.75 54.5 47
5 24 -14.879 29.5 32 -14.5 22.5 31 -15.5 19 23.5 -12.5 22.5 45
5 24 -12.5 22.5 45 -14.879 29.5 32 -14.779 37 36 -14.5 22.5 31
5 24 -15.25 60 52.414 -20 60 52.414 -18.478 59.617 58 -15 57.5 45.5
5 24 -18.478 59.617 58 -14.2 59.563 59 -15.25 60 52.414 -16.31 59.434 61
5 24 -20 9.5 7.5 -18.056 9.5 7.5 -20 8 -3 -20 13 16
5 24 -16.31 59.434 61 -14.2 59.563 59 -18.478 59.617 58 -14.142 59.293 63.314
5 24 -19 0 1 -18.056 9.5 7.5 -14 0 20 -20 8 -3
5 24 -20 8 -3 -19 0 1 -20 0 -6 -18.056 9.5 7.5
5 24 -3.75 7 30.5 -1 13.5 20 -1.5 7 20 -3 14.75 30.75
5 24 -8.8 59.125 66 -11.5 51 57.5 -12.3 59.281 63.5 -6 51 57.5
5 24 -20 13 16 -16.481 13 16 -18.056 9.5 7.5 -20 19 23.5
5 24 -20 19 23.5 -15.5 19 23.5 -16.481 13 16 -20 29.5 32
5 24 -20 29.5 32 -14.879 29.5 32 -15.5 19 23.5 -20 37 36
5 24 -20 37 36 -14.779 37 36 -14.879 29.5 32 -20 52.5 41.5
5 24 -20 52.5 41.5 -14.64 52.5 41.5 -14.779 37 36 -20 57.5 45.5
5 24 -20 57.5 45.5 -15 57.5 45.5 -14.64 52.5 41.5 -20 60 52.414
5 24 -16.31 89 61 -13.5 92 57 -13.5 92 64 -18.478 87 58
5 24 -16 90.75 44 -20 79.669 41.622 -13.75 89.5 39 -20 83.5 46
5 24 -15.5 92 57 -20 85.138 52.414 -15 91.5 51 -18.478 87 58
5 24 -20 82 41 -14.66 87.77 35.5 -16.25 89.5 39 -12.5 82.635 29.539
5 24 -12 65 6 -18.3 54.75 14 -16.7 55.5 10.5 -20 53 17
5 24 -17 91.5 51 -20 81.076 46.669 -14.5 90.75 44 -20 87 52
5 24 -12 65 6 -20 53 17 -18.3 54.75 14 -12 72.443 11.62
5 24 20 53 17 12 65 6 18.3 54.75 14 20 60 22.286
5 24 12 65 6 18.3 54.75 14 20 53 17 16.7 55.5 10.5
5 24 20 81.076 46.669 17 91.5 51 14.5 90.75 44 20 87 52
5 24 14.66 87.77 35.5 20 82 41 16.25 89.5 39 12.5 82.635 29.539
5 24 20 85.138 52.414 15.5 92 57 15 91.5 51 18.478 87 58
5 24 13.5 92 57 16.31 89 61 13.5 92 64 18.478 87 58
5 24 20 79.669 41.622 16 90.75 44 13.75 89.5 39 20 83.5 46
5 24 14.66 87.77 35.5 -14.66 87.77 35.5 12.5 82.635 29.539 16.25 89.5 39
5 24 12.5 55.5 39 -12.5 55.5 39 12.5 45.5 35.5 9 62 40
5 24 14 25 24 -14 25 24 -14 11 12 14 45.5 35.5
5 24 -14 11 12 14 11 12 14 25 24 14 4.5 2
5 24 14 3 -6 -14 3 -6 -14 3 -18 14 4.5 2
5 24 14 4.5 2 -14 4.5 2 14 3 -6 14 11 12
5 24 -15.226 75 62.157 -12.75 64 61.5 -14.142 64 63.314 -13.375 75 60.75
5 24 -16.31 86 61 -13.375 75 60.75 -15.226 75 62.157 -14 86 60
5 24 -13.375 75 60.75 -15.226 75 62.157 -16.31 86 61 -12.75 64 61.5
5 24 13.375 75 60.75 15.226 75 62.157 12.75 64 61.5 16.31 86 61
5 24 15.226 75 62.157 12.75 64 61.5 13.375 75 60.75 14.142 64 63.314
5 24 16.31 86 61 13.375 75 60.75 14 86 60 15.226 75 62.157
5 24 1.33945 63.7608 66.9432 2.28655 63.7608 66.2866 1.33945 63.5917 66.2866 1.33945 64 67.2336
5 24 -2.94315 63.7608 65.3394 -2.28655 63.7608 66.2866 -2.28655 63.5917 65.3394 -3.23365 64 65.3394
5 24 -1.33945 63.7608 61.0568 -2.28655 63.7608 61.7135 -1.33945 63.5917 61.7135 -1.33945 64 60.7664
5 24 2.94315 63.7608 62.6606 2.28655 63.7608 61.7135 2.28655 63.5917 62.6606 3.23365 64 62.6606
5 24 16.31 59.434 61 16.31 89 61 18.478 59.617 58 14.142 64 63.314
