0 Minifig Hat Fedora
0 Name: 61506.dat
0 Author: Philippe Hurbain [Philo]
0 !LDRAW_ORG Part UPDATE 2012-02
0 !LICENSE Redistributable under CCAL version 2.0 : see CAreadme.txt

0 BFC CERTIFY CCW

0 !CATEGORY Minifig Headwear
0 !KEYWORDS Indiana Jones, Indy

0 !HISTORY 2012-08-09 [PTadmin] Official Update 2012-02

1 16 0 -5 0.5 0 0 -1 0 1 0 1 0 0 s\61506s01.dat
1 16 0 -5 0.5 0 0 1 0 1 0 1 0 0 s\61506s01.dat
1 16 0 1.5 0 0 0 -12 0 1 0 12 0 0 4-4edge.dat
1 16 0 0 0 0 0 -6 0 1 0 6 0 0 4-4edge.dat
1 16 0 0 0 0 0 -2 0 -1 0 2 0 0 4-4ring3.dat
1 16 0 0 0 0 0 -2 0 -1 0 2 0 0 4-4ring4.dat
0 BFC INVERTNEXT
1 16 0 1.5 0 0 0 -2 0 -1.5 0 2 0 0 4-4con5.dat
1 16 0 0 0 0 0 -10 0 1 0 10 0 0 4-4edge.dat
1 16 0 -4 0 0 0 -6 0 1 0 6 0 0 4-4edge.dat
1 16 0 -4 0 0 0 -6 0 -1 0 6 0 0 4-4disc.dat
0 BFC INVERTNEXT
1 16 0 -4 0 0 0 -6 0 4 0 6 0 0 4-4cyli.dat
0 // Middle condlines
5 24 0 6.61 14.2 0 7.84 16.76 -3.2 6.56 14 3.2 6.56 14
5 24 0 9.15 23.16 0 9.03 26 -4.08 9 25.61 4.08 9 25.61
5 24 0 7.84 16.76 0 8.63 19.76 -3.62 8.56 19.47 3.62 8.56 19.47
5 24 0 8.63 19.76 0 9.15 23.16 -3.62 8.56 19.47 3.62 8.56 19.47
5 24 0 10.13 16.37 0 8.5 13.8 -2.31 8.45 13.6 2.31 8.45 13.6
5 24 0 11.03 26 0 11.5 22.99 -4.08 11 25.61 4.08 11 25.61
5 24 0 11.04 19.45 0 10.13 16.37 -3.16 10.97 19.16 3.16 10.97 19.16
5 24 0 11.5 22.99 0 11.04 19.45 -3.16 10.97 19.16 3.16 10.97 19.16
5 24 0 -6.94 9.23 0 -7.28 9.94 -0.98 -7.03 9.29 0.98 -7.03 9.29
5 24 0 -6.76 7.26 0 -6.94 9.23 -0.98 -7.03 9.29 0.98 -7.03 9.29
5 24 0 -7.12 4.36 0 -6.76 7.26 -1.84 -7.12 7.28 1.84 -7.12 7.28
5 24 0 -8.04 0.97 0 -7.12 4.36 -2.43 -7.71 4.33 2.43 -7.71 4.33
5 24 0 -9.4 -2.39 0 -8.04 0.97 -2.64 -8.74 0.89 2.64 -8.74 0.89
5 24 0 -10.87 -5.21 0 -9.4 -2.39 -2.43 -10.06 -2.51 2.43 -10.06 -2.51
5 24 0 -12.26 -7.07 0 -10.87 -5.21 -1.84 -11.36 -5.35 1.84 -11.36 -5.35
5 24 0 -13.22 -7.69 0 -12.26 -7.07 -0.98 -12.51 -7.19 0.98 -12.51 -7.19
5 24 0 -12 -10.51 0 -13.22 -7.69 -1.89 -12 -10.35 1.89 -12 -10.35
5 24 0 -7.28 9.94 0 -5.89 10.73 -2.63 -5.94 10.58 2.63 -5.94 10.58
0 // Not knot
3 16 -12.67 -1.45 4.55 -11.81 -0.8 6.55 -12.3 4.7 7.7
3 16 -13.2 4.05 5.5 -12.67 -1.45 4.55 -12.3 4.7 7.7
3 16 -13.06 -2.23 2.09 -12.67 -1.45 4.55 -13.2 4.05 5.5
3 16 -13.6 3.27 2.8 -13.06 -2.23 2.09 -13.2 4.05 5.5
4 16 -13.4 2.64 0.5 -12.86 -2.85 0 -13.06 -2.23 2.09 -13.6 3.27 2.8
3 16 -12.19 -3.58 -2.55 -12.86 -2.85 0 -13.4 2.64 0.5
3 16 -12.7 1.91 -2.3 -12.19 -3.58 -2.55 -13.4 2.64 0.5
3 16 -11.14 -4.14 -4.73 -12.19 -3.58 -2.55 -12.7 1.91 -2.3
3 16 -11.6 1.36 -4.7 -11.14 -4.14 -4.73 -12.7 1.91 -2.3
3 16 -10.08 -4.5 -6.46 -11.14 -4.14 -4.73 -11.6 1.36 -4.7
3 16 -10.5 1 -6.6 -10.08 -4.5 -6.46 -11.6 1.36 -4.7
2 24 -11.14 -4.14 -4.73 -10.08 -4.5 -6.46
2 24 -12.19 -3.58 -2.55 -11.14 -4.14 -4.73
2 24 -12.86 -2.85 0 -12.19 -3.58 -2.55
2 24 -13.06 -2.23 2.09 -12.86 -2.85 0
2 24 -12.67 -1.45 4.55 -13.06 -2.23 2.09
2 24 -11.81 -0.8 6.55 -12.67 -1.45 4.55
2 24 -11.6 1.36 -4.7 -10.5 1 -6.6
2 24 -12.7 1.91 -2.3 -11.6 1.36 -4.7
2 24 -13.4 2.64 0.5 -12.7 1.91 -2.3
2 24 -13.6 3.27 2.8 -13.4 2.64 0.5
2 24 -13.2 4.05 5.5 -13.6 3.27 2.8
2 24 -12.3 4.7 7.7 -13.2 4.05 5.5
5 24 -12.3 4.7 7.7 -12.67 -1.45 4.55 -11.81 -0.8 6.55 -13.2 4.05 5.5
5 24 -12.67 -1.45 4.55 -13.2 4.05 5.5 -12.3 4.7 7.7 -13.06 -2.23 2.09
5 24 -13.2 4.05 5.5 -13.06 -2.23 2.09 -12.67 -1.45 4.55 -13.6 3.27 2.8
5 24 -13.06 -2.23 2.09 -13.6 3.27 2.8 -13.2 4.05 5.5 -12.86 -2.85 0
5 24 -12.86 -2.85 0 -13.4 2.64 0.5 -13.6 3.27 2.8 -12.19 -3.58 -2.55
5 24 -13.4 2.64 0.5 -12.19 -3.58 -2.55 -12.86 -2.85 0 -12.7 1.91 -2.3
5 24 -12.19 -3.58 -2.55 -12.7 1.91 -2.3 -13.4 2.64 0.5 -11.14 -4.14 -4.73
5 24 -12.7 1.91 -2.3 -11.14 -4.14 -4.73 -12.19 -3.58 -2.55 -11.6 1.36 -4.7
5 24 -11.14 -4.14 -4.73 -11.6 1.36 -4.7 -12.7 1.91 -2.3 -10.08 -4.5 -6.46
5 24 -11.6 1.36 -4.7 -10.08 -4.5 -6.46 -11.14 -4.14 -4.73 -10.5 1 -6.6
0 // Knot
3 16 12.8 4.7 7.7 12.31 -0.8 6.55 13.17 -1.45 4.55
3 16 12.8 4.7 7.7 13.17 -1.45 4.55 13.7 4.05 5.5
3 16 13.7 4.05 5.5 13.17 -1.45 4.55 13.56 -2.23 2.09
3 16 13.7 4.05 5.5 13.56 -2.23 2.09 14.1 3.27 2.8
4 16 14.6 3.27 2.8 14.06 -2.23 2.09 13.86 -2.85 0 14.4 2.64 0.5
3 16 14.4 2.64 0.5 13.86 -2.85 0 13.19 -3.58 -2.55
3 16 14.4 2.64 0.5 13.19 -3.58 -2.55 13.7 1.91 -2.3
3 16 13.2 1.91 -2.3 12.69 -3.58 -2.55 11.64 -4.14 -4.73
3 16 13.2 1.91 -2.3 11.64 -4.14 -4.73 12.1 1.36 -4.7
3 16 12.1 1.36 -4.7 11.64 -4.14 -4.73 10.58 -4.5 -6.46
3 16 12.1 1.36 -4.7 10.58 -4.5 -6.46 11 1 -6.6
4 16 14.1 3.27 2.8 13.56 -2.23 2.09 14.06 -2.23 2.09 14.6 3.27 2.8
4 16 13.7 1.91 -2.3 13.19 -3.58 -2.55 12.69 -3.58 -2.55 13.2 1.91 -2.3
2 24 14.6 3.27 2.8 14.1 3.27 2.8
2 24 14.06 -2.23 2.09 13.56 -2.23 2.09
2 24 13.2 1.91 -2.3 13.7 1.91 -2.3
2 24 12.69 -3.58 -2.55 13.19 -3.58 -2.55
2 24 12.31 -0.8 6.55 12.8 4.7 7.7
2 24 11.81 -0.8 6.55 12.3 4.7 7.7
4 16 12.8 4.7 7.7 12.3 4.7 7.7 11.81 -0.8 6.55 12.31 -0.8 6.55
2 24 12.31 -0.8 6.55 11.81 -0.8 6.55
2 24 12.3 4.7 7.7 12.8 4.7 7.7
2 24 12.8 4.7 7.7 13.7 4.05 5.5
2 24 14.1 3.27 2.8 13.56 -2.23 2.09
2 24 13.7 4.05 5.5 14.1 3.27 2.8
2 24 14.06 -2.23 2.09 14.6 3.27 2.8
2 24 14.6 3.27 2.8 14.4 2.64 0.5
2 24 13.7 1.91 -2.3 13.19 -3.58 -2.55
2 24 14.4 2.64 0.5 13.7 1.91 -2.3
2 24 12.69 -3.58 -2.55 13.2 1.91 -2.3
2 24 13.2 1.91 -2.3 12.1 1.36 -4.7
2 24 11 1 -6.6 10.58 -4.5 -6.46
2 24 10.5 1 -6.6 10.08 -4.5 -6.46
4 16 10.58 -4.5 -6.46 10.08 -4.5 -6.46 10.5 1 -6.6 11 1 -6.6
2 24 11 1 -6.6 10.5 1 -6.6
2 24 10.08 -4.5 -6.46 10.58 -4.5 -6.46
2 24 12.1 1.36 -4.7 11 1 -6.6
5 24 12.8 4.7 7.7 13.17 -1.45 4.55 12.31 -0.8 6.55 13.7 4.05 5.5
5 24 13.7 4.05 5.5 13.17 -1.45 4.55 12.8 4.7 7.7 13.56 -2.23 2.09
5 24 13.7 4.05 5.5 13.56 -2.23 2.09 13.17 -1.45 4.55 14.1 3.27 2.8
5 24 14.4 2.64 0.5 13.86 -2.85 0 14.06 -2.23 2.09 13.19 -3.58 -2.55
5 24 14.4 2.64 0.5 13.19 -3.58 -2.55 13.86 -2.85 0 13.7 1.91 -2.3
5 24 13.2 1.91 -2.3 11.64 -4.14 -4.73 12.69 -3.58 -2.55 12.1 1.36 -4.7
5 24 12.1 1.36 -4.7 11.64 -4.14 -4.73 13.2 1.91 -2.3 10.58 -4.5 -6.46
5 24 12.1 1.36 -4.7 10.58 -4.5 -6.46 11.64 -4.14 -4.73 11 1 -6.6
2 24 13.86 -2.85 0 14.06 -2.23 2.09
2 24 13.19 -3.58 -2.55 13.86 -2.85 0
2 24 13.17 -1.45 4.55 12.31 -0.8 6.55
2 24 13.56 -2.23 2.09 13.17 -1.45 4.55
2 24 11.64 -4.14 -4.73 12.69 -3.58 -2.55
2 24 10.58 -4.5 -6.46 11.64 -4.14 -4.73
4 16 12.31 -0.8 6.55 11.81 -0.8 6.55 12.67 -1.45 4.55 13.17 -1.45 4.55
4 16 13.17 -1.45 4.55 12.67 -1.45 4.55 13.06 -2.23 2.09 13.56 -2.23 2.09
4 16 13.56 -2.23 2.09 13.06 -2.23 2.09 12.86 -2.85 0 13.36 -2.85 0
4 16 13.36 -2.85 0 12.86 -2.85 0 12.19 -3.58 -2.55 12.69 -3.58 -2.55
4 16 12.69 -3.58 -2.55 12.19 -3.58 -2.55 11.14 -4.14 -4.73 11.64 -4.14 -4.73
4 16 11.64 -4.14 -4.73 11.14 -4.14 -4.73 10.08 -4.5 -6.46 10.58 -4.5 -6.46
5 24 12.67 -1.45 4.55 13.17 -1.45 4.55 12.31 -0.8 6.55 13.06 -2.23 2.09
5 24 13.06 -2.23 2.09 13.56 -2.23 2.09 13.17 -1.45 4.55 12.86 -2.85 0
5 24 12.86 -2.85 0 13.36 -2.85 0 13.56 -2.23 2.09 12.19 -3.58 -2.55
5 24 12.19 -3.58 -2.55 12.69 -3.58 -2.55 13.36 -2.85 0 11.14 -4.14 -4.73
5 24 11.14 -4.14 -4.73 11.64 -4.14 -4.73 12.69 -3.58 -2.55 10.08 -4.5 -6.46
4 16 13.36 -2.85 0 13.86 -2.85 0 14.06 -2.23 2.09 13.56 -2.23 2.09
4 16 12.69 -3.58 -2.55 13.19 -3.58 -2.55 13.86 -2.85 0 13.36 -2.85 0
5 24 13.86 -2.85 0 13.36 -2.85 0 13.56 -2.23 2.09 13.19 -3.58 -2.55
0 //
