0 ~Technic Panel Smooth 11 x  2 x  3 Half
0 Name: s\62531s01.dat
0 Author: Philippe Hurbain [Philo]
0 !LDRAW_ORG Subpart UPDATE 2011-02
0 !LICENSE Redistributable under CCAL version 2.0 : see CAreadme.txt

0 BFC CERTIFY CCW

0 !HISTORY 2011-12-29 [PTadmin] Official Update 2011-02

2 24 -9 -39 -32 -9 -39 -8
2 24 -9 -39 -70 -9 -39 -48
2 24 -9 -8 -8 -9 -39 -8
2 24 5 -10 -8 3 -18 -8
2 24 0 -25 -8 3 -18 -8
2 24 0 -25 -8 -5 -33 -8
2 24 -9 -39 -8 -5 -33 -8
2 24 -20 -46.363 -73.637 -30 -46.363 -73.637
4 16 1 -25 -8 6 -10 -8 -9 -8 -8 -9 -39 -8
4 16 7 -10 -8 7 -8 -8 -9 -8 -8 5 -10 -8
2 24 -9 -8 -8 7 -8 -8
1 16 0 10 -40 -1 0 0 0 -1 0 0 0 1 peghole.dat
1 16 0 10 -40 -1 0 0 0 -1 0 0 0 1 4-4ring8.dat
0 BFC INVERTNEXT
1 16 0 8 -40 -6 0 0 0 -16 0 0 0 6 4-4cyli.dat
1 16 0 -8 -40 6 0 0 0 16 0 0 0 6 4-4edge.dat
1 16 0 -8 -40 2 0 0 0 1 0 0 0 2 4-4ring3.dat
1 16 0 -8 -40 8 0 0 0 16 0 0 0 8 4-4ndis.dat
0 BFC INVERTNEXT
1 16 6 -9 -40 0 1 0 0 0 -1 -8 0 0 box2-5.dat
2 24 -9 -8 -48 -9 -8 -32
2 24 -9 -8 -48 -9 -39 -48
2 24 5 -10 -48 3 -18 -48
2 24 0 -25 -48 3 -18 -48
2 24 0 -25 -48 -5 -33 -48
2 24 -9 -39 -48 -5 -33 -48
4 16 1 -25 -48 6 -10 -48 -9 -8 -48 -9 -39 -48
4 16 7 -10 -48 7 -8 -48 -9 -8 -48 5 -10 -48
2 24 -9 -8 -48 7 -8 -48
2 24 -9 -8 -32 -9 -39 -32
2 24 5 -10 -32 3 -18 -32
2 24 0 -25 -32 3 -18 -32
2 24 0 -25 -32 -5 -33 -32
2 24 -9 -39 -32 -5 -33 -32
4 16 -9 -39 -32 -9 -8 -32 6 -10 -32 1 -25 -32
4 16 5 -10 -32 -9 -8 -32 7 -8 -32 7 -10 -32
2 24 -9 -8 -72 -9 -28 -72
2 24 5 -10 -72 3 -18 -72
2 24 0 -25 -72 3 -18 -72
2 24 0 -25 -72 -5 -31 -72
4 16 -9 -28 -72 -9 -8 -72 6 -10 -72 1 -28 -72
4 16 5 -10 -72 -9 -8 -72 7 -8 -72 7 -10 -72
2 24 -9 -8 -72 7 -8 -72
2 24 -9 -8 -32 7 -8 -32
4 16 -8 -8 -48 -8 -8 -32 -9 -8 -32 -9 -8 -48
1 16 0 10 -80 -1 0 0 0 -1 0 0 0 1 peghole.dat
1 16 0 10 -80 -1 0 0 0 -1 0 0 0 1 4-4ring8.dat
0 BFC INVERTNEXT
1 16 0 8 -80 -6 0 0 0 -16 0 0 0 6 4-4cyli.dat
1 16 0 -8 -80 6 0 0 0 16 0 0 0 6 4-4edge.dat
1 16 0 -8 -80 2 0 0 0 1 0 0 0 2 4-4ring3.dat
1 16 0 -8 -80 8 0 0 0 16 0 0 0 8 4-4ndis.dat
0 BFC INVERTNEXT
1 16 6 -9 -80 0 1 0 0 0 -1 -8 0 0 box2-5.dat
2 24 -9 -8 -88 -9 -8 -72
2 24 -9 -8 -88 -9 -28 -88
2 24 5 -10 -88 3 -18 -88
2 24 0 -25 -88 3 -18 -88
2 24 0 -25 -88 -5 -31 -88
4 16 1 -28 -88 6 -10 -88 -9 -8 -88 -9 -28 -88
4 16 -9 -31 -88 -3 -31 -88 -1 -29 -88 1 -25 -88
4 16 1 -25 -72 -1 -29 -72 -3 -31 -72 -9 -31 -72
4 16 7 -10 -88 7 -8 -88 -9 -8 -88 5 -10 -88
2 24 -9 -8 -88 7 -8 -88
4 16 -8 -8 -88 -8 -8 -72 -9 -8 -72 -9 -8 -88
1 16 0 10 0 6.364 0 -6.364 0 -25 0 -6.364 -2.5 -6.364 1-4cyli.dat
1 16 0 10 0 6.364 0 -6.364 0 -25 0 -6.364 -2.5 -6.364 1-4edge.dat
1 16 0 -15 -2.5 -6.364 0 6.364 0 -7 0 -6.364 -0.7 -6.364 3-16cyli.dat
1 16 0 -22 -3.2 -6.364 0 6.364 0 -6 0 -6.364 -0.6 -6.364 1-8cyli.dat
1 16 0 10 -40 6.364 0 -6.364 0 -25 0 6.364 2.5 6.364 1-4cyli.dat
1 16 0 10 -40 6.364 0 -6.364 0 -25 0 6.364 2.5 6.364 1-4edge.dat
1 16 0 -15 -37.5 -6.364 0 6.364 0 -7 0 6.364 0.7 6.364 3-16cyli.dat
1 16 0 -22 -36.8 -6.364 0 6.364 0 -6 0 6.364 0.6 6.364 1-8cyli.dat
2 24 6.363 -8 -8.165 6.363 10 -6.365
2 24 6.363 -8 -31.835 6.363 10 -33.635
2 24 -6.363 -8 -8.165 -6.363 10 -6.365
2 24 -6.363 -8 -31.835 -6.363 10 -33.635
2 24 3.444 -13.838 -10.699 6.363 -8 -8.165
2 24 0 -20.726 -12.072 3.444 -13.838 -10.699
2 24 -3.444 -27.614 -12.077 0 -20.726 -12.072
2 24 -3.637 -28 -11.986 -3.444 -27.614 -12.077
2 24 -3.444 -27.614 -27.923 0 -20.726 -27.927
2 24 -3.637 -28 -28.014 -3.444 -27.614 -27.923
2 24 3.444 -13.838 -29.301 6.363 -8 -31.835
2 24 0 -20.726 -27.927 3.444 -13.838 -29.301
2 24 -3.637 -28 -11.986 -6.363 -8 -8.165
2 24 -3.637 -28 -28.014 -6.363 -8 -31.835
4 16 6.363 -8 -32 6.363 -8 -8 6.363 10 -6.363 6.363 10 -33.637
4 16 6.363 10 -33.637 6.363 10 -6.363 9 10 0 9 10 -40
4 16 -9 10 -40 -9 10 0 -6.363 10 -6.363 -6.363 10 -33.637
4 16 -6.363 10 -33.637 -6.363 10 -6.363 -6.363 -8 -8 -6.363 -8 -32
4 16 -3.637 -28 -30 -3.637 -28 -10 6.363 -8 -8 6.363 -8 -32
4 16 -6.363 -8 -32 -6.363 -8 -8 -3.637 -28 -10 -3.637 -28 -30
5 24 6.363 -8 -32 6.363 -8 -8 6.363 10 -6 -3.637 -28 -30
5 24 -6.363 -8 -8 -6.363 -8 -32 -6.363 10 -34 -3.637 -28 -10
2 24 -3.637 -28 -30 -3.637 -28 -10
2 24 -6.363 10 -33.637 -6.363 10 -6.363
2 24 6.363 10 -33.637 6.363 10 -6.363
1 16 0 10 -40 6.364 0 -6.364 0 -25 0 -6.364 -2.5 -6.364 1-4cyli.dat
1 16 0 10 -40 6.364 0 -6.364 0 -25 0 -6.364 -2.5 -6.364 1-4edge.dat
1 16 0 -15 -42.5 -6.364 0 6.364 0 -7 0 -6.364 -0.7 -6.364 3-16cyli.dat
1 16 0 -22 -43.2 -6.364 0 6.364 0 -6 0 -6.364 -0.6 -6.364 1-8cyli.dat
1 16 0 10 -80 6.364 0 -6.364 0 -25 0 6.364 2.5 6.364 1-4cyli.dat
1 16 0 10 -80 6.364 0 -6.364 0 -25 0 6.364 2.5 6.364 1-4edge.dat
1 16 0 -15 -77.5 -6.364 0 6.364 0 -7 0 6.364 0.7 6.364 3-16cyli.dat
1 16 0 -22 -76.8 -6.364 0 6.364 0 -6 0 6.364 0.6 6.364 1-8cyli.dat
2 24 6.363 -8 -48.165 6.363 10 -46.365
2 24 6.363 -8 -71.835 6.363 10 -73.635
2 24 -6.363 -8 -48.165 -6.363 10 -46.365
2 24 -6.363 -8 -71.835 -6.363 10 -73.635
2 24 3.444 -13.838 -50.699 6.363 -8 -48.165
2 24 0 -20.726 -52.072 3.444 -13.838 -50.699
2 24 -3.444 -27.614 -52.077 0 -20.726 -52.072
2 24 -3.637 -28 -51.986 -3.444 -27.614 -52.077
2 24 -3.444 -27.614 -67.923 0 -20.726 -67.927
2 24 -3.637 -28 -68.014 -3.444 -27.614 -67.923
2 24 3.444 -13.838 -69.301 6.363 -8 -71.835
2 24 0 -20.726 -67.927 3.444 -13.838 -69.301
2 24 -3.637 -28 -51.986 -6.363 -8 -48.165
2 24 -3.637 -28 -68.014 -6.363 -8 -71.835
4 16 6.363 -8 -72 6.363 -8 -48 6.363 10 -46.363 6.363 10 -73.637
4 16 6.363 10 -73.637 6.363 10 -46.363 9 10 -40 9 10 -80
4 16 -9 10 -80 -9 10 -40 -6.363 10 -46.363 -6.363 10 -73.637
4 16 -6.363 10 -73.637 -6.363 10 -46.363 -6.363 -8 -48 -6.363 -8 -72
4 16 -3.637 -28 -70 -3.637 -28 -50 6.363 -8 -48 6.363 -8 -72
4 16 -6.363 -8 -72 -6.363 -8 -48 -3.637 -28 -50 -3.637 -28 -70
5 24 6.363 -8 -72 6.363 -8 -48 6.363 10 -46 -3.637 -28 -70
5 24 -6.363 -8 -48 -6.363 -8 -72 -6.363 10 -74 -3.637 -28 -50
2 24 -3.637 -28 -70 -3.637 -28 -50
2 24 -6.363 10 -73.637 -6.363 10 -46.363
2 24 6.363 10 -73.637 6.363 10 -46.363
1 16 0 0 -110 -1 0 0 0 0 1 0 1 0 peghole.dat
1 16 0 0 -110 -1 0 0 0 0 1 0 1 0 4-4ring8.dat
0 BFC INVERTNEXT
1 16 0 0 -108 -6 0 0 0 0 6 0 16 0 4-4cyli.dat
1 16 0 0 -92 -6 0 0 0 0 6 0 16 0 4-4edge.dat
1 16 0 0 -110 9 0 0 0 0 9 0 18 0 2-4cyli.dat
1 16 0 0 -110 -6.364 0 6.364 -6.364 0 -6.364 0 18 0 1-4cyli.dat
1 16 0 0 -110 -6.364 0 6.364 -6.364 0 -6.364 0 18 0 1-4edge.dat
4 16 -6.363 -6.363 -110 -6.363 -31 -110 -9 -31 -110 -9 0 -110
2 24 -6.363 -6.363 -110 -6.363 -31 -110
2 24 -6.363 -6.363 -92 -6.363 -31 -92
2 24 -6.363 -6.363 -110 -6.363 -6.363 -92
2 24 -6.363 -31 -110 -6.363 -31 -92
2 24 -3 -31 -110 -3 -31 -92
2 24 6.363 -6.363 -110 6.363 -6.363 -92
2 24 6.363 -6.363 -110 5 -13 -110
2 24 1 -24 -110 5 -13 -110
2 24 1 -24 -110 -3 -31 -110
2 24 -6.363 -31 -110 -3 -31 -110
2 24 -6.363 -31 -92 -3 -31 -92
1 16 0 0 -92 -6.364 0 6.364 -6.364 0 -6.364 0 18 0 1-4edge.dat
2 24 6.363 -6.363 -92 5 -13 -92
2 24 1 -24 -92 5 -13 -92
2 24 1 -24 -92 -3 -31 -92
4 16 -6.363 -6.363 -92 -6.363 -31 -92 -6.363 -31 -110 -6.363 -6.363 -110
4 16 -3 -31 -110 -6.363 -31 -110 -6.363 -31 -92 -3 -31 -92
2 24 -9 0 -110 -9 -31 -110
1 16 0 0 -92 -3 0 0 0 0 3 0 -1 0 2-4ring2.dat
1 16 0 0 -92 2 0 0 0 0 -2 0 -1 0 2-4ring3.dat
1 16 -30 -40 -80 0 1 0 0 0 1 1 0 0 peghole.dat
1 16 -20 -40 -89 -9 0 0 0 0 -9 0 9 0 1-4cyls.dat
1 16 -20 -40 -80 0 0 -9 -9 0 0 0 1 -9 1-4edge.dat
1 16 -20 -40 -80 0 0 9 -9 0 0 0 -1 9 1-8edge.dat
1 16 -20 -40 -80 0 -1 9 -9 0 0 0 0 -9 1-8edge.dat
1 16 -20 -40 -89 0 0 -9 -9 0 0 0 18 0 1-4disc.dat
1 16 -20 -40 -89 0 0 -9 -9 0 0 0 18 0 1-4edge.dat
1 16 -30 -40 -80 0 1 0 0 0 1 1 0 0 4-4ring8.dat
0 BFC INVERTNEXT
1 16 -28 -40 -80 0 16 0 0 0 6 6 0 0 4-4cyli.dat
1 16 -12 -40 -80 0 16 0 0 0 6 6 0 0 4-4edge.dat
1 16 -10 -40 -80 0 16 0 0 0 8 8 0 0 2-4edge.dat
1 16 -12 -40 -80 0 16 0 0 0 8 8 0 0 2-4edge.dat
1 16 -10 -40 -80 0 16 0 0 0 9.741 10 0 0 3-16edge.dat
1 16 -12 -40 -80 0 16 0 0 0 12.73 12.73 0 0 1-8edge.dat
1 16 -9 -40 -80 0 16 0 0 0 12.73 12.73 0 0 1-8edge.dat
1 16 -12 -40 -80 0 3 0 0 0 12.73 12.73 0 0 1-8cyli.dat
1 16 -12 -40 -80 0 16 0 0 0 4.243 4.243 0 0 1-8ring2.dat
4 16 -12 -30.999 -70.999 -12 -31 -80 -12 -32.7 -77 -12 -33.999 -73.999
2 24 -12 -31 -92 -12 -31 -71
2 24 -9 -31 -71 -12 -31 -71
2 24 -2 -28 -72 -9 -28 -72
2 24 -2 -28 -88 -9 -28 -88
2 24 -12 -31 -92 -12 -40 -92
2 24 -9 -31 -110 -9 -31 -83.827
2 24 -9 -28 -83.827 -9 -31 -83.827
2 24 -9 -28 -76.173 -9 -31 -76.173
3 16 -9 -31 -72 -9 -39 -70 -9 -8 -72
2 24 -9 -31 -76 -9 -31 -71
2 24 -12 -31 -92 -20 -31 -92
1 16 -10 -40 -80 0 16 0 0 0 9.741 -10 0 0 3-16edge.dat
1 16 -12 -40 -80 0 16 0 -6.364 0 -6.364 -6.364 0 6.364 1-4edge.dat
1 16 -12 -40 -80 0 -8 0 0 0 -9 -9 0 0 2-4cyli.dat
0 BFC INVERTNEXT
1 16 -12 -40 -80 0 2 0 0 0 8 8 0 0 2-4cyli.dat
1 16 -30 -40 -80 0 18 0 -9 0 0 0 0 -9 7-8cyli.dat
1 16 -30 -40 -80 0 18 0 -9 0 0 0 0 -9 7-8edge.dat
1 16 -12 -40 -80 0 18 0 0 0 9 -9 0 0 1-4ndis.dat
1 16 -12 -40 -80 0 18 0 0 0 9 -9 0 0 2-4edge.dat
1 16 -9 -36 -80 0 18 0 8.001 0 8.001 -8.001 0 8.001 1-4edge.dat
1 16 -9 -36 -80 0 9 0 8.001 0 8.001 -8.001 0 8.001 1-4cyli.dat
1 16 -12 -40 -80 0 -1 0 0 0 -2 -2 0 0 4-4ring3.dat
1 16 -12 -40 -80 0 -1 0 0 0 -1 -1 0 0 2-4ring8.dat
1 16 -10 -40 -80 0 -1 0 0 0 2 -2 0 0 1-8ring4.dat
1 16 -10 -40 -80 0 -1 0 0 0 2 2 0 0 1-8ring4.dat
4 16 -10 -32.609 -76.939 -10 -31 -76.173 -10 -32.929 -72.929 -10 -34.343 -74.343
4 16 -10 -32 -80 -10 -31 -80 -10 -31 -76.173 -10 -32.609 -76.939
4 16 -10 -34.343 -85.657 -10 -32.929 -87.071 -10 -31 -83.827 -10 -32.609 -83.061
4 16 -10 -32.609 -83.061 -10 -31 -83.827 -10 -31 -80 -10 -32 -80
2 24 -10 -31 -83.827 -10 -31 -76.173
1 16 0 0 -89 0 0 -9 9 0 0 0 9 0 1-4cyls.dat
1 16 0 0 -89 0 0 9 9 0 0 0 9 0 1-4cyls.dat
1 16 0 0 -110 9 0 0 0 0 9 0 18 0 2-4edge.dat
1 16 0 0 -92 9 0 0 0 0 9 0 18 0 2-4edge.dat
1 16 0 0 -92 -8 0 0 0 0 -8 0 1 0 2-4edge.dat
1 16 0 0 -89 -8 0 0 0 0 -8 0 1 0 2-4edge.dat
1 16 0 0 -89 -8 0 0 0 0 -8 0 1 0 2-4disc.dat
1 16 8.5 0 -90.5 0.5 0 0 0 -1 0 0 0 1.5 rect.dat
1 16 -8.5 0 -90.5 0.5 0 0 0 -1 0 0 0 1.5 rect.dat
0 BFC INVERTNEXT
1 16 0 0 -92 -8 0 0 0 0 -8 0 3 0 2-4cyli.dat
1 16 0 0 -89 9 0 0 0 0 9 0 18 0 2-4edge.dat
1 16 0 10 -80 9 0 0 0 18 0 0 0 -9 2-4edge.dat
1 16 0 0 -80 9 0 0 0 0 9 0 1 -9 2-4edge.dat
1 16 0 0 -89 9 0 0 0 0 9 0 18 0 2-4disc.dat
1 16 -20 -40 -110 -1 0 0 0 0 1 0 1 0 peghole.dat
1 16 -20 -40 -92 6 0 0 0 0 6 0 -1 0 4-4edge.dat
1 16 -20 -40 -92 9 0 0 0 0 9 0 -1 0 1-4ndis.dat
1 16 -20 -40 -92 3 0 0 0 0 3 0 -1 0 3-4ring2.dat
1 16 -20 -40 -92 0 0 2 -2 0 0 0 -1 0 1-4ring3.dat
1 16 -20 -40 -110 -1 0 0 0 0 1 0 1 0 4-4ring8.dat
0 BFC INVERTNEXT
1 16 -20 -40 -108 -6 0 0 0 0 6 0 16 0 4-4cyli.dat
1 16 -20 -40 -110 0 0 -9 9 0 0 0 18 0 5-8cyli.dat
0 BFC INVERTNEXT
1 16 -20 -40 -92 0 0 8 -8 0 0 0 3 0 1-4cyli.dat
1 16 -20 -48.5 -90.5 0 1 0 0.5 0 0 0 0 1.5 rect.dat
1 16 -20 -40 -92 0 0 8 -8 0 0 0 3 0 1-4edge.dat
1 16 -20 -40 -89 0 0 8 -8 0 0 0 3 0 1-4edge.dat
1 16 -20 -40 -89 0 0 8 -8 0 0 0 3 0 1-4disc.dat
1 16 -20 -40 -92 0 0 9 -9 0 0 0 92 0 1-8cyli.dat
4 16 -30 -49 -80 -30 -49 0 -30 -46.363 0 -30 -46.363 -73.637
2 24 -30 -46.363 -73.637 -30 -46.363 0
4 16 -20 -49 -80 -20 -49 0 -30 -49 0 -30 -49 -80
4 16 -30 -46.363 -73.637 -30 -46.363 0 -20 -46.363 0 -20 -46.363 -73.637
2 24 -30 -49 -80 -30 -49 0
1 16 -20 -40 -110 0 0 -9 9 0 0 0 18 0 5-8edge.dat
1 16 -20 -40 -92 0 0 -9 9 0 0 0 18 0 2-4edge.dat
1 16 0 10 -80 9 0 0 0 -10 0 0 0 -9 2-4cyli.dat
4 16 9 10 -80 9 10 0 9 0 0 9 0 -80
4 16 -9 0 -80 -9 0 0 -9 10 0 -9 10 -80
4 16 -9 -8 -110 -9 -8 0 -9 0 0 -9 0 -110
4 16 -9 -31 -110 -9 -31 -88 -9 -8 -88 -9 -8 -110
4 16 -12 -40 -92 -12 -40 -89 -12 -31 -89 -12 -31 -92
4 16 -20 -31 -110 -20 -31 -92 -12 -31 -92 -9 -31 -110
4 16 -9 -31 -110 -12 -31 -92 -10 -31 -83.827 -9 -31 -83.827
4 16 -9 -31 -76.173 -10 -31 -76.173 -12 -31 -71 -9 -31 -71
4 16 -12 -31 -92 -12 -31 -71 -10 -31 -76.173 -10 -31 -84.173
4 16 -9 -39 -70 -9 -39 -48 -9 -8 -48 -9 -8 -72
4 16 -9 -39 -32 -9 -39 -8 -9 -8 -8 -9 -8 -32
1 16 -68.259 0 0 77.259 0 0 0 0 -65.577 0 -70 0 48\1-8cyli.dat
1 16 -68.259 0 -90 77.259 0 0 0 0 -65.577 0 -20 0 48\1-8cyli.dat
1 16 -68.259 0 -70 77.259 0 0 0 0 -65.577 0 -20 0 48\1-16cyli.dat
1 16 -68.259 0 -110 77.259 0 0 0 0 -65.577 0 -110 0 48\1-8edge.dat
2 24 9 10 -80 9 10 0
2 24 -9 10 -80 -9 10 0
1 16 -68.259 0 -110 77.259 0 0 0 0 -65.577 0 -110 0 48\1-12edge.dat
4 16 0 -9 -92 -3 -31 -92 -7 -31 -92 -7 -6 -92
4 16 7 -5 -92 3 -21 -92 -3 -31 -92 0 -9 -92
4 16 5 -13 -110 5 -13 -92 6.363 -6.363 -92 6.363 -6.363 -110
4 16 1 -24 -110 1 -24 -92 5 -13 -92 5 -13 -110
4 16 -3 -31 -110 -3 -31 -92 1 -24 -92 1 -24 -110
5 24 5 -13 -92 5 -13 -110 6.363 -6.363 -110 1 -24 -92
5 24 1 -24 -92 1 -24 -110 5 -13 -110 -3 -31 -92
4 16 6.363 -6.363 -110 9 0 -110 8.336 -8.558 -110 5 -13 -110
4 16 5 -13 -110 8.336 -8.558 -110 6.366 -16.971 -110 1 -24 -110
4 16 1 -24 -110 6.366 -16.971 -110 3.121 -25.096 -110 -1.352 -32.789 -110
3 16 1 -24 -110 -1.352 -32.789 -110 -3 -31 -110
2 24 -20 -31 -110 -9 -31 -110
4 16 -20 -31 -110 -3 -31 -110 -5 -33.637 -110 -13.637 -33.637 -110
2 24 -5 -33.637 -93 -11 -40 -93
2 24 -13.637 -33.637 -93 -5 -33.637 -93
1 16 -20 -40 -93 9 0 0 0 0 9 0 18 0 1-8edge.dat
2 24 -13.637 -33.637 -110 -5 -33.637 -110
1 16 -20 -40 -110 9 0 0 0 0 9 0 18 0 1-8edge.dat
1 16 -20 -40 -110 9 0 0 0 0 9 0 17 0 1-8cyli.dat
4 16 -13.637 -33.637 -110 -5 -33.637 -110 -5 -33.637 -93 -13.637 -33.637 -93
4 16 -5 -33.637 -110 -11 -40 -110 -11 -40 -93 -5 -33.637 -93
2 24 -13.637 -33.637 -110 -13.637 -33.637 -93
2 24 -5 -33.637 -110 -5 -33.637 -92
2 24 -11 -40 -110 -11 -40 -92
3 16 -11 -41 -93 -15 -33 -93 -4 -33 -93
2 24 -5 -33.637 -110 -11 -40 -110
4 16 -3 -31 -110 -1.352 -32.789 -110 -6.961 -39.923 -110 -5 -33.637 -110
4 16 -5 -33.637 -110 -6.961 -39.923 -110 -13.629 -46.37 -110 -11 -40 -110
2 24 -10 -42.861 -72 -10 -40 -72
2 24 -10 -42.861 -70 -10 -40 -70
2 24 -10 -42.861 -90 -10 -40 -90
2 24 -12 -44.795 -72 -12 -40 -72
4 16 -10 -40 -72 -10 -40 -70 -10 -42.861 -70 -10 -42.861 -72
4 16 -12 -40 -74 -12 -40 -72 -12 -44.795 -72 -12 -44.795 -74
4 16 -12 -40 -72 -10 -40 -72 -10 -42.861 -72 -12 -44.795 -72
5 24 -13.629 -46.37 -70 -13.629 -46.37 -74 -21.224 -52.029 -70 -6.961 -39.923 -70
3 16 -10 -42.861 -71.183 -12 -44.795 -72 -10 -42.861 -72
4 16 -13.629 -46.37 -70 -13.629 -46.37 -74 -12 -44.795 -72.6 -12 -44.795 -72
3 16 -13.629 -46.37 -70 -10 -42.861 -71.183 -10 -42.861 -70
3 16 -13.629 -46.37 -70 -12 -44.795 -72 -10 -42.861 -71.183
2 24 -10 -42.861 -72 -10 -42.861 -70
2 24 -12 -44.795 -72.6 -12 -44.795 -72
2 24 -12 -44.795 -72.6 -12 -46.395 -73.7
2 24 -12 -44.795 -72.6 -13.65 -46.395 -73.6
2 24 -12 -44.795 -87.4 -13.65 -46.395 -86.4
2 24 -12 -44.795 -72 -10 -42.861 -72
2 24 -10 -42.861 -88 -10 -40 -88
2 24 -12 -44.795 -88 -12 -40 -88
4 16 -10 -42.861 -88 -10 -42.861 -90 -10 -40 -90 -10 -40 -88
4 16 -12 -44.795 -86 -12 -44.795 -88 -12 -40 -88 -12 -40 -86
4 16 -12 -44.795 -88 -10 -42.861 -88 -10 -40 -88 -12 -40 -88
5 24 -13.629 -46.37 -90 -13.629 -46.37 -86 -21.224 -52.029 -90 -6.961 -39.923 -90
3 16 -10 -42.861 -88 -12 -44.795 -88 -10 -42.861 -88.817
4 16 -12 -44.795 -88 -12 -44.795 -87.4 -13.629 -46.37 -86 -13.629 -46.37 -90
3 16 -10 -42.861 -90 -10 -42.861 -88.817 -13.629 -46.37 -90
3 16 -10 -42.861 -88.817 -12 -44.795 -88 -13.629 -46.37 -90
2 24 -10 -42.861 -88 -10 -42.861 -90
2 24 -12 -44.795 -87.4 -12 -44.795 -88
2 24 -12 -44.795 -87.4 -12 -46.395 -86.3
2 24 -12 -44.795 -88 -10 -42.861 -88
2 24 -1.352 -32.789 -86.574 -0.312 -31 -83.827
2 24 -0.312 -31 -83.827 1.432 -28 -83.827
2 24 1.433 -27.999 -83.827 1.876 -27.238 -80
2 24 -6.961 -39.923 -89.984 -4.091 -36.272 -89.239
2 24 -4.091 -36.272 -89.239 -1.607 -33.112 -87.071
2 24 -1.607 -33.112 -87.071 -1.352 -32.789 -86.574
2 24 -10 -42.861 -90 -7.041 -40 -90
2 24 -7.041 -40 -90 -6.961 -39.923 -89.984
2 24 -0.312 -31 -76.173 -1.352 -32.789 -73.426
2 24 -0.312 -31 -76.173 1.432 -28 -76.173
2 24 1.876 -27.238 -80 1.433 -27.999 -76.173
2 24 -6.961 -39.923 -70.016 -4.091 -36.272 -70.761
2 24 -4.091 -36.272 -70.761 -1.607 -33.112 -72.929
2 24 -1.352 -32.789 -73.426 -1.607 -33.112 -72.929
2 24 -10 -42.861 -70 -7.041 -40 -70
2 24 -7.041 -40 -70 -6.961 -39.923 -70.016
5 24 3.121 -25.096 -80 3.121 -25.096 -90 -1.352 -32.789 -80 6.366 -16.971 -80
5 24 -1.352 -32.789 -86.574 -1.352 -32.789 -90 -6.961 -39.923 -80 3.121 -25.096 -80
5 24 -6.961 -39.923 -89.984 -6.961 -39.923 -90 -13.629 -46.37 -80 -1.352 -32.789 -80
5 24 3.121 -25.096 -70 3.121 -25.096 -80 -1.352 -32.789 -70 6.366 -16.971 -70
5 24 -1.352 -32.789 -70 -1.352 -32.789 -73.426 -6.961 -39.923 -70 3.121 -25.096 -70
5 24 -6.961 -39.923 -70 -6.961 -39.923 -70.016 -13.629 -46.37 -70 -1.352 -32.789 -70
4 16 -1.352 -32.789 -90 3.121 -25.096 -90 1.432 -28 -83.827 -0.312 -31 -83.827
3 16 -0.312 -31 -83.827 -1.352 -32.789 -86.574 -1.352 -32.789 -90
3 16 3.121 -25.096 -80 1.876 -27.238 -80 1.432 -28 -83.827
3 16 3.121 -25.096 -80 1.432 -28 -83.827 3.121 -25.096 -90
4 16 -4.091 -36.272 -89.239 -6.961 -39.923 -89.984 -6.961 -39.923 -90 -1.352 -32.789 -90
3 16 -1.607 -33.112 -87.071 -4.091 -36.272 -89.239 -1.352 -32.789 -90
3 16 -1.352 -32.789 -90 -1.352 -32.789 -86.574 -1.607 -33.112 -87.071
4 16 -0.312 -31 -76.173 1.432 -28 -76.173 3.121 -25.096 -70 -1.352 -32.789 -70
3 16 -1.352 -32.789 -70 -1.352 -32.789 -73.426 -0.312 -31 -76.173
3 16 3.121 -25.096 -80 3.121 -25.096 -70 1.432 -28 -76.173
3 16 1.432 -28 -76.173 1.876 -27.238 -80 3.121 -25.096 -80
3 16 -1.607 -33.112 -72.929 -1.352 -32.789 -73.426 -1.352 -32.789 -70
4 16 -4.091 -36.272 -70.761 -1.352 -32.789 -70 -6.961 -39.923 -70 -6.961 -39.923 -70.016
3 16 -4.091 -36.272 -70.761 -1.607 -33.112 -72.929 -1.352 -32.789 -70
3 16 -7.041 -40 -70 -10 -42.861 -70 -10 -40 -70
5 24 -7.041 -40 -90 -10 -40 -90 0 -44.035 -90 0 -36.272 -89.239
5 24 -4.091 -36.272 -89.239 -10 -36.272 -89.239 0 -40 -90 0 -33.112 -87.071
5 24 -1.607 -33.112 -87.071 -10 -33.112 -87.071 0 -36.272 -89.239 0 -31 -83.827
5 24 -0.312 -31 -83.827 -10 -31 -83.827 0 -33.112 -87.071 0 -29.456 -80
5 24 -7.041 -40 -70 -10 -40 -70 0 -44.035 -70 0 -36.272 -70.761
5 24 -4.091 -36.272 -70.761 -10 -36.272 -70.761 0 -40 -70 0 -33.112 -72.929
5 24 -1.607 -33.112 -72.929 -10 -33.112 -72.929 0 -36.272 -70.761 0 -31 -76.173
5 24 -0.312 -31 -76.173 -10 -31 -76.173 0 -33.112 -72.929 0 -29.456 -80
2 24 -10 -31 -76.173 -0.312 -31 -76.173
2 24 -9 -28 -76.173 1.432 -28 -76.173
2 24 -10 -31 -83.827 -0.312 -31 -83.827
2 24 -9 -28 -83.827 1.432 -28 -83.827
2 24 -9 -27.999 -76.173 -9 -27.238 -80
2 24 -9 -27.238 -80 -9 -27.999 -83.827
5 24 1.876 -27.238 -80 -9 -27.238 -80 6 -27.999 -76.173 6 -27.999 -83.827
3 16 -10 -42.861 -90 -7.041 -40 -90 -10 -40 -90
4 16 -6.961 -39.923 -89.984 -4.091 -36.272 -89.239 -10 -36.272 -89.239 -10 -40 -90
3 16 -10 -40 -90 -7.041 -40 -90 -6.961 -39.923 -89.984
4 16 -4.091 -36.272 -89.239 -1.607 -33.112 -87.071 -10 -33.112 -87.071 -10 -36.272 -89.239
4 16 -10 -31 -83.827 -10 -33.112 -87.071 -1.607 -33.112 -87.071 -1.352 -32.789 -86.574
3 16 -1.352 -32.789 -86.574 -0.312 -31 -83.827 -10 -31 -83.827
4 16 -10 -40 -70 -10 -36.272 -70.761 -4.091 -36.272 -70.761 -6.961 -39.923 -70.016
3 16 -6.961 -39.923 -70.016 -7.041 -40 -70 -10 -40 -70
4 16 -10 -36.272 -70.761 -10 -33.112 -72.929 -1.607 -33.112 -72.929 -4.091 -36.272 -70.761
4 16 -10 -33.112 -72.929 -10 -31 -76.173 -0.312 -31 -76.173 -1.352 -32.789 -73.426
3 16 -1.352 -32.789 -73.426 -1.607 -33.112 -72.929 -10 -33.112 -72.929
4 16 1.432 -28 -76.173 -0.312 -31 -76.173 -9 -31 -76.173 -9 -28 -76.173
4 16 -0.312 -31 -83.827 1.432 -28 -83.827 -9 -28 -83.827 -9 -31 -83.827
4 16 1.876 -27.238 -80 1.433 -27.999 -76.173 -9 -27.999 -76.173 -9 -27.238 -80
4 16 1.433 -27.999 -83.827 1.876 -27.238 -80 -9 -27.238 -80 -9 -27.999 -83.827
4 16 5 -10 -8 3 -18 -8 3 -18 0 5 -10 0
4 16 5 -10 -48 3 -18 -48 3 -18 -32 5 -10 -32
4 16 5 -10 -88 3 -18 -88 3 -18 -72 5 -10 -72
4 16 3 -18 -72 0 -25 -72 0 -25 0 3 -18 0
4 16 0 -25 -72 -5 -33 -69 -5 -33 0 0 -25 0
4 16 -5 -33 -69 -9 -39 -69 -9 -39 0 -5 -33 0
4 16 -9 -39 -69 -16 -45 -73 -16 -45 0 -9 -39 0
4 16 -16 -45 -73 -20 -46.363 -74 -20 -46.363 0 -16 -45 0
5 24 3 -18 -72 3 -18 0 0 -25 -72 5 -10 -72
5 24 3 -18 -8 3 -18 0 0 -25 -72 5 -10 -72
5 24 3 -18 -48 3 -18 -32 0 -25 -104 5 -10 -104
5 24 0 -25 -72 0 -25 0 -5 -33 -72 3 -18 -72
5 24 -5 -33 -69 -5 -33 0 -9 -39 -72 0 -25 -72
5 24 -9 -39 -69 -9 -39 0 -16 -45 -72 -5 -33 -72
5 24 -16 -45 -73 -16 -45 0 -20 -46.363 -72 -9 -39 -72
5 24 -20 -46.363 -74 -20 -46.363 0 -30 -46.363 -72 -16 -45 -72
4 16 3 -18 -88 0 -25 -88 0 -25 -72 3 -18 -72
4 16 0 -25 -88 -5 -31 -88 -5 -31 -87 0 -25 -81
4 16 0 -25 -79 -5 -31 -73 -5 -31 -72 0 -25 -72
5 24 3 -18 -88 3 -18 -72 0 -25 -88 5 -10 -88
5 24 0 -25 -88 0 -25 -72 -5 -33 -88 3 -18 -88
5 24 -5 -33 -88 -5 -33 -72 -9 -39 -88 0 -25 -88
4 16 -9 -27.999 -76.173 -9 -31 -76.173 -9 -31 -72 -9 -27.999 -71.999
4 16 -9 -27.238 -80 -9 -27.999 -76.173 -9 -27.999 -71.999 -9 -25.546 -75.67
4 16 -9 -25.546 -84.33 -9 -27.238 -80 -9 -25.546 -75.67 -9 -24.685 -80
4 16 -9 -28 -88 -9 -28 -83.827 -9 -27.238 -80 -9 -25.546 -84.33
4 16 -9 -31 -88 -9 -31 -83.827 -9 -28 -83.827 -9 -28 -88
2 24 -2.498 -27.998 -88 -0.455 -25.546 -84.33
2 24 0 -25 -81.586 0.135 -24.685 -80
2 24 -0.455 -25.546 -84.33 0 -25 -81.586
2 24 0 -25 -78.414 -0.455 -25.546 -75.67
2 24 0.135 -24.685 -80 0 -25 -78.414
2 24 -0.455 -25.546 -75.67 -2.498 -27.998 -72
4 16 -12 -43 -72 -12 -43 -67.27 -12 -40 -67.27 -12 -40 -71
4 16 -10 -40 -67.27 -12 -40 -67.27 -12 -42 -67.27 -10 -42 -67.27
2 24 -12 -43 -71.597 -12 -40 -71
2 24 -12 -41.571 -71.524 -12 -41.571 -67.27
2 24 -12 -40 -67.27 -12 -41.571 -67.27
2 24 -12 -41.571 -67.27 -10.167 -40 -67.27
2 24 -10.167 -40 -67.27 -9 -39 -67.469
2 24 -14.185 -43.444 -71.685 -12 -41.571 -71.312
2 24 -16 -45 -72.725 -14.185 -43.444 -71.685
2 24 -20 -46.363 -73.635 -16 -45 -72.725
4 16 -12 -41.571 -71.524 -16 -45 -73.524 -16 -45 -72.27 -12 -41.571 -70.27
0
