0 ~Duplo Tyre 25/ 53 x 19 - 1/20
0 Name: s\6292s01.dat
0 Author: Philippe Hurbain [Philo]
0 !LDRAW_ORG Subpart UPDATE 2018-01
0 !LICENSE Redistributable under CCAL version 2.0 : see CAreadme.txt

0 BFC CERTIFY CCW

0 !HISTORY 2018-01-30 [PTadmin] Official Update 2018-01

2 24 1.7 -56.484 -3.5 3.3 -56.2598 -4.4
2 24 1.7 -56.484 -3.5 0 -56.6395 -3.3
2 24 0 -56.6395 -3.3 -1.7 -56.484 -3.5
2 24 -3.3 -56.2598 -4.4 -1.7 -56.484 -3.5
2 24 -4.2 -56.0252 -5.9 -3.3 -56.2598 -4.4
2 24 -4.2559 -54.0653 -23.8 -4.2 -56.0252 -5.9
2 24 4.2 -56.0252 -5.9 3.3 -56.2598 -4.4
2 24 4.2559 -54.0653 -23.8 4.2 -56.0252 -5.9
4 16 -7.3385 -46.3226 -31 -4.2784 -46.5635 -31 -4.275 -49.7638 -29.9 -7.8395 -49.4831 -29.9
4 16 -7.8395 -49.4831 -29.9 -4.275 -49.7638 -29.9 -4.2672 -52.5644 -27.4 -8.2779 -52.2486 -27.4
4 16 -8.2779 -52.2486 -27.4 -4.2672 -52.5644 -27.4 -4.2559 -54.0653 -23.8 -8.5128 -53.7301 -23.8
4 16 -8.5128 -53.7301 -23.8 -4.2559 -54.0653 -23.8 -4.2 -56.0252 -5.9 -8.9199 -56.298 0
4 16 -1.7 -56.484 -3.5 0 -56.6395 -3.3 -0.0015 -57.0001 0 -8.9199 -56.298 0
3 16 -3.3 -56.2598 -4.4 -1.7 -56.484 -3.5 -8.9199 -56.298 0
3 16 -4.2 -56.0252 -5.9 -3.3 -56.2598 -4.4 -8.9199 -56.298 0
4 16 4.275 -49.7638 -29.9 4.2784 -46.5635 -31 7.3352 -46.3231 -31 7.8353 -49.4838 -29.9
2 24 1.7 -54.5527 -3.5152 3.3 -54.3525 -4.4205
2 24 1.7 -54.5527 -3.5152 0 -54.6022 -3.2917
2 24 0 -54.6022 -3.2917 -1.7 -54.5527 -3.5152
2 24 -3.3 -54.3525 -4.4205 -1.7 -54.5527 -3.5152
2 24 -4.2 -54.0252 -5.9 -3.3 -54.3525 -4.4205
2 24 -4.2559 -50.0653 -23.8 -4.2 -54.0252 -5.9
2 24 4.2 -54.0252 -5.9 3.3 -54.3525 -4.4205
2 24 4.2559 -50.0653 -23.8 4.2 -54.0252 -5.9
4 16 4.2672 -52.5644 -27.4 4.275 -49.7638 -29.9 7.8353 -49.4838 -29.9 8.2729 -52.2494 -27.4
4 16 4.2559 -54.0653 -23.8 4.2672 -52.5644 -27.4 8.2729 -52.2494 -27.4 8.5074 -53.731 -23.8
4 16 4.2 -56.0252 -5.9 4.2559 -54.0653 -23.8 8.5074 -53.731 -23.8 8.9138 -56.299 0
4 16 -0.0015 -57.0001 0 0 -56.6395 -3.3 1.7 -56.484 -3.5 8.9138 -56.299 0
3 16 1.7 -56.484 -3.5 3.3 -56.2598 -4.4 8.9138 -56.299 0
3 16 3.3 -56.2598 -4.4 4.2 -56.0252 -5.9 8.9138 -56.299 0
4 16 4.275 -45.7638 -29.9 -4.275 -45.7638 -29.9 -4.2784 -42.5635 -31 4.2784 -42.5635 -31
4 16 4.2672 -48.5644 -27.4 -4.2672 -48.5644 -27.4 -4.275 -45.7638 -29.9 4.275 -45.7638 -29.9
4 16 -4.2672 -48.5644 -27.4 4.2672 -48.5644 -27.4 4.2559 -50.0653 -23.8 -4.2559 -50.0653 -23.8
4 16 -4.2 -54.0252 -5.9 -4.2559 -50.0653 -23.8 4.2559 -50.0653 -23.8 4.2 -54.0252 -5.9
4 16 -4.2 -54.0252 -5.9 4.2 -54.0252 -5.9 3.3 -54.3525 -4.4205 -3.3 -54.3525 -4.4205
4 16 -1.7 -54.5527 -3.5152 -3.3 -54.3525 -4.4205 3.3 -54.3525 -4.4205 1.7 -54.5527 -3.5152
3 16 0 -54.6022 -3.2917 -1.7 -54.5527 -3.5152 1.7 -54.5527 -3.5152
2 24 -10.5151 -55.5226 3.5 -12.0603 -55.0509 4.4
2 24 -10.5151 -55.5226 3.5 -8.8604 -55.9422 3.3
2 24 -8.8604 -55.9422 3.3 -7.157 -56.0545 3.5
2 24 -5.5416 -56.0834 4.4 -7.157 -56.0545 3.5
2 24 -4.616 -55.9924 5.9 -5.5416 -56.0834 4.4
2 24 -4.2541 -54.0654 23.8 -4.616 -55.9924 5.9
2 24 -3.5624 -49.8199 29.9 -3.0584 -46.6595 31
2 24 -4.0082 -52.5848 27.4 -3.5624 -49.8199 29.9
2 24 -12.9126 -54.6784 5.9 -12.0603 -55.0509 4.4
2 24 -12.6612 -52.7339 23.8 -12.9126 -54.6784 5.9
2 24 -11.5099 -45.321 31 -12.0071 -48.4824 29.9
2 24 -12.4375 -51.2497 27.4 -12.0071 -48.4824 29.9
4 16 -0.0017 -46.9003 31 -3.0584 -46.6595 31 -3.5624 -49.8199 29.9 -0.0021 -50.1003 29.9
4 16 -0.0021 -50.1003 29.9 -3.5624 -49.8199 29.9 -4.0082 -52.5848 27.4 -0.0025 -52.9003 27.4
4 16 -0.0025 -52.9003 27.4 -4.0082 -52.5848 27.4 -4.2541 -54.0654 23.8 -0.0027 -54.4003 23.8
4 16 -0.0027 -54.4003 23.8 -4.2541 -54.0654 23.8 -4.616 -55.9924 5.9 -0.0015 -57.0001 0
4 16 -7.157 -56.0545 3.5 -8.8604 -55.9422 3.3 -8.9199 -56.298 0 -0.0015 -57.0001 0
3 16 -5.5416 -56.0834 4.4 -7.157 -56.0545 3.5 -0.0015 -57.0001 0
3 16 -4.616 -55.9924 5.9 -5.5416 -56.0834 4.4 -0.0015 -57.0001 0
4 16 -12.0071 -48.4824 29.9 -11.5099 -45.321 31 -14.4946 -44.6043 31 -15.4839 -47.6475 29.9
2 24 -10.213 -53.6152 3.5152 -11.762 -53.1671 4.4205
2 24 -10.213 -53.6152 3.5152 -8.5417 -53.9299 3.2917
2 24 -8.5417 -53.9299 3.2917 -6.8549 -54.147 3.5152
2 24 -5.2432 -54.1995 4.4205 -6.8549 -54.147 3.5152
2 24 -4.3031 -54.017 5.9 -5.2432 -54.1995 4.4205
2 24 -3.6284 -50.1147 23.8 -4.3031 -54.017 5.9
2 24 -3.3825 -48.634 27.4 -3.0584 -46.6595 31
2 24 -12.5997 -52.703 5.9 -11.762 -53.1671 4.4205
2 24 -12.0355 -48.7831 23.8 -12.5997 -52.703 5.9
2 24 -11.8118 -47.299 27.4 -11.5099 -45.321 31
4 16 -12.4375 -51.2497 27.4 -12.0071 -48.4824 29.9 -15.4839 -47.6475 29.9 -16.3495 -50.3104 27.4
4 16 -12.6612 -52.7339 23.8 -12.4375 -51.2497 27.4 -16.3495 -50.3104 27.4 -16.8132 -51.7369 23.8
4 16 -12.9126 -54.6784 5.9 -12.6612 -52.7339 23.8 -16.8132 -51.7369 23.8 -17.6155 -54.2098 0
4 16 -8.9199 -56.298 0 -8.8604 -55.9422 3.3 -10.5151 -55.5226 3.5 -17.6155 -54.2098 0
3 16 -10.5151 -55.5226 3.5 -12.0603 -55.0509 4.4 -17.6155 -54.2098 0
3 16 -12.0603 -55.0509 4.4 -12.9126 -54.6784 5.9 -17.6155 -54.2098 0
4 16 -11.8118 -47.299 27.4 -3.3825 -48.634 27.4 -3.0584 -46.6595 31 -11.5099 -45.321 31
4 16 -3.3825 -48.634 27.4 -11.8118 -47.299 27.4 -12.0355 -48.7831 23.8 -3.6284 -50.1147 23.8
4 16 -4.3031 -54.017 5.9 -3.6284 -50.1147 23.8 -12.0355 -48.7831 23.8 -12.5997 -52.703 5.9
4 16 -4.3031 -54.017 5.9 -12.5997 -52.703 5.9 -11.762 -53.1671 4.4205 -5.2432 -54.1995 4.4205
4 16 -6.8549 -54.147 3.5152 -5.2432 -54.1995 4.4205 -11.762 -53.1671 4.4205 -10.213 -53.6152 3.5152
3 16 -8.5417 -53.9299 3.2917 -6.8549 -54.147 3.5152 -10.213 -53.6152 3.5152
1 16 -3.8183 -51.34972 25.6 0.12295 1 0.31285 0.7403 0 1.97535 1.8 0 0 rect2p.dat
4 16 -3.3825 -48.634 27.4 -4.0082 -52.5848 27.4 -3.5624 -49.8199 29.9 -3.0584 -46.6595 31
4 16 -4.616 -55.9924 5.9 -4.2541 -54.0654 23.8 -3.6284 -50.1147 23.8 -4.3031 -54.017 5.9
4 16 -5.5416 -56.0834 4.4 -4.616 -55.9924 5.9 -4.3031 -54.017 5.9 -5.2432 -54.1995 4.4205
4 16 -7.157 -56.0545 3.5 -5.5416 -56.0834 4.4 -5.2432 -54.1995 4.4205 -6.8549 -54.147 3.5152
4 16 -8.8604 -55.9422 3.3 -7.157 -56.0545 3.5 -6.8549 -54.147 3.5152 -8.5417 -53.9299 3.2917
4 16 1.7 -56.484 -3.5 0 -56.6395 -3.3 0 -54.6022 -3.2917 1.7 -54.5527 -3.5152
4 16 3.3 -56.2598 -4.4 1.7 -56.484 -3.5 1.7 -54.5527 -3.5152 3.3 -54.3525 -4.4205
4 16 4.2 -56.0252 -5.9 3.3 -56.2598 -4.4 3.3 -54.3525 -4.4205 4.2 -54.0252 -5.9
4 16 4.2559 -54.0653 -23.8 4.2 -56.0252 -5.9 4.2 -54.0252 -5.9 4.2559 -50.0653 -23.8
1 16 4.26155 -51.31485 -25.6 -0.00565 1 0 -0.75045 0 2 1.8 0 0 rect2p.dat
1 16 4.2711 -49.1641 -28.65 -0.0039 1 0 -1.4003 0 2 1.25 0 0 rect2p.dat
1 16 4.2767 -46.16365 -30.45 0 1 0.0017 2 0 1.60015 0 0 -0.55 rect3.dat
1 16 -12.2365 -50.01642 25.6 -0.11185 -1 0.31285 -0.7421 0 1.97535 -1.8 0 0 rect2p.dat
4 16 -12.0071 -48.4824 29.9 -12.4375 -51.2497 27.4 -11.8118 -47.299 27.4 -11.5099 -45.321 31
4 16 -12.0355 -48.7831 23.8 -12.6612 -52.7339 23.8 -12.9126 -54.6784 5.9 -12.5997 -52.703 5.9
4 16 -12.5997 -52.703 5.9 -12.9126 -54.6784 5.9 -12.0603 -55.0509 4.4 -11.762 -53.1671 4.4205
4 16 -11.762 -53.1671 4.4205 -12.0603 -55.0509 4.4 -10.5151 -55.5226 3.5 -10.213 -53.6152 3.5152
4 16 -10.213 -53.6152 3.5152 -10.5151 -55.5226 3.5 -8.8604 -55.9422 3.3 -8.5417 -53.9299 3.2917
4 16 0 -54.6022 -3.2917 0 -56.6395 -3.3 -1.7 -56.484 -3.5 -1.7 -54.5527 -3.5152
4 16 -1.7 -54.5527 -3.5152 -1.7 -56.484 -3.5 -3.3 -56.2598 -4.4 -3.3 -54.3525 -4.4205
4 16 -3.3 -54.3525 -4.4205 -3.3 -56.2598 -4.4 -4.2 -56.0252 -5.9 -4.2 -54.0252 -5.9
4 16 -4.2 -54.0252 -5.9 -4.2 -56.0252 -5.9 -4.2559 -54.0653 -23.8 -4.2559 -50.0653 -23.8
1 16 -4.26155 -51.31485 -25.6 -0.00565 -1 0 0.75045 0 2 -1.8 0 0 rect2p.dat
1 16 -4.2711 -49.1641 -28.65 -0.0039 -1 0 1.4003 0 2 -1.25 0 0 rect2p.dat
1 16 -4.2767 -46.16365 -30.45 0 -1 -0.0017 -2 0 1.60015 0 0 -0.55 rect3.dat
4 16 -4.2784 -46.5635 -31 -7.3385 -46.3226 -31 -6.6811 -42.183 -31 -4.2784 -42.5635 -31
4 16 4.2784 -42.5635 -31 6.6811 -42.183 -31 7.3352 -46.3231 -31 4.2784 -46.5635 -31
4 16 -3.0584 -46.6595 31 -0.0017 -46.9003 31 -14.4946 -44.6043 31 -11.5099 -45.321 31
2 24 -11.5099 -45.321 31 -3.0584 -46.6595 31
4 16 4.2784 -42.5635 -31 -4.2784 -42.5635 -31 -6.6811 -42.183 -31 6.6811 -42.183 -31
5 24 -7.3385 -46.3226 -31 -4.2784 -46.5635 -31 -4.275 -49.7638 -29.9 -6.6811 -42.183 -31
5 24 -4.275 -49.7638 -29.9 -7.8395 -49.4831 -29.9 -7.3385 -46.3226 -31 -4.2672 -52.5644 -27.4
5 24 -4.2672 -52.5644 -27.4 -8.2779 -52.2486 -27.4 -7.8395 -49.4831 -29.9 -4.2559 -54.0653 -23.8
5 24 -4.2559 -54.0653 -23.8 -8.5128 -53.7301 -23.8 -8.2779 -52.2486 -27.4 -4.2 -56.0252 -5.9
5 24 0 -56.6395 -3.3 -0.0015 -57.0001 0 -1.7 -56.484 -3.5 1.7 -56.484 -3.5
5 24 -0.0015 -57.0001 0 -8.9199 -56.298 0 -1.7 -56.484 -3.5 -7.157 -56.0545 3.5
5 24 4.2784 -46.5635 -31 7.3352 -46.3231 -31 4.275 -49.7638 -29.9 4.2784 -42.5635 -31
5 24 7.8353 -49.4838 -29.9 4.275 -49.7638 -29.9 4.2784 -46.5635 -31 4.2672 -52.5644 -27.4
5 24 8.2729 -52.2494 -27.4 4.2672 -52.5644 -27.4 4.275 -49.7638 -29.9 4.2559 -54.0653 -23.8
5 24 8.5074 -53.731 -23.8 4.2559 -54.0653 -23.8 4.2672 -52.5644 -27.4 4.2 -56.0252 -5.9
5 24 4.275 -45.7638 -29.9 -4.275 -45.7638 -29.9 -4.2784 -42.5635 -31 4.2672 -48.5644 -27.4
5 24 -4.2784 -42.5635 -31 4.2784 -42.5635 -31 4.275 -45.7638 -29.9 -6.6811 -42.183 -31
5 24 4.2672 -48.5644 -27.4 -4.2672 -48.5644 -27.4 -4.275 -45.7638 -29.9 4.2559 -50.0653 -23.8
5 24 4.2559 -50.0653 -23.8 -4.2559 -50.0653 -23.8 -4.2672 -48.5644 -27.4 -4.2 -54.0252 -5.9
5 24 -0.0017 -46.9003 31 -3.0584 -46.6595 31 -3.5624 -49.8199 29.9 -14.4946 -44.6043 31
5 24 -3.5624 -49.8199 29.9 -0.0021 -50.1003 29.9 -0.0017 -46.9003 31 -4.0082 -52.5848 27.4
5 24 -4.0082 -52.5848 27.4 -0.0025 -52.9003 27.4 -0.0021 -50.1003 29.9 -4.2541 -54.0654 23.8
5 24 -4.2541 -54.0654 23.8 -0.0027 -54.4003 23.8 -0.0025 -52.9003 27.4 -4.616 -55.9924 5.9
5 24 -8.8604 -55.9422 3.3 -8.9199 -56.298 0 -7.157 -56.0545 3.5 -10.5151 -55.5226 3.5
5 24 -11.5099 -45.321 31 -14.4946 -44.6043 31 -12.0071 -48.4824 29.9 -3.0584 -46.6595 31
5 24 -15.4839 -47.6475 29.9 -12.0071 -48.4824 29.9 -11.5099 -45.321 31 -12.4375 -51.2497 27.4
5 24 -16.3495 -50.3104 27.4 -12.4375 -51.2497 27.4 -12.0071 -48.4824 29.9 -12.6612 -52.7339 23.8
5 24 -16.8132 -51.7369 23.8 -12.6612 -52.7339 23.8 -12.4375 -51.2497 27.4 -12.9126 -54.6784 5.9
5 24 -11.8118 -47.299 27.4 -3.3825 -48.634 27.4 -3.0584 -46.6595 31 -12.0355 -48.7831 23.8
5 24 -12.0355 -48.7831 23.8 -3.6284 -50.1147 23.8 -3.3825 -48.634 27.4 -4.3031 -54.017 5.9
5 24 -4.3031 -54.017 5.9 -4.616 -55.9924 5.9 -4.2541 -54.0654 23.8 -5.5416 -56.0834 4.4
5 24 -5.2432 -54.1995 4.4205 -5.5416 -56.0834 4.4 -4.616 -55.9924 5.9 -7.157 -56.0545 3.5
5 24 -6.8549 -54.147 3.5152 -7.157 -56.0545 3.5 -5.5416 -56.0834 4.4 -8.8604 -55.9422 3.3
5 24 -8.5417 -53.9299 3.2917 -8.8604 -55.9422 3.3 -7.157 -56.0545 3.5 -10.213 -53.6152 3.5152
5 24 0 -56.6395 -3.3 0 -54.6022 -3.2917 1.7 -56.484 -3.5 -1.7 -56.484 -3.5
5 24 1.7 -54.5527 -3.5152 1.7 -56.484 -3.5 0 -56.6395 -3.3 3.3 -56.2598 -4.4
5 24 3.3 -54.3525 -4.4205 3.3 -56.2598 -4.4 1.7 -56.484 -3.5 4.2 -56.0252 -5.9
5 24 4.2 -54.0252 -5.9 4.2 -56.0252 -5.9 3.3 -56.2598 -4.4 4.2559 -54.0653 -23.8
5 24 -12.9126 -54.6784 5.9 -12.5997 -52.703 5.9 -12.0355 -48.7831 23.8 -12.0603 -55.0509 4.4
5 24 -12.0603 -55.0509 4.4 -11.762 -53.1671 4.4205 -12.5997 -52.703 5.9 -10.5151 -55.5226 3.5
5 24 -10.5151 -55.5226 3.5 -10.213 -53.6152 3.5152 -11.762 -53.1671 4.4205 -8.8604 -55.9422 3.3
5 24 -1.7 -56.484 -3.5 -1.7 -54.5527 -3.5152 0 -54.6022 -3.2917 -3.3 -56.2598 -4.4
5 24 -3.3 -56.2598 -4.4 -3.3 -54.3525 -4.4205 -1.7 -54.5527 -3.5152 -4.2 -56.0252 -5.9
5 24 -4.2 -56.0252 -5.9 -4.2 -54.0252 -5.9 -3.3 -54.3525 -4.4205 -4.2559 -54.0653 -23.8
5 24 -7.8395 -49.4831 -29.9 -7.3385 -46.3226 -31 -4.2784 -46.5635 -31 -11.3121 -48.6492 -29.9
5 24 -8.2779 -52.2486 -27.4 -7.8395 -49.4831 -29.9 -4.275 -49.7638 -29.9 -12.185 -51.3104 -27.4
5 24 -8.5128 -53.7301 -23.8 -8.2779 -52.2486 -27.4 -4.2672 -52.5644 -27.4 -12.6595 -52.7343 -23.8
5 24 -8.9199 -56.298 0 -8.5128 -53.7301 -23.8 -4.2559 -54.0653 -23.8 -13.3183 -54.581 -5.9
5 24 -14.4946 -44.6043 31 -15.4839 -47.6475 29.9 -12.0071 -48.4824 29.9 -17.3273 -43.4308 31
5 24 -15.4839 -47.6475 29.9 -16.3495 -50.3104 27.4 -12.4375 -51.2497 27.4 -18.7832 -46.2807 29.9
5 24 -16.3495 -50.3104 27.4 -16.8132 -51.7369 23.8 -12.6612 -52.7339 23.8 -20.0617 -48.7725 27.4
5 24 -16.8132 -51.7369 23.8 -17.6155 -54.2098 0 -12.9126 -54.6784 5.9 -20.7531 -50.1047 23.8
5 24 -17.6155 -54.2098 0 -8.9199 -56.298 0 -8.8604 -55.9422 3.3 -17.5026 -53.8674 -3.3
