0 Technic Bionicle Thornax Launcher Half  1 x  8 (Tensioned)
0 Name: 64275c01.dat
0 Author: Joerg Sommerer [Brickaneer]
0 !LDRAW_ORG Shortcut UPDATE 2012-01
0 !LICENSE Redistributable under CCAL version 2.0 : see CAreadme.txt

0 BFC CERTIFY CCW

0 !HISTORY 2012-03-30 [PTadmin] Official Update 2012-01

0 // Distance of 60 LDU between two mirrored parts fits ball 16,5 mm (part 54821).

1 16 0 10 0 -9 0 0 0 1 0 0 0 9 2-4edge.dat
1 16 0 10 0 3 0 0 0 -1 0 0 0 3 4-4ring2.dat
1 16 0 -10 0 -9 0 0 0 1 0 0 0 9 2-4edge.dat
1 16 0 -10 0 -3 0 0 0 1 0 0 0 3 4-4ring2.dat
1 16 0 10 0 -9 0 0 0 -20 0 0 0 9 2-4cyli.dat
1 16 0 10 0 1 0 0 0 1 0 0 0 1 axlehol2.dat
1 16 0 10 0 -1 0 0 0 -20 0 0 0 1 axlehole.dat
1 16 0 -10 0 1 0 0 0 1 0 0 0 1 axlehol2.dat
1 16 -9 0 -10 0 1 0 10 0 0 0 0 -10 rect1.dat
1 16 0 0 -20 1 0 0 0 1 0 0 0 1 beamhole.dat
1 16 9 0 -10 0 -1 0 10 0 0 0 0 10 rect1.dat
1 16 0 -10 -20 -9 0 0 0 1 0 0 0 -9 2-4ndis.dat
4 16 -9 -10 -29 -6 -10 -30 6 -10 -30 9 -10 -29
3 16 -9 -10 -29 -9 -10 -30 -6 -10 -30
3 16 6 -10 -30 9 -10 -30 9 -10 -29
2 24 -9 -10 -30 -9 -10 0
2 24 9 -10 0 9 -10 -30
2 24 -9 10 -20 -8.315 10 -23.444
2 24 -8.315 10 -23.444 -6.364 10 -26.364
2 24 -6.364 10 -26.364 -3.444 10 -28.315
2 24 3.444 10 -28.315 6.364 10 -26.364
2 24 6.364 10 -26.364 8.315 10 -23.444
2 24 8.315 10 -23.444 9 10 -20
3 16 -9 -10 -29 -9 -10 -20 -9 10 -20
4 16 -9 10 -20 -9 -8 -38 -9 -10 -30 -9 -10 -29
3 16 -8.315 6.556 -23.444 -9 -8 -38 -9 10 -20
3 16 -8.315 10 -23.444 -8.315 6.556 -23.444 -9 10 -20
4 16 -8.315 10 -23.444 -6.364 10 -26.364 -6.364 3.636 -26.364 -8.315 6.556 -23.444
5 24 -8.315 10 -23.444 -8.315 6.556 -23.444 -9 10 -20 -6.364 10 -26.364
4 16 -6.364 3.636 -26.364 -6 -3 -33 -9 -8 -38 -8.315 6.556 -23.444
4 16 -6.364 3.636 -26.364 -6.364 10 -26.364 -3.444 10 -28.315 -6 3.393 -26.607
5 24 -6.364 10 -26.364 -6.364 3.636 -26.364 -8.315 10 -23.444 -3.444 10 -28.315
3 16 -6 -3 -33 -6.364 3.636 -26.364 -6 3.393 -26.607
3 16 -6 3.393 -26.607 -6 -3 -26.607 -6 -3 -33
2 24 -9 10 -20 -9 -8 -38
2 24 -9 10 -20 -8.315 6.556 -23.444
2 24 -6.364 3.636 -26.364 -8.315 6.556 -23.444
2 24 -6 3.393 -26.607 -6.364 3.636 -26.364
2 24 -6 3.393 -26.607 -6 -3 -33
2 24 -6 3.393 -26.607 -6 -3 -26.607
2 24 -6 -3 -26.607 -6 -3 -33
4 16 -3.444 10 -28.315 -3.444 -3 -28.315 -6 -3 -26.607 -6 3.393 -26.607
1 16 -1.722 3.5 -28.6575 -1.722 0.1951 0 0 0 6.5 0.3425 1 0 rect2p.dat
5 24 -3.444 10 -28.315 -3.444 -3 -28.315 -6 -3 -26.607 0 10 -29
1 16 1.722 3.5 -28.6575 -1.722 -0.1951 0 0 0 6.5 -0.3425 1 0 rect2p.dat
5 24 0 10 -29 0 -3 -29 -3.444 -3 -28.315 3.444 10 -28.315
4 16 6 3.393 -26.607 6 -3 -26.607 3.444 -3 -28.315 3.444 10 -28.315
5 24 3.444 10 -28.315 3.444 -3 -28.315 0 -3 -29 6 3.393 -26.607
2 24 -3.444 -3 -28.315 -6 -3 -26.607
2 24 6 -3 -26.607 3.444 -3 -28.315
3 16 6 -3 -33 6 -3 -26.607 6 3.393 -26.607
3 16 -6 -3 -33 -6 -3 -26.607 -3.444 -3 -28.315
3 16 -3.444 -3 -28.315 0 -3 -29 -6 -3 -33
4 16 0 -3 -29 3.444 -3 -28.315 6 -3 -33 -6 -3 -33
3 16 3.444 -3 -28.315 6 -3 -26.607 6 -3 -33
3 16 6 3.393 -26.607 6.364 3.636 -26.364 6 -3 -33
4 16 6.364 3.636 -26.364 6 3.393 -26.607 3.444 10 -28.315 6.364 10 -26.364
4 16 8.315 6.556 -23.444 6.364 3.636 -26.364 6.364 10 -26.364 8.315 10 -23.444
5 24 6.364 10 -26.364 6.364 3.636 -26.364 3.444 10 -28.315 8.315 6.556 -23.444
2 24 6 3.393 -26.607 6 -3 -26.607
2 24 6 -3 -33 6 -3 -26.607
2 24 6 3.393 -26.607 6 -3 -33
2 24 6 3.393 -26.607 6.364 3.636 -26.364
2 24 8.315 6.556 -23.444 6.364 3.636 -26.364
4 16 8.315 6.556 -23.444 9 -8 -38 6 -3 -33 6.364 3.636 -26.364
3 16 9 10 -20 8.315 6.556 -23.444 8.315 10 -23.444
5 24 8.315 10 -23.444 8.315 6.556 -23.444 6.364 3.636 -26.364 9 10 -20
3 16 9 10 -20 9 -8 -38 8.315 6.556 -23.444
4 16 9 -10 -29 9 -10 -30 9 -8 -38 9 10 -20
3 16 9 10 -20 9 -10 -20 9 -10 -29
2 24 9 10 -20 8.315 6.556 -23.444
2 24 9 10 -20 9 -8 -38
3 16 -9 -8 -38 -9 -13 -33 -9 -10 -30
1 16 -7.5 -11.5 -31.5 0 0 1.5 -1.5 1 0 -1.5 -1 0 rect.dat
3 16 -6 -13 -33 -6 -10 -33 -6 -10 -30
1 16 0 -10 -31.5 -6 0 0 0 1 0 0 0 -1.5 rect3.dat
1 16 0 -11.5 -33 0 0 -6 1.5 0 0 0 -1 0 rect2p.dat
3 16 6 -10 -30 6 -10 -33 6 -13 -33
1 16 7.5 -11.5 -31.5 0 0 1.5 -1.5 1 0 -1.5 -1 0 rect.dat
3 16 9 -10 -30 9 -13 -33 9 -8 -38
2 24 -9 -8 -38 -9 -21 -38
2 24 -9 -21 -33 -9 -13 -33
2 24 9 -21 -33 9 -13 -33
2 24 9 -21 -38 9 -8 -38
4 16 -9 -8 -38 -9 -21 -38 -9 -21 -33 -9 -13 -33
3 16 -9 -21 -33 -6 -13 -33 -9 -13 -33
4 16 -6 -13 -33 -9 -21 -33 9 -21 -33 6 -13 -33
3 16 9 -13 -33 6 -13 -33 9 -21 -33
4 16 9 -13 -33 9 -21 -33 9 -21 -38 9 -8 -38
1 16 0 -21 -35.5 0 0 9 0 1 0 -2.5 0 0 rect.dat
2 24 -6 -8 -38 -9 -8 -38
2 24 9 -8 -38 6 -8 -38
2 24 -8 -8 -38 -8 -15.214 -38
2 24 8 -15.214 -38 8 -8 -38
3 16 -6 -3 -33 -8 -8 -38 -9 -8 -38
4 16 -9 -8 -38 -8 -8 -38 -8 -15.214 -38 -9 -21 -38
4 16 -9 -21 -38 -8 -15.214 -38 8 -15.214 -38 9 -21 -38
4 16 9 -21 -38 8 -15.214 -38 8 -8 -38 9 -8 -38
3 16 9 -8 -38 8 -8 -38 6 -3 -33
3 16 -6 -3 -33 -6 -8 -38 -8 -8 -38
1 16 0 -5.5 -35.5 0 0 6 2.5 -1 0 2.5 1 0 rect1.dat
3 16 8 -8 -38 6 -8 -38 6 -3 -33
2 24 -8 -8 -43 -8 -20.214 -43
2 24 -6 -13 -43 -6 -8 -43
2 24 6 -8 -43 6 -13 -43
2 24 8 -20.214 -43 8 -8 -43
4 16 -8 -8 -43 -8 -20.214 -43 -8 -15.214 -38 -8 -8 -38
1 16 -7 -8 -40.5 1 0 0 0 -1 0 0 0 -2.5 rect3.dat
3 16 -6 -8 -38 -6 -13 -43 -6 -8 -43
1 16 0 -10.5 -40.5 6 0 0 0 -1 -2.5 0 1 -2.5 rect3.dat
3 16 6 -8 -43 6 -13 -43 6 -8 -38
1 16 7 -8 -40.5 1 0 0 0 -1 0 0 0 -2.5 rect3.dat
4 16 8 -8 -38 8 -15.214 -38 8 -20.214 -43 8 -8 -43
1 16 0 -17.714 -40.5 8 0 0 0 1 2.5 0 -1 2.5 rect.dat
4 16 9 -22.571 -43 8 -20.214 -43 -8 -20.214 -43 -9 -22.571 -43
4 16 -9 -22.571 -43 -8 -20.214 -43 -8 -8 -43 -9 -4 -43
4 16 -9 -4 -43 -8 -8 -43 -6 -8 -43 -7.956 -4.515 -43
3 16 -7.956 -4.515 -43 -6 -8 -43 -5.38 -5.388 -43
4 16 -6 -8 -43 -6 -13 -43 -2.713 -5.918 -43 -5.38 -5.388 -43
4 16 0 -6.097 -43 -2.713 -5.918 -43 -6 -13 -43 6 -13 -43
3 16 0 -6.097 -43 6 -13 -43 2.713 -5.918 -43
4 16 5.38 -5.388 -43 2.713 -5.918 -43 6 -13 -43 6 -8 -43
3 16 5.38 -5.388 -43 6 -8 -43 7.956 -4.515 -43
4 16 7.956 -4.515 -43 6 -8 -43 8 -8 -43 9 -4 -43
4 16 9 -4 -43 8 -8 -43 8 -20.214 -43 9 -22.571 -43
1 16 -9 -13.2855 -45.5 0 1 0 0 0 -9.2855 -2.5 0 0 rect.dat
1 16 -8.478 -4.2575 -45.5 -0.522 -2.575 0 0.2575 -5.22 0 0 0 2.5 rect2p.dat
1 16 -6.668 -4.9515 -45.5 -1.288 -1.0912 0 0.4365 -3.22 0 0 0 2.5 rect2p.dat
1 16 -4.0465 -5.653 -45.5 -1.3335 -2.65 0 0.265 -13.335 0 0 0 2.5 rect2p.dat
1 16 -1.3565 -6.0075 -45.5 -1.3565 -0.0688 0 0.0895 -1.0435 0 0 0 2.5 rect2p.dat
1 16 1.3565 -6.0075 -45.5 -1.3565 0.0658 0 -0.0895 -1 0 0 0 2.5 rect2p.dat
1 16 4.0465 -5.653 -45.5 -1.3335 0.1949 0 -0.265 -1 0 0 0 2.5 rect2p.dat
1 16 6.668 -4.9515 -45.5 -1.288 0.321 0 -0.4365 -1 0 0 0 2.5 rect2p.dat
1 16 8.478 -4.2575 -45.5 0 0.4424 0.522 0 -1 0.2575 2.5 0 0 rect3.dat
5 24 -7.956 -4.515 -43 -7.956 -4.515 -48 -9 -4 -48 -5.38 -5.388 -43
5 24 -5.38 -5.388 -43 -5.38 -5.388 -48 -7.956 -4.515 -48 -2.713 -5.918 -43
5 24 -2.713 -5.918 -43 -2.713 -5.918 -48 -5.38 -5.388 -48 0 -6.097 -43
5 24 0 -6.097 -43 0 -6.097 -48 -2.713 -5.918 -48 2.713 -5.918 -43
5 24 2.713 -5.918 -43 2.713 -5.918 -48 0 -6.097 -48 5.38 -5.388 -43
5 24 5.38 -5.388 -43 5.38 -5.388 -48 2.713 -5.918 -48 7.956 -4.515 -43
5 24 7.956 -4.515 -43 7.956 -4.515 -48 5.38 -5.388 -48 9 -4 -43
1 16 9 -13.2855 -45.5 0 -1.0093 0 0 0 -9.2855 2.5 0 0 rect3.dat
1 16 0 -22.571 -45.5 9 0 0 0 1 0 0 0 2.5 rect2p.dat
4 16 -9 -22.571 -48 -8 -20.5 -48 8 -20.5 -48 9 -22.571 -48
4 16 -9 -4 -48 -8 -15.5 -48 -8 -20.5 -48 -9 -22.571 -48
3 16 -8 -15.5 -48 -9 -4 -48 -7.956 -4.515 -48
4 16 -7.956 -4.515 -48 -6 -13.5 -48 -6 -15.5 -48 -8 -15.5 -48
3 16 -6 -13.5 -48 -7.956 -4.515 -48 -5.38 -5.388 -48
3 16 -5.38 -5.388 -48 -2.713 -5.918 -48 -6 -13.5 -48
4 16 -2.713 -5.918 -48 0 -6.097 -48 6 -13.5 -48 -6 -13.5 -48
3 16 0 -6.097 -48 2.713 -5.918 -48 6 -13.5 -48
3 16 6 -13.5 -48 2.713 -5.918 -48 5.38 -5.388 -48
3 16 5.38 -5.388 -48 7.956 -4.515 -48 6 -13.5 -48
4 16 8 -15.5 -48 6 -15.5 -48 6 -13.5 -48 7.956 -4.515 -48
3 16 7.956 -4.515 -48 9 -4 -48 8 -15.5 -48
4 16 9 -22.571 -48 8 -20.5 -48 8 -15.5 -48 9 -4 -48
2 24 -6 -13.5 -48 -6 -15.5 -48
2 24 6 -15.5 -48 6 -13.5 -48
2 24 8 -20.5 -48 8 -15.5 -48
2 24 -8 -20.5 -48 -8 -15.5 -48
0 //
2 24 -8 -15.987 -52.747 -8 -20.986 -52.834
2 24 -6 -13.701 -52.707 -6 -15.987 -52.747
2 24 6 -15.987 -52.747 6 -13.701 -52.707
2 24 8 -20.986 -52.834 8 -15.987 -52.747
4 16 -8 -20.5 -48 -8 -15.5 -48 -8 -15.987 -52.747 -8 -20.986 -52.834
1 16 -7 -15.7435 -50.3735 -1 0 0 0 -0.9948 0.2435 0 0.9999 2.3735 rect.dat
4 16 -6 -15.5 -48 -6 -13.5 -48 -6 -13.701 -52.707 -6 -15.987 -52.747
1 16 0 -13.6005 -50.3535 -6 0 0 0 -0.9991 0.1005 0 1 2.3535 rect.dat
4 16 6 -15.987 -52.747 6 -13.701 -52.707 6 -13.5 -48 6 -15.5 -48
1 16 7 -15.7435 -50.3735 1 0 0 0 -0.9948 -0.2435 0 0.9999 -2.3735 rect.dat
4 16 8 -20.986 -52.834 8 -15.987 -52.747 8 -15.5 -48 8 -20.5 -48
1 16 0 -20.743 -50.417 -8 0 0 0 0.995 -0.243 0 -1 -2.417 rect.dat
2 24 -8 -16.201 -57.767 -8 -21.201 -57.838
2 24 8 -21.201 -57.838 8 -16.201 -57.767
4 16 -9 -23.342 -52.867 -8 -20.986 -52.834 -8 -15.987 -52.747 -9 -7.594 -52.6
3 16 -7.956 -8.109 -52.609 -9 -7.594 -52.6 -8 -15.987 -52.747
4 16 -8 -15.987 -52.747 -6 -15.987 -52.747 -6 -13.701 -52.707 -7.956 -8.109 -52.609
3 16 -5.38 -8.982 -52.634 -7.956 -8.109 -52.609 -6 -13.701 -52.707
3 16 -6 -13.701 -52.707 -2.713 -9.512 -52.634 -5.38 -8.982 -52.634
4 16 -6 -13.701 -52.707 6 -13.701 -52.707 0 -9.691 -52.637 -2.713 -9.512 -52.634
3 16 6 -13.701 -52.707 2.713 -9.512 -52.634 0 -9.691 -52.637
3 16 5.38 -8.982 -52.634 2.713 -9.512 -52.634 6 -13.701 -52.707
3 16 6 -13.701 -52.707 7.956 -8.109 -52.609 5.38 -8.982 -52.634
4 16 7.956 -8.109 -52.609 6 -13.701 -52.707 6 -15.987 -52.747 8 -15.987 -52.747
3 16 8 -15.987 -52.747 9 -7.594 -52.6 7.956 -8.109 -52.609
4 16 9 -7.594 -52.6 8 -15.987 -52.747 8 -20.986 -52.834 9 -23.342 -52.867
4 16 9 -23.342 -52.867 8 -20.986 -52.834 -8 -20.986 -52.834 -9 -23.342 -52.867
1 16 -9 -15.433 -55.2335 0 1 0 -0.035 0 7.874 2.5 0 0.1335 rect.dat
1 16 -8.478 -7.8165 -55.1045 0.522 -2.5756 0 -0.2575 -5.22 0.035 -0.0045 -0.0731 -2.5 rect2p.dat
1 16 -6.668 -8.5105 -55.1165 1.288 -1.0915 0 -0.4365 -3.22 0.035 -0.0075 -0.0451 -2.5 rect2p.dat
1 16 -4.0465 -9.212 -55.1288 1.3335 -2.6507 0 -0.265 -13.335 0.035 -0.005 -0.1867 -2.5 rect2p.dat
1 16 -1.3565 -9.5665 -55.135 1.3565 -0.0688 0 -0.0895 -1.0433 0.035 -0.0015 -0.0146 -2.4995 rect2p.dat
1 16 1.3565 -9.5665 -55.135 1.3565 0.0658 0 0.0895 -0.9999 0.035 0.0015 -0.9986 -2.4995 rect2p.dat
1 16 4.0465 -9.212 -55.1288 1.3335 0.1949 0 0.265 -0.9999 0.035 0.005 -0.9985 -2.4995 rect2p.dat
1 16 6.668 -8.5105 -55.1165 1.288 0.321 0 0.4365 -0.9999 0.035 0.0075 -0.9983 -2.5 rect2p.dat
1 16 8.478 -7.8165 -55.1045 0 0.4424 0.522 -0.035 -0.9999 0.2575 2.5 -0.989 0.0045 rect3.dat
5 24 -7.956 -8.109 -52.609 -7.956 -8.039 -57.609 -9 -7.524 -57.6 -5.38 -8.982 -52.624
5 24 -5.38 -8.982 -52.624 -5.38 -8.912 -57.624 -7.956 -8.039 -57.609 -2.713 -9.512 -52.634
5 24 -2.713 -9.512 -52.634 -2.713 -9.442 -57.633 -5.38 -8.912 -57.624 0 -9.691 -52.637
5 24 0 -9.691 -52.637 0 -9.621 -57.636 -2.713 -9.442 -57.633 2.713 -9.512 -52.634
5 24 2.713 -9.512 -52.634 2.713 -9.442 -57.633 0 -9.621 -57.636 5.38 -8.982 -52.624
5 24 5.38 -8.982 -52.624 5.38 -8.912 -57.624 2.713 -9.442 -57.633 7.956 -8.109 -52.609
5 24 7.956 -8.109 -52.609 7.956 -8.039 -57.609 5.38 -8.912 -57.624 9 -7.594 -52.6
1 16 9 -15.433 -55.2335 0 -1.0097 0 -0.035 0 -7.874 2.5 0 -0.1335 rect3.dat
1 16 0 -23.307 -55.367 -9 0 0 0 5 0.035 0 0.07 -2.5 rect2p.dat
3 16 -9 -7.524 -57.6 -8 -16.201 -57.767 -8 -21.201 -57.838
3 16 -9 -7.524 -57.6 -8 -21.201 -57.838 -9 -23.272 -57.867
3 16 -8 -16.201 -57.767 -9 -7.524 -57.6 -7.956 -8.039 -57.609
3 16 -7.956 -8.039 -57.609 -5.38 -8.912 -57.624 -8 -16.201 -57.767
3 16 -8 -16.201 -57.767 -5.38 -8.912 -57.624 -2.713 -9.442 -57.633
4 16 -8 -16.201 -57.767 -2.713 -9.442 -57.633 0 -9.621 -57.636 8 -16.201 -57.767
3 16 8 -16.201 -57.767 0 -9.621 -57.636 2.713 -9.442 -57.633
3 16 2.713 -9.442 -57.633 5.38 -8.912 -57.624 8 -16.201 -57.767
3 16 8 -16.201 -57.767 5.38 -8.912 -57.624 7.956 -8.039 -57.609
3 16 7.956 -8.039 -57.609 9 -7.524 -57.6 8 -16.201 -57.767
3 16 9 -23.272 -57.867 8 -21.201 -57.838 8 -16.201 -57.767
3 16 9 -23.272 -57.867 8 -16.201 -57.767 9 -7.524 -57.6
4 16 -9 -23.272 -57.867 -8 -21.201 -57.838 8 -21.201 -57.838 9 -23.272 -57.867
0 //
2 24 -8 -16.747 -62.348 -8 -21.744 -62.522
2 24 8 -21.744 -62.522 8 -16.747 -62.348
4 16 -8 -21.201 -57.838 -8 -16.201 -57.767 -8 -16.747 -62.348 -8 -21.744 -62.522
1 16 0 -16.474 -60.0575 -8 0 0 0 -0.993 0.273 0 1 2.2905 rect.dat
4 16 8 -21.744 -62.522 8 -16.747 -62.348 8 -16.201 -57.767 8 -21.201 -57.838
1 16 0 -21.4725 -60.18 -8 0 0 0 0.9933 -0.2715 0 -1 -2.342 rect.dat
2 24 -8 -16.892 -67.388 -8 -21.89 -67.528
2 24 8 -21.89 -67.528 8 -16.892 -67.388
4 16 -9 -24.1 -62.588 -8 -21.744 -62.522 -8 -16.747 -62.348 -9 -9.75 -62.103
3 16 -7.956 -10.265 -62.121 -9 -9.75 -62.103 -8 -16.747 -62.348
3 16 -8 -16.747 -62.348 -5.38 -11.137 -62.152 -7.956 -10.265 -62.121
3 16 -2.713 -11.667 -62.17 -5.38 -11.137 -62.152 -8 -16.747 -62.348
4 16 8 -16.747 -62.348 0 -11.846 -62.176 -2.713 -11.667 -62.17 -8 -16.747 -62.348
3 16 2.713 -11.667 -62.17 0 -11.846 -62.176 8 -16.747 -62.348
3 16 8 -16.747 -62.348 5.38 -11.137 -62.152 2.713 -11.667 -62.17
3 16 7.956 -10.265 -62.121 5.38 -11.137 -62.152 8 -16.747 -62.348
3 16 8 -16.747 -62.348 9 -9.75 -62.103 7.956 -10.265 -62.121
4 16 9 -9.75 -62.103 8 -16.747 -62.348 8 -21.744 -62.522 9 -24.1 -62.588
4 16 9 -24.1 -62.588 8 -21.744 -62.522 -8 -21.744 -62.522 -9 -24.1 -62.588
1 16 -9 -16.855 -64.8445 0 1 0 0.07 0 -7.175 -2.499 0 -0.2425 rect.dat
1 16 -8.478 -9.9375 -64.611 -0.522 -2.5765 0 0.2575 -5.2179 -0.07 0.009 -0.1462 2.499 rect2p.dat
1 16 -6.668 -10.631 -64.6355 -1.288 -1.0906 0 0.436 -3.2187 -0.07 0.0155 -0.0902 2.499 rect2p.dat
1 16 -4.0465 -11.332 -64.66 -1.3335 -2.6515 0 0.265 -13.3297 -0.07 0.009 -0.3734 2.499 rect2p.dat
1 16 -1.3565 -11.6865 -64.672 -1.3565 -0.0689 0 0.0895 -1.043 -0.07 0.003 -0.0292 2.499 rect2p.dat
1 16 1.3565 -11.6865 -64.672 -1.3565 0.0659 0 -0.0895 -0.9996 -0.07 -0.003 -0.9997 2.499 rect2p.dat
1 16 4.0465 -11.332 -64.66 -1.3335 0.195 0 -0.265 -0.9996 -0.07 -0.009 -0.9996 2.499 rect2p.dat
1 16 6.668 -10.631 -64.6355 -1.288 0.3208 0 -0.436 -0.9996 -0.07 -0.0155 -0.9996 2.499 rect2p.dat
1 16 8.478 -9.9375 -64.611 0 0.4426 0.522 -0.07 -0.9996 0.2575 2.499 -0.9972 0.009 rect3.dat
5 24 -7.956 -10.265 -62.121 -7.956 -10.125 -67.119 -9 -9.61 -67.101 -5.38 -11.137 -62.152
5 24 -5.38 -11.137 -62.152 -5.38 -10.997 -67.15 -7.956 -10.125 -67.119 -2.713 -11.667 -62.17
5 24 -2.713 -11.667 -62.17 -2.713 -11.527 -67.168 -5.38 -10.997 -67.15 0 -11.846 -62.176
5 24 0 -11.846 -62.176 0 -11.706 -67.174 -2.713 -11.527 -67.168 2.713 -11.667 -62.17
5 24 2.713 -11.667 -62.17 2.713 -11.527 -67.168 0 -11.706 -67.174 5.38 -11.137 -62.152
5 24 5.38 -11.137 -62.152 5.38 -10.997 -67.15 2.713 -11.527 -67.168 7.956 -10.265 -62.121
5 24 7.956 -10.265 -62.121 7.956 -10.125 -67.119 5.38 -10.997 -67.15 9 -9.75 -62.103
1 16 9 -16.855 -64.8445 0 -1.0111 0 -0.07 0 -7.175 2.499 0 -0.2425 rect3.dat
1 16 0 -24.03 -65.087 9 0 0 0 0.9996 -0.07 0 1 2.499 rect2p.dat
3 16 -9 -23.96 -67.586 -9 -9.61 -67.101 -8 -16.892 -67.388
3 16 -9 -23.96 -67.586 -8 -16.892 -67.388 -8 -21.89 -67.528
3 16 -8 -16.892 -67.388 -9 -9.61 -67.101 -7.956 -10.125 -67.119
3 16 -7.956 -10.125 -67.119 -5.38 -10.997 -67.15 -8 -16.892 -67.388
3 16 -8 -16.892 -67.388 -5.38 -10.997 -67.15 -2.713 -11.527 -67.168
4 16 -8 -16.892 -67.388 -2.713 -11.527 -67.168 0 -11.706 -67.174 8 -16.892 -67.388
3 16 8 -16.892 -67.388 0 -11.706 -67.174 2.713 -11.527 -67.168
3 16 2.713 -11.527 -67.168 5.38 -10.997 -67.15 8 -16.892 -67.388
3 16 8 -16.892 -67.388 5.38 -10.997 -67.15 7.956 -10.125 -67.119
3 16 7.956 -10.125 -67.119 9 -9.61 -67.101 8 -16.892 -67.388
3 16 8 -21.89 -67.528 8 -16.892 -67.388 9 -9.61 -67.101
3 16 8 -21.89 -67.528 9 -9.61 -67.101 9 -23.96 -67.586
4 16 9 -23.96 -67.586 -9 -23.96 -67.586 -8 -21.89 -67.528 8 -21.89 -67.528
0 //
2 24 -8 -17.223 -71.966 -8 -22.216 -72.228
2 24 8 -22.216 -72.228 8 -17.223 -71.966
4 16 -8 -21.89 -67.528 -8 -16.892 -67.388 -8 -17.223 -71.966 -8 -22.216 -72.228
1 16 0 -17.0575 -69.677 -8 0 0 0 -0.9974 0.1655 0 1 2.289 rect.dat
4 16 8 -22.216 -72.228 8 -17.223 -71.966 8 -16.892 -67.388 8 -21.89 -67.528
1 16 0 -22.053 -69.878 -8 0 0 0 0.9976 -0.163 0 -1 -2.35 rect.dat
2 24 -8 -17.295 -77.026 -8 -22.291 -77.236
2 24 8 -22.291 -77.236 8 -17.295 -77.026
3 16 -9 -24.57 -72.327 -8 -22.216 -72.228 -8 -17.223 -71.966
3 16 -9 -24.57 -72.327 -8 -17.223 -71.966 -9 -10.303 -71.604
3 16 -8 -17.223 -71.966 -7.956 -10.818 -71.631 -9 -10.303 -71.604
3 16 -5.38 -11.689 -71.676 -7.956 -10.818 -71.631 -8 -17.223 -71.966
3 16 -8 -17.223 -71.966 -2.713 -12.219 -71.704 -5.38 -11.689 -71.676
4 16 -8 -17.223 -71.966 8 -17.223 -71.966 0 -12.397 -71.713 -2.713 -12.219 -71.704
3 16 8 -17.223 -71.966 2.713 -12.219 -71.704 0 -12.397 -71.713
3 16 5.38 -11.689 -71.676 2.713 -12.219 -71.704 8 -17.223 -71.966
3 16 8 -17.223 -71.966 7.956 -10.818 -71.631 5.38 -11.689 -71.676
3 16 9 -10.303 -71.604 7.956 -10.818 -71.631 8 -17.223 -71.966
3 16 9 -10.303 -71.604 8 -17.223 -71.966 8 -22.216 -72.228
3 16 9 -10.303 -71.604 8 -22.216 -72.228 9 -24.57 -72.327
4 16 9 -24.57 -72.327 8 -22.216 -72.228 -8 -22.216 -72.228 -9 -24.57 -72.327
1 16 -9 -17.3315 -74.4632 0 1 0 0.105 0 -7.1335 -2.4975 0 -0.3615 rect.dat
1 16 -8.478 -10.4555 -74.115 -0.522 -2.5781 0 0.2575 -5.2148 -0.105 0.0135 -0.2192 2.4975 rect2p.dat
1 16 -6.668 -11.1485 -74.1512 -1.288 -1.0903 0 0.4355 -3.2174 -0.105 0.023 -0.1352 2.498 rect2p.dat
1 16 -4.0465 -11.849 -74.188 -1.3335 -2.6538 0 0.265 -13.3243 -0.105 0.014 -0.5601 2.498 rect2p.dat
1 16 -1.3565 -12.203 -74.2065 -1.3565 -0.0686 0 0.089 -1.0426 -0.105 0.0045 -0.0438 2.498 rect2p.dat
1 16 1.3565 -12.203 -74.2065 -1.3565 0.0656 0 -0.089 -0.9991 -0.105 -0.0045 -0.9998 2.498 rect2p.dat
1 16 4.0465 -11.849 -74.188 -1.3335 0.1952 0 -0.265 -0.9991 -0.105 -0.014 -0.9998 2.498 rect2p.dat
1 16 6.668 -11.1485 -74.1512 -1.288 0.3207 0 -0.4355 -0.9991 -0.105 -0.023 -0.9998 2.4975 rect2p.dat
1 16 8.478 -10.4555 -74.115 0 0.4429 0.522 -0.105 -0.9991 0.2575 2.4975 -0.9988 0.0135 rect3.dat
5 24 -7.956 -10.818 -71.631 -7.956 -10.608 -76.626 -9 -10.093 -76.599 -5.38 -11.689 -71.676
5 24 -5.38 -11.689 -71.676 -5.38 -11.479 -76.672 -7.956 -10.608 -76.626 -2.713 -12.219 -71.704
5 24 -2.713 -12.219 -71.704 -2.713 -12.009 -76.7 -5.38 -11.479 -76.672 0 -12.397 -71.713
5 24 0 -12.397 -71.713 0 -12.187 -76.709 -2.713 -12.009 -76.7 2.713 -12.219 -71.704
5 24 2.713 -12.219 -71.704 2.713 -12.009 -76.7 0 -12.187 -76.709 5.38 -11.689 -71.676
5 24 5.38 -11.689 -71.676 5.38 -11.479 -76.672 2.713 -12.009 -76.7 7.956 -10.818 -71.631
5 24 7.956 -10.818 -71.631 7.956 -10.608 -76.626 5.38 -11.479 -76.672 9 -10.303 -71.604
1 16 9 -17.3315 -74.4632 0 -1.0059 0 -0.105 0 -7.1335 2.4975 0 -0.362 rect3.dat
1 16 0 -24.465 -74.825 9 0 0 0 0.9991 -0.105 0 1 2.498 rect2p.dat
3 16 -8 -22.291 -77.236 -9 -24.36 -77.323 -9 -10.093 -76.599
3 16 -8 -22.291 -77.236 -9 -10.093 -76.599 -8 -17.295 -77.026
3 16 -8 -17.295 -77.026 -9 -10.093 -76.599 -7.956 -10.608 -76.626
3 16 -7.956 -10.608 -76.626 -5.38 -11.479 -76.672 -8 -17.295 -77.026
3 16 -8 -17.295 -77.026 -5.38 -11.479 -76.672 -2.713 -12.009 -76.7
4 16 -2.713 -12.009 -76.7 0 -12.187 -76.709 8 -17.295 -77.026 -8 -17.295 -77.026
3 16 8 -17.295 -77.026 0 -12.187 -76.709 2.713 -12.009 -76.7
3 16 2.713 -12.009 -76.7 5.38 -11.479 -76.672 8 -17.295 -77.026
3 16 8 -17.295 -77.026 5.38 -11.479 -76.672 7.956 -10.608 -76.626
3 16 7.956 -10.608 -76.626 9 -10.093 -76.599 8 -17.295 -77.026
3 16 8 -17.295 -77.026 9 -10.093 -76.599 9 -24.36 -77.323
3 16 8 -17.295 -77.026 9 -24.36 -77.323 8 -22.291 -77.236
4 16 8 -22.291 -77.236 9 -24.36 -77.323 -9 -24.36 -77.323 -8 -22.291 -77.236
0 //
2 24 -8 -17.414 -81.594 -8 -22.402 -81.943
2 24 8 -22.402 -81.943 8 -17.414 -81.594
4 16 -8 -22.291 -77.236 -8 -17.295 -77.026 -8 -17.414 -81.594 -8 -22.402 -81.943
1 16 0 -17.3545 -79.31 -8 0 0 0 -0.9997 0.0595 0 1 2.284 rect.dat
4 16 8 -22.402 -81.943 8 -17.414 -81.594 8 -17.295 -77.026 8 -22.291 -77.236
1 16 0 -22.3465 -79.5895 -8 0 0 0 0.9997 -0.0555 0 -1 -2.3535 rect.dat
2 24 -8 -17.415 -86.671 -8 -22.408 -86.951
2 24 8 -22.408 -86.951 8 -17.415 -86.671
3 16 -9 -24.755 -82.075 -8 -22.402 -81.943 -8 -17.414 -81.594
3 16 -9 -24.755 -82.075 -8 -17.414 -81.594 -9 -9.29 -81.026
3 16 -8 -17.414 -81.594 -7.956 -9.804 -81.062 -9 -9.29 -81.026
3 16 -5.38 -10.675 -81.123 -7.956 -9.804 -81.062 -8 -17.414 -81.594
3 16 -8 -17.414 -81.594 -2.713 -11.203 -81.16 -5.38 -10.675 -81.123
4 16 0 -11.382 -81.172 -2.713 -11.203 -81.16 -8 -17.414 -81.594 8 -17.414 -81.594
3 16 8 -17.414 -81.594 2.713 -11.203 -81.16 0 -11.382 -81.172
3 16 5.38 -10.675 -81.123 2.713 -11.203 -81.16 8 -17.414 -81.594
3 16 8 -17.414 -81.594 7.956 -9.804 -81.062 5.38 -10.675 -81.123
3 16 9 -9.29 -81.026 7.956 -9.804 -81.062 8 -17.414 -81.594
3 16 9 -9.29 -81.026 8 -17.414 -81.594 8 -22.402 -81.943
3 16 9 -9.29 -81.026 8 -22.402 -81.943 9 -24.755 -82.075
4 16 9 -24.755 -82.075 8 -22.402 -81.943 -8 -22.402 -81.943 -9 -24.755 -82.075
1 16 -9 -16.8825 -84.0465 0 1 0 -7.7325 0 -0.14 -0.5245 0 2.496 rect.dat
1 16 -8.478 -9.407 -83.54 0.522 -2.576 0 -0.257 -5.2116 0.14 -0.018 -0.2923 -2.496 rect2p.dat
1 16 -6.668 -10.0995 -83.5885 -1.288 -1.0913 0 0.4355 -3.2148 -0.14 0.0305 -0.1803 2.496 rect2p.dat
1 16 -4.0465 -10.799 -83.6375 1.3335 -2.6461 0 -0.264 -13.3137 0.14 -0.0185 -0.7468 -2.496 rect2p.dat
1 16 -1.3565 -11.1525 -83.6622 -1.3565 -0.069 0 0.0895 -1.042 -0.14 0.0065 -0.0584 2.4965 rect2p.dat
1 16 1.3565 -11.1525 -83.6622 1.3565 0.066 0 0.0895 -0.9984 0.14 0.006 -0.9999 -2.4965 rect2p.dat
1 16 4.0465 -10.799 -83.6375 -1.3335 0.1946 0 -0.264 -0.9984 -0.14 -0.0185 -0.9999 2.496 rect2p.dat
1 16 6.668 -10.0995 -83.5885 1.288 0.321 0 0.4355 -0.9984 0.14 0.0305 -0.9999 -2.496 rect2p.dat
1 16 8.478 -9.407 -83.54 0 0.4425 0.522 -0.14 -0.9984 0.257 2.496 -0.9993 0.018 rect3.dat
5 24 -7.956 -9.804 -81.062 -7.956 -9.524 -86.054 -9 -9.29 -81.026 -5.38 -10.395 -86.115
5 24 -5.38 -10.675 -81.123 -5.38 -10.395 -86.115 -7.956 -9.524 -86.054 -2.713 -11.203 -81.16
5 24 -2.713 -11.203 -81.16 -2.713 -10.923 -86.152 -5.38 -10.675 -81.123 0 -11.102 -86.165
5 24 0 -11.382 -81.172 0 -11.102 -86.165 -2.713 -10.923 -86.152 2.713 -11.203 -81.16
5 24 2.713 -11.203 -81.16 2.713 -10.923 -86.152 0 -11.382 -81.172 5.38 -10.395 -86.115
5 24 5.38 -10.675 -81.123 5.38 -10.395 -86.115 2.713 -10.923 -86.152 7.956 -9.804 -81.062
5 24 7.956 -9.804 -81.062 7.956 -9.524 -86.054 5.38 -10.675 -81.123 9 -9.01 -86.018
1 16 9 -16.8825 -84.0465 0 -1.0064 0 -0.14 0 -7.7325 2.496 0 -0.5245 rect3.dat
1 16 0 -24.615 -84.571 9 0 0 0 0.9984 -0.14 0 1 2.496 rect2p.dat
3 16 -8 -17.415 -86.671 -8 -22.408 -86.951 -9 -24.475 -87.067
3 16 -8 -17.415 -86.671 -9 -24.475 -87.067 -9 -9.01 -86.018
3 16 -8 -17.415 -86.671 -9 -9.01 -86.018 -7.956 -9.524 -86.054
3 16 -7.956 -9.524 -86.054 -5.38 -10.395 -86.115 -8 -17.415 -86.671
3 16 -8 -17.415 -86.671 -5.38 -10.395 -86.115 -2.713 -10.923 -86.152
4 16 -8 -17.415 -86.671 -2.713 -10.923 -86.152 0 -11.102 -86.165 8 -17.415 -86.671
3 16 8 -17.415 -86.671 0 -11.102 -86.165 2.713 -10.923 -86.152
3 16 2.713 -10.923 -86.152 5.38 -10.395 -86.115 8 -17.415 -86.671
3 16 8 -17.415 -86.671 5.38 -10.395 -86.115 7.956 -9.524 -86.054
3 16 7.956 -9.524 -86.054 9 -9.01 -86.018 8 -17.415 -86.671
3 16 9 -9.01 -86.018 9 -24.475 -87.067 8 -22.408 -86.951
3 16 9 -9.01 -86.018 8 -22.408 -86.951 8 -17.415 -86.671
4 16 -8 -22.408 -86.951 8 -22.408 -86.951 9 -24.475 -87.067 -9 -24.475 -87.067
0 //
2 24 -8 -17.32 -91.224 -8 -22.301 -91.66
2 24 8 -22.301 -91.66 8 -17.32 -91.224
4 16 -8 -22.408 -86.951 -8 -17.415 -86.671 -8 -17.32 -91.224 -8 -22.301 -91.66
1 16 0 -17.3675 -88.9475 -8 0 0 0 -72.848 -0.0475 0 -1.52 2.2765 rect.dat
4 16 8 -22.301 -91.66 8 -17.32 -91.224 8 -17.415 -86.671 8 -22.408 -86.951
1 16 0 -22.3545 -89.3055 8 0 0 0 0.9997 -0.0535 0 1 2.3545 rect.dat
2 24 -8 -17.249 -96.318 -8 -22.236 -96.668
2 24 8 -22.236 -96.668 8 -17.249 -96.318
3 16 -8 -22.301 -91.66 -8 -17.32 -91.224 -9 -6.682 -90.293
3 16 -8 -22.301 -91.66 -9 -6.682 -90.293 -9 -24.652 -91.825
3 16 -7.956 -7.195 -90.338 -9 -6.682 -90.293 -8 -17.32 -91.224
3 16 -8 -17.32 -91.224 -5.38 -8.064 -90.414 -7.956 -7.195 -90.338
3 16 -2.713 -8.592 -90.461 -5.38 -8.064 -90.414 -8 -17.32 -91.224
4 16 8 -17.32 -91.224 0 -8.771 -90.476 -2.713 -8.592 -90.461 -8 -17.32 -91.224
3 16 2.713 -8.592 -90.461 0 -8.771 -90.476 8 -17.32 -91.224
3 16 8 -17.32 -91.224 5.38 -8.064 -90.414 2.713 -8.592 -90.461
3 16 7.956 -7.195 -90.338 5.38 -8.064 -90.414 8 -17.32 -91.224
3 16 8 -17.32 -91.224 9 -6.682 -90.293 7.956 -7.195 -90.338
3 16 9 -24.652 -91.825 9 -6.682 -90.293 8 -17.32 -91.224
3 16 9 -24.652 -91.825 8 -17.32 -91.224 8 -22.301 -91.66
4 16 8 -22.301 -91.66 -8 -22.301 -91.66 -9 -24.652 -91.825 9 -24.652 -91.825
1 16 -9 -15.492 -93.553 0 1 0 0.175 0 -8.985 -2.494 0 -0.766 rect.dat
1 16 -8.478 -6.7635 -92.8095 -0.522 -2.5746 0 0.2565 -5.2075 -0.175 0.0225 -0.3654 2.494 rect2p.dat
1 16 -6.668 -7.4545 -92.87 -1.288 -1.0903 0 0.4345 -3.2123 -0.175 0.038 -0.2254 2.494 rect2p.dat
1 16 -4.0465 -8.153 -92.9312 -1.3335 -2.6492 0 0.264 -13.3003 -0.175 0.023 -0.9334 2.4935 rect2p.dat
1 16 -1.3565 -8.5065 -92.9622 -1.3565 -0.0691 0 0.0895 -1.041 -0.175 0.008 -0.073 2.494 rect2p.dat
1 16 1.3565 -8.5065 -92.9622 -1.3565 0.0661 0 -0.0895 -0.9975 -0.175 -0.008 -0.9999 2.4935 rect2p.dat
1 16 4.0465 -8.153 -92.9312 -1.3335 0.1949 0 -0.264 -0.9975 -0.175 -0.023 -0.9999 2.494 rect2p.dat
1 16 6.668 -7.4545 -92.87 -1.288 0.3207 0 -0.4345 -0.9975 -0.175 -0.038 -0.9999 2.494 rect2p.dat
1 16 8.478 -6.7635 -92.8095 0 0.4423 0.522 -0.175 -0.9975 0.2565 2.494 -0.9996 0.0225 rect3.dat
5 24 -7.956 -7.195 -90.338 -7.956 -6.845 -95.326 -9 -6.332 -95.281 -5.38 -8.064 -90.414
5 24 -5.38 -8.064 -90.414 -5.38 -7.714 -95.402 -7.956 -6.845 -95.326 -2.713 -8.592 -90.461
5 24 -2.713 -8.592 -90.461 -2.713 -8.242 -95.448 -5.38 -7.714 -95.402 0 -8.771 -90.476
5 24 0 -8.771 -90.476 0 -8.421 -95.464 -2.713 -8.242 -95.448 2.713 -8.592 -90.461
5 24 2.713 -8.592 -90.461 2.713 -8.242 -95.448 0 -8.421 -95.464 5.38 -8.064 -90.414
5 24 5.38 -8.064 -90.414 5.38 -7.714 -95.402 2.713 -8.242 -95.448 7.956 -7.195 -90.338
5 24 7.956 -7.195 -90.338 7.956 -6.845 -95.326 5.38 -7.714 -95.402 9 -6.682 -90.293
1 16 9 -15.492 -93.553 0 -1.0019 0 -0.175 0 -8.985 2.494 0 -0.766 rect3.dat
1 16 0 -24.477 -94.319 9 0 0 0 0.9975 -0.175 0 1 2.494 rect2p.dat
3 16 -8 -22.236 -96.668 -9 -24.302 -96.813 -9 -6.332 -95.281
3 16 -8 -22.236 -96.668 -9 -6.332 -95.281 -8 -17.249 -96.318
3 16 -8 -17.249 -96.318 -9 -6.332 -95.281 -7.956 -6.845 -95.326
3 16 -7.956 -6.845 -95.326 -5.38 -7.714 -95.402 -8 -17.249 -96.318
3 16 -8 -17.249 -96.318 -5.38 -7.714 -95.402 -2.713 -8.242 -95.448
4 16 -8 -17.249 -96.318 -2.713 -8.242 -95.448 0 -8.421 -95.464 8 -17.249 -96.318
3 16 8 -17.249 -96.318 0 -8.421 -95.464 2.713 -8.242 -95.448
3 16 2.713 -8.242 -95.448 5.38 -7.714 -95.402 8 -17.249 -96.318
3 16 8 -17.249 -96.318 5.38 -7.714 -95.402 7.956 -6.845 -95.326
3 16 7.956 -6.845 -95.326 9 -6.332 -95.281 8 -17.249 -96.318
3 16 8 -17.249 -96.318 9 -6.332 -95.281 9 -24.302 -96.813
3 16 8 -17.249 -96.318 9 -24.302 -96.813 8 -22.236 -96.668
4 16 8 -22.236 -96.668 9 -24.302 -96.813 -9 -24.302 -96.813 -8 -22.236 -96.668
0 //
2 24 -8 -16.941 -100.846 -8 -21.914 -101.369
2 24 8 -21.914 -101.369 8 -16.941 -100.846
4 16 -8 -22.236 -96.668 -8 -17.249 -96.318 -8 -16.941 -100.846 -8 -21.914 -101.369
1 16 0 -17.095 -98.582 -8 0 0 0 -18.112 -0.154 0 -1.232 2.264 rect.dat
4 16 8 -21.914 -101.369 8 -16.941 -100.846 8 -17.249 -96.318 8 -22.236 -96.668
1 16 0 -22.075 -99.0185 -8 0 0 0 0.9977 0.161 0 1 -2.3505 rect.dat
3 16 -8 -21.914 -101.369 -8 -16.941 -100.846 -9 -2.379 -99.316
3 16 -8 -21.914 -101.369 -9 -2.379 -99.316 -9 -24.263 -101.567
3 16 -8 -16.941 -100.846 -7.956 -2.891 -99.37 -9 -2.379 -99.316
3 16 -5.38 -3.759 -99.461 -7.956 -2.891 -99.37 -8 -16.941 -100.846
3 16 -8 -16.941 -100.846 -2.713 -4.286 -99.516 -5.38 -3.759 -99.461
4 16 -8 -16.941 -100.846 8 -16.941 -100.846 0 -4.464 -99.535 -2.713 -4.286 -99.516
3 16 8 -16.941 -100.846 2.713 -4.286 -99.516 0 -4.464 -99.535
3 16 5.38 -3.759 -99.461 2.713 -4.286 -99.516 8 -16.941 -100.846
3 16 8 -16.941 -100.846 7.956 -2.891 -99.37 5.38 -3.759 -99.461
3 16 9 -2.379 -99.316 7.956 -2.891 -99.37 8 -16.941 -100.846
3 16 9 -24.263 -101.567 9 -2.379 -99.316 8 -16.941 -100.846
3 16 9 -24.263 -101.567 8 -16.941 -100.846 8 -21.914 -101.369
4 16 8 -21.914 -101.369 -8 -21.914 -101.369 -9 -24.263 -101.567 9 -24.263 -101.567
1 16 -9 -13.111 -102.932 0 1 0 10.942 0 0.21 1.1255 0 -2.491 rect.dat
1 16 -8.478 -2.425 -101.834 -0.522 -2.5735 0 0.256 -5.2012 -0.21 0.027 -0.4385 2.491 rect2p.dat
1 16 -6.668 -3.115 -101.906 1.288 -4.3626 0 -0.434 -12.8336 0.21 -0.0455 -1.0819 -2.491 rect2p.dat
1 16 -4.0465 -3.8125 -101.98 -1.3335 -2.6496 0 0.2635 -13.2897 -0.21 0.028 -1.1201 2.4915 rect2p.dat
1 16 -1.3565 -4.165 -102.017 1.3565 -0.895 0 -0.089 -13.5189 0.21 -0.0095 -1.1395 -2.4915 rect2p.dat
1 16 1.3565 -4.165 -102.017 -1.3565 0.0658 0 -0.089 -0.9965 -0.21 -0.009 -1 2.4915 rect2p.dat
1 16 4.0465 -3.8125 -101.98 1.3335 0.1948 0 0.2635 -0.9965 0.21 0.0275 -1 -2.4915 rect2p.dat
1 16 6.668 -3.115 -101.906 -1.288 0.3208 0 -0.434 -0.9965 -0.21 -0.0455 -1 2.491 rect2p.dat
1 16 8.478 -2.425 -101.834 0 0.4422 0.522 -0.21 -0.9965 0.256 2.491 -0.9997 0.027 rect3.dat
5 24 -7.956 -2.891 -99.37 -7.956 -2.471 -104.352 -9 -1.959 -104.298 -5.38 -3.759 -99.461
5 24 -5.38 -3.759 -99.461 -5.38 -3.339 -104.443 -7.956 -2.891 -99.37 -2.713 -3.866 -104.499
5 24 -2.713 -4.286 -99.516 -2.713 -3.866 -104.499 -5.38 -3.339 -104.443 0 -4.464 -99.535
5 24 0 -4.464 -99.535 0 -4.044 -104.517 -2.713 -4.286 -99.516 2.713 -3.866 -104.499
5 24 2.713 -4.286 -99.516 2.713 -3.866 -104.499 0 -4.044 -104.517 5.38 -3.759 -99.461
5 24 5.38 -3.759 -99.461 5.38 -3.339 -104.443 2.713 -4.286 -99.516 7.956 -2.471 -104.352
5 24 7.956 -2.891 -99.37 7.956 -2.471 -104.352 5.38 -3.339 -104.443 9 -2.379 -99.316
1 16 9 -13.111 -102.932 0 -1.0089 0 -0.21 0 -10.942 2.491 0 -1.1255 rect3.dat
1 16 0 -24.053 -104.058 -9 0 0 0 0.9965 0.21 0 1 -2.491 rect2p.dat
3 16 -9 -23.843 -106.549 -9 -1.959 -104.298 -8 -16.797 -105.956
3 16 -9 -23.843 -106.549 -8 -16.797 -105.956 -8 -21.779 -106.375
3 16 -8 -16.797 -105.956 -9 -1.959 -104.298 -7.956 -2.471 -104.352
3 16 -7.956 -2.471 -104.352 -5.38 -3.339 -104.443 -8 -16.797 -105.956
3 16 -8 -16.797 -105.956 -5.38 -3.339 -104.443 -2.713 -3.866 -104.499
4 16 -8 -16.797 -105.956 -2.713 -3.866 -104.499 0 -4.044 -104.517 8 -16.797 -105.956
3 16 8 -16.797 -105.956 0 -4.044 -104.517 2.713 -3.866 -104.499
3 16 2.713 -3.866 -104.499 5.38 -3.339 -104.443 8 -16.797 -105.956
3 16 8 -16.797 -105.956 5.38 -3.339 -104.443 7.956 -2.471 -104.352
3 16 7.956 -2.471 -104.352 9 -1.959 -104.298 8 -16.797 -105.956
3 16 8 -21.779 -106.375 8 -16.797 -105.956 9 -1.959 -104.298
3 16 8 -21.779 -106.375 9 -1.959 -104.298 9 -23.843 -106.549
4 16 9 -23.843 -106.549 -9 -23.843 -106.549 -8 -21.779 -106.375 8 -21.779 -106.375
0 //
1 16 -8 -19.0188 -108.509 0 1 0 2.491 0 0.269 0.2095 0 -2.344 rect.dat
1 16 0 -16.5275 -108.299 0 0 8 -0.2695 -37.496 0 2.3435 -4.312 0 rect3.dat
1 16 8 -19.0188 -108.509 0 -1.0253 0 -0.2695 0 -2.4915 2.3435 0 -0.21 rect3.dat
1 16 0 -21.51 -108.719 0 0 -8 -0.269 0.9935 0 2.344 1 0 rect1.dat
0 //
2 24 -9 -3.091 -109.534 -9 -16.258 -110.643
2 24 9 -16.258 -110.643 9 -3.091 -109.534
1 16 -8.5 -18.7485 -110.853 0 0 0.5 -2.4925 0.07 0 -0.21 -0.8308 0 rect1.dat
3 16 -9 -3.091 -109.534 -9 -16.258 -110.643 -8 -16.258 -110.643
4 16 -8 -16.258 -110.643 -6 -16.258 -110.643 -6 -3.091 -109.534 -9 -3.091 -109.534
2 24 -9 -3.091 -109.534 -9 -21.241 -111.063
2 24 -6 -16.258 -110.643 -6 -3.091 -109.534
1 16 -7.5 -2.8965 -113.767 -1.5 0 0 0 -25.398 -0.1945 0 -1.167 4.233 rect3.dat
1 16 -7.5 -2.7815 -122 0 0 -1.5 -0.0795 -0.9998 0 -4 0.9998 0 rect2p.dat
1 16 -7.5 -3.142 -129.5 0 0 -1.5 -0.281 -0.9968 0 -3.5 1 0 rect2p.dat
1 16 -7.5 -3.8225 -136 0 0 -1.5 -0.3995 -0.9912 0 -3 1 0 rect2p.dat
1 16 -7.5 -4.6585 -141.449 0 0 -1.5 -0.4365 -0.9845 0 -2.4485 1 0 rect2p.dat
5 24 -6 -2.702 -118 -9 -2.702 -118 -9 -3.091 -109.534 -6 -2.861 -126
5 24 -6 -2.861 -126 -9 -2.861 -126 -9 -2.702 -118 -6 -3.423 -133
5 24 -6 -3.423 -133 -9 -3.423 -133 -9 -2.861 -126 -6 -4.222 -139
5 24 -6 -4.222 -139 -9 -4.222 -139 -9 -3.423 -133 -6 -5.095 -143.897
4 16 -9 -20.048 -113.762 -9 -21.183 -113.202 -9 -21.241 -111.063 -9 -16.258 -110.643
3 16 -9 -17.882 -115.207 -9 -20.048 -113.762 -9 -16.258 -110.643
4 16 -9 -17.882 -115.207 -9 -16.258 -110.643 -9 -3.091 -109.534 -9 -15.925 -116.925
4 16 -9 -15.925 -116.925 -9 -3.091 -109.534 -9 -2.702 -118 -9 -14.207 -118.882
4 16 -9 -14.207 -118.882 -9 -2.702 -118 -9 -2.861 -126 -9 -12.762 -121.048
3 16 -9 -2.861 -126 -9 -11.61 -123.382 -9 -12.762 -121.048
4 16 -9 -11.61 -123.382 -9 -2.861 -126 -9 -3.423 -133 -9 -10.774 -125.849
3 16 -9 -3.423 -133 -9 -10.266 -128.402 -9 -10.774 -125.849
4 16 -9 -10.266 -128.402 -9 -3.423 -133 -9 -4.222 -139 -9 -10.095 -131
4 16 -9 -10.095 -131 -9 -4.222 -139 -9 -5.095 -143.897 -9 -10.095 -144.318
4 16 -9 -21.183 -113.202 -6 -21.183 -113.202 -8 -21.241 -111.063 -9 -21.241 -111.063
3 16 -8 -21.241 -111.063 -6 -21.183 -113.202 -6 -21.241 -111.063
1 16 -7.5 -20.6155 -113.482 1.5 0 0 0 0.4425 -0.5675 0 1 0.28 rect3.dat
1 16 -7.5 -18.965 -114.485 0 0 1.5 1.083 0.555 0 -0.7225 1 0 rect2p.dat
1 16 -7.5 -16.9035 -116.066 0 0 1.5 0.9785 0.6597 0 -0.859 1 0 rect2p.dat
1 16 -7.5 -15.066 -117.903 0 0 1.5 0.859 0.7515 0 -0.9785 1 0 rect2p.dat
1 16 -7.5 -13.4845 -119.965 0 0 1.5 0.7225 0.8319 0 -1.083 1 0 rect2p.dat
1 16 -7.5 -12.186 -122.215 0 0 1.5 0.576 0.8967 0 -1.167 1 0 rect2p.dat
1 16 -7.5 -11.192 -124.616 0 0 1.5 0.418 0.9471 0 -1.2335 1 0 rect2p.dat
1 16 -7.5 -10.52 -127.125 0 0 1.5 0.254 0.9808 0 -1.2765 1 0 rect2p.dat
1 16 -7.5 -10.1805 -129.701 0 0 1.5 0.0855 0.9978 0 -1.299 0.9998 0 rect2p.dat
1 16 -7.5 -10.095 -137.659 -1.5 0 0 0 1 0 0 0 -6.659 rect3.dat
2 24 -9 -21.183 -113.202 -9 -21.241 -111.063
2 24 -9 -10.095 -144.318 -9 -5.095 -143.897
2 24 -6 -21.183 -113.202 -6 -21.241 -111.063
5 24 -9 -20.048 -113.762 -6 -20.048 -113.762 -6 -21.183 -113.202 -9 -17.882 -115.207
5 24 -9 -17.882 -115.207 -6 -17.882 -115.207 -6 -20.048 -113.762 -9 -15.925 -116.925
5 24 -9 -15.925 -116.925 -6 -15.925 -116.925 -6 -17.882 -115.207 -9 -14.207 -118.882
5 24 -9 -14.207 -118.882 -6 -14.207 -118.882 -6 -15.925 -116.925 -9 -12.762 -121.048
5 24 -9 -12.762 -121.048 -6 -12.762 -121.048 -6 -14.207 -118.882 -9 -11.61 -123.382
5 24 -9 -11.61 -123.382 -6 -11.61 -123.382 -6 -12.762 -121.048 -9 -10.774 -125.849
5 24 -9 -10.774 -125.849 -6 -10.774 -125.849 -6 -11.61 -123.382 -9 -10.266 -128.402
5 24 -9 -10.266 -128.402 -6 -10.266 -128.402 -6 -10.774 -125.849 -9 -10.095 -131
5 24 -9 -10.095 -131 -6 -10.095 -131 -6 -10.266 -128.402 -9 -10.095 -144.318
4 16 -6 -20.048 -113.762 -6 -19.048 -112.03 -6 -21.241 -111.063 -6 -21.183 -113.202
4 16 -6 -17.882 -115.207 -6 -16.664 -113.621 -6 -19.048 -112.03 -6 -20.048 -113.762
4 16 -6 -15.925 -116.925 -6 -14.511 -115.511 -6 -16.664 -113.621 -6 -17.882 -115.207
4 16 -6 -14.207 -118.882 -6 -12.621 -117.664 -6 -14.511 -115.511 -6 -15.925 -116.925
4 16 -6 -12.762 -121.048 -6 -11.03 -120.048 -6 -12.621 -117.664 -6 -14.207 -118.882
4 16 -6 -11.61 -123.382 -6 -9.762 -122.617 -6 -11.03 -120.048 -6 -12.762 -121.048
4 16 -6 -10.774 -125.849 -6 -8.842 -125.331 -6 -9.762 -122.617 -6 -11.61 -123.382
4 16 -6 -10.266 -128.402 -6 -8.283 -128.141 -6 -8.842 -125.331 -6 -10.774 -125.849
4 16 -6 -10.095 -131 -6 -8.095 -131 -6 -8.283 -128.141 -6 -10.266 -128.402
4 16 -6 -10.095 -144.318 -6 -8.095 -144.15 -6 -8.095 -131 -6 -10.095 -131
2 24 -6 -8.095 -144.15 -6 -10.095 -144.318
3 16 -6 -16.258 -110.643 -6 -14.838 -111.34 -6 -3.091 -109.534
4 16 -6 -3.091 -109.534 -6 -14.838 -111.34 -6 -12.39 -113.39 -6 -2.702 -118
3 16 -6 -2.702 -118 -6 -12.39 -113.39 -6 -10.24 -115.838
3 16 -6 -10.24 -115.838 -6 -8.432 -118.548 -6 -2.702 -118
4 16 -6 -2.861 -126 -6 -2.702 -118 -6 -8.432 -118.548 -6 -6.99 -121.469
3 16 -6 -2.861 -126 -6 -6.99 -121.469 -6 -5.944 -124.555
4 16 -6 -3.423 -133 -6 -2.861 -126 -6 -5.944 -124.555 -6 -5.309 -127.75
4 16 -6 -5.309 -127.75 -6 -5.095 -131 -6 -4.222 -139 -6 -3.423 -133
3 16 -6 -5.095 -143.897 -6 -4.222 -139 -6 -5.095 -131
1 16 8.5 -18.7495 -110.853 0 0 0.5 -2.4915 0.07 0 -0.21 -0.8305 0 rect1.dat
3 16 8 -16.258 -110.643 9 -16.258 -110.643 9 -3.091 -109.534
4 16 9 -3.091 -109.534 6 -3.091 -109.534 6 -16.258 -110.643 8 -16.258 -110.643
2 24 9 -3.091 -109.534 9 -21.241 -111.063
2 24 6 -16.258 -110.643 6 -3.091 -109.534
1 16 0 -15.548 -110.992 0 0 -6 0.71 -8.364 0 -0.3485 -17.04 0 rect2p.dat
1 16 0 -13.614 -112.365 0 0 6 -1.224 -24.6 0 1.025 -29.376 0 rect2p.dat
1 16 0 -11.315 -114.614 0 0 -6 1.075 -29.376 0 -1.224 -25.8 0 rect2p.dat
1 16 0 -9.336 -117.193 0 0 6 -0.904 -32.52 0 1.355 -21.696 0 rect2p.dat
1 16 0 -7.711 -120.009 0 0 -6 0.721 -35.052 0 -1.4605 -17.304 0 rect2p.dat
1 16 0 -6.467 -123.012 0 0 6 -0.523 -37.032 0 1.543 -12.552 0 rect2p.dat
1 16 0 -5.6265 -126.152 0 0 -6 0.3175 -38.34 0 -1.5975 -7.62 0 rect2p.dat
1 16 0 -5.202 -129.375 0 0 6 -0.107 -39 0 1.625 -2.568 0 rect2p.dat
1 16 0 -5.095 -137.449 0 0 -6 0 -1.005 0 -6.4485 0 0 rect2p.dat
5 24 6 -14.838 -111.34 -6 -14.838 -111.34 6 -16.258 -110.643 -6 -12.39 -113.39
5 24 6 -12.39 -113.39 -6 -12.39 -113.39 -6 -14.838 -111.34 6 -10.24 -115.838
5 24 6 -10.24 -115.838 -6 -10.24 -115.838 6 -12.39 -113.39 -6 -8.432 -118.548
5 24 6 -8.432 -118.548 -6 -8.432 -118.548 -6 -10.24 -115.838 6 -6.99 -121.469
5 24 6 -6.99 -121.469 -6 -6.99 -121.469 6 -8.432 -118.548 -6 -5.944 -124.555
5 24 6 -5.944 -124.555 -6 -5.944 -124.555 -6 -6.99 -121.469 6 -5.309 -127.75
5 24 6 -5.309 -127.75 -6 -5.309 -127.75 6 -5.944 -124.555 -6 -5.095 -131
5 24 6 -5.095 -131 -6 -5.095 -131 -6 -5.309 -127.75 6 -5.095 -143.897
1 16 0 -20.1445 -111.546 6 0 0 0 0.4035 -1.0965 0 1 0.4835 rect3.dat
1 16 0 -17.856 -112.825 0 0 -6 -1.192 0.5551 0 0.7955 1 0 rect2p.dat
1 16 0 -15.5875 -114.566 0 0 6 1.0765 0.6597 0 -0.945 1 0 rect2p.dat
1 16 0 -13.566 -116.587 0 0 -6 -0.945 0.7515 0 1.0765 1 0 rect2p.dat
1 16 0 -11.8255 -118.856 0 0 6 0.7955 0.8318 0 -1.192 1 0 rect2p.dat
1 16 0 -10.396 -121.333 0 0 -6 -0.634 0.8967 0 1.2845 1 0 rect2p.dat
1 16 0 -9.302 -123.974 0 0 6 0.46 0.9471 0 -1.357 1 0 rect2p.dat
1 16 0 -8.5625 -126.736 0 0 -6 -0.2795 0.9808 0 1.405 1 0 rect2p.dat
1 16 0 -8.189 -129.57 0 0 6 0.094 0.9978 0 -1.4295 1 0 rect2p.dat
1 16 0 -8.095 -137.575 -6 0 0 0 1 0 0 0 -6.575 rect3.dat
5 24 -6 -19.048 -112.03 6 -19.048 -112.03 -6 -21.241 -111.063 6 -16.664 -113.621
5 24 -6 -16.664 -113.621 6 -16.664 -113.621 6 -19.048 -112.03 -6 -14.511 -115.511
5 24 -6 -14.511 -115.511 6 -14.511 -115.511 -6 -16.664 -113.621 6 -12.621 -117.664
5 24 -6 -12.621 -117.664 6 -12.621 -117.664 6 -14.511 -115.511 -6 -11.03 -120.048
5 24 -6 -11.03 -120.048 6 -11.03 -120.048 -6 -12.621 -117.664 6 -9.762 -122.617
5 24 -6 -9.762 -122.617 6 -9.762 -122.617 6 -11.03 -120.048 -6 -8.842 -125.331
5 24 -6 -8.842 -125.331 6 -8.842 -125.331 -6 -9.762 -122.617 6 -8.283 -128.141
5 24 -6 -8.283 -128.141 6 -8.283 -128.141 6 -8.842 -125.331 -6 -8.095 -131
5 24 -6 -8.095 -131 6 -8.095 -131 -6 -8.283 -128.141 6 -8.095 -144.15
2 24 -9 -5.095 -143.897 9 -5.095 -143.897
1 16 7.5 -2.8965 -113.767 -1.5 0 0 0 -25.398 -0.1945 0 -1.167 4.233 rect3.dat
1 16 7.5 -2.7815 -122 0 0 -1.5 -0.0795 -0.9998 0 -4 0.9998 0 rect2p.dat
1 16 7.5 -3.142 -129.5 0 0 -1.5 -0.281 -0.9968 0 -3.5 1 0 rect2p.dat
1 16 7.5 -3.8225 -136 0 0 -1.5 -0.3995 -0.9912 0 -3 1 0 rect2p.dat
1 16 7.5 -4.6585 -141.449 0 0 -1.5 -0.4365 -0.9845 0 -2.4485 1 0 rect2p.dat
5 24 9 -2.702 -118 6 -2.702 -118 6 -3.091 -109.534 9 -2.861 -126
5 24 9 -2.861 -126 6 -2.861 -126 6 -2.702 -118 9 -3.423 -133
5 24 9 -3.423 -133 6 -3.423 -133 6 -2.861 -126 9 -4.222 -139
5 24 9 -4.222 -139 6 -4.222 -139 6 -3.423 -133 9 -5.095 -143.897
3 16 6 -3.091 -109.534 6 -14.838 -111.34 6 -16.258 -110.643
4 16 6 -2.702 -118 6 -12.39 -113.39 6 -14.838 -111.34 6 -3.091 -109.534
3 16 6 -10.24 -115.838 6 -12.39 -113.39 6 -2.702 -118
3 16 6 -2.702 -118 6 -8.432 -118.548 6 -10.24 -115.838
4 16 6 -6.99 -121.469 6 -8.432 -118.548 6 -2.702 -118 6 -2.861 -126
3 16 6 -5.944 -124.555 6 -6.99 -121.469 6 -2.861 -126
4 16 6 -5.309 -127.75 6 -5.944 -124.555 6 -2.861 -126 6 -3.423 -133
4 16 6 -3.423 -133 6 -4.222 -139 6 -5.095 -131 6 -5.309 -127.75
3 16 6 -5.095 -131 6 -4.222 -139 6 -5.095 -143.897
4 16 6 -21.183 -113.202 6 -21.241 -111.063 6 -19.048 -112.03 6 -20.048 -113.762
4 16 6 -20.048 -113.762 6 -19.048 -112.03 6 -16.664 -113.621 6 -17.882 -115.207
4 16 6 -17.882 -115.207 6 -16.664 -113.621 6 -14.511 -115.511 6 -15.925 -116.925
4 16 6 -15.925 -116.925 6 -14.511 -115.511 6 -12.621 -117.664 6 -14.207 -118.882
4 16 6 -14.207 -118.882 6 -12.621 -117.664 6 -11.03 -120.048 6 -12.762 -121.048
4 16 6 -12.762 -121.048 6 -11.03 -120.048 6 -9.762 -122.617 6 -11.61 -123.382
4 16 6 -11.61 -123.382 6 -9.762 -122.617 6 -8.842 -125.331 6 -10.774 -125.849
4 16 6 -10.774 -125.849 6 -8.842 -125.331 6 -8.283 -128.141 6 -10.266 -128.402
4 16 6 -10.266 -128.402 6 -8.283 -128.141 6 -8.095 -131 6 -10.095 -131
4 16 6 -10.095 -131 6 -8.095 -131 6 -8.095 -144.15 6 -10.095 -144.318
2 24 6 -8.095 -144.15 6 -10.095 -144.318
4 16 9 -21.241 -111.063 8 -21.241 -111.063 6 -21.183 -113.202 9 -21.183 -113.202
3 16 6 -21.241 -111.063 6 -21.183 -113.202 8 -21.241 -111.063
1 16 7.5 -20.6155 -113.482 1.5 0 0 0 0.4425 -0.5675 0 1 0.28 rect3.dat
1 16 7.5 -18.965 -114.485 0 0 1.5 1.083 0.555 0 -0.7225 1 0 rect2p.dat
1 16 7.5 -16.9035 -116.066 0 0 1.5 0.9785 0.6597 0 -0.859 1 0 rect2p.dat
1 16 7.5 -15.066 -117.903 0 0 1.5 0.859 0.7515 0 -0.9785 1 0 rect2p.dat
1 16 7.5 -13.4845 -119.965 0 0 1.5 0.7225 0.8319 0 -1.083 1 0 rect2p.dat
1 16 7.5 -12.186 -122.215 0 0 1.5 0.576 0.8967 0 -1.167 1 0 rect2p.dat
1 16 7.5 -11.192 -124.616 0 0 1.5 0.418 0.9471 0 -1.2335 1 0 rect2p.dat
1 16 7.5 -10.52 -127.125 0 0 1.5 0.254 0.9808 0 -1.2765 1 0 rect2p.dat
1 16 7.5 -10.1805 -129.701 0 0 1.5 0.0855 0.9978 0 -1.299 0.9998 0 rect2p.dat
1 16 7.5 -10.095 -137.659 -1.5 0 0 0 1 0 0 0 -6.659 rect3.dat
2 24 6 -21.183 -113.202 6 -21.241 -111.063
2 24 9 -10.095 -144.318 9 -5.095 -143.897
2 24 9 -21.183 -113.202 9 -21.241 -111.063
5 24 6 -20.048 -113.762 9 -20.048 -113.762 9 -21.183 -113.202 6 -17.882 -115.207
5 24 6 -17.882 -115.207 9 -17.882 -115.207 9 -20.048 -113.762 6 -15.925 -116.925
5 24 6 -15.925 -116.925 9 -15.925 -116.925 9 -17.882 -115.207 6 -14.207 -118.882
5 24 6 -14.207 -118.882 9 -14.207 -118.882 9 -15.925 -116.925 6 -12.762 -121.048
5 24 6 -12.762 -121.048 9 -12.762 -121.048 9 -14.207 -118.882 6 -11.61 -123.382
5 24 6 -11.61 -123.382 9 -11.61 -123.382 9 -12.762 -121.048 6 -10.774 -125.849
5 24 6 -10.774 -125.849 9 -10.774 -125.849 9 -11.61 -123.382 6 -10.266 -128.402
5 24 6 -10.266 -128.402 9 -10.266 -128.402 9 -10.774 -125.849 6 -10.095 -131
5 24 6 -10.095 -131 9 -10.095 -131 9 -10.266 -128.402 6 -10.095 -144.318
4 16 9 -16.258 -110.643 9 -21.241 -111.063 9 -21.183 -113.202 9 -20.048 -113.762
3 16 9 -16.258 -110.643 9 -20.048 -113.762 9 -17.882 -115.207
4 16 9 -15.925 -116.925 9 -3.091 -109.534 9 -16.258 -110.643 9 -17.882 -115.207
4 16 9 -14.207 -118.882 9 -2.702 -118 9 -3.091 -109.534 9 -15.925 -116.925
4 16 9 -12.762 -121.048 9 -2.861 -126 9 -2.702 -118 9 -14.207 -118.882
3 16 9 -12.762 -121.048 9 -11.61 -123.382 9 -2.861 -126
4 16 9 -10.774 -125.849 9 -3.423 -133 9 -2.861 -126 9 -11.61 -123.382
3 16 9 -10.774 -125.849 9 -10.266 -128.402 9 -3.423 -133
4 16 9 -10.095 -131 9 -4.222 -139 9 -3.423 -133 9 -10.266 -128.402
4 16 9 -10.095 -144.318 9 -5.095 -143.897 9 -4.222 -139 9 -10.095 -131
4 16 -9 -10.095 -144.318 -9 -5.095 -143.897 -6 -8.095 -144.15 -6 -10.095 -144.318
4 16 6 -8.095 -144.15 -6 -8.095 -144.15 -9 -5.095 -143.897 9 -5.095 -143.897
4 16 6 -10.095 -144.318 6 -8.095 -144.15 9 -5.095 -143.897 9 -10.095 -144.318
