0 Minifig Cape Cloth with Holes and Tattered Edges
0 Name: 86038.dat
0 Author: Philippe Hurbain [Philo]
0 !LDRAW_ORG Part UPDATE 2014-02
0 !LICENSE Redistributable under CCAL version 2.0 : see CAreadme.txt

0 BFC CERTIFY CCW

0 !CATEGORY Canvas
0 !KEYWORDS Cloak, Shawl, Drape, Poncho, Neckwear

0 !HISTORY 2014-12-23 [PTadmin] Official Update 2014-02

0 // Bottom

4 16 -6.02 0 2 -0.1 0 9.6 -0.1 0 -9.06 -6.51 0 -0.48
4 16 -6.51 0 -0.48 -0.1 0 -9.06 -1.82 0 -9.55 -7.92 0 -2.58
4 16 -7.92 0 -2.58 -1.82 0 -9.55 -3.15 0 -10.88 -10.02 0 -3.99
4 16 -10.02 0 -3.99 -3.15 0 -10.88 -3.64 0 -12.7 -12.5 0 -4.48
4 16 -14.98 0 -3.99 -12.5 0 -4.48 -3.64 0 -12.7 -11 0 -23.5
4 16 -18.49 0 -0.48 -17.08 0 -2.58 -29.1 0 0.4 -27.55 0 3.63
4 16 -18.98 0 2 -18.49 0 -0.48 -27.55 0 3.63 -25.42 0 7.53
4 16 -18.49 0 4.48 -18.98 0 2 -25.42 0 7.53 -23.41 0 10.56
4 16 -17.08 0 6.58 -18.49 0 4.48 -23.41 0 10.56 -20.96 0 13.29
4 16 -14.98 0 7.99 -17.08 0 6.58 -20.96 0 13.29 -18.4 0 14.8
4 16 -12.5 0 8.48 -14.98 0 7.99 -18.4 0 14.8 -15.7 0 15.3
4 16 -10.02 0 7.99 -12.5 0 8.48 -15.7 0 15.3 -7.8 0 15.3
4 16 -10.02 0 7.99 -7.8 0 15.3 -5.2 0 14.8 -7.92 0 6.58
4 16 -7.92 0 6.58 -5.2 0 14.8 -3.6 0 13.4 -6.51 0 4.48
4 16 -6.51 0 4.48 -3.6 0 13.4 -2.2 0 11.8 -6.02 0 2
3 16 -2.2 0 11.8 -0.1 0 9.6 -6.02 0 2
4 16 0.1 0 -9.06 0.1 0 9.6 6.02 0 2 6.51 0 -0.48
4 16 1.82 0 -9.55 0.1 0 -9.06 6.51 0 -0.48 7.92 0 -2.58
4 16 3.15 0 -10.88 1.82 0 -9.55 7.92 0 -2.58 10.02 0 -3.99
4 16 3.64 0 -12.7 3.15 0 -10.88 10.02 0 -3.99 12.5 0 -4.48
4 16 3.64 0 -12.7 12.5 0 -4.48 14.98 0 -3.99 32.8 0 -12.9
4 16 29.1 0 0.4 17.08 0 -2.58 18.49 0 -0.48 27.55 0 3.63
4 16 27.55 0 3.63 18.49 0 -0.48 18.98 0 2 25.42 0 7.53
4 16 25.42 0 7.53 18.98 0 2 18.49 0 4.48 23.41 0 10.56
4 16 23.41 0 10.56 18.49 0 4.48 17.08 0 6.58 20.96 0 13.29
4 16 20.96 0 13.29 17.08 0 6.58 14.98 0 7.99 18.4 0 14.8
4 16 18.4 0 14.8 14.98 0 7.99 12.5 0 8.48 15.7 0 15.3
4 16 15.7 0 15.3 12.5 0 8.48 10.02 0 7.99 7.8 0 15.3
4 16 5.2 0 14.8 7.8 0 15.3 10.02 0 7.99 7.92 0 6.58
4 16 3.6 0 13.4 5.2 0 14.8 7.92 0 6.58 6.51 0 4.48
4 16 2.2 0 11.8 3.6 0 13.4 6.51 0 4.48 6.02 0 2
3 16 2.2 0 11.8 6.02 0 2 0.1 0 9.6
4 16 33.5 0 -10.8 14.98 0 -3.99 17.08 0 -2.58 33.1 0 -7.9
4 16 31.5 0 -4.2 33.1 0 -7.9 17.08 0 -2.58 29.1 0 0.4
3 16 14.98 0 -3.99 33.5 0 -10.8 32.8 0 -12.9
4 16 3.64 0 -12.7 32.8 0 -12.9 33.2 0 -15.4 32.6 0 -17.1
4 16 3.64 0 -12.7 32.6 0 -17.1 29.6 0 -20.1 3.15 0 -14.52
4 16 3.15 0 -14.52 29.6 0 -20.1 28.6 0 -21.4 1.82 0 -15.85
4 16 1.82 0 -15.85 28.6 0 -21.4 28.6 0 -22.8 26.3 0 -44
4 16 1.82 0 -15.85 26.3 0 -44 24.9 0 -44.4 0 0 -16.34
3 16 0 0 -16.34 24.9 0 -44.4 22.9 0 -45.9
4 16 0 0 -16.34 22.9 0 -45.9 21.4 0 -47.2 -7.9 0 -27.3
4 16 -7.9 0 -28.5 -7.9 0 -27.3 21.4 0 -47.2 20.7 0 -48.4
4 16 -9.9 0 -32.9 -7.9 0 -28.5 20.7 0 -48.4 21.3 0 -51.4
4 16 -11.3 0 -35 -9.9 0 -32.9 21.3 0 -51.4 21.8 0 -54.4
4 16 -13.7 0 -36.3 -11.3 0 -35 21.8 0 -54.4 14.8 0 -60.8
4 16 -1.82 0 -15.85 0 0 -16.34 -7.9 0 -27.3 -10.2 0 -23.9
4 16 -3.15 0 -14.52 -1.82 0 -15.85 -10.2 0 -23.9 -11 0 -23.5
3 16 -3.64 0 -12.7 -3.15 0 -14.52 -11 0 -23.5
4 16 -17.08 0 -2.58 -14.98 0 -3.99 -11 0 -23.5 -16.1 0 -23.9
4 16 -29.1 0 0.4 -17.08 0 -2.58 -16.1 0 -23.9 -32.6 0 -7
4 16 -32.6 0 -7 -16.1 0 -23.9 -17.1 0 -24.4 -37.3 0 -17
4 16 -37.3 0 -17 -17.1 0 -24.4 -17.5 0 -25.9 -41.6 0 -26.4
4 16 -41.6 0 -26.4 -17.5 0 -25.9 -18.2 0 -27.9 -43 0 -29.4
4 16 -42.9 0 -31.6 -43 0 -29.4 -18.2 0 -27.9 -18.5 0 -30
4 16 -41.6 0 -34.7 -42.9 0 -31.6 -18.5 0 -30 -40.5 0 -35.9
4 16 -40.5 0 -35.9 -18.5 0 -30 -17.9 0 -32.8 -37.7 0 -38.7
4 16 -37.7 0 -38.7 -17.9 0 -32.8 -17.3 0 -34.7 -37.3 0 -39.9
4 16 -37.3 0 -39.9 -17.3 0 -34.7 -17.1 0 -36.1 -32.2 0 -58.2
4 16 -37.3 0 -39.9 -32.2 0 -58.2 -33.2 0 -58.5 -38.7 0 -40.8
4 16 -38.7 0 -40.8 -33.2 0 -58.5 -35.8 0 -60.6 -45 0 -41.2
4 16 -45 0 -41.2 -35.8 0 -60.6 -38.8 0 -62.9 -46.7 0 -42.5
4 16 -46.7 0 -42.5 -38.8 0 -62.9 -40.5 0 -66.2 -48.6 0 -44
4 16 -49.7 0 -45.5 -48.6 0 -44 -40.5 0 -66.2 -52.6 0 -53.2
4 16 -55.3 0 -61.8 -52.6 0 -53.2 -40.5 0 -66.2 -48.6 0 -70.1
4 16 -31.7 0 -59.3 -32.2 0 -58.2 -17.1 0 -36.1 -16.4 0 -36.5
4 16 -31.7 0 -59.3 -16.4 0 -36.5 -14.5 0 -68.4 -32.1 0 -64
4 16 -32.1 0 -64 -14.5 0 -68.4 -16.6 0 -69.7 -32 0 -69.6
4 16 -32 0 -69.6 -16.6 0 -69.7 -19.1 0 -73.1 -24.2 0 -74.6
4 16 -24.2 0 -74.6 -19.1 0 -73.1 -20.5 0 -74.4 -22.2 0 -74.8
4 16 -32 0 -69.6 -24.2 0 -74.6 -25.4 0 -75.1 -32.9 0 -73.9
4 16 -32.9 0 -73.9 -25.4 0 -75.1 -27.5 0 -78 -33.5 0 -77.1
4 16 -33.5 0 -77.1 -27.5 0 -78 -29.9 0 -79.3 -32.2 0 -79.3
3 16 -33.5 0 -77.1 -32.2 0 -79.3 -33.3 0 -78.8
4 16 -55.3 0 -61.8 -48.6 0 -70.1 -49.4 0 -70.7 -56.5 0 -67.2
4 16 -56.5 0 -67.2 -49.4 0 -70.7 -51.2 0 -73.7 -57.3 0 -73.2
4 16 -57.3 0 -73.2 -51.2 0 -73.7 -53.5 0 -77 -57 0 -76.7
4 16 -57 0 -76.7 -53.5 0 -77 -54.3 0 -77.8 -55.9 0 -77.9
3 16 -57 0 -76.7 -55.9 0 -77.9 -56.6 0 -77.6
4 16 -47.3 0 -70.3 -48.6 0 -70.1 -40.5 0 -66.2 -42.8 0 -70.5
4 16 -45.6 0 -71.4 -47.3 0 -70.3 -42.8 0 -70.5 -43.9 0 -71.8
3 16 -45.6 0 -71.4 -43.9 0 -71.8 -44.7 0 -71.9
4 16 -16.4 0 -36.5 -13.7 0 -36.3 6 0 -62.1 -14.5 0 -68.4
4 16 -13.4 0 -69.1 -14.5 0 -68.4 6 0 -62.1 4.7 0 -63.1
4 16 -8.1 0 -72.5 -13.4 0 -69.1 3.3 0 -66.4 -0.3 0 -73.6
4 16 -6.9 0 -73.7 -8.1 0 -72.5 -0.3 0 -73.6 -2.2 0 -77.7
4 16 -5.9 0 -77.2 -6.9 0 -73.7 -2.2 0 -77.7 -3.3 0 -79.2
4 16 -4.8 0 -78.9 -5.9 0 -77.2 -3.3 0 -79.2 -4.1 0 -79.4
4 16 -11.6 0 -72 -13.4 0 -69.1 -8.1 0 -72.5 -9.7 0 -72.8
4 16 6 0 -62.1 -13.7 0 -36.3 14.8 0 -60.8 13.8 0 -61.7
3 16 13.8 0 -61.7 7.5 0 -62.8 6 0 -62.1
4 16 10.4 0 -65 7.5 0 -62.8 13.8 0 -61.7 12.4 0 -64.6
3 16 12.4 0 -64.6 11.5 0 -65.4 10.4 0 -65
4 16 14.8 0 -60.8 21.8 0 -54.4 23 0 -55.6 16.4 0 -61.2
4 16 16.4 0 -61.2 23 0 -55.6 24.6 0 -56.5 18.7 0 -63.1
4 16 24.6 0 -56.5 29.5 0 -56.7 36 0 -67.7 18.7 0 -63.1
4 16 19.8 0 -66.6 18.7 0 -63.1 36 0 -67.7 33.4 0 -77
4 16 21 0 -74.3 19.8 0 -66.6 33.4 0 -77 28.5 0 -79.4
4 16 28.5 0 -79.4 33.4 0 -77 32.7 0 -78.3 31 0 -79.3
4 16 22.3 0 -80.7 21 0 -74.3 28.5 0 -79.4 26.8 0 -81.9
4 16 23.4 0 -82.7 22.3 0 -80.7 26.8 0 -81.9 25.6 0 -83.2
4 16 23.9 0 -83.5 23.4 0 -82.7 25.6 0 -83.2 24.9 0 -83.8
4 16 51 0 -76.7 37.6 0 -67.2 55.7 0 -64.1 57.6 0 -74.6
4 16 54.9 0 -79.4 51 0 -76.7 57.6 0 -74.6 56.4 0 -79.4
3 16 57.6 0 -74.6 57.7 0 -78 56.4 0 -79.4
4 16 53.4 0 -57 55.7 0 -64.1 29.5 0 -56.7 30.9 0 -56
4 16 53.4 0 -57 30.9 0 -56 31.8 0 -54.2 50.8 0 -48.4
4 16 50.8 0 -48.4 31.8 0 -54.2 31.8 0 -51.8 47.3 0 -39.2
4 16 47.3 0 -39.2 31.8 0 -51.8 30.4 0 -47.8 43.8 0 -31.7
3 16 43.8 0 -31.7 30.4 0 -47.8 29.6 0 -45.9
4 16 43.8 0 -31.7 29.6 0 -45.9 28.1 0 -44.7 39.2 0 -26.4
4 16 39.2 0 -26.4 28.1 0 -44.7 26.3 0 -44 35.2 0 -25.7
3 16 30.5 0 -24 35.2 0 -25.7 26.3 0 -44
3 16 28.6 0 -22.8 30.5 0 -24 26.3 0 -44
3 16 39.2 0 -26.4 41.4 0 -27.3 43.8 0 -31.7
3 16 4.7 0 -63.1 3.3 0 -66.4 -13.4 0 -69.1
3 16 29.5 0 -56.7 55.7 0 -64.1 37.6 0 -67.2
3 16 29.5 0 -56.7 37.6 0 -67.2 36 0 -67.7
2 24 -6.51 0 -0.48 -6.02 0 2
2 24 -0.1 0 -9.06 -1.82 0 -9.55
2 24 -7.92 0 -2.58 -6.51 0 -0.48
2 24 -1.82 0 -9.55 -3.15 0 -10.88
2 24 -10.02 0 -3.99 -7.92 0 -2.58
2 24 -3.15 0 -10.88 -3.64 0 -12.7
2 24 -12.5 0 -4.48 -10.02 0 -3.99
2 24 -14.98 0 -3.99 -12.5 0 -4.48
2 24 -18.49 0 -0.48 -17.08 0 -2.58
2 24 -29.1 0 0.4 -27.55 0 3.63
2 24 -18.98 0 2 -18.49 0 -0.48
2 24 -27.55 0 3.63 -25.42 0 7.53
2 24 -18.49 0 4.48 -18.98 0 2
2 24 -25.42 0 7.53 -23.41 0 10.56
2 24 -17.08 0 6.58 -18.49 0 4.48
2 24 -23.41 0 10.56 -20.96 0 13.29
2 24 -14.98 0 7.99 -17.08 0 6.58
2 24 -20.96 0 13.29 -18.4 0 14.8
2 24 -12.5 0 8.48 -14.98 0 7.99
2 24 -18.4 0 14.8 -15.7 0 15.3
2 24 -10.02 0 7.99 -12.5 0 8.48
2 24 -15.7 0 15.3 -7.8 0 15.3
2 24 -7.8 0 15.3 -5.2 0 14.8
2 24 -7.92 0 6.58 -10.02 0 7.99
2 24 -5.2 0 14.8 -3.6 0 13.4
2 24 -6.51 0 4.48 -7.92 0 6.58
2 24 -3.6 0 13.4 -2.2 0 11.8
2 24 -6.02 0 2 -6.51 0 4.48
2 24 -2.2 0 11.8 -0.1 0 9.6
2 24 6.02 0 2 6.51 0 -0.48
2 24 1.82 0 -9.55 0.1 0 -9.06
2 24 6.51 0 -0.48 7.92 0 -2.58
2 24 3.15 0 -10.88 1.82 0 -9.55
2 24 7.92 0 -2.58 10.02 0 -3.99
2 24 3.64 0 -12.7 3.15 0 -10.88
2 24 10.02 0 -3.99 12.5 0 -4.48
2 24 12.5 0 -4.48 14.98 0 -3.99
2 24 17.08 0 -2.58 18.49 0 -0.48
2 24 27.55 0 3.63 29.1 0 0.4
2 24 18.49 0 -0.48 18.98 0 2
2 24 25.42 0 7.53 27.55 0 3.63
2 24 18.98 0 2 18.49 0 4.48
2 24 23.41 0 10.56 25.42 0 7.53
2 24 18.49 0 4.48 17.08 0 6.58
2 24 20.96 0 13.29 23.41 0 10.56
2 24 17.08 0 6.58 14.98 0 7.99
2 24 18.4 0 14.8 20.96 0 13.29
2 24 14.98 0 7.99 12.5 0 8.48
2 24 15.7 0 15.3 18.4 0 14.8
2 24 12.5 0 8.48 10.02 0 7.99
2 24 7.8 0 15.3 15.7 0 15.3
2 24 5.2 0 14.8 7.8 0 15.3
2 24 10.02 0 7.99 7.92 0 6.58
2 24 3.6 0 13.4 5.2 0 14.8
2 24 7.92 0 6.58 6.51 0 4.48
2 24 2.2 0 11.8 3.6 0 13.4
2 24 6.51 0 4.48 6.02 0 2
2 24 0.1 0 9.6 2.2 0 11.8
2 24 14.98 0 -3.99 17.08 0 -2.58
2 24 33.1 0 -7.9 33.5 0 -10.8
2 24 31.5 0 -4.2 33.1 0 -7.9
2 24 29.1 0 0.4 31.5 0 -4.2
2 24 33.5 0 -10.8 32.8 0 -12.9
2 24 32.8 0 -12.9 33.2 0 -15.4
2 24 33.2 0 -15.4 32.6 0 -17.1
2 24 32.6 0 -17.1 29.6 0 -20.1
2 24 3.15 0 -14.52 3.64 0 -12.7
2 24 29.6 0 -20.1 28.6 0 -21.4
2 24 1.82 0 -15.85 3.15 0 -14.52
2 24 28.6 0 -21.4 28.6 0 -22.8
2 24 26.3 0 -44 24.9 0 -44.4
2 24 0 0 -16.34 1.82 0 -15.85
2 24 24.9 0 -44.4 22.9 0 -45.9
2 24 22.9 0 -45.9 21.4 0 -47.2
2 24 -7.9 0 -28.5 -7.9 0 -27.3
2 24 21.4 0 -47.2 20.7 0 -48.4
2 24 -9.9 0 -32.9 -7.9 0 -28.5
2 24 20.7 0 -48.4 21.3 0 -51.4
2 24 -11.3 0 -35 -9.9 0 -32.9
2 24 21.3 0 -51.4 21.8 0 -54.4
2 24 -13.7 0 -36.3 -11.3 0 -35
2 24 -1.82 0 -15.85 0 0 -16.34
2 24 -7.9 0 -27.3 -10.2 0 -23.9
2 24 -3.15 0 -14.52 -1.82 0 -15.85
2 24 -10.2 0 -23.9 -11 0 -23.5
2 24 -3.64 0 -12.7 -3.15 0 -14.52
2 24 -17.08 0 -2.58 -14.98 0 -3.99
2 24 -11 0 -23.5 -16.1 0 -23.9
2 24 -32.6 0 -7 -29.1 0 0.4
2 24 -16.1 0 -23.9 -17.1 0 -24.4
2 24 -37.3 0 -17 -32.6 0 -7
2 24 -17.1 0 -24.4 -17.5 0 -25.9
2 24 -41.6 0 -26.4 -37.3 0 -17
2 24 -17.5 0 -25.9 -18.2 0 -27.9
2 24 -43 0 -29.4 -41.6 0 -26.4
2 24 -42.9 0 -31.6 -43 0 -29.4
2 24 -18.2 0 -27.9 -18.5 0 -30
2 24 -41.6 0 -34.7 -42.9 0 -31.6
2 24 -40.5 0 -35.9 -41.6 0 -34.7
2 24 -18.5 0 -30 -17.9 0 -32.8
2 24 -37.7 0 -38.7 -40.5 0 -35.9
2 24 -17.9 0 -32.8 -17.3 0 -34.7
2 24 -37.3 0 -39.9 -37.7 0 -38.7
2 24 -17.3 0 -34.7 -17.1 0 -36.1
2 24 -32.2 0 -58.2 -33.2 0 -58.5
2 24 -38.7 0 -40.8 -37.3 0 -39.9
2 24 -33.2 0 -58.5 -35.8 0 -60.6
2 24 -45 0 -41.2 -38.7 0 -40.8
2 24 -35.8 0 -60.6 -38.8 0 -62.9
2 24 -46.7 0 -42.5 -45 0 -41.2
2 24 -38.8 0 -62.9 -40.5 0 -66.2
2 24 -48.6 0 -44 -46.7 0 -42.5
2 24 -49.7 0 -45.5 -48.6 0 -44
2 24 -52.6 0 -53.2 -49.7 0 -45.5
2 24 -55.3 0 -61.8 -52.6 0 -53.2
2 24 -31.7 0 -59.3 -32.2 0 -58.2
2 24 -17.1 0 -36.1 -16.4 0 -36.5
2 24 -32.1 0 -64 -31.7 0 -59.3
2 24 -14.5 0 -68.4 -16.6 0 -69.7
2 24 -32 0 -69.6 -32.1 0 -64
2 24 -16.6 0 -69.7 -19.1 0 -73.1
2 24 -19.1 0 -73.1 -20.5 0 -74.4
2 24 -20.5 0 -74.4 -22.2 0 -74.8
2 24 -22.2 0 -74.8 -24.2 0 -74.6
2 24 -24.2 0 -74.6 -25.4 0 -75.1
2 24 -32.9 0 -73.9 -32 0 -69.6
2 24 -25.4 0 -75.1 -27.5 0 -78
2 24 -33.5 0 -77.1 -32.9 0 -73.9
2 24 -27.5 0 -78 -29.9 0 -79.3
2 24 -29.9 0 -79.3 -32.2 0 -79.3
2 24 -32.2 0 -79.3 -33.3 0 -78.8
2 24 -33.3 0 -78.8 -33.5 0 -77.1
2 24 -48.6 0 -70.1 -49.4 0 -70.7
2 24 -56.5 0 -67.2 -55.3 0 -61.8
2 24 -49.4 0 -70.7 -51.2 0 -73.7
2 24 -57.3 0 -73.2 -56.5 0 -67.2
2 24 -51.2 0 -73.7 -53.5 0 -77
2 24 -57 0 -76.7 -57.3 0 -73.2
2 24 -53.5 0 -77 -54.3 0 -77.8
2 24 -54.3 0 -77.8 -55.9 0 -77.9
2 24 -55.9 0 -77.9 -56.6 0 -77.6
2 24 -56.6 0 -77.6 -57 0 -76.7
2 24 -47.3 0 -70.3 -48.6 0 -70.1
2 24 -40.5 0 -66.2 -42.8 0 -70.5
2 24 -45.6 0 -71.4 -47.3 0 -70.3
2 24 -42.8 0 -70.5 -43.9 0 -71.8
2 24 -43.9 0 -71.8 -44.7 0 -71.9
2 24 -44.7 0 -71.9 -45.6 0 -71.4
2 24 -16.4 0 -36.5 -13.7 0 -36.3
2 24 -13.4 0 -69.1 -14.5 0 -68.4
2 24 3.3 0 -66.4 -0.3 0 -73.6
2 24 -6.9 0 -73.7 -8.1 0 -72.5
2 24 -0.3 0 -73.6 -2.2 0 -77.7
2 24 -5.9 0 -77.2 -6.9 0 -73.7
2 24 -2.2 0 -77.7 -3.3 0 -79.2
2 24 -4.8 0 -78.9 -5.9 0 -77.2
2 24 -3.3 0 -79.2 -4.1 0 -79.4
2 24 -4.1 0 -79.4 -4.8 0 -78.9
2 24 -11.6 0 -72 -13.4 0 -69.1
2 24 -8.1 0 -72.5 -9.7 0 -72.8
2 24 -9.7 0 -72.8 -11.6 0 -72
2 24 14.8 0 -60.8 13.8 0 -61.7
2 24 7.5 0 -62.8 6 0 -62.1
2 24 10.4 0 -65 7.5 0 -62.8
2 24 13.8 0 -61.7 12.4 0 -64.6
2 24 12.4 0 -64.6 11.5 0 -65.4
2 24 11.5 0 -65.4 10.4 0 -65
2 24 21.8 0 -54.4 23 0 -55.6
2 24 16.4 0 -61.2 14.8 0 -60.8
2 24 23 0 -55.6 24.6 0 -56.5
2 24 18.7 0 -63.1 16.4 0 -61.2
2 24 24.6 0 -56.5 29.5 0 -56.7
2 24 19.8 0 -66.6 18.7 0 -63.1
2 24 36 0 -67.7 33.4 0 -77
2 24 21 0 -74.3 19.8 0 -66.6
2 24 33.4 0 -77 32.7 0 -78.3
2 24 32.7 0 -78.3 31 0 -79.3
2 24 31 0 -79.3 28.5 0 -79.4
2 24 22.3 0 -80.7 21 0 -74.3
2 24 28.5 0 -79.4 26.8 0 -81.9
2 24 23.4 0 -82.7 22.3 0 -80.7
2 24 26.8 0 -81.9 25.6 0 -83.2
2 24 23.9 0 -83.5 23.4 0 -82.7
2 24 25.6 0 -83.2 24.9 0 -83.8
2 24 24.9 0 -83.8 23.9 0 -83.5
2 24 51 0 -76.7 37.6 0 -67.2
2 24 55.7 0 -64.1 57.6 0 -74.6
2 24 54.9 0 -79.4 51 0 -76.7
2 24 56.4 0 -79.4 54.9 0 -79.4
2 24 57.6 0 -74.6 57.7 0 -78
2 24 57.7 0 -78 56.4 0 -79.4
2 24 53.4 0 -57 55.7 0 -64.1
2 24 29.5 0 -56.7 30.9 0 -56
2 24 30.9 0 -56 31.8 0 -54.2
2 24 50.8 0 -48.4 53.4 0 -57
2 24 31.8 0 -54.2 31.8 0 -51.8
2 24 47.3 0 -39.2 50.8 0 -48.4
2 24 31.8 0 -51.8 30.4 0 -47.8
2 24 43.8 0 -31.7 47.3 0 -39.2
2 24 30.4 0 -47.8 29.6 0 -45.9
2 24 29.6 0 -45.9 28.1 0 -44.7
2 24 28.1 0 -44.7 26.3 0 -44
2 24 35.2 0 -25.7 39.2 0 -26.4
2 24 30.5 0 -24 35.2 0 -25.7
2 24 28.6 0 -22.8 30.5 0 -24
2 24 39.2 0 -26.4 41.4 0 -27.3
2 24 41.4 0 -27.3 43.8 0 -31.7
2 24 6 0 -62.1 4.7 0 -63.1
2 24 4.7 0 -63.1 3.3 0 -66.4
2 24 37.6 0 -67.2 36 0 -67.7
0 // Top
4 16 -0.1 -0.3 -9.06 -0.1 -0.3 9.6 -6.02 -0.3 2 -6.51 -0.3 -0.48
4 16 -1.82 -0.3 -9.55 -0.1 -0.3 -9.06 -6.51 -0.3 -0.48 -7.92 -0.3 -2.58
4 16 -3.15 -0.3 -10.88 -1.82 -0.3 -9.55 -7.92 -0.3 -2.58 -10.02 -0.3 -3.99
4 16 -3.64 -0.3 -12.7 -3.15 -0.3 -10.88 -10.02 -0.3 -3.99 -12.5 -0.3 -4.48
4 16 -3.64 -0.3 -12.7 -12.5 -0.3 -4.48 -14.98 -0.3 -3.99 -11 -0.3 -23.5
4 16 -29.1 -0.3 0.4 -17.08 -0.3 -2.58 -18.49 -0.3 -0.48 -27.55 -0.3 3.63
4 16 -27.55 -0.3 3.63 -18.49 -0.3 -0.48 -18.98 -0.3 2 -25.42 -0.3 7.53
4 16 -25.42 -0.3 7.53 -18.98 -0.3 2 -18.49 -0.3 4.48 -23.41 -0.3 10.56
4 16 -23.41 -0.3 10.56 -18.49 -0.3 4.48 -17.08 -0.3 6.58 -20.96 -0.3 13.29
4 16 -20.96 -0.3 13.29 -17.08 -0.3 6.58 -14.98 -0.3 7.99 -18.4 -0.3 14.8
4 16 -18.4 -0.3 14.8 -14.98 -0.3 7.99 -12.5 -0.3 8.48 -15.7 -0.3 15.3
4 16 -15.7 -0.3 15.3 -12.5 -0.3 8.48 -10.02 -0.3 7.99 -7.8 -0.3 15.3
4 16 -5.2 -0.3 14.8 -7.8 -0.3 15.3 -10.02 -0.3 7.99 -7.92 -0.3 6.58
4 16 -3.6 -0.3 13.4 -5.2 -0.3 14.8 -7.92 -0.3 6.58 -6.51 -0.3 4.48
4 16 -2.2 -0.3 11.8 -3.6 -0.3 13.4 -6.51 -0.3 4.48 -6.02 -0.3 2
3 16 -6.02 -0.3 2 -0.1 -0.3 9.6 -2.2 -0.3 11.8
4 16 6.02 -0.3 2 0.1 -0.3 9.6 0.1 -0.3 -9.06 6.51 -0.3 -0.48
4 16 6.51 -0.3 -0.48 0.1 -0.3 -9.06 1.82 -0.3 -9.55 7.92 -0.3 -2.58
4 16 7.92 -0.3 -2.58 1.82 -0.3 -9.55 3.15 -0.3 -10.88 10.02 -0.3 -3.99
4 16 10.02 -0.3 -3.99 3.15 -0.3 -10.88 3.64 -0.3 -12.7 12.5 -0.3 -4.48
4 16 14.98 -0.3 -3.99 12.5 -0.3 -4.48 3.64 -0.3 -12.7 32.8 -0.3 -12.9
4 16 18.49 -0.3 -0.48 17.08 -0.3 -2.58 29.1 -0.3 0.4 27.55 -0.3 3.63
4 16 18.98 -0.3 2 18.49 -0.3 -0.48 27.55 -0.3 3.63 25.42 -0.3 7.53
4 16 18.49 -0.3 4.48 18.98 -0.3 2 25.42 -0.3 7.53 23.41 -0.3 10.56
4 16 17.08 -0.3 6.58 18.49 -0.3 4.48 23.41 -0.3 10.56 20.96 -0.3 13.29
4 16 14.98 -0.3 7.99 17.08 -0.3 6.58 20.96 -0.3 13.29 18.4 -0.3 14.8
4 16 12.5 -0.3 8.48 14.98 -0.3 7.99 18.4 -0.3 14.8 15.7 -0.3 15.3
4 16 10.02 -0.3 7.99 12.5 -0.3 8.48 15.7 -0.3 15.3 7.8 -0.3 15.3
4 16 10.02 -0.3 7.99 7.8 -0.3 15.3 5.2 -0.3 14.8 7.92 -0.3 6.58
4 16 7.92 -0.3 6.58 5.2 -0.3 14.8 3.6 -0.3 13.4 6.51 -0.3 4.48
4 16 6.51 -0.3 4.48 3.6 -0.3 13.4 2.2 -0.3 11.8 6.02 -0.3 2
3 16 0.1 -0.3 9.6 6.02 -0.3 2 2.2 -0.3 11.8
4 16 17.08 -0.3 -2.58 14.98 -0.3 -3.99 33.5 -0.3 -10.8 33.1 -0.3 -7.9
4 16 17.08 -0.3 -2.58 33.1 -0.3 -7.9 31.5 -0.3 -4.2 29.1 -0.3 0.4
3 16 32.8 -0.3 -12.9 33.5 -0.3 -10.8 14.98 -0.3 -3.99
4 16 33.2 -0.3 -15.4 32.8 -0.3 -12.9 3.64 -0.3 -12.7 32.6 -0.3 -17.1
4 16 29.6 -0.3 -20.1 32.6 -0.3 -17.1 3.64 -0.3 -12.7 3.15 -0.3 -14.52
4 16 28.6 -0.3 -21.4 29.6 -0.3 -20.1 3.15 -0.3 -14.52 1.82 -0.3 -15.85
4 16 28.6 -0.3 -22.8 28.6 -0.3 -21.4 1.82 -0.3 -15.85 26.3 -0.3 -44
4 16 24.9 -0.3 -44.4 26.3 -0.3 -44 1.82 -0.3 -15.85 0 -0.3 -16.34
3 16 22.9 -0.3 -45.9 24.9 -0.3 -44.4 0 -0.3 -16.34
4 16 21.4 -0.3 -47.2 22.9 -0.3 -45.9 0 -0.3 -16.34 -7.9 -0.3 -27.3
4 16 21.4 -0.3 -47.2 -7.9 -0.3 -27.3 -7.9 -0.3 -28.5 20.7 -0.3 -48.4
4 16 20.7 -0.3 -48.4 -7.9 -0.3 -28.5 -9.9 -0.3 -32.9 21.3 -0.3 -51.4
4 16 21.3 -0.3 -51.4 -9.9 -0.3 -32.9 -11.3 -0.3 -35 21.8 -0.3 -54.4
4 16 21.8 -0.3 -54.4 -11.3 -0.3 -35 -13.7 -0.3 -36.3 14.8 -0.3 -60.8
4 16 -7.9 -0.3 -27.3 0 -0.3 -16.34 -1.82 -0.3 -15.85 -10.2 -0.3 -23.9
4 16 -10.2 -0.3 -23.9 -1.82 -0.3 -15.85 -3.15 -0.3 -14.52 -11 -0.3 -23.5
3 16 -11 -0.3 -23.5 -3.15 -0.3 -14.52 -3.64 -0.3 -12.7
4 16 -11 -0.3 -23.5 -14.98 -0.3 -3.99 -17.08 -0.3 -2.58 -16.1 -0.3 -23.9
4 16 -16.1 -0.3 -23.9 -17.08 -0.3 -2.58 -29.1 -0.3 0.4 -32.6 -0.3 -7
4 16 -17.1 -0.3 -24.4 -16.1 -0.3 -23.9 -32.6 -0.3 -7 -37.3 -0.3 -17
4 16 -17.5 -0.3 -25.9 -17.1 -0.3 -24.4 -37.3 -0.3 -17 -41.6 -0.3 -26.4
4 16 -18.2 -0.3 -27.9 -17.5 -0.3 -25.9 -41.6 -0.3 -26.4 -43 -0.3 -29.4
4 16 -18.2 -0.3 -27.9 -43 -0.3 -29.4 -42.9 -0.3 -31.6 -18.5 -0.3 -30
4 16 -18.5 -0.3 -30 -42.9 -0.3 -31.6 -41.6 -0.3 -34.7 -40.5 -0.3 -35.9
4 16 -17.9 -0.3 -32.8 -18.5 -0.3 -30 -40.5 -0.3 -35.9 -37.7 -0.3 -38.7
4 16 -17.3 -0.3 -34.7 -17.9 -0.3 -32.8 -37.7 -0.3 -38.7 -37.3 -0.3 -39.9
4 16 -17.1 -0.3 -36.1 -17.3 -0.3 -34.7 -37.3 -0.3 -39.9 -32.2 -0.3 -58.2
4 16 -33.2 -0.3 -58.5 -32.2 -0.3 -58.2 -37.3 -0.3 -39.9 -38.7 -0.3 -40.8
4 16 -35.8 -0.3 -60.6 -33.2 -0.3 -58.5 -38.7 -0.3 -40.8 -45 -0.3 -41.2
4 16 -38.8 -0.3 -62.9 -35.8 -0.3 -60.6 -45 -0.3 -41.2 -46.7 -0.3 -42.5
4 16 -40.5 -0.3 -66.2 -38.8 -0.3 -62.9 -46.7 -0.3 -42.5 -48.6 -0.3 -44
4 16 -40.5 -0.3 -66.2 -48.6 -0.3 -44 -49.7 -0.3 -45.5 -52.6 -0.3 -53.2
4 16 -40.5 -0.3 -66.2 -52.6 -0.3 -53.2 -55.3 -0.3 -61.8 -48.6 -0.3 -70.1
4 16 -17.1 -0.3 -36.1 -32.2 -0.3 -58.2 -31.7 -0.3 -59.3 -16.4 -0.3 -36.5
4 16 -14.5 -0.3 -68.4 -16.4 -0.3 -36.5 -31.7 -0.3 -59.3 -32.1 -0.3 -64
4 16 -16.6 -0.3 -69.7 -14.5 -0.3 -68.4 -32.1 -0.3 -64 -32 -0.3 -69.6
4 16 -19.1 -0.3 -73.1 -16.6 -0.3 -69.7 -32 -0.3 -69.6 -24.2 -0.3 -74.6
4 16 -20.5 -0.3 -74.4 -19.1 -0.3 -73.1 -24.2 -0.3 -74.6 -22.2 -0.3 -74.8
4 16 -25.4 -0.3 -75.1 -24.2 -0.3 -74.6 -32 -0.3 -69.6 -32.9 -0.3 -73.9
4 16 -27.5 -0.3 -78 -25.4 -0.3 -75.1 -32.9 -0.3 -73.9 -33.5 -0.3 -77.1
4 16 -29.9 -0.3 -79.3 -27.5 -0.3 -78 -33.5 -0.3 -77.1 -32.2 -0.3 -79.3
3 16 -33.3 -0.3 -78.8 -32.2 -0.3 -79.3 -33.5 -0.3 -77.1
4 16 -49.4 -0.3 -70.7 -48.6 -0.3 -70.1 -55.3 -0.3 -61.8 -56.5 -0.3 -67.2
4 16 -51.2 -0.3 -73.7 -49.4 -0.3 -70.7 -56.5 -0.3 -67.2 -57.3 -0.3 -73.2
4 16 -53.5 -0.3 -77 -51.2 -0.3 -73.7 -57.3 -0.3 -73.2 -57 -0.3 -76.7
4 16 -54.3 -0.3 -77.8 -53.5 -0.3 -77 -57 -0.3 -76.7 -55.9 -0.3 -77.9
3 16 -56.6 -0.3 -77.6 -55.9 -0.3 -77.9 -57 -0.3 -76.7
4 16 -40.5 -0.3 -66.2 -48.6 -0.3 -70.1 -47.3 -0.3 -70.3 -42.8 -0.3 -70.5
4 16 -42.8 -0.3 -70.5 -47.3 -0.3 -70.3 -45.6 -0.3 -71.4 -43.9 -0.3 -71.8
3 16 -44.7 -0.3 -71.9 -43.9 -0.3 -71.8 -45.6 -0.3 -71.4
4 16 6 -0.3 -62.1 -13.7 -0.3 -36.3 -16.4 -0.3 -36.5 -14.5 -0.3 -68.4
4 16 6 -0.3 -62.1 -14.5 -0.3 -68.4 -13.4 -0.3 -69.1 4.7 -0.3 -63.1
4 16 3.3 -0.3 -66.4 -13.4 -0.3 -69.1 -8.1 -0.3 -72.5 -0.3 -0.3 -73.6
4 16 -0.3 -0.3 -73.6 -8.1 -0.3 -72.5 -6.9 -0.3 -73.7 -2.2 -0.3 -77.7
4 16 -2.2 -0.3 -77.7 -6.9 -0.3 -73.7 -5.9 -0.3 -77.2 -3.3 -0.3 -79.2
4 16 -3.3 -0.3 -79.2 -5.9 -0.3 -77.2 -4.8 -0.3 -78.9 -4.1 -0.3 -79.4
4 16 -8.1 -0.3 -72.5 -13.4 -0.3 -69.1 -11.6 -0.3 -72 -9.7 -0.3 -72.8
4 16 14.8 -0.3 -60.8 -13.7 -0.3 -36.3 6 -0.3 -62.1 13.8 -0.3 -61.7
3 16 6 -0.3 -62.1 7.5 -0.3 -62.8 13.8 -0.3 -61.7
4 16 13.8 -0.3 -61.7 7.5 -0.3 -62.8 10.4 -0.3 -65 12.4 -0.3 -64.6
3 16 10.4 -0.3 -65 11.5 -0.3 -65.4 12.4 -0.3 -64.6
4 16 23 -0.3 -55.6 21.8 -0.3 -54.4 14.8 -0.3 -60.8 16.4 -0.3 -61.2
4 16 24.6 -0.3 -56.5 23 -0.3 -55.6 16.4 -0.3 -61.2 18.7 -0.3 -63.1
4 16 36 -0.3 -67.7 29.5 -0.3 -56.7 24.6 -0.3 -56.5 18.7 -0.3 -63.1
4 16 36 -0.3 -67.7 18.7 -0.3 -63.1 19.8 -0.3 -66.6 33.4 -0.3 -77
4 16 33.4 -0.3 -77 19.8 -0.3 -66.6 21 -0.3 -74.3 28.5 -0.3 -79.4
4 16 32.7 -0.3 -78.3 33.4 -0.3 -77 28.5 -0.3 -79.4 31 -0.3 -79.3
4 16 28.5 -0.3 -79.4 21 -0.3 -74.3 22.3 -0.3 -80.7 26.8 -0.3 -81.9
4 16 26.8 -0.3 -81.9 22.3 -0.3 -80.7 23.4 -0.3 -82.7 25.6 -0.3 -83.2
4 16 25.6 -0.3 -83.2 23.4 -0.3 -82.7 23.9 -0.3 -83.5 24.9 -0.3 -83.8
4 16 55.7 -0.3 -64.1 37.6 -0.3 -67.2 51 -0.3 -76.7 57.6 -0.3 -74.6
4 16 57.6 -0.3 -74.6 51 -0.3 -76.7 54.9 -0.3 -79.4 56.4 -0.3 -79.4
3 16 56.4 -0.3 -79.4 57.7 -0.3 -78 57.6 -0.3 -74.6
4 16 29.5 -0.3 -56.7 55.7 -0.3 -64.1 53.4 -0.3 -57 30.9 -0.3 -56
4 16 31.8 -0.3 -54.2 30.9 -0.3 -56 53.4 -0.3 -57 50.8 -0.3 -48.4
4 16 31.8 -0.3 -51.8 31.8 -0.3 -54.2 50.8 -0.3 -48.4 47.3 -0.3 -39.2
4 16 30.4 -0.3 -47.8 31.8 -0.3 -51.8 47.3 -0.3 -39.2 43.8 -0.3 -31.7
3 16 29.6 -0.3 -45.9 30.4 -0.3 -47.8 43.8 -0.3 -31.7
4 16 28.1 -0.3 -44.7 29.6 -0.3 -45.9 43.8 -0.3 -31.7 39.2 -0.3 -26.4
4 16 26.3 -0.3 -44 28.1 -0.3 -44.7 39.2 -0.3 -26.4 35.2 -0.3 -25.7
3 16 26.3 -0.3 -44 35.2 -0.3 -25.7 30.5 -0.3 -24
3 16 26.3 -0.3 -44 30.5 -0.3 -24 28.6 -0.3 -22.8
3 16 43.8 -0.3 -31.7 41.4 -0.3 -27.3 39.2 -0.3 -26.4
3 16 -13.4 -0.3 -69.1 3.3 -0.3 -66.4 4.7 -0.3 -63.1
3 16 37.6 -0.3 -67.2 55.7 -0.3 -64.1 29.5 -0.3 -56.7
3 16 36 -0.3 -67.7 37.6 -0.3 -67.2 29.5 -0.3 -56.7
2 24 -6.51 -0.3 -0.48 -6.02 -0.3 2
2 24 -0.1 -0.3 -9.06 -1.82 -0.3 -9.55
2 24 -7.92 -0.3 -2.58 -6.51 -0.3 -0.48
2 24 -1.82 -0.3 -9.55 -3.15 -0.3 -10.88
2 24 -10.02 -0.3 -3.99 -7.92 -0.3 -2.58
2 24 -3.15 -0.3 -10.88 -3.64 -0.3 -12.7
2 24 -12.5 -0.3 -4.48 -10.02 -0.3 -3.99
2 24 -14.98 -0.3 -3.99 -12.5 -0.3 -4.48
2 24 -18.49 -0.3 -0.48 -17.08 -0.3 -2.58
2 24 -29.1 -0.3 0.4 -27.55 -0.3 3.63
2 24 -18.98 -0.3 2 -18.49 -0.3 -0.48
2 24 -27.55 -0.3 3.63 -25.42 -0.3 7.53
2 24 -18.49 -0.3 4.48 -18.98 -0.3 2
2 24 -25.42 -0.3 7.53 -23.41 -0.3 10.56
2 24 -17.08 -0.3 6.58 -18.49 -0.3 4.48
2 24 -23.41 -0.3 10.56 -20.96 -0.3 13.29
2 24 -14.98 -0.3 7.99 -17.08 -0.3 6.58
2 24 -20.96 -0.3 13.29 -18.4 -0.3 14.8
2 24 -12.5 -0.3 8.48 -14.98 -0.3 7.99
2 24 -18.4 -0.3 14.8 -15.7 -0.3 15.3
2 24 -10.02 -0.3 7.99 -12.5 -0.3 8.48
2 24 -15.7 -0.3 15.3 -7.8 -0.3 15.3
2 24 -7.8 -0.3 15.3 -5.2 -0.3 14.8
2 24 -7.92 -0.3 6.58 -10.02 -0.3 7.99
2 24 -5.2 -0.3 14.8 -3.6 -0.3 13.4
2 24 -6.51 -0.3 4.48 -7.92 -0.3 6.58
2 24 -3.6 -0.3 13.4 -2.2 -0.3 11.8
2 24 -6.02 -0.3 2 -6.51 -0.3 4.48
2 24 -2.2 -0.3 11.8 -0.1 -0.3 9.6
2 24 6.02 -0.3 2 6.51 -0.3 -0.48
2 24 1.82 -0.3 -9.55 0.1 -0.3 -9.06
2 24 6.51 -0.3 -0.48 7.92 -0.3 -2.58
2 24 3.15 -0.3 -10.88 1.82 -0.3 -9.55
2 24 7.92 -0.3 -2.58 10.02 -0.3 -3.99
2 24 3.64 -0.3 -12.7 3.15 -0.3 -10.88
2 24 10.02 -0.3 -3.99 12.5 -0.3 -4.48
2 24 12.5 -0.3 -4.48 14.98 -0.3 -3.99
2 24 17.08 -0.3 -2.58 18.49 -0.3 -0.48
2 24 27.55 -0.3 3.63 29.1 -0.3 0.4
2 24 18.49 -0.3 -0.48 18.98 -0.3 2
2 24 25.42 -0.3 7.53 27.55 -0.3 3.63
2 24 18.98 -0.3 2 18.49 -0.3 4.48
2 24 23.41 -0.3 10.56 25.42 -0.3 7.53
2 24 18.49 -0.3 4.48 17.08 -0.3 6.58
2 24 20.96 -0.3 13.29 23.41 -0.3 10.56
2 24 17.08 -0.3 6.58 14.98 -0.3 7.99
2 24 18.4 -0.3 14.8 20.96 -0.3 13.29
2 24 14.98 -0.3 7.99 12.5 -0.3 8.48
2 24 15.7 -0.3 15.3 18.4 -0.3 14.8
2 24 12.5 -0.3 8.48 10.02 -0.3 7.99
2 24 7.8 -0.3 15.3 15.7 -0.3 15.3
2 24 5.2 -0.3 14.8 7.8 -0.3 15.3
2 24 10.02 -0.3 7.99 7.92 -0.3 6.58
2 24 3.6 -0.3 13.4 5.2 -0.3 14.8
2 24 7.92 -0.3 6.58 6.51 -0.3 4.48
2 24 2.2 -0.3 11.8 3.6 -0.3 13.4
2 24 6.51 -0.3 4.48 6.02 -0.3 2
2 24 0.1 -0.3 9.6 2.2 -0.3 11.8
2 24 14.98 -0.3 -3.99 17.08 -0.3 -2.58
2 24 33.1 -0.3 -7.9 33.5 -0.3 -10.8
2 24 31.5 -0.3 -4.2 33.1 -0.3 -7.9
2 24 29.1 -0.3 0.4 31.5 -0.3 -4.2
2 24 33.5 -0.3 -10.8 32.8 -0.3 -12.9
2 24 32.8 -0.3 -12.9 33.2 -0.3 -15.4
2 24 33.2 -0.3 -15.4 32.6 -0.3 -17.1
2 24 32.6 -0.3 -17.1 29.6 -0.3 -20.1
2 24 3.15 -0.3 -14.52 3.64 -0.3 -12.7
2 24 29.6 -0.3 -20.1 28.6 -0.3 -21.4
2 24 1.82 -0.3 -15.85 3.15 -0.3 -14.52
2 24 28.6 -0.3 -21.4 28.6 -0.3 -22.8
2 24 26.3 -0.3 -44 24.9 -0.3 -44.4
2 24 0 -0.3 -16.34 1.82 -0.3 -15.85
2 24 24.9 -0.3 -44.4 22.9 -0.3 -45.9
2 24 22.9 -0.3 -45.9 21.4 -0.3 -47.2
2 24 -7.9 -0.3 -28.5 -7.9 -0.3 -27.3
2 24 21.4 -0.3 -47.2 20.7 -0.3 -48.4
2 24 -9.9 -0.3 -32.9 -7.9 -0.3 -28.5
2 24 20.7 -0.3 -48.4 21.3 -0.3 -51.4
2 24 -11.3 -0.3 -35 -9.9 -0.3 -32.9
2 24 21.3 -0.3 -51.4 21.8 -0.3 -54.4
2 24 -13.7 -0.3 -36.3 -11.3 -0.3 -35
2 24 -1.82 -0.3 -15.85 0 -0.3 -16.34
2 24 -7.9 -0.3 -27.3 -10.2 -0.3 -23.9
2 24 -3.15 -0.3 -14.52 -1.82 -0.3 -15.85
2 24 -10.2 -0.3 -23.9 -11 -0.3 -23.5
2 24 -3.64 -0.3 -12.7 -3.15 -0.3 -14.52
2 24 -17.08 -0.3 -2.58 -14.98 -0.3 -3.99
2 24 -11 -0.3 -23.5 -16.1 -0.3 -23.9
2 24 -32.6 -0.3 -7 -29.1 -0.3 0.4
2 24 -16.1 -0.3 -23.9 -17.1 -0.3 -24.4
2 24 -37.3 -0.3 -17 -32.6 -0.3 -7
2 24 -17.1 -0.3 -24.4 -17.5 -0.3 -25.9
2 24 -41.6 -0.3 -26.4 -37.3 -0.3 -17
2 24 -17.5 -0.3 -25.9 -18.2 -0.3 -27.9
2 24 -43 -0.3 -29.4 -41.6 -0.3 -26.4
2 24 -42.9 -0.3 -31.6 -43 -0.3 -29.4
2 24 -18.2 -0.3 -27.9 -18.5 -0.3 -30
2 24 -41.6 -0.3 -34.7 -42.9 -0.3 -31.6
2 24 -40.5 -0.3 -35.9 -41.6 -0.3 -34.7
2 24 -18.5 -0.3 -30 -17.9 -0.3 -32.8
2 24 -37.7 -0.3 -38.7 -40.5 -0.3 -35.9
2 24 -17.9 -0.3 -32.8 -17.3 -0.3 -34.7
2 24 -37.3 -0.3 -39.9 -37.7 -0.3 -38.7
2 24 -17.3 -0.3 -34.7 -17.1 -0.3 -36.1
2 24 -32.2 -0.3 -58.2 -33.2 -0.3 -58.5
2 24 -38.7 -0.3 -40.8 -37.3 -0.3 -39.9
2 24 -33.2 -0.3 -58.5 -35.8 -0.3 -60.6
2 24 -45 -0.3 -41.2 -38.7 -0.3 -40.8
2 24 -35.8 -0.3 -60.6 -38.8 -0.3 -62.9
2 24 -46.7 -0.3 -42.5 -45 -0.3 -41.2
2 24 -38.8 -0.3 -62.9 -40.5 -0.3 -66.2
2 24 -48.6 -0.3 -44 -46.7 -0.3 -42.5
2 24 -49.7 -0.3 -45.5 -48.6 -0.3 -44
2 24 -52.6 -0.3 -53.2 -49.7 -0.3 -45.5
2 24 -55.3 -0.3 -61.8 -52.6 -0.3 -53.2
2 24 -31.7 -0.3 -59.3 -32.2 -0.3 -58.2
2 24 -17.1 -0.3 -36.1 -16.4 -0.3 -36.5
2 24 -32.1 -0.3 -64 -31.7 -0.3 -59.3
2 24 -14.5 -0.3 -68.4 -16.6 -0.3 -69.7
2 24 -32 -0.3 -69.6 -32.1 -0.3 -64
2 24 -16.6 -0.3 -69.7 -19.1 -0.3 -73.1
2 24 -19.1 -0.3 -73.1 -20.5 -0.3 -74.4
2 24 -20.5 -0.3 -74.4 -22.2 -0.3 -74.8
2 24 -22.2 -0.3 -74.8 -24.2 -0.3 -74.6
2 24 -24.2 -0.3 -74.6 -25.4 -0.3 -75.1
2 24 -32.9 -0.3 -73.9 -32 -0.3 -69.6
2 24 -25.4 -0.3 -75.1 -27.5 -0.3 -78
2 24 -33.5 -0.3 -77.1 -32.9 -0.3 -73.9
2 24 -27.5 -0.3 -78 -29.9 -0.3 -79.3
2 24 -29.9 -0.3 -79.3 -32.2 -0.3 -79.3
2 24 -32.2 -0.3 -79.3 -33.3 -0.3 -78.8
2 24 -33.3 -0.3 -78.8 -33.5 -0.3 -77.1
2 24 -48.6 -0.3 -70.1 -49.4 -0.3 -70.7
2 24 -56.5 -0.3 -67.2 -55.3 -0.3 -61.8
2 24 -49.4 -0.3 -70.7 -51.2 -0.3 -73.7
2 24 -57.3 -0.3 -73.2 -56.5 -0.3 -67.2
2 24 -51.2 -0.3 -73.7 -53.5 -0.3 -77
2 24 -57 -0.3 -76.7 -57.3 -0.3 -73.2
2 24 -53.5 -0.3 -77 -54.3 -0.3 -77.8
2 24 -54.3 -0.3 -77.8 -55.9 -0.3 -77.9
2 24 -55.9 -0.3 -77.9 -56.6 -0.3 -77.6
2 24 -56.6 -0.3 -77.6 -57 -0.3 -76.7
2 24 -47.3 -0.3 -70.3 -48.6 -0.3 -70.1
2 24 -40.5 -0.3 -66.2 -42.8 -0.3 -70.5
2 24 -45.6 -0.3 -71.4 -47.3 -0.3 -70.3
2 24 -42.8 -0.3 -70.5 -43.9 -0.3 -71.8
2 24 -43.9 -0.3 -71.8 -44.7 -0.3 -71.9
2 24 -44.7 -0.3 -71.9 -45.6 -0.3 -71.4
2 24 -16.4 -0.3 -36.5 -13.7 -0.3 -36.3
2 24 -13.4 -0.3 -69.1 -14.5 -0.3 -68.4
2 24 3.3 -0.3 -66.4 -0.3 -0.3 -73.6
2 24 -6.9 -0.3 -73.7 -8.1 -0.3 -72.5
2 24 -0.3 -0.3 -73.6 -2.2 -0.3 -77.7
2 24 -5.9 -0.3 -77.2 -6.9 -0.3 -73.7
2 24 -2.2 -0.3 -77.7 -3.3 -0.3 -79.2
2 24 -4.8 -0.3 -78.9 -5.9 -0.3 -77.2
2 24 -3.3 -0.3 -79.2 -4.1 -0.3 -79.4
2 24 -4.1 -0.3 -79.4 -4.8 -0.3 -78.9
2 24 -11.6 -0.3 -72 -13.4 -0.3 -69.1
2 24 -8.1 -0.3 -72.5 -9.7 -0.3 -72.8
2 24 -9.7 -0.3 -72.8 -11.6 -0.3 -72
2 24 14.8 -0.3 -60.8 13.8 -0.3 -61.7
2 24 7.5 -0.3 -62.8 6 -0.3 -62.1
2 24 10.4 -0.3 -65 7.5 -0.3 -62.8
2 24 13.8 -0.3 -61.7 12.4 -0.3 -64.6
2 24 12.4 -0.3 -64.6 11.5 -0.3 -65.4
2 24 11.5 -0.3 -65.4 10.4 -0.3 -65
2 24 21.8 -0.3 -54.4 23 -0.3 -55.6
2 24 16.4 -0.3 -61.2 14.8 -0.3 -60.8
2 24 23 -0.3 -55.6 24.6 -0.3 -56.5
2 24 18.7 -0.3 -63.1 16.4 -0.3 -61.2
2 24 24.6 -0.3 -56.5 29.5 -0.3 -56.7
2 24 19.8 -0.3 -66.6 18.7 -0.3 -63.1
2 24 36 -0.3 -67.7 33.4 -0.3 -77
2 24 21 -0.3 -74.3 19.8 -0.3 -66.6
2 24 33.4 -0.3 -77 32.7 -0.3 -78.3
2 24 32.7 -0.3 -78.3 31 -0.3 -79.3
2 24 31 -0.3 -79.3 28.5 -0.3 -79.4
2 24 22.3 -0.3 -80.7 21 -0.3 -74.3
2 24 28.5 -0.3 -79.4 26.8 -0.3 -81.9
2 24 23.4 -0.3 -82.7 22.3 -0.3 -80.7
2 24 26.8 -0.3 -81.9 25.6 -0.3 -83.2
2 24 23.9 -0.3 -83.5 23.4 -0.3 -82.7
2 24 25.6 -0.3 -83.2 24.9 -0.3 -83.8
2 24 24.9 -0.3 -83.8 23.9 -0.3 -83.5
2 24 51 -0.3 -76.7 37.6 -0.3 -67.2
2 24 55.7 -0.3 -64.1 57.6 -0.3 -74.6
2 24 54.9 -0.3 -79.4 51 -0.3 -76.7
2 24 56.4 -0.3 -79.4 54.9 -0.3 -79.4
2 24 57.6 -0.3 -74.6 57.7 -0.3 -78
2 24 57.7 -0.3 -78 56.4 -0.3 -79.4
2 24 53.4 -0.3 -57 55.7 -0.3 -64.1
2 24 29.5 -0.3 -56.7 30.9 -0.3 -56
2 24 30.9 -0.3 -56 31.8 -0.3 -54.2
2 24 50.8 -0.3 -48.4 53.4 -0.3 -57
2 24 31.8 -0.3 -54.2 31.8 -0.3 -51.8
2 24 47.3 -0.3 -39.2 50.8 -0.3 -48.4
2 24 31.8 -0.3 -51.8 30.4 -0.3 -47.8
2 24 43.8 -0.3 -31.7 47.3 -0.3 -39.2
2 24 30.4 -0.3 -47.8 29.6 -0.3 -45.9
2 24 29.6 -0.3 -45.9 28.1 -0.3 -44.7
2 24 28.1 -0.3 -44.7 26.3 -0.3 -44
2 24 35.2 -0.3 -25.7 39.2 -0.3 -26.4
2 24 30.5 -0.3 -24 35.2 -0.3 -25.7
2 24 28.6 -0.3 -22.8 30.5 -0.3 -24
2 24 39.2 -0.3 -26.4 41.4 -0.3 -27.3
2 24 41.4 -0.3 -27.3 43.8 -0.3 -31.7
2 24 6 -0.3 -62.1 4.7 -0.3 -63.1
2 24 4.7 -0.3 -63.1 3.3 -0.3 -66.4
2 24 37.6 -0.3 -67.2 36 -0.3 -67.7
0 // Edge
4 16 -0.1 -0.3 -9.06 -1.82 -0.3 -9.55 -1.82 0 -9.55 -0.1 0 -9.06
4 16 -1.82 -0.3 -9.55 -3.15 -0.3 -10.88 -3.15 0 -10.88 -1.82 0 -9.55
4 16 -3.15 -0.3 -10.88 -3.64 -0.3 -12.7 -3.64 0 -12.7 -3.15 0 -10.88
4 16 -3.64 -0.3 -12.7 -3.15 -0.3 -14.52 -3.15 0 -14.52 -3.64 0 -12.7
4 16 -3.15 -0.3 -14.52 -1.82 -0.3 -15.85 -1.82 0 -15.85 -3.15 0 -14.52
4 16 -1.82 -0.3 -15.85 0 -0.3 -16.34 0 0 -16.34 -1.82 0 -15.85
4 16 0 -0.3 -16.34 1.82 -0.3 -15.85 1.82 0 -15.85 0 0 -16.34
4 16 1.82 -0.3 -15.85 3.15 -0.3 -14.52 3.15 0 -14.52 1.82 0 -15.85
4 16 3.15 -0.3 -14.52 3.64 -0.3 -12.7 3.64 0 -12.7 3.15 0 -14.52
4 16 3.64 -0.3 -12.7 3.15 -0.3 -10.88 3.15 0 -10.88 3.64 0 -12.7
4 16 3.15 -0.3 -10.88 1.82 -0.3 -9.55 1.82 0 -9.55 3.15 0 -10.88
4 16 1.82 -0.3 -9.55 0.1 -0.3 -9.06 0.1 0 -9.06 1.82 0 -9.55
1 16 0.1 -0.15 0.27 0 1 0 0 0 0.15 9.33 0 0 rect.dat
4 16 0.1 -0.3 9.6 2.2 -0.3 11.8 2.2 0 11.8 0.1 0 9.6
4 16 2.2 -0.3 11.8 3.6 -0.3 13.4 3.6 0 13.4 2.2 0 11.8
4 16 3.6 -0.3 13.4 5.2 -0.3 14.8 5.2 0 14.8 3.6 0 13.4
4 16 5.2 -0.3 14.8 7.8 -0.3 15.3 7.8 0 15.3 5.2 0 14.8
4 16 7.8 -0.3 15.3 15.7 -0.3 15.3 15.7 0 15.3 7.8 0 15.3
4 16 15.7 -0.3 15.3 18.4 -0.3 14.8 18.4 0 14.8 15.7 0 15.3
4 16 18.4 -0.3 14.8 20.96 -0.3 13.29 20.96 0 13.29 18.4 0 14.8
4 16 20.96 -0.3 13.29 23.41 -0.3 10.56 23.41 0 10.56 20.96 0 13.29
4 16 23.41 -0.3 10.56 25.42 -0.3 7.53 25.42 0 7.53 23.41 0 10.56
4 16 25.42 -0.3 7.53 27.55 -0.3 3.63 27.55 0 3.63 25.42 0 7.53
4 16 27.55 -0.3 3.63 29.1 -0.3 0.4 29.1 0 0.4 27.55 0 3.63
4 16 29.1 -0.3 0.4 31.5 -0.3 -4.2 31.5 0 -4.2 29.1 0 0.4
4 16 31.5 -0.3 -4.2 33.1 -0.3 -7.9 33.1 0 -7.9 31.5 0 -4.2
4 16 33.1 -0.3 -7.9 33.5 -0.3 -10.8 33.5 0 -10.8 33.1 0 -7.9
4 16 33.5 -0.3 -10.8 32.8 -0.3 -12.9 32.8 0 -12.9 33.5 0 -10.8
4 16 32.8 -0.3 -12.9 33.2 -0.3 -15.4 33.2 0 -15.4 32.8 0 -12.9
4 16 33.2 -0.3 -15.4 32.6 -0.3 -17.1 32.6 0 -17.1 33.2 0 -15.4
4 16 32.6 -0.3 -17.1 29.6 -0.3 -20.1 29.6 0 -20.1 32.6 0 -17.1
4 16 29.6 -0.3 -20.1 28.6 -0.3 -21.4 28.6 0 -21.4 29.6 0 -20.1
4 16 28.6 -0.3 -21.4 28.6 -0.3 -22.8 28.6 0 -22.8 28.6 0 -21.4
4 16 28.6 -0.3 -22.8 30.5 -0.3 -24 30.5 0 -24 28.6 0 -22.8
4 16 30.5 -0.3 -24 35.2 -0.3 -25.7 35.2 0 -25.7 30.5 0 -24
4 16 35.2 -0.3 -25.7 39.2 -0.3 -26.4 39.2 0 -26.4 35.2 0 -25.7
4 16 39.2 -0.3 -26.4 41.4 -0.3 -27.3 41.4 0 -27.3 39.2 0 -26.4
4 16 41.4 -0.3 -27.3 43.8 -0.3 -31.7 43.8 0 -31.7 41.4 0 -27.3
4 16 43.8 -0.3 -31.7 47.3 -0.3 -39.2 47.3 0 -39.2 43.8 0 -31.7
4 16 47.3 -0.3 -39.2 50.8 -0.3 -48.4 50.8 0 -48.4 47.3 0 -39.2
4 16 50.8 -0.3 -48.4 53.4 -0.3 -57 53.4 0 -57 50.8 0 -48.4
4 16 53.4 -0.3 -57 55.7 -0.3 -64.1 55.7 0 -64.1 53.4 0 -57
4 16 55.7 -0.3 -64.1 57.6 -0.3 -74.6 57.6 0 -74.6 55.7 0 -64.1
4 16 57.6 -0.3 -74.6 57.7 -0.3 -78 57.7 0 -78 57.6 0 -74.6
4 16 57.7 -0.3 -78 56.4 -0.3 -79.4 56.4 0 -79.4 57.7 0 -78
4 16 56.4 -0.3 -79.4 54.9 -0.3 -79.4 54.9 0 -79.4 56.4 0 -79.4
4 16 54.9 -0.3 -79.4 51 -0.3 -76.7 51 0 -76.7 54.9 0 -79.4
4 16 51 -0.3 -76.7 37.6 -0.3 -67.2 37.6 0 -67.2 51 0 -76.7
4 16 37.6 -0.3 -67.2 36 -0.3 -67.7 36 0 -67.7 37.6 0 -67.2
4 16 36 -0.3 -67.7 33.4 -0.3 -77 33.4 0 -77 36 0 -67.7
4 16 33.4 -0.3 -77 32.7 -0.3 -78.3 32.7 0 -78.3 33.4 0 -77
4 16 32.7 -0.3 -78.3 31 -0.3 -79.3 31 0 -79.3 32.7 0 -78.3
4 16 31 -0.3 -79.3 28.5 -0.3 -79.4 28.5 0 -79.4 31 0 -79.3
4 16 28.5 -0.3 -79.4 26.8 -0.3 -81.9 26.8 0 -81.9 28.5 0 -79.4
4 16 26.8 -0.3 -81.9 25.6 -0.3 -83.2 25.6 0 -83.2 26.8 0 -81.9
4 16 25.6 -0.3 -83.2 24.9 -0.3 -83.8 24.9 0 -83.8 25.6 0 -83.2
4 16 24.9 -0.3 -83.8 23.9 -0.3 -83.5 23.9 0 -83.5 24.9 0 -83.8
4 16 23.9 -0.3 -83.5 23.4 -0.3 -82.7 23.4 0 -82.7 23.9 0 -83.5
4 16 23.4 -0.3 -82.7 22.3 -0.3 -80.7 22.3 0 -80.7 23.4 0 -82.7
4 16 22.3 -0.3 -80.7 21 -0.3 -74.3 21 0 -74.3 22.3 0 -80.7
4 16 21 -0.3 -74.3 19.8 -0.3 -66.6 19.8 0 -66.6 21 0 -74.3
4 16 19.8 -0.3 -66.6 18.7 -0.3 -63.1 18.7 0 -63.1 19.8 0 -66.6
4 16 18.7 -0.3 -63.1 16.4 -0.3 -61.2 16.4 0 -61.2 18.7 0 -63.1
4 16 16.4 -0.3 -61.2 14.8 -0.3 -60.8 14.8 0 -60.8 16.4 0 -61.2
4 16 14.8 -0.3 -60.8 13.8 -0.3 -61.7 13.8 0 -61.7 14.8 0 -60.8
4 16 13.8 -0.3 -61.7 12.4 -0.3 -64.6 12.4 0 -64.6 13.8 0 -61.7
4 16 12.4 -0.3 -64.6 11.5 -0.3 -65.4 11.5 0 -65.4 12.4 0 -64.6
4 16 11.5 -0.3 -65.4 10.4 -0.3 -65 10.4 0 -65 11.5 0 -65.4
4 16 10.4 -0.3 -65 7.5 -0.3 -62.8 7.5 0 -62.8 10.4 0 -65
4 16 7.5 -0.3 -62.8 6 -0.3 -62.1 6 0 -62.1 7.5 0 -62.8
4 16 6 -0.3 -62.1 4.7 -0.3 -63.1 4.7 0 -63.1 6 0 -62.1
4 16 4.7 -0.3 -63.1 3.3 -0.3 -66.4 3.3 0 -66.4 4.7 0 -63.1
4 16 3.3 -0.3 -66.4 -0.3 -0.3 -73.6 -0.3 0 -73.6 3.3 0 -66.4
4 16 -0.3 -0.3 -73.6 -2.2 -0.3 -77.7 -2.2 0 -77.7 -0.3 0 -73.6
4 16 -2.2 -0.3 -77.7 -3.3 -0.3 -79.2 -3.3 0 -79.2 -2.2 0 -77.7
4 16 -3.3 -0.3 -79.2 -4.1 -0.3 -79.4 -4.1 0 -79.4 -3.3 0 -79.2
4 16 -4.1 -0.3 -79.4 -4.8 -0.3 -78.9 -4.8 0 -78.9 -4.1 0 -79.4
4 16 -4.8 -0.3 -78.9 -5.9 -0.3 -77.2 -5.9 0 -77.2 -4.8 0 -78.9
4 16 -5.9 -0.3 -77.2 -6.9 -0.3 -73.7 -6.9 0 -73.7 -5.9 0 -77.2
4 16 -6.9 -0.3 -73.7 -8.1 -0.3 -72.5 -8.1 0 -72.5 -6.9 0 -73.7
4 16 -8.1 -0.3 -72.5 -9.7 -0.3 -72.8 -9.7 0 -72.8 -8.1 0 -72.5
4 16 -9.7 -0.3 -72.8 -11.6 -0.3 -72 -11.6 0 -72 -9.7 0 -72.8
4 16 -11.6 -0.3 -72 -13.4 -0.3 -69.1 -13.4 0 -69.1 -11.6 0 -72
4 16 -13.4 -0.3 -69.1 -14.5 -0.3 -68.4 -14.5 0 -68.4 -13.4 0 -69.1
4 16 -14.5 -0.3 -68.4 -16.6 -0.3 -69.7 -16.6 0 -69.7 -14.5 0 -68.4
4 16 -16.6 -0.3 -69.7 -19.1 -0.3 -73.1 -19.1 0 -73.1 -16.6 0 -69.7
4 16 -19.1 -0.3 -73.1 -20.5 -0.3 -74.4 -20.5 0 -74.4 -19.1 0 -73.1
4 16 -20.5 -0.3 -74.4 -22.2 -0.3 -74.8 -22.2 0 -74.8 -20.5 0 -74.4
4 16 -22.2 -0.3 -74.8 -24.2 -0.3 -74.6 -24.2 0 -74.6 -22.2 0 -74.8
4 16 -24.2 -0.3 -74.6 -25.4 -0.3 -75.1 -25.4 0 -75.1 -24.2 0 -74.6
4 16 -25.4 -0.3 -75.1 -27.5 -0.3 -78 -27.5 0 -78 -25.4 0 -75.1
4 16 -27.5 -0.3 -78 -29.9 -0.3 -79.3 -29.9 0 -79.3 -27.5 0 -78
4 16 -29.9 -0.3 -79.3 -32.2 -0.3 -79.3 -32.2 0 -79.3 -29.9 0 -79.3
4 16 -32.2 -0.3 -79.3 -33.3 -0.3 -78.8 -33.3 0 -78.8 -32.2 0 -79.3
4 16 -33.3 -0.3 -78.8 -33.5 -0.3 -77.1 -33.5 0 -77.1 -33.3 0 -78.8
4 16 -33.5 -0.3 -77.1 -32.9 -0.3 -73.9 -32.9 0 -73.9 -33.5 0 -77.1
4 16 -32.9 -0.3 -73.9 -32 -0.3 -69.6 -32 0 -69.6 -32.9 0 -73.9
4 16 -32 -0.3 -69.6 -32.1 -0.3 -64 -32.1 0 -64 -32 0 -69.6
4 16 -32.1 -0.3 -64 -31.7 -0.3 -59.3 -31.7 0 -59.3 -32.1 0 -64
4 16 -31.7 -0.3 -59.3 -32.2 -0.3 -58.2 -32.2 0 -58.2 -31.7 0 -59.3
4 16 -32.2 -0.3 -58.2 -33.2 -0.3 -58.5 -33.2 0 -58.5 -32.2 0 -58.2
4 16 -33.2 -0.3 -58.5 -35.8 -0.3 -60.6 -35.8 0 -60.6 -33.2 0 -58.5
4 16 -35.8 -0.3 -60.6 -38.8 -0.3 -62.9 -38.8 0 -62.9 -35.8 0 -60.6
4 16 -38.8 -0.3 -62.9 -40.5 -0.3 -66.2 -40.5 0 -66.2 -38.8 0 -62.9
4 16 -40.5 -0.3 -66.2 -42.8 -0.3 -70.5 -42.8 0 -70.5 -40.5 0 -66.2
4 16 -42.8 -0.3 -70.5 -43.9 -0.3 -71.8 -43.9 0 -71.8 -42.8 0 -70.5
4 16 -43.9 -0.3 -71.8 -44.7 -0.3 -71.9 -44.7 0 -71.9 -43.9 0 -71.8
4 16 -44.7 -0.3 -71.9 -45.6 -0.3 -71.4 -45.6 0 -71.4 -44.7 0 -71.9
4 16 -45.6 -0.3 -71.4 -47.3 -0.3 -70.3 -47.3 0 -70.3 -45.6 0 -71.4
4 16 -47.3 -0.3 -70.3 -48.6 -0.3 -70.1 -48.6 0 -70.1 -47.3 0 -70.3
4 16 -48.6 -0.3 -70.1 -49.4 -0.3 -70.7 -49.4 0 -70.7 -48.6 0 -70.1
4 16 -49.4 -0.3 -70.7 -51.2 -0.3 -73.7 -51.2 0 -73.7 -49.4 0 -70.7
4 16 -51.2 -0.3 -73.7 -53.5 -0.3 -77 -53.5 0 -77 -51.2 0 -73.7
4 16 -53.5 -0.3 -77 -54.3 -0.3 -77.8 -54.3 0 -77.8 -53.5 0 -77
4 16 -54.3 -0.3 -77.8 -55.9 -0.3 -77.9 -55.9 0 -77.9 -54.3 0 -77.8
4 16 -55.9 -0.3 -77.9 -56.6 -0.3 -77.6 -56.6 0 -77.6 -55.9 0 -77.9
4 16 -56.6 -0.3 -77.6 -57 -0.3 -76.7 -57 0 -76.7 -56.6 0 -77.6
4 16 -57 -0.3 -76.7 -57.3 -0.3 -73.2 -57.3 0 -73.2 -57 0 -76.7
4 16 -57.3 -0.3 -73.2 -56.5 -0.3 -67.2 -56.5 0 -67.2 -57.3 0 -73.2
4 16 -56.5 -0.3 -67.2 -55.3 -0.3 -61.8 -55.3 0 -61.8 -56.5 0 -67.2
4 16 -55.3 -0.3 -61.8 -52.6 -0.3 -53.2 -52.6 0 -53.2 -55.3 0 -61.8
4 16 -52.6 -0.3 -53.2 -49.7 -0.3 -45.5 -49.7 0 -45.5 -52.6 0 -53.2
4 16 -49.7 -0.3 -45.5 -48.6 -0.3 -44 -48.6 0 -44 -49.7 0 -45.5
4 16 -48.6 -0.3 -44 -46.7 -0.3 -42.5 -46.7 0 -42.5 -48.6 0 -44
4 16 -46.7 -0.3 -42.5 -45 -0.3 -41.2 -45 0 -41.2 -46.7 0 -42.5
4 16 -45 -0.3 -41.2 -38.7 -0.3 -40.8 -38.7 0 -40.8 -45 0 -41.2
4 16 -38.7 -0.3 -40.8 -37.3 -0.3 -39.9 -37.3 0 -39.9 -38.7 0 -40.8
4 16 -37.3 -0.3 -39.9 -37.7 -0.3 -38.7 -37.7 0 -38.7 -37.3 0 -39.9
4 16 -37.7 -0.3 -38.7 -40.5 -0.3 -35.9 -40.5 0 -35.9 -37.7 0 -38.7
4 16 -40.5 -0.3 -35.9 -41.6 -0.3 -34.7 -41.6 0 -34.7 -40.5 0 -35.9
4 16 -41.6 -0.3 -34.7 -42.9 -0.3 -31.6 -42.9 0 -31.6 -41.6 0 -34.7
4 16 -42.9 -0.3 -31.6 -43 -0.3 -29.4 -43 0 -29.4 -42.9 0 -31.6
4 16 -43 -0.3 -29.4 -41.6 -0.3 -26.4 -41.6 0 -26.4 -43 0 -29.4
4 16 -41.6 -0.3 -26.4 -37.3 -0.3 -17 -37.3 0 -17 -41.6 0 -26.4
4 16 -37.3 -0.3 -17 -32.6 -0.3 -7 -32.6 0 -7 -37.3 0 -17
4 16 -32.6 -0.3 -7 -29.1 -0.3 0.4 -29.1 0 0.4 -32.6 0 -7
4 16 -29.1 -0.3 0.4 -27.55 -0.3 3.63 -27.55 0 3.63 -29.1 0 0.4
4 16 -27.55 -0.3 3.63 -25.42 -0.3 7.53 -25.42 0 7.53 -27.55 0 3.63
4 16 -25.42 -0.3 7.53 -23.41 -0.3 10.56 -23.41 0 10.56 -25.42 0 7.53
4 16 -23.41 -0.3 10.56 -20.96 -0.3 13.29 -20.96 0 13.29 -23.41 0 10.56
4 16 -20.96 -0.3 13.29 -18.4 -0.3 14.8 -18.4 0 14.8 -20.96 0 13.29
4 16 -18.4 -0.3 14.8 -15.7 -0.3 15.3 -15.7 0 15.3 -18.4 0 14.8
4 16 -15.7 -0.3 15.3 -7.8 -0.3 15.3 -7.8 0 15.3 -15.7 0 15.3
4 16 -7.8 -0.3 15.3 -5.2 -0.3 14.8 -5.2 0 14.8 -7.8 0 15.3
4 16 -5.2 -0.3 14.8 -3.6 -0.3 13.4 -3.6 0 13.4 -5.2 0 14.8
4 16 -3.6 -0.3 13.4 -2.2 -0.3 11.8 -2.2 0 11.8 -3.6 0 13.4
4 16 -2.2 -0.3 11.8 -0.1 -0.3 9.6 -0.1 0 9.6 -2.2 0 11.8
1 16 -0.1 -0.15 0.27 0 -1 0 0 0 0.15 -9.33 0 0 rect.dat
4 16 -6.02 -0.3 2 -6.51 -0.3 4.48 -6.51 0 4.48 -6.02 0 2
4 16 -6.51 -0.3 4.48 -7.92 -0.3 6.58 -7.92 0 6.58 -6.51 0 4.48
4 16 -7.92 -0.3 6.58 -10.02 -0.3 7.99 -10.02 0 7.99 -7.92 0 6.58
4 16 -10.02 -0.3 7.99 -12.5 -0.3 8.48 -12.5 0 8.48 -10.02 0 7.99
4 16 -12.5 -0.3 8.48 -14.98 -0.3 7.99 -14.98 0 7.99 -12.5 0 8.48
4 16 -14.98 -0.3 7.99 -17.08 -0.3 6.58 -17.08 0 6.58 -14.98 0 7.99
4 16 -17.08 -0.3 6.58 -18.49 -0.3 4.48 -18.49 0 4.48 -17.08 0 6.58
4 16 -18.49 -0.3 4.48 -18.98 -0.3 2 -18.98 0 2 -18.49 0 4.48
4 16 -18.98 -0.3 2 -18.49 -0.3 -0.48 -18.49 0 -0.48 -18.98 0 2
4 16 -18.49 -0.3 -0.48 -17.08 -0.3 -2.58 -17.08 0 -2.58 -18.49 0 -0.48
4 16 -17.08 -0.3 -2.58 -14.98 -0.3 -3.99 -14.98 0 -3.99 -17.08 0 -2.58
4 16 -14.98 -0.3 -3.99 -12.5 -0.3 -4.48 -12.5 0 -4.48 -14.98 0 -3.99
4 16 -12.5 -0.3 -4.48 -10.02 -0.3 -3.99 -10.02 0 -3.99 -12.5 0 -4.48
4 16 -10.02 -0.3 -3.99 -7.92 -0.3 -2.58 -7.92 0 -2.58 -10.02 0 -3.99
4 16 -7.92 -0.3 -2.58 -6.51 -0.3 -0.48 -6.51 0 -0.48 -7.92 0 -2.58
4 16 -6.51 -0.3 -0.48 -6.02 -0.3 2 -6.02 0 2 -6.51 0 -0.48
4 16 6.51 -0.3 -0.48 7.92 -0.3 -2.58 7.92 0 -2.58 6.51 0 -0.48
4 16 7.92 -0.3 -2.58 10.02 -0.3 -3.99 10.02 0 -3.99 7.92 0 -2.58
4 16 10.02 -0.3 -3.99 12.5 -0.3 -4.48 12.5 0 -4.48 10.02 0 -3.99
4 16 12.5 -0.3 -4.48 14.98 -0.3 -3.99 14.98 0 -3.99 12.5 0 -4.48
4 16 14.98 -0.3 -3.99 17.08 -0.3 -2.58 17.08 0 -2.58 14.98 0 -3.99
4 16 17.08 -0.3 -2.58 18.49 -0.3 -0.48 18.49 0 -0.48 17.08 0 -2.58
4 16 18.49 -0.3 -0.48 18.98 -0.3 2 18.98 0 2 18.49 0 -0.48
4 16 18.98 -0.3 2 18.49 -0.3 4.48 18.49 0 4.48 18.98 0 2
4 16 18.49 -0.3 4.48 17.08 -0.3 6.58 17.08 0 6.58 18.49 0 4.48
4 16 17.08 -0.3 6.58 14.98 -0.3 7.99 14.98 0 7.99 17.08 0 6.58
4 16 14.98 -0.3 7.99 12.5 -0.3 8.48 12.5 0 8.48 14.98 0 7.99
4 16 12.5 -0.3 8.48 10.02 -0.3 7.99 10.02 0 7.99 12.5 0 8.48
4 16 10.02 -0.3 7.99 7.92 -0.3 6.58 7.92 0 6.58 10.02 0 7.99
4 16 7.92 -0.3 6.58 6.51 -0.3 4.48 6.51 0 4.48 7.92 0 6.58
4 16 6.51 -0.3 4.48 6.02 -0.3 2 6.02 0 2 6.51 0 4.48
4 16 6.02 -0.3 2 6.51 -0.3 -0.48 6.51 0 -0.48 6.02 0 2
4 16 24.9 -0.3 -44.4 22.9 -0.3 -45.9 22.9 0 -45.9 24.9 0 -44.4
4 16 22.9 -0.3 -45.9 21.4 -0.3 -47.2 21.4 0 -47.2 22.9 0 -45.9
4 16 21.4 -0.3 -47.2 20.7 -0.3 -48.4 20.7 0 -48.4 21.4 0 -47.2
4 16 20.7 -0.3 -48.4 21.3 -0.3 -51.4 21.3 0 -51.4 20.7 0 -48.4
4 16 21.3 -0.3 -51.4 21.8 -0.3 -54.4 21.8 0 -54.4 21.3 0 -51.4
4 16 21.8 -0.3 -54.4 23 -0.3 -55.6 23 0 -55.6 21.8 0 -54.4
4 16 23 -0.3 -55.6 24.6 -0.3 -56.5 24.6 0 -56.5 23 0 -55.6
4 16 24.6 -0.3 -56.5 29.5 -0.3 -56.7 29.5 0 -56.7 24.6 0 -56.5
4 16 29.5 -0.3 -56.7 30.9 -0.3 -56 30.9 0 -56 29.5 0 -56.7
4 16 30.9 -0.3 -56 31.8 -0.3 -54.2 31.8 0 -54.2 30.9 0 -56
4 16 31.8 -0.3 -54.2 31.8 -0.3 -51.8 31.8 0 -51.8 31.8 0 -54.2
4 16 31.8 -0.3 -51.8 30.4 -0.3 -47.8 30.4 0 -47.8 31.8 0 -51.8
4 16 30.4 -0.3 -47.8 29.6 -0.3 -45.9 29.6 0 -45.9 30.4 0 -47.8
4 16 29.6 -0.3 -45.9 28.1 -0.3 -44.7 28.1 0 -44.7 29.6 0 -45.9
4 16 28.1 -0.3 -44.7 26.3 -0.3 -44 26.3 0 -44 28.1 0 -44.7
4 16 26.3 -0.3 -44 24.9 -0.3 -44.4 24.9 0 -44.4 26.3 0 -44
4 16 -7.9 -0.3 -27.3 -10.2 -0.3 -23.9 -10.2 0 -23.9 -7.9 0 -27.3
4 16 -10.2 -0.3 -23.9 -11 -0.3 -23.5 -11 0 -23.5 -10.2 0 -23.9
4 16 -11 -0.3 -23.5 -16.1 -0.3 -23.9 -16.1 0 -23.9 -11 0 -23.5
4 16 -16.1 -0.3 -23.9 -17.1 -0.3 -24.4 -17.1 0 -24.4 -16.1 0 -23.9
4 16 -17.1 -0.3 -24.4 -17.5 -0.3 -25.9 -17.5 0 -25.9 -17.1 0 -24.4
4 16 -17.5 -0.3 -25.9 -18.2 -0.3 -27.9 -18.2 0 -27.9 -17.5 0 -25.9
4 16 -18.2 -0.3 -27.9 -18.5 -0.3 -30 -18.5 0 -30 -18.2 0 -27.9
4 16 -18.5 -0.3 -30 -17.9 -0.3 -32.8 -17.9 0 -32.8 -18.5 0 -30
4 16 -17.9 -0.3 -32.8 -17.3 -0.3 -34.7 -17.3 0 -34.7 -17.9 0 -32.8
4 16 -17.3 -0.3 -34.7 -17.1 -0.3 -36.1 -17.1 0 -36.1 -17.3 0 -34.7
4 16 -17.1 -0.3 -36.1 -16.4 -0.3 -36.5 -16.4 0 -36.5 -17.1 0 -36.1
4 16 -16.4 -0.3 -36.5 -13.7 -0.3 -36.3 -13.7 0 -36.3 -16.4 0 -36.5
4 16 -13.7 -0.3 -36.3 -11.3 -0.3 -35 -11.3 0 -35 -13.7 0 -36.3
4 16 -11.3 -0.3 -35 -9.9 -0.3 -32.9 -9.9 0 -32.9 -11.3 0 -35
4 16 -9.9 -0.3 -32.9 -7.9 -0.3 -28.5 -7.9 0 -28.5 -9.9 0 -32.9
4 16 -7.9 -0.3 -28.5 -7.9 -0.3 -27.3 -7.9 0 -27.3 -7.9 0 -28.5
5 24 -1.82 0 -9.55 -1.82 -0.3 -9.55 -3.15 0 -10.88 -0.1 0 -9.06
5 24 -3.15 0 -10.88 -3.15 -0.3 -10.88 -3.64 0 -12.7 -1.82 0 -9.55
5 24 -3.64 0 -12.7 -3.64 -0.3 -12.7 -3.15 0 -14.52 -3.15 0 -10.88
5 24 -3.15 0 -14.52 -3.15 -0.3 -14.52 -1.82 0 -15.85 -3.64 0 -12.7
5 24 -1.82 0 -15.85 -1.82 -0.3 -15.85 0 0 -16.34 -3.15 0 -14.52
5 24 0 0 -16.34 0 -0.3 -16.34 1.82 0 -15.85 -1.82 0 -15.85
5 24 1.82 0 -15.85 1.82 -0.3 -15.85 3.15 0 -14.52 0 0 -16.34
5 24 3.15 0 -14.52 3.15 -0.3 -14.52 3.64 0 -12.7 1.82 0 -15.85
5 24 3.64 0 -12.7 3.64 -0.3 -12.7 3.15 0 -10.88 3.15 0 -14.52
5 24 3.15 0 -10.88 3.15 -0.3 -10.88 1.82 0 -9.55 3.64 0 -12.7
5 24 1.82 0 -9.55 1.82 -0.3 -9.55 0.1 0 -9.06 3.15 0 -10.88
5 24 2.2 0 11.8 2.2 -0.3 11.8 3.6 0 13.4 0.1 0 9.6
5 24 3.6 0 13.4 3.6 -0.3 13.4 5.2 0 14.8 2.2 0 11.8
5 24 5.2 0 14.8 5.2 -0.3 14.8 7.8 0 15.3 3.6 0 13.4
5 24 7.8 0 15.3 7.8 -0.3 15.3 15.7 0 15.3 5.2 0 14.8
5 24 15.7 0 15.3 15.7 -0.3 15.3 18.4 0 14.8 7.8 0 15.3
5 24 18.4 0 14.8 18.4 -0.3 14.8 20.96 0 13.29 15.7 0 15.3
5 24 20.96 0 13.29 20.96 -0.3 13.29 23.41 0 10.56 18.4 0 14.8
5 24 23.41 0 10.56 23.41 -0.3 10.56 25.42 0 7.53 20.96 0 13.29
5 24 25.42 0 7.53 25.42 -0.3 7.53 27.55 0 3.63 23.41 0 10.56
5 24 27.55 0 3.63 27.55 -0.3 3.63 29.1 0 0.4 25.42 0 7.53
5 24 29.1 0 0.4 29.1 -0.3 0.4 31.5 0 -4.2 27.55 0 3.63
5 24 31.5 0 -4.2 31.5 -0.3 -4.2 33.1 0 -7.9 29.1 0 0.4
5 24 33.1 0 -7.9 33.1 -0.3 -7.9 33.5 0 -10.8 31.5 0 -4.2
5 24 33.5 0 -10.8 33.5 -0.3 -10.8 32.8 0 -12.9 33.1 0 -7.9
5 24 32.8 0 -12.9 32.8 -0.3 -12.9 33.2 0 -15.4 33.5 0 -10.8
5 24 33.2 0 -15.4 33.2 -0.3 -15.4 32.6 0 -17.1 32.8 0 -12.9
5 24 32.6 0 -17.1 32.6 -0.3 -17.1 29.6 0 -20.1 33.2 0 -15.4
5 24 29.6 0 -20.1 29.6 -0.3 -20.1 28.6 0 -21.4 32.6 0 -17.1
5 24 28.6 0 -21.4 28.6 -0.3 -21.4 28.6 0 -22.8 29.6 0 -20.1
5 24 28.6 0 -22.8 28.6 -0.3 -22.8 30.5 0 -24 28.6 0 -21.4
5 24 30.5 0 -24 30.5 -0.3 -24 35.2 0 -25.7 28.6 0 -22.8
5 24 35.2 0 -25.7 35.2 -0.3 -25.7 39.2 0 -26.4 30.5 0 -24
5 24 39.2 0 -26.4 39.2 -0.3 -26.4 41.4 0 -27.3 35.2 0 -25.7
5 24 41.4 0 -27.3 41.4 -0.3 -27.3 43.8 0 -31.7 39.2 0 -26.4
5 24 43.8 0 -31.7 43.8 -0.3 -31.7 47.3 0 -39.2 41.4 0 -27.3
5 24 47.3 0 -39.2 47.3 -0.3 -39.2 50.8 0 -48.4 43.8 0 -31.7
5 24 50.8 0 -48.4 50.8 -0.3 -48.4 53.4 0 -57 47.3 0 -39.2
5 24 53.4 0 -57 53.4 -0.3 -57 55.7 0 -64.1 50.8 0 -48.4
5 24 55.7 0 -64.1 55.7 -0.3 -64.1 57.6 0 -74.6 53.4 0 -57
5 24 57.6 0 -74.6 57.6 -0.3 -74.6 57.7 0 -78 55.7 0 -64.1
5 24 57.7 0 -78 57.7 -0.3 -78 56.4 0 -79.4 57.6 0 -74.6
5 24 56.4 0 -79.4 56.4 -0.3 -79.4 54.9 0 -79.4 57.7 0 -78
5 24 54.9 0 -79.4 54.9 -0.3 -79.4 51 0 -76.7 56.4 0 -79.4
5 24 51 0 -76.7 51 -0.3 -76.7 37.6 0 -67.2 54.9 0 -79.4
5 24 37.6 0 -67.2 37.6 -0.3 -67.2 36 0 -67.7 51 0 -76.7
5 24 36 0 -67.7 36 -0.3 -67.7 33.4 0 -77 37.6 0 -67.2
5 24 33.4 0 -77 33.4 -0.3 -77 32.7 0 -78.3 36 0 -67.7
5 24 32.7 0 -78.3 32.7 -0.3 -78.3 31 0 -79.3 33.4 0 -77
5 24 31 0 -79.3 31 -0.3 -79.3 28.5 0 -79.4 32.7 0 -78.3
5 24 28.5 0 -79.4 28.5 -0.3 -79.4 26.8 0 -81.9 31 0 -79.3
5 24 26.8 0 -81.9 26.8 -0.3 -81.9 25.6 0 -83.2 28.5 0 -79.4
5 24 25.6 0 -83.2 25.6 -0.3 -83.2 24.9 0 -83.8 26.8 0 -81.9
5 24 24.9 0 -83.8 24.9 -0.3 -83.8 23.9 0 -83.5 25.6 0 -83.2
5 24 23.9 0 -83.5 23.9 -0.3 -83.5 23.4 0 -82.7 24.9 0 -83.8
5 24 23.4 0 -82.7 23.4 -0.3 -82.7 22.3 0 -80.7 23.9 0 -83.5
5 24 22.3 0 -80.7 22.3 -0.3 -80.7 21 0 -74.3 23.4 0 -82.7
5 24 21 0 -74.3 21 -0.3 -74.3 19.8 0 -66.6 22.3 0 -80.7
5 24 19.8 0 -66.6 19.8 -0.3 -66.6 18.7 0 -63.1 21 0 -74.3
5 24 18.7 0 -63.1 18.7 -0.3 -63.1 16.4 0 -61.2 19.8 0 -66.6
5 24 16.4 0 -61.2 16.4 -0.3 -61.2 14.8 0 -60.8 18.7 0 -63.1
5 24 14.8 0 -60.8 14.8 -0.3 -60.8 13.8 0 -61.7 16.4 0 -61.2
5 24 13.8 0 -61.7 13.8 -0.3 -61.7 12.4 0 -64.6 14.8 0 -60.8
5 24 12.4 0 -64.6 12.4 -0.3 -64.6 11.5 0 -65.4 13.8 0 -61.7
5 24 11.5 0 -65.4 11.5 -0.3 -65.4 10.4 0 -65 12.4 0 -64.6
5 24 10.4 0 -65 10.4 -0.3 -65 7.5 0 -62.8 11.5 0 -65.4
5 24 7.5 0 -62.8 7.5 -0.3 -62.8 6 0 -62.1 10.4 0 -65
5 24 6 0 -62.1 6 -0.3 -62.1 4.7 0 -63.1 7.5 0 -62.8
5 24 4.7 0 -63.1 4.7 -0.3 -63.1 3.3 0 -66.4 6 0 -62.1
5 24 3.3 0 -66.4 3.3 -0.3 -66.4 -0.3 0 -73.6 4.7 0 -63.1
5 24 -0.3 0 -73.6 -0.3 -0.3 -73.6 -2.2 0 -77.7 3.3 0 -66.4
5 24 -2.2 0 -77.7 -2.2 -0.3 -77.7 -3.3 0 -79.2 -0.3 0 -73.6
5 24 -3.3 0 -79.2 -3.3 -0.3 -79.2 -4.1 0 -79.4 -2.2 0 -77.7
5 24 -4.1 0 -79.4 -4.1 -0.3 -79.4 -4.8 0 -78.9 -3.3 0 -79.2
5 24 -4.8 0 -78.9 -4.8 -0.3 -78.9 -5.9 0 -77.2 -4.1 0 -79.4
5 24 -5.9 0 -77.2 -5.9 -0.3 -77.2 -6.9 0 -73.7 -4.8 0 -78.9
5 24 -6.9 0 -73.7 -6.9 -0.3 -73.7 -8.1 0 -72.5 -5.9 0 -77.2
5 24 -8.1 0 -72.5 -8.1 -0.3 -72.5 -9.7 0 -72.8 -6.9 0 -73.7
5 24 -9.7 0 -72.8 -9.7 -0.3 -72.8 -11.6 0 -72 -8.1 0 -72.5
5 24 -11.6 0 -72 -11.6 -0.3 -72 -13.4 0 -69.1 -9.7 0 -72.8
5 24 -13.4 0 -69.1 -13.4 -0.3 -69.1 -14.5 0 -68.4 -11.6 0 -72
5 24 -14.5 0 -68.4 -14.5 -0.3 -68.4 -16.6 0 -69.7 -13.4 0 -69.1
5 24 -16.6 0 -69.7 -16.6 -0.3 -69.7 -19.1 0 -73.1 -14.5 0 -68.4
5 24 -19.1 0 -73.1 -19.1 -0.3 -73.1 -20.5 0 -74.4 -16.6 0 -69.7
5 24 -20.5 0 -74.4 -20.5 -0.3 -74.4 -22.2 0 -74.8 -19.1 0 -73.1
5 24 -22.2 0 -74.8 -22.2 -0.3 -74.8 -24.2 0 -74.6 -20.5 0 -74.4
5 24 -24.2 0 -74.6 -24.2 -0.3 -74.6 -25.4 0 -75.1 -22.2 0 -74.8
5 24 -25.4 0 -75.1 -25.4 -0.3 -75.1 -27.5 0 -78 -24.2 0 -74.6
5 24 -27.5 0 -78 -27.5 -0.3 -78 -29.9 0 -79.3 -25.4 0 -75.1
5 24 -29.9 0 -79.3 -29.9 -0.3 -79.3 -32.2 0 -79.3 -27.5 0 -78
5 24 -32.2 0 -79.3 -32.2 -0.3 -79.3 -33.3 0 -78.8 -29.9 0 -79.3
5 24 -33.3 0 -78.8 -33.3 -0.3 -78.8 -33.5 0 -77.1 -32.2 0 -79.3
5 24 -33.5 0 -77.1 -33.5 -0.3 -77.1 -32.9 0 -73.9 -33.3 0 -78.8
5 24 -32.9 0 -73.9 -32.9 -0.3 -73.9 -32 0 -69.6 -33.5 0 -77.1
5 24 -32 0 -69.6 -32 -0.3 -69.6 -32.1 0 -64 -32.9 0 -73.9
5 24 -32.1 0 -64 -32.1 -0.3 -64 -31.7 0 -59.3 -32 0 -69.6
5 24 -31.7 0 -59.3 -31.7 -0.3 -59.3 -32.2 0 -58.2 -32.1 0 -64
5 24 -33.2 0 -58.5 -33.2 -0.3 -58.5 -35.8 0 -60.6 -32.2 0 -58.2
5 24 -35.8 0 -60.6 -35.8 -0.3 -60.6 -38.8 0 -62.9 -33.2 0 -58.5
5 24 -38.8 0 -62.9 -38.8 -0.3 -62.9 -40.5 0 -66.2 -35.8 0 -60.6
5 24 -40.5 0 -66.2 -40.5 -0.3 -66.2 -42.8 0 -70.5 -38.8 0 -62.9
5 24 -42.8 0 -70.5 -42.8 -0.3 -70.5 -43.9 0 -71.8 -40.5 0 -66.2
5 24 -43.9 0 -71.8 -43.9 -0.3 -71.8 -44.7 0 -71.9 -42.8 0 -70.5
5 24 -44.7 0 -71.9 -44.7 -0.3 -71.9 -45.6 0 -71.4 -43.9 0 -71.8
5 24 -45.6 0 -71.4 -45.6 -0.3 -71.4 -47.3 0 -70.3 -44.7 0 -71.9
5 24 -47.3 0 -70.3 -47.3 -0.3 -70.3 -48.6 0 -70.1 -45.6 0 -71.4
5 24 -48.6 0 -70.1 -48.6 -0.3 -70.1 -49.4 0 -70.7 -47.3 0 -70.3
5 24 -49.4 0 -70.7 -49.4 -0.3 -70.7 -51.2 0 -73.7 -48.6 0 -70.1
5 24 -51.2 0 -73.7 -51.2 -0.3 -73.7 -53.5 0 -77 -49.4 0 -70.7
5 24 -53.5 0 -77 -53.5 -0.3 -77 -54.3 0 -77.8 -51.2 0 -73.7
5 24 -54.3 0 -77.8 -54.3 -0.3 -77.8 -55.9 0 -77.9 -53.5 0 -77
5 24 -55.9 0 -77.9 -55.9 -0.3 -77.9 -56.6 0 -77.6 -54.3 0 -77.8
5 24 -56.6 0 -77.6 -56.6 -0.3 -77.6 -57 0 -76.7 -55.9 0 -77.9
5 24 -57 0 -76.7 -57 -0.3 -76.7 -57.3 0 -73.2 -56.6 0 -77.6
5 24 -57.3 0 -73.2 -57.3 -0.3 -73.2 -56.5 0 -67.2 -57 0 -76.7
5 24 -56.5 0 -67.2 -56.5 -0.3 -67.2 -55.3 0 -61.8 -57.3 0 -73.2
5 24 -55.3 0 -61.8 -55.3 -0.3 -61.8 -52.6 0 -53.2 -56.5 0 -67.2
5 24 -52.6 0 -53.2 -52.6 -0.3 -53.2 -49.7 0 -45.5 -55.3 0 -61.8
5 24 -49.7 0 -45.5 -49.7 -0.3 -45.5 -48.6 0 -44 -52.6 0 -53.2
5 24 -48.6 0 -44 -48.6 -0.3 -44 -46.7 0 -42.5 -49.7 0 -45.5
5 24 -46.7 0 -42.5 -46.7 -0.3 -42.5 -45 0 -41.2 -48.6 0 -44
5 24 -45 0 -41.2 -45 -0.3 -41.2 -38.7 0 -40.8 -46.7 0 -42.5
5 24 -38.7 0 -40.8 -38.7 -0.3 -40.8 -37.3 0 -39.9 -45 0 -41.2
5 24 -37.7 0 -38.7 -37.7 -0.3 -38.7 -40.5 0 -35.9 -37.3 0 -39.9
5 24 -40.5 0 -35.9 -40.5 -0.3 -35.9 -41.6 0 -34.7 -37.7 0 -38.7
5 24 -41.6 0 -34.7 -41.6 -0.3 -34.7 -42.9 0 -31.6 -40.5 0 -35.9
5 24 -42.9 0 -31.6 -42.9 -0.3 -31.6 -43 0 -29.4 -41.6 0 -34.7
5 24 -43 0 -29.4 -43 -0.3 -29.4 -41.6 0 -26.4 -42.9 0 -31.6
5 24 -41.6 0 -26.4 -41.6 -0.3 -26.4 -37.3 0 -17 -43 0 -29.4
5 24 -37.3 0 -17 -37.3 -0.3 -17 -32.6 0 -7 -41.6 0 -26.4
5 24 -32.6 0 -7 -32.6 -0.3 -7 -29.1 0 0.4 -37.3 0 -17
5 24 -29.1 0 0.4 -29.1 -0.3 0.4 -27.55 0 3.63 -32.6 0 -7
5 24 -27.55 0 3.63 -27.55 -0.3 3.63 -25.42 0 7.53 -29.1 0 0.4
5 24 -25.42 0 7.53 -25.42 -0.3 7.53 -23.41 0 10.56 -27.55 0 3.63
5 24 -23.41 0 10.56 -23.41 -0.3 10.56 -20.96 0 13.29 -25.42 0 7.53
5 24 -20.96 0 13.29 -20.96 -0.3 13.29 -18.4 0 14.8 -23.41 0 10.56
5 24 -18.4 0 14.8 -18.4 -0.3 14.8 -15.7 0 15.3 -20.96 0 13.29
5 24 -15.7 0 15.3 -15.7 -0.3 15.3 -7.8 0 15.3 -18.4 0 14.8
5 24 -7.8 0 15.3 -7.8 -0.3 15.3 -5.2 0 14.8 -15.7 0 15.3
5 24 -5.2 0 14.8 -5.2 -0.3 14.8 -3.6 0 13.4 -7.8 0 15.3
5 24 -3.6 0 13.4 -3.6 -0.3 13.4 -2.2 0 11.8 -5.2 0 14.8
5 24 -2.2 0 11.8 -2.2 -0.3 11.8 -0.1 0 9.6 -3.6 0 13.4
5 24 -6.51 0 4.48 -6.51 -0.3 4.48 -7.92 0 6.58 -6.02 0 2
5 24 -7.92 0 6.58 -7.92 -0.3 6.58 -10.02 0 7.99 -6.51 0 4.48
5 24 -10.02 0 7.99 -10.02 -0.3 7.99 -12.5 0 8.48 -7.92 0 6.58
5 24 -12.5 0 8.48 -12.5 -0.3 8.48 -14.98 0 7.99 -10.02 0 7.99
5 24 -14.98 0 7.99 -14.98 -0.3 7.99 -17.08 0 6.58 -12.5 0 8.48
5 24 -17.08 0 6.58 -17.08 -0.3 6.58 -18.49 0 4.48 -14.98 0 7.99
5 24 -18.49 0 4.48 -18.49 -0.3 4.48 -18.98 0 2 -17.08 0 6.58
5 24 -18.98 0 2 -18.98 -0.3 2 -18.49 0 -0.48 -18.49 0 4.48
5 24 -18.49 0 -0.48 -18.49 -0.3 -0.48 -17.08 0 -2.58 -18.98 0 2
5 24 -17.08 0 -2.58 -17.08 -0.3 -2.58 -14.98 0 -3.99 -18.49 0 -0.48
5 24 -14.98 0 -3.99 -14.98 -0.3 -3.99 -12.5 0 -4.48 -17.08 0 -2.58
5 24 -12.5 0 -4.48 -12.5 -0.3 -4.48 -10.02 0 -3.99 -14.98 0 -3.99
5 24 -10.02 0 -3.99 -10.02 -0.3 -3.99 -7.92 0 -2.58 -12.5 0 -4.48
5 24 -7.92 0 -2.58 -7.92 -0.3 -2.58 -6.51 0 -0.48 -10.02 0 -3.99
5 24 -6.51 0 -0.48 -6.51 -0.3 -0.48 -6.02 0 2 -7.92 0 -2.58
5 24 -6.02 0 2 -6.02 -0.3 2 -6.51 0 -0.48 -6.51 0 4.48
5 24 7.92 0 -2.58 7.92 -0.3 -2.58 10.02 0 -3.99 6.51 0 -0.48
5 24 10.02 0 -3.99 10.02 -0.3 -3.99 12.5 0 -4.48 7.92 0 -2.58
5 24 12.5 0 -4.48 12.5 -0.3 -4.48 14.98 0 -3.99 10.02 0 -3.99
5 24 14.98 0 -3.99 14.98 -0.3 -3.99 17.08 0 -2.58 12.5 0 -4.48
5 24 17.08 0 -2.58 17.08 -0.3 -2.58 18.49 0 -0.48 14.98 0 -3.99
5 24 18.49 0 -0.48 18.49 -0.3 -0.48 18.98 0 2 17.08 0 -2.58
5 24 18.98 0 2 18.98 -0.3 2 18.49 0 4.48 18.49 0 -0.48
5 24 18.49 0 4.48 18.49 -0.3 4.48 17.08 0 6.58 18.98 0 2
5 24 17.08 0 6.58 17.08 -0.3 6.58 14.98 0 7.99 18.49 0 4.48
5 24 14.98 0 7.99 14.98 -0.3 7.99 12.5 0 8.48 17.08 0 6.58
5 24 12.5 0 8.48 12.5 -0.3 8.48 10.02 0 7.99 14.98 0 7.99
5 24 10.02 0 7.99 10.02 -0.3 7.99 7.92 0 6.58 12.5 0 8.48
5 24 7.92 0 6.58 7.92 -0.3 6.58 6.51 0 4.48 10.02 0 7.99
5 24 6.51 0 4.48 6.51 -0.3 4.48 6.02 0 2 7.92 0 6.58
5 24 6.02 0 2 6.02 -0.3 2 6.51 0 -0.48 6.51 0 4.48
5 24 6.51 0 -0.48 6.51 -0.3 -0.48 6.02 0 2 7.92 0 -2.58
5 24 22.9 0 -45.9 22.9 -0.3 -45.9 21.4 0 -47.2 24.9 0 -44.4
5 24 21.4 0 -47.2 21.4 -0.3 -47.2 20.7 0 -48.4 22.9 0 -45.9
5 24 20.7 0 -48.4 20.7 -0.3 -48.4 21.3 0 -51.4 21.4 0 -47.2
5 24 21.3 0 -51.4 21.3 -0.3 -51.4 21.8 0 -54.4 20.7 0 -48.4
5 24 21.8 0 -54.4 21.8 -0.3 -54.4 23 0 -55.6 21.3 0 -51.4
5 24 23 0 -55.6 23 -0.3 -55.6 24.6 0 -56.5 21.8 0 -54.4
5 24 24.6 0 -56.5 24.6 -0.3 -56.5 29.5 0 -56.7 23 0 -55.6
5 24 29.5 0 -56.7 29.5 -0.3 -56.7 30.9 0 -56 24.6 0 -56.5
5 24 30.9 0 -56 30.9 -0.3 -56 31.8 0 -54.2 29.5 0 -56.7
5 24 31.8 0 -54.2 31.8 -0.3 -54.2 31.8 0 -51.8 30.9 0 -56
5 24 31.8 0 -51.8 31.8 -0.3 -51.8 30.4 0 -47.8 31.8 0 -54.2
5 24 30.4 0 -47.8 30.4 -0.3 -47.8 29.6 0 -45.9 31.8 0 -51.8
5 24 29.6 0 -45.9 29.6 -0.3 -45.9 28.1 0 -44.7 30.4 0 -47.8
5 24 28.1 0 -44.7 28.1 -0.3 -44.7 26.3 0 -44 29.6 0 -45.9
5 24 26.3 0 -44 26.3 -0.3 -44 24.9 0 -44.4 28.1 0 -44.7
5 24 24.9 0 -44.4 24.9 -0.3 -44.4 26.3 0 -44 22.9 0 -45.9
5 24 -10.2 0 -23.9 -10.2 -0.3 -23.9 -11 0 -23.5 -7.9 0 -27.3
5 24 -11 0 -23.5 -11 -0.3 -23.5 -16.1 0 -23.9 -10.2 0 -23.9
5 24 -16.1 0 -23.9 -16.1 -0.3 -23.9 -17.1 0 -24.4 -11 0 -23.5
5 24 -17.1 0 -24.4 -17.1 -0.3 -24.4 -17.5 0 -25.9 -16.1 0 -23.9
5 24 -17.5 0 -25.9 -17.5 -0.3 -25.9 -18.2 0 -27.9 -17.1 0 -24.4
5 24 -18.2 0 -27.9 -18.2 -0.3 -27.9 -18.5 0 -30 -17.5 0 -25.9
5 24 -18.5 0 -30 -18.5 -0.3 -30 -17.9 0 -32.8 -18.2 0 -27.9
5 24 -17.9 0 -32.8 -17.9 -0.3 -32.8 -17.3 0 -34.7 -18.5 0 -30
5 24 -17.3 0 -34.7 -17.3 -0.3 -34.7 -17.1 0 -36.1 -17.9 0 -32.8
5 24 -17.1 0 -36.1 -17.1 -0.3 -36.1 -16.4 0 -36.5 -17.3 0 -34.7
5 24 -16.4 0 -36.5 -16.4 -0.3 -36.5 -13.7 0 -36.3 -17.1 0 -36.1
5 24 -13.7 0 -36.3 -13.7 -0.3 -36.3 -11.3 0 -35 -16.4 0 -36.5
5 24 -11.3 0 -35 -11.3 -0.3 -35 -9.9 0 -32.9 -13.7 0 -36.3
5 24 -9.9 0 -32.9 -9.9 -0.3 -32.9 -7.9 0 -28.5 -11.3 0 -35
5 24 -7.9 0 -28.5 -7.9 -0.3 -28.5 -7.9 0 -27.3 -9.9 0 -32.9
5 24 -7.9 0 -27.3 -7.9 -0.3 -27.3 -7.9 0 -28.5 -10.2 0 -23.9
