0 ~Wheel 17 x 75 Motorcycle with Holes in Rim Subpart 2
0 Name: s\88517s02.dat
0 Author: Ronald Vallenduuk [Duq]
0 !LDRAW_ORG Subpart UPDATE 2013-01
0 !LICENSE Redistributable under CCAL version 2.0 : see CAreadme.txt

0 BFC CERTIFY CCW

0 !HISTORY 2013-07-21 [PTadmin] Official Update 2013-01

3 16 -9.35 9 50 -14 9 50 -14 7 74
3 16 -9.35 9 50 -14 7 74 -9.75 7 75
5 24 -9.35 9 50 -14 7 74 -14 9 50 -9.75 7 75
4 16 -9.35 9 50 -9.75 7 75 -9.75 -7 75 -9.35 -9 50
2 24 -9.35 9 50 -9.75 7 75
2 24 -9.75 -7 75 -9.35 -9 50
4 16 -14 7 74 -14 9 50 -14 -9 50 -14 -7 74
2 24 -14 7 74 -14 9 50
2 24 -14 -9 50 -14 -7 74
3 16 -14 -9 50 -9.35 -9 50 -14 -7 74
3 16 -9.35 -9 50 -9.75 -7 75 -14 -7 74
5 24 -9.35 -9 50 -14 -7 74 -14 -9 50 -9.75 -7 75
3 16 -16 -3.75 76.066 -14 -7 74 -13.718 -8.75 77.8
2 24 -16 -3.75 76.066 -13.718 -8.75 77.8
4 16 -16 3.75 76.066 -14 7 74 -14 -7 74 -16 -3.75 76.066
5 24 -14 7 74 -16 3.75 76.066 -16 -3.75 76.066 -13.718 8.75 77.8
5 24 -14 -7 74 -16 -3.75 76.066 -16 3.75 76.066 -13.718 -8.75 77.8
2 24 -16 3.75 76.066 -16 -3.75 76.066
3 16 -13.718 8.75 77.8 -14 7 74 -16 3.75 76.066
2 24 -13.718 8.75 77.8 -16 3.75 76.066
3 16 -14 7 74 -13.718 8.75 77.8 -9.75 7 75
3 16 -13.718 8.75 77.8 -10 8.75 78.289 -9.75 7 75
5 24 -13.718 8.75 77.8 -9.75 7 75 -14 7 74 -10 8.75 78.289
2 24 -13.718 8.75 77.8 -10 8.75 78.289
3 16 -8.3 3.75 77.304 -9.75 7 75 -10 8.75 78.289
2 24 -8.3 3.75 77.304 -10 8.75 78.289
4 16 -8.3 -3.75 77.304 -9.75 -7 75 -9.75 7 75 -8.3 3.75 77.304
5 24 -9.75 -7 75 -8.3 -3.75 77.304 -8.3 3.75 77.304 -10 -8.75 78.289
5 24 -9.75 7 75 -8.3 3.75 77.304 -8.3 -3.75 77.304 -10 8.75 78.289
2 24 -8.3 -3.75 77.304 -8.3 3.75 77.304
3 16 -10 -8.75 78.289 -9.75 -7 75 -8.3 -3.75 77.304
2 24 -10 -8.75 78.289 -8.3 -3.75 77.304
3 16 -9.75 -7 75 -10 -8.75 78.289 -13.718 -8.75 77.8
3 16 -9.75 -7 75 -13.718 -8.75 77.8 -14 -7 74
5 24 -9.75 -7 75 -13.718 -8.75 77.8 -10 -8.75 78.289 -14 -7 74
2 24 -10 -8.75 78.289 -13.718 -8.75 77.8
4 16 -41.125 -3.444 71.231 -34.76 -3.444 74.544 -34.76 3.444 74.544 -41.125 3.444 71.231
4 16 -34.76 -3.444 74.544 -28.131 -3.444 77.29 -28.131 3.444 77.29 -34.76 3.444 74.544
4 16 -28.131 -3.444 77.29 -21.288 -3.444 79.447 -21.288 3.444 79.447 -28.131 3.444 77.29
4 16 -21.288 -3.444 79.447 -14.283 -3.444 81 -14.283 3.444 81 -21.288 3.444 79.447
4 16 -14.283 -3.444 81 -7.169 -3.444 81.937 -7.169 3.444 81.937 -14.283 3.444 81
4 16 -7.169 -3.444 81.937 0 -3.444 82.25 0 3.444 82.25 -7.169 3.444 81.937
5 24 -34.76 -3.444 74.544 -34.76 3.444 74.544 -41.125 0 71.231 -28.131 0 77.29
5 24 -28.131 -3.444 77.29 -28.131 3.444 77.29 -34.76 0 74.544 -21.288 0 79.447
5 24 -21.288 -3.444 79.447 -21.288 3.444 79.447 -28.131 0 77.29 -14.283 0 81
5 24 -14.283 -3.444 81 -14.283 3.444 81 -21.288 0 79.447 -7.169 0 81.937
5 24 -7.169 -3.444 81.937 -7.169 3.444 81.937 -14.283 0 81 0 0 82.25
5 24 0 3.444 82.25 -7.169 3.444 81.937 0 9 83.5 0 -3.444 82.25
5 24 -7.169 3.444 81.937 -14.283 3.444 81 -7.278 9 83.182 -7.169 -3.444 81.937
5 24 -14.283 3.444 81 -21.288 3.444 79.447 -14.5 9 82.231 -14.283 -3.444 81
5 24 -21.288 3.444 79.447 -28.131 3.444 77.29 -21.611 9 80.655 -21.288 -3.444 79.447
5 24 -28.131 3.444 77.29 -34.76 3.444 74.544 -28.559 9 78.464 -28.131 -3.444 77.29
5 24 -34.76 3.444 74.544 -41.125 3.444 71.231 -35.289 9 75.677 -34.76 -3.444 74.544
5 24 0 -3.444 82.25 -7.169 -3.444 81.937 0 -9 83.5 0 3.444 82.25
5 24 -7.169 -3.444 81.937 -14.283 -3.444 81 -7.278 -9 83.182 -7.169 3.444 81.937
5 24 -14.283 -3.444 81 -21.288 -3.444 79.447 -14.5 -9 82.231 -14.283 3.444 81
5 24 -21.288 -3.444 79.447 -28.131 -3.444 77.29 -21.611 -9 80.655 -21.288 3.444 79.447
5 24 -28.131 -3.444 77.29 -34.76 -3.444 74.544 -28.559 -9 78.464 -28.131 3.444 77.29
5 24 -34.76 -3.444 74.544 -41.125 -3.444 71.231 -35.289 -9 75.677 -34.76 3.444 74.544
4 16 -41.125 3.444 71.231 -34.76 3.444 74.544 -35.289 9 75.677 -41.75 9 72.313
4 16 -34.76 3.444 74.544 -28.131 3.444 77.29 -28.559 9 78.464 -35.289 9 75.677
4 16 -28.131 3.444 77.29 -21.288 3.444 79.447 -21.611 9 80.655 -28.559 9 78.464
4 16 -21.288 3.444 79.447 -14.283 3.444 81 -14.5 9 82.231 -21.611 9 80.655
4 16 -14.283 3.444 81 -7.169 3.444 81.937 -7.278 9 83.182 -14.5 9 82.231
4 16 -7.169 3.444 81.937 0 3.444 82.25 0 9 83.5 -7.278 9 83.182
4 16 -34.76 -3.444 74.544 -41.125 -3.444 71.231 -41.75 -9 72.313 -35.289 -9 75.677
4 16 -28.131 -3.444 77.29 -34.76 -3.444 74.544 -35.289 -9 75.677 -28.559 -9 78.464
4 16 -21.288 -3.444 79.447 -28.131 -3.444 77.29 -28.559 -9 78.464 -21.611 -9 80.655
4 16 -14.283 -3.444 81 -21.288 -3.444 79.447 -21.611 -9 80.655 -14.5 -9 82.231
4 16 -7.169 -3.444 81.937 -14.283 -3.444 81 -14.5 -9 82.231 -7.278 -9 83.182
4 16 0 -3.444 82.25 -7.169 -3.444 81.937 -7.278 -9 83.182 0 -9 83.5
5 24 -41.75 9 72.313 -41.125 3.444 71.231 -47.535 6.222 67.887 -35.024 6.222 75.11
2 24 -41.75 9 72.313 -35.289 9 75.677
5 24 -35.289 9 75.677 -34.76 3.444 74.544 -41.438 6.222 71.772 -28.345 6.222 77.877
2 24 -35.289 9 75.677 -28.559 9 78.464
5 24 -28.559 9 78.464 -28.131 3.444 77.29 -35.024 6.222 75.11 -21.45 6.222 80.051
2 24 -28.559 9 78.464 -21.611 9 80.655
5 24 -21.611 9 80.655 -21.288 3.444 79.447 -28.345 6.222 77.877 -14.391 6.222 81.616
2 24 -21.611 9 80.655 -14.5 9 82.231
5 24 -14.5 9 82.231 -14.283 3.444 81 -21.45 6.222 80.051 -7.223 6.222 82.56
2 24 -14.5 9 82.231 -7.278 9 83.182
5 24 -7.278 9 83.182 -7.169 3.444 81.937 -14.391 6.222 81.616 0 6.222 82.875
2 24 -7.278 9 83.182 0 9 83.5
2 24 -41.75 -9 72.313 -35.289 -9 75.677
5 24 -35.289 -9 75.677 -34.76 -3.444 74.544 -41.438 -6.222 71.772 -28.345 -6.222 77.877
2 24 -35.289 -9 75.677 -28.559 -9 78.464
5 24 -28.559 -9 78.464 -28.131 -3.444 77.29 -35.024 -6.222 75.11 -21.45 -6.222 80.051
2 24 -28.559 -9 78.464 -21.611 -9 80.655
5 24 -21.611 -9 80.655 -21.288 -3.444 79.447 -28.345 -6.222 77.877 -14.391 -6.222 81.616
2 24 -21.611 -9 80.655 -14.5 -9 82.231
5 24 -14.5 -9 82.231 -14.283 -3.444 81 -21.45 -6.222 80.051 -7.223 -6.222 82.56
2 24 -14.5 -9 82.231 -7.278 -9 83.182
5 24 -7.278 -9 83.182 -7.169 -3.444 81.937 -14.391 -6.222 81.616 0 -6.222 82.875
2 24 -7.278 -9 83.182 0 -9 83.5
5 24 0 -9 83.5 0 -3.444 82.25 -7.223 -6.222 82.56 7.223 -6.222 82.56
4 16 -41.75 9 72.313 -35.289 9 75.677 -39.62 9 84.966 -46.875 9 81.19
4 16 -35.289 9 75.677 -28.559 9 78.464 -32.064 9 88.096 -39.62 9 84.966
4 16 -28.559 9 78.464 -21.611 9 80.655 -24.264 9 90.556 -32.064 9 88.096
4 16 -21.611 9 80.655 -14.5 9 82.231 -16.28 9 92.326 -24.264 9 90.556
4 16 -14.5 9 82.231 -7.278 9 83.182 -8.171 9 93.393 -16.28 9 92.326
4 16 -7.278 9 83.182 0 9 83.5 0 9 93.75 -8.171 9 93.393
4 16 -35.289 -9 75.677 -41.75 -9 72.313 -46.875 -9 81.19 -39.62 -9 84.966
4 16 -28.559 -9 78.464 -35.289 -9 75.677 -39.62 -9 84.966 -32.064 -9 88.096
4 16 -21.611 -9 80.655 -28.559 -9 78.464 -32.064 -9 88.096 -24.264 -9 90.556
4 16 -14.5 -9 82.231 -21.611 -9 80.655 -24.264 -9 90.556 -16.28 -9 92.326
4 16 -7.278 -9 83.182 -14.5 -9 82.231 -16.28 -9 92.326 -8.171 -9 93.393
4 16 0 -9 83.5 -7.278 -9 83.182 -8.171 -9 93.393 0 -9 93.75
4 16 -46.875 9 81.19 -39.62 9 84.966 -39.62 12 84.966 -46.875 12 81.19
4 16 -39.62 9 84.966 -32.064 9 88.096 -32.064 12 88.096 -39.62 12 84.966
4 16 -32.064 9 88.096 -24.264 9 90.556 -24.264 12 90.556 -32.064 12 88.096
4 16 -24.264 9 90.556 -16.28 9 92.326 -16.28 12 92.326 -24.264 12 90.556
4 16 -16.28 9 92.326 -8.171 9 93.393 -8.171 12 93.393 -16.28 12 92.326
4 16 -8.171 9 93.393 0 9 93.75 0 12 93.75 -8.171 12 93.393
4 16 -39.62 -9 84.966 -46.875 -9 81.19 -46.875 -12 81.19 -39.62 -12 84.966
4 16 -32.064 -9 88.096 -39.62 -9 84.966 -39.62 -12 84.966 -32.064 -12 88.096
4 16 -24.264 -9 90.556 -32.064 -9 88.096 -32.064 -12 88.096 -24.264 -12 90.556
4 16 -16.28 -9 92.326 -24.264 -9 90.556 -24.264 -12 90.556 -16.28 -12 92.326
4 16 -8.171 -9 93.393 -16.28 -9 92.326 -16.28 -12 92.326 -8.171 -12 93.393
4 16 0 -9 93.75 -8.171 -9 93.393 -8.171 -12 93.393 0 -12 93.75
5 24 -46.875 12 81.19 -46.875 9 81.19 -53.773 10.5 76.796 -39.62 10.5 84.966
2 24 -46.875 12 81.19 -39.62 12 84.966
2 24 -46.875 9 81.19 -39.62 9 84.966
5 24 -39.62 12 84.966 -39.62 9 84.966 -46.875 10.5 81.19 -32.064 10.5 88.096
2 24 -39.62 12 84.966 -32.064 12 88.096
2 24 -39.62 9 84.966 -32.064 9 88.096
5 24 -32.064 12 88.096 -32.064 9 88.096 -39.62 10.5 84.966 -24.264 10.5 90.556
2 24 -32.064 12 88.096 -24.264 12 90.556
2 24 -32.064 9 88.096 -24.264 9 90.556
5 24 -24.264 12 90.556 -24.264 9 90.556 -32.064 10.5 88.096 -16.28 10.5 92.326
2 24 -24.264 12 90.556 -16.28 12 92.326
2 24 -24.264 9 90.556 -16.28 9 92.326
5 24 -16.28 12 92.326 -16.28 9 92.326 -24.264 10.5 90.556 -8.171 10.5 93.393
2 24 -16.28 12 92.326 -8.171 12 93.393
2 24 -16.28 9 92.326 -8.171 9 93.393
5 24 -8.171 12 93.393 -8.171 9 93.393 -16.28 10.5 92.326 0 10.5 93.75
2 24 -8.171 12 93.393 0 12 93.75
2 24 -8.171 9 93.393 0 9 93.75
2 24 -46.875 -12 81.19 -39.62 -12 84.966
2 24 -46.875 -9 81.19 -39.62 -9 84.966
5 24 -39.62 -12 84.966 -39.62 -9 84.966 -46.875 -10.5 81.19 -32.064 -10.5 88.096
2 24 -39.62 -12 84.966 -32.064 -12 88.096
2 24 -39.62 -9 84.966 -32.064 -9 88.096
5 24 -32.064 -12 88.096 -32.064 -9 88.096 -39.62 -10.5 84.966 -24.264 -10.5 90.556
2 24 -32.064 -12 88.096 -24.264 -12 90.556
2 24 -32.064 -9 88.096 -24.264 -9 90.556
5 24 -24.264 -12 90.556 -24.264 -9 90.556 -32.064 -10.5 88.096 -16.28 -10.5 92.326
2 24 -24.264 -12 90.556 -16.28 -12 92.326
2 24 -24.264 -9 90.556 -16.28 -9 92.326
5 24 -16.28 -12 92.326 -16.28 -9 92.326 -24.264 -10.5 90.556 -8.171 -10.5 93.393
2 24 -16.28 -12 92.326 -8.171 -12 93.393
2 24 -16.28 -9 92.326 -8.171 -9 93.393
5 24 -8.171 -12 93.393 -8.171 -9 93.393 -16.28 -10.5 92.326 0 -10.5 93.75
2 24 -8.171 -12 93.393 0 -12 93.75
2 24 -8.171 -9 93.393 0 -9 93.75
5 24 0 -12 93.75 0 -9 93.75 -8.171 -10.5 93.393 8.171 -10.5 93.393
4 16 -43 -12 74.478 -36.345 -12 77.942 -39.62 -12 84.966 -46.875 -12 81.19
4 16 -36.345 -12 77.942 -29.414 -12 80.814 -32.064 -12 88.096 -39.62 -12 84.966
4 16 -29.414 -12 80.814 -22.258 -12 83.07 -24.264 -12 90.556 -32.064 -12 88.096
4 16 -22.258 -12 83.07 -14.934 -12 84.693 -16.28 -12 92.326 -24.264 -12 90.556
4 16 -14.934 -12 84.693 -7.495 -12 85.673 -8.171 -12 93.393 -16.28 -12 92.326
4 16 -7.495 -12 85.673 0 -12 86 0 -12 93.75 -8.171 -12 93.393
4 16 -36.345 12 77.942 -43 12 74.478 -46.875 12 81.19 -39.62 12 84.966
4 16 -29.414 12 80.814 -36.345 12 77.942 -39.62 12 84.966 -32.064 12 88.096
4 16 -22.258 12 83.07 -29.414 12 80.814 -32.064 12 88.096 -24.264 12 90.556
4 16 -14.934 12 84.693 -22.258 12 83.07 -24.264 12 90.556 -16.28 12 92.326
4 16 -7.495 12 85.673 -14.934 12 84.693 -16.28 12 92.326 -8.171 12 93.393
4 16 0 12 86 -7.495 12 85.673 -8.171 12 93.393 0 12 93.75
4 16 -43 12 74.478 -36.345 12 77.942 -36.345 17.5 77.942 -43 17.5 74.478
4 16 -36.345 12 77.942 -29.414 12 80.814 -29.414 17.5 80.814 -36.345 17.5 77.942
4 16 -29.414 12 80.814 -22.258 12 83.07 -22.258 17.5 83.07 -29.414 17.5 80.814
4 16 -22.258 12 83.07 -14.934 12 84.693 -14.934 17.5 84.693 -22.258 17.5 83.07
4 16 -14.934 12 84.693 -7.495 12 85.673 -7.495 17.5 85.673 -14.934 17.5 84.693
4 16 -7.495 12 85.673 0 12 86 0 17.5 86 -7.495 17.5 85.673
4 16 -36.345 -12 77.942 -43 -12 74.478 -43 -17.5 74.478 -36.345 -17.5 77.942
4 16 -29.414 -12 80.814 -36.345 -12 77.942 -36.345 -17.5 77.942 -29.414 -17.5 80.814
4 16 -22.258 -12 83.07 -29.414 -12 80.814 -29.414 -17.5 80.814 -22.258 -17.5 83.07
4 16 -14.934 -12 84.693 -22.258 -12 83.07 -22.258 -17.5 83.07 -14.934 -17.5 84.693
4 16 -7.495 -12 85.673 -14.934 -12 84.693 -14.934 -17.5 84.693 -7.495 -17.5 85.673
4 16 0 -12 86 -7.495 -12 85.673 -7.495 -17.5 85.673 0 -17.5 86
5 24 -43 17.5 74.478 -43 12 74.478 -49.328 15 70.447 -36.345 15 77.942
2 24 -43 17.5 74.478 -36.345 17.5 77.942
2 24 -43 12 74.478 -36.345 12 77.942
5 24 -36.345 17.5 77.942 -36.345 12 77.942 -43 15 74.478 -29.414 15 80.814
2 24 -36.345 17.5 77.942 -29.414 17.5 80.814
2 24 -36.345 12 77.942 -29.414 12 80.814
5 24 -29.414 17.5 80.814 -29.414 12 80.814 -36.345 15 77.942 -22.258 15 83.07
2 24 -29.414 17.5 80.814 -22.258 17.5 83.07
2 24 -29.414 12 80.814 -22.258 12 83.07
5 24 -22.258 17.5 83.07 -22.258 12 83.07 -29.414 15 80.814 -14.934 15 84.693
2 24 -22.258 17.5 83.07 -14.934 17.5 84.693
2 24 -22.258 12 83.07 -14.934 12 84.693
5 24 -14.934 17.5 84.693 -14.934 12 84.693 -22.258 15 83.07 -7.495 15 85.673
2 24 -14.934 17.5 84.693 -7.495 17.5 85.673
2 24 -14.934 12 84.693 -7.495 12 85.673
5 24 -7.495 17.5 85.673 -7.495 12 85.673 -14.934 15 84.693 0 15 86
2 24 -7.495 17.5 85.673 0 17.5 86
2 24 -7.495 12 85.673 0 12 86
2 24 -43 -17.5 74.478 -36.345 -17.5 77.942
2 24 -43 -12 74.478 -36.345 -12 77.942
5 24 -36.345 -17.5 77.942 -36.345 -12 77.942 -43 -15 74.478 -29.414 -15 80.814
2 24 -36.345 -17.5 77.942 -29.414 -17.5 80.814
2 24 -36.345 -12 77.942 -29.414 -12 80.814
5 24 -29.414 -17.5 80.814 -29.414 -12 80.814 -36.345 -15 77.942 -22.258 -15 83.07
2 24 -29.414 -17.5 80.814 -22.258 -17.5 83.07
2 24 -29.414 -12 80.814 -22.258 -12 83.07
5 24 -22.258 -17.5 83.07 -22.258 -12 83.07 -29.414 -15 80.814 -14.934 -15 84.693
2 24 -22.258 -17.5 83.07 -14.934 -17.5 84.693
2 24 -22.258 -12 83.07 -14.934 -12 84.693
5 24 -14.934 -17.5 84.693 -14.934 -12 84.693 -22.258 -15 83.07 -7.495 -15 85.673
2 24 -14.934 -17.5 84.693 -7.495 -17.5 85.673
2 24 -14.934 -12 84.693 -7.495 -12 85.673
5 24 -7.495 -17.5 85.673 -7.495 -12 85.673 -14.934 -15 84.693 0 -15 86
2 24 -7.495 -17.5 85.673 0 -17.5 86
2 24 -7.495 -12 85.673 0 -12 86
5 24 0 -17.5 86 0 -12 86 -7.495 -15 85.673 7.495 -15 85.673
4 16 -43 17.5 74.478 -36.345 17.5 77.942 -39.726 17.5 85.193 -47 17.5 81.406
4 16 -36.345 17.5 77.942 -29.414 17.5 80.814 -32.15 17.5 88.331 -39.726 17.5 85.193
4 16 -29.414 17.5 80.814 -22.258 17.5 83.07 -24.329 17.5 90.797 -32.15 17.5 88.331
4 16 -22.258 17.5 83.07 -14.934 17.5 84.693 -16.323 17.5 92.572 -24.329 17.5 90.797
4 16 -14.934 17.5 84.693 -7.495 17.5 85.673 -8.193 17.5 93.642 -16.323 17.5 92.572
4 16 -7.495 17.5 85.673 0 17.5 86 0 17.5 94 -8.193 17.5 93.642
4 16 -36.345 -17.5 77.942 -43 -17.5 74.478 -47 -17.5 81.406 -39.726 -17.5 85.193
4 16 -29.414 -17.5 80.814 -36.345 -17.5 77.942 -39.726 -17.5 85.193 -32.15 -17.5 88.331
4 16 -22.258 -17.5 83.07 -29.414 -17.5 80.814 -32.15 -17.5 88.331 -24.329 -17.5 90.797
4 16 -14.934 -17.5 84.693 -22.258 -17.5 83.07 -24.329 -17.5 90.797 -16.323 -17.5 92.572
4 16 -7.495 -17.5 85.673 -14.934 -17.5 84.693 -16.323 -17.5 92.572 -8.193 -17.5 93.642
4 16 0 -17.5 86 -7.495 -17.5 85.673 -8.193 -17.5 93.642 0 -17.5 94
4 16 -41.25 -21.25 71.447 -34.866 -21.25 74.77 -39.726 -21.25 85.193 -47 -21.25 81.406
4 16 -34.866 -21.25 74.77 -28.217 -21.25 77.525 -32.15 -21.25 88.331 -39.726 -21.25 85.193
4 16 -28.217 -21.25 77.525 -21.353 -21.25 79.689 -24.329 -21.25 90.797 -32.15 -21.25 88.331
4 16 -21.353 -21.25 79.689 -14.326 -21.25 81.247 -16.323 -21.25 92.572 -24.329 -21.25 90.797
4 16 -14.326 -21.25 81.247 -7.19 -21.25 82.186 -8.193 -21.25 93.642 -16.323 -21.25 92.572
4 16 -7.19 -21.25 82.186 0 -21.25 82.5 0 -21.25 94 -8.193 -21.25 93.642
4 16 -34.866 21.25 74.77 -41.25 21.25 71.447 -47 21.25 81.406 -39.726 21.25 85.193
4 16 -28.217 21.25 77.525 -34.866 21.25 74.77 -39.726 21.25 85.193 -32.15 21.25 88.331
4 16 -21.353 21.25 79.689 -28.217 21.25 77.525 -32.15 21.25 88.331 -24.329 21.25 90.797
4 16 -14.326 21.25 81.247 -21.353 21.25 79.689 -24.329 21.25 90.797 -16.323 21.25 92.572
4 16 -7.19 21.25 82.186 -14.326 21.25 81.247 -16.323 21.25 92.572 -8.193 21.25 93.642
4 16 0 21.25 82.5 -7.19 21.25 82.186 -8.193 21.25 93.642 0 21.25 94
4 16 -40.625 -11.25 70.365 -34.338 -11.25 73.638 -34.866 -21.25 74.77 -41.25 -21.25 71.447
4 16 -34.338 -11.25 73.638 -27.789 -11.25 76.35 -28.217 -21.25 77.525 -34.866 -21.25 74.77
4 16 -27.789 -11.25 76.35 -21.029 -11.25 78.481 -21.353 -21.25 79.689 -28.217 -21.25 77.525
4 16 -21.029 -11.25 78.481 -14.109 -11.25 80.016 -14.326 -21.25 81.247 -21.353 -21.25 79.689
4 16 -14.109 -11.25 80.016 -7.081 -11.25 80.941 -7.19 -21.25 82.186 -14.326 -21.25 81.247
4 16 -7.081 -11.25 80.941 0 -11.25 81.25 0 -21.25 82.5 -7.19 -21.25 82.186
2 24 -40.625 -11.25 70.365 -34.338 -11.25 73.638
2 24 -41.25 -21.25 71.447 -34.866 -21.25 74.77
2 24 -34.338 -11.25 73.638 -27.789 -11.25 76.35
2 24 -34.866 -21.25 74.77 -28.217 -21.25 77.525
2 24 -27.789 -11.25 76.35 -21.029 -11.25 78.481
2 24 -28.217 -21.25 77.525 -21.353 -21.25 79.689
2 24 -21.029 -11.25 78.481 -14.109 -11.25 80.016
2 24 -21.353 -21.25 79.689 -14.326 -21.25 81.247
2 24 -14.109 -11.25 80.016 -7.081 -11.25 80.941
2 24 -14.326 -21.25 81.247 -7.19 -21.25 82.186
2 24 -7.081 -11.25 80.941 0 -11.25 81.25
2 24 -7.19 -21.25 82.186 0 -21.25 82.5
5 24 -7.081 -11.25 80.941 -7.19 -21.25 82.186 0 -16.25 81.875 -14.217 -16.25 80.631
5 24 -14.109 -11.25 80.016 -14.326 -21.25 81.247 -7.136 -16.25 81.563 -21.191 -16.25 79.085
5 24 -21.029 -11.25 78.481 -21.353 -21.25 79.689 -14.217 -16.25 80.631 -28.003 -16.25 76.937
5 24 -27.789 -11.25 76.35 -28.217 -21.25 77.525 -21.191 -16.25 79.085 -34.602 -16.25 74.204
5 24 -34.338 -11.25 73.638 -34.866 -21.25 74.77 -28.003 -16.25 76.937 -40.938 -16.25 70.906
5 24 -40.625 -11.25 70.365 -41.25 -21.25 71.447 -34.602 -16.25 74.204 -46.962 -16.25 67.068
4 16 -34.338 11.25 73.638 -40.625 11.25 70.365 -41.25 21.25 71.447 -34.866 21.25 74.77
4 16 -27.789 11.25 76.35 -34.338 11.25 73.638 -34.866 21.25 74.77 -28.217 21.25 77.525
4 16 -21.029 11.25 78.481 -27.789 11.25 76.35 -28.217 21.25 77.525 -21.353 21.25 79.689
4 16 -14.109 11.25 80.016 -21.029 11.25 78.481 -21.353 21.25 79.689 -14.326 21.25 81.247
4 16 -7.081 11.25 80.941 -14.109 11.25 80.016 -14.326 21.25 81.247 -7.19 21.25 82.186
4 16 0 11.25 81.25 -7.081 11.25 80.941 -7.19 21.25 82.186 0 21.25 82.5
2 24 -40.625 11.25 70.365 -34.338 11.25 73.638
2 24 -41.25 21.25 71.447 -34.866 21.25 74.77
2 24 -34.338 11.25 73.638 -27.789 11.25 76.35
2 24 -34.866 21.25 74.77 -28.217 21.25 77.525
2 24 -27.789 11.25 76.35 -21.029 11.25 78.481
2 24 -28.217 21.25 77.525 -21.353 21.25 79.689
2 24 -21.029 11.25 78.481 -14.109 11.25 80.016
2 24 -21.353 21.25 79.689 -14.326 21.25 81.247
2 24 -14.109 11.25 80.016 -7.081 11.25 80.941
2 24 -14.326 21.25 81.247 -7.19 21.25 82.186
2 24 -7.081 11.25 80.941 0 11.25 81.25
2 24 -7.19 21.25 82.186 0 21.25 82.5
5 24 0 11.25 81.25 0 21.25 82.5 7.136 16.25 81.563 -7.136 16.25 81.563
5 24 -7.081 11.25 80.941 -7.19 21.25 82.186 0 16.25 81.875 -14.217 16.25 80.631
5 24 -14.109 11.25 80.016 -14.326 21.25 81.247 -7.136 16.25 81.563 -21.191 16.25 79.085
5 24 -21.029 11.25 78.481 -21.353 21.25 79.689 -14.217 16.25 80.631 -28.003 16.25 76.937
5 24 -27.789 11.25 76.35 -28.217 21.25 77.525 -21.191 16.25 79.085 -34.602 16.25 74.204
5 24 -34.338 11.25 73.638 -34.866 21.25 74.77 -28.003 16.25 76.937 -40.938 16.25 70.906
4 16 -39.5 -8.75 68.416 -33.387 -8.75 71.598 -34.338 -11.25 73.638 -40.625 -11.25 70.365
4 16 -33.387 -8.75 71.598 -27.02 -8.75 74.236 -27.789 -11.25 76.35 -34.338 -11.25 73.638
4 16 -27.02 -8.75 74.236 -20.447 -8.75 76.308 -21.029 -11.25 78.481 -27.789 -11.25 76.35
4 16 -20.447 -8.75 76.308 -13.718 -8.75 77.8 -14.109 -11.25 80.016 -21.029 -11.25 78.481
4 16 -13.718 -8.75 77.8 -6.885 -8.75 78.699 -7.081 -11.25 80.941 -14.109 -11.25 80.016
4 16 -6.885 -8.75 78.699 0 -8.75 79 0 -11.25 81.25 -7.081 -11.25 80.941
5 24 -6.885 -8.75 78.699 -7.081 -11.25 80.941 0 -10 80.125 -13.914 -10 78.908
5 24 -13.718 -8.75 77.8 -14.109 -11.25 80.016 -6.983 -10 79.82 -20.738 -10 77.395
5 24 -20.447 -8.75 76.308 -21.029 -11.25 78.481 -13.914 -10 78.908 -27.404 -10 75.293
5 24 -27.02 -8.75 74.236 -27.789 -11.25 76.35 -20.738 -10 77.395 -33.862 -10 72.618
5 24 -33.387 -8.75 71.598 -34.338 -11.25 73.638 -27.404 -10 75.293 -40.063 -10 69.39
5 24 -39.5 -8.75 68.416 -40.625 -11.25 70.365 -33.862 -10 72.618 -45.958 -10 65.635
4 16 -33.387 8.75 71.598 -39.5 8.75 68.416 -40.625 11.25 70.365 -34.338 11.25 73.638
4 16 -27.02 8.75 74.236 -33.387 8.75 71.598 -34.338 11.25 73.638 -27.789 11.25 76.35
4 16 -20.447 8.75 76.308 -27.02 8.75 74.236 -27.789 11.25 76.35 -21.029 11.25 78.481
4 16 -13.718 8.75 77.8 -20.447 8.75 76.308 -21.029 11.25 78.481 -14.109 11.25 80.016
4 16 -6.885 8.75 78.699 -13.718 8.75 77.8 -14.109 11.25 80.016 -7.081 11.25 80.941
4 16 0 8.75 79 -6.885 8.75 78.699 -7.081 11.25 80.941 0 11.25 81.25
5 24 0 8.75 79 0 11.25 81.25 6.983 10 79.82 -6.983 10 79.82
5 24 -6.885 8.75 78.699 -7.081 11.25 80.941 0 10 80.125 -13.914 10 78.908
5 24 -13.718 8.75 77.8 -14.109 11.25 80.016 -6.983 10 79.82 -20.738 10 77.395
5 24 -20.447 8.75 76.308 -21.029 11.25 78.481 -13.914 10 78.908 -27.404 10 75.293
5 24 -27.02 8.75 74.236 -27.789 11.25 76.35 -20.738 10 77.395 -33.862 10 72.618
5 24 -33.387 8.75 71.598 -34.338 11.25 73.638 -27.404 10 75.293 -40.063 10 69.39
4 16 -38.9 -3.75 67.377 -32.88 -3.75 70.511 -33.387 -8.75 71.598 -39.5 -8.75 68.416
4 16 -32.88 -3.75 70.511 -26.609 -3.75 73.108 -27.02 -8.75 74.236 -33.387 -8.75 71.598
4 16 -26.609 -3.75 73.108 -20.136 -3.75 75.149 -20.447 -8.75 76.308 -27.02 -8.75 74.236
4 16 -20.136 -3.75 75.149 -16 -3.75 76.066 -13.718 -8.75 77.8 -20.447 -8.75 76.308
4 16 -8.3 -3.75 77.304 -6.781 -3.75 77.504 -6.885 -8.75 78.699 -10 -8.75 78.289
4 16 -6.781 -3.75 77.504 0 -3.75 77.8 0 -8.75 79 -6.885 -8.75 78.699
5 24 -39.5 -8.75 68.416 -33.387 -8.75 71.598 -35.89 -3.75 68.944 -37.481 -11.25 72.001
5 24 -33.387 -8.75 71.598 -27.02 -8.75 74.236 -29.744 3.75 71.809 -31.063 -11.25 74.994
5 24 -27.02 -8.75 74.236 -20.447 -8.75 76.308 -23.373 3.75 74.129 -24.409 -11.25 77.416
5 24 -20.447 -8.75 76.308 -13.718 -8.75 77.8 -16.823 3.75 75.884 -17.569 -11.25 79.249
5 24 -10 -8.75 78.289 -6.885 -8.75 78.699 -10.145 3.75 77.061 -10.595 -11.25 80.478
5 24 -6.885 -8.75 78.699 0 -8.75 79 -3.39 3.75 77.652 -3.541 -11.25 81.095
5 24 -6.781 -3.75 77.504 -6.885 -8.75 78.699 0 -6.25 78.4 -13.614 -6.25 77.209
5 24 -20.136 -3.75 75.149 -20.447 -8.75 76.308 -13.614 -6.25 77.209 -26.814 -6.25 73.672
5 24 -26.609 -3.75 73.108 -27.02 -8.75 74.236 -20.291 -6.25 75.729 -33.133 -6.25 71.055
5 24 -32.88 -3.75 70.511 -33.387 -8.75 71.598 -26.814 -6.25 73.672 -39.2 -6.25 67.896
5 24 -38.9 -3.75 67.377 -39.5 -8.75 68.416 -33.133 -6.25 71.055 -44.968 -6.25 64.222
4 16 -32.88 3.75 70.511 -38.9 3.75 67.377 -39.5 8.75 68.416 -33.387 8.75 71.598
4 16 -26.609 3.75 73.108 -32.88 3.75 70.511 -33.387 8.75 71.598 -27.02 8.75 74.236
4 16 -20.136 3.75 75.149 -26.609 3.75 73.108 -27.02 8.75 74.236 -20.447 8.75 76.308
4 16 -16 3.75 76.066 -20.136 3.75 75.149 -20.447 8.75 76.308 -13.718 8.75 77.8
4 16 -6.781 3.75 77.504 -8.3 3.75 77.304 -10 8.75 78.289 -6.885 8.75 78.699
4 16 0 3.75 77.8 -6.781 3.75 77.504 -6.885 8.75 78.699 0 8.75 79
5 24 -39.5 8.75 68.416 -33.387 8.75 71.598 -35.89 3.75 68.944 -37.481 11.25 72.001
5 24 -33.387 8.75 71.598 -27.02 8.75 74.236 -29.744 -3.75 71.809 -31.063 11.25 74.994
5 24 -27.02 8.75 74.236 -20.447 8.75 76.308 -23.373 -3.75 74.129 -24.409 11.25 77.416
5 24 -20.447 8.75 76.308 -13.718 8.75 77.8 -16.823 -3.75 75.884 -17.569 11.25 79.249
5 24 -10 8.75 78.289 -6.885 8.75 78.699 -10.145 -3.75 77.061 -10.595 11.25 80.478
5 24 -6.885 8.75 78.699 0 8.75 79 -3.39 -3.75 77.652 -3.541 11.25 81.095
5 24 0 3.75 77.8 0 8.75 79 6.833 6.25 78.102 -6.833 6.25 78.102
5 24 -6.781 3.75 77.504 -6.885 8.75 78.699 0 6.25 78.4 -13.614 6.25 77.209
5 24 -20.136 3.75 75.149 -20.447 8.75 76.308 -13.614 6.25 77.209 -26.814 6.25 73.672
5 24 -26.609 3.75 73.108 -27.02 8.75 74.236 -20.291 6.25 75.729 -33.133 6.25 71.055
5 24 -32.88 3.75 70.511 -33.387 8.75 71.598 -26.814 6.25 73.672 -39.2 6.25 67.896
4 16 -38.9 3.75 67.377 -32.88 3.75 70.511 -32.88 -3.75 70.511 -38.9 -3.75 67.377
4 16 -32.88 3.75 70.511 -26.609 3.75 73.108 -26.609 -3.75 73.108 -32.88 -3.75 70.511
4 16 -26.609 3.75 73.108 -20.136 3.75 75.149 -20.136 -3.75 75.149 -26.609 -3.75 73.108
4 16 -20.136 3.75 75.149 -16 3.75 76.076 -16 -3.75 76.076 -20.136 -3.75 75.149
4 16 -8.3 3.75 77.304 -6.781 3.75 77.504 -6.781 -3.75 77.504 -8.3 -3.75 77.304
4 16 -6.781 3.75 77.504 0 3.75 77.8 0 -3.75 77.8 -6.781 -3.75 77.504
5 24 -38.9 -3.75 67.377 -32.88 -3.75 70.511 -35.89 3.75 68.944 -36.443 -8.75 70.007
5 24 -32.88 -3.75 70.511 -26.609 -3.75 73.108 -29.744 3.75 71.809 -30.203 -8.75 72.917
5 24 -26.609 -3.75 73.108 -20.136 -3.75 75.149 -23.373 3.75 74.129 -23.733 -8.75 75.272
5 24 -20.136 -3.75 75.149 -16 -3.75 76.076 -16.823 3.75 75.884 -17.082 -8.75 77.054
5 24 -8.3 -3.75 77.304 -6.781 -3.75 77.504 -10.145 3.75 77.061 -10.302 -8.75 78.25
5 24 -6.781 -3.75 77.504 0 -3.75 77.8 -3.39 3.75 77.652 -3.443 -8.75 78.85
5 24 -38.9 3.75 67.377 -32.88 3.75 70.511 -35.89 -3.75 68.944 -36.443 8.75 70.007
5 24 -32.88 3.75 70.511 -26.609 3.75 73.108 -29.744 -3.75 71.809 -30.203 8.75 72.917
5 24 -26.609 3.75 73.108 -20.136 3.75 75.149 -23.373 -3.75 74.129 -23.733 8.75 75.272
5 24 -20.136 3.75 75.149 -16 3.75 76.076 -16.823 -3.75 75.884 -17.082 8.75 77.054
5 24 -8.3 3.75 77.304 -6.781 3.75 77.504 -10.145 -3.75 77.061 -10.302 8.75 78.25
5 24 -6.781 3.75 77.504 0 3.75 77.8 -3.39 -3.75 77.652 -3.443 8.75 78.85
5 24 -6.781 -3.75 77.504 -6.781 3.75 77.504 0 0 77.8 -13.51 0 76.618
5 24 -20.136 -3.75 75.149 -20.136 3.75 75.149 -13.51 0 76.618 -26.609 0 73.108
5 24 -26.609 -3.75 73.108 -26.609 3.75 73.108 -20.136 0 75.149 -32.88 0 70.511
5 24 -32.88 -3.75 70.511 -32.88 3.75 70.511 -26.609 0 73.108 -38.9 0 67.377
5 24 -14 7 74 -9.75 7 75 -9.35 9 50 -13.718 8.75 77.8
5 24 -9.75 7 75 -9.75 -7 75 -9.35 9 50 -8.3 -3.75 77.304
5 24 -14 -7 74 -14 7 74 -14 9 50 -16 3.75 76.066
5 24 -9.75 -7 75 -14 -7 74 -14 -9 50 -10 -8.75 78.289
2 24 -13.718 -8.75 77.8 -14 -7 74
2 24 -9.75 -7 75 -10 -8.75 78.289
2 24 -10 8.75 78.289 -9.75 7 75
2 24 -14 7 74 -13.718 8.75 77.8
4 16 -47 17.5 81.406 -39.726 17.5 85.193 -39.726 21.25 85.193 -47 21.25 81.406
4 16 -39.726 17.5 85.193 -32.15 17.5 88.331 -32.15 21.25 88.331 -39.726 21.25 85.193
4 16 -32.15 17.5 88.331 -24.329 17.5 90.797 -24.329 21.25 90.797 -32.15 21.25 88.331
4 16 -24.329 17.5 90.797 -16.323 17.5 92.572 -16.323 21.25 92.572 -24.329 21.25 90.797
4 16 -16.323 17.5 92.572 -8.193 17.5 93.642 -8.193 21.25 93.642 -16.323 21.25 92.572
4 16 -8.193 17.5 93.642 0 17.5 94 0 21.25 94 -8.193 21.25 93.642
4 16 -39.726 -17.5 85.193 -47 -17.5 81.406 -47 -21.25 81.406 -39.726 -21.25 85.193
4 16 -32.15 -17.5 88.331 -39.726 -17.5 85.193 -39.726 -21.25 85.193 -32.15 -21.25 88.331
4 16 -24.329 -17.5 90.797 -32.15 -17.5 88.331 -32.15 -21.25 88.331 -24.329 -21.25 90.797
4 16 -16.323 -17.5 92.572 -24.329 -17.5 90.797 -24.329 -21.25 90.797 -16.323 -21.25 92.572
4 16 -8.193 -17.5 93.642 -16.323 -17.5 92.572 -16.323 -21.25 92.572 -8.193 -21.25 93.642
4 16 0 -17.5 94 -8.193 -17.5 93.642 -8.193 -21.25 93.642 0 -21.25 94
5 24 -47 21.25 81.406 -47 17.5 81.406 -53.916 19 77 -39.726 19 85.193
2 24 -47 21.25 81.406 -39.726 21.25 85.193
2 24 -47 17.5 81.406 -39.726 17.5 85.193
5 24 -39.726 21.25 85.193 -39.726 17.5 85.193 -47 19 81.406 -32.15 19 88.331
2 24 -39.726 21.25 85.193 -32.15 21.25 88.331
2 24 -39.726 17.5 85.193 -32.15 17.5 88.331
5 24 -32.15 21.25 88.331 -32.15 17.5 88.331 -39.726 19 85.193 -24.329 19 90.797
2 24 -32.15 21.25 88.331 -24.329 21.25 90.797
2 24 -32.15 17.5 88.331 -24.329 17.5 90.797
5 24 -24.329 21.25 90.797 -24.329 17.5 90.797 -32.15 19 88.331 -16.323 19 92.572
2 24 -24.329 21.25 90.797 -16.323 21.25 92.572
2 24 -24.329 17.5 90.797 -16.323 17.5 92.572
5 24 -16.323 21.25 92.572 -16.323 17.5 92.572 -24.329 19 90.797 -8.193 19 93.642
2 24 -16.323 21.25 92.572 -8.193 21.25 93.642
2 24 -16.323 17.5 92.572 -8.193 17.5 93.642
5 24 -8.193 21.25 93.642 -8.193 17.5 93.642 -16.323 19 92.572 0 19 94
2 24 -8.193 21.25 93.642 0 21.25 94
2 24 -8.193 17.5 93.642 0 17.5 94
2 24 -47 -21.25 81.406 -39.726 -21.25 85.193
2 24 -47 -17.5 81.406 -39.726 -17.5 85.193
5 24 -39.726 -21.25 85.193 -39.726 -17.5 85.193 -47 -19 81.406 -32.15 -19 88.331
2 24 -39.726 -21.25 85.193 -32.15 -21.25 88.331
2 24 -39.726 -17.5 85.193 -32.15 -17.5 88.331
5 24 -32.15 -21.25 88.331 -32.15 -17.5 88.331 -39.726 -19 85.193 -24.329 -19 90.797
2 24 -32.15 -21.25 88.331 -24.329 -21.25 90.797
2 24 -32.15 -17.5 88.331 -24.329 -17.5 90.797
5 24 -24.329 -21.25 90.797 -24.329 -17.5 90.797 -32.15 -19 88.331 -16.323 -19 92.572
2 24 -24.329 -21.25 90.797 -16.323 -21.25 92.572
2 24 -24.329 -17.5 90.797 -16.323 -17.5 92.572
5 24 -16.323 -21.25 92.572 -16.323 -17.5 92.572 -24.329 -19 90.797 -8.193 -19 93.642
2 24 -16.323 -21.25 92.572 -8.193 -21.25 93.642
2 24 -16.323 -17.5 92.572 -8.193 -17.5 93.642
5 24 -8.193 -21.25 93.642 -8.193 -17.5 93.642 -16.323 -19 92.572 0 -19 94
2 24 -8.193 -21.25 93.642 0 -21.25 94
2 24 -8.193 -17.5 93.642 0 -17.5 94
5 24 0 -21.25 94 0 -17.5 94 -8.193 -19 93.642 8.193 -19 93.642
