0 Minifig Statuette
0 Name: 90398.dat
0 Author: Magnus Forsberg [MagFors]
0 !LDRAW_ORG Part UPDATE 2010-03
0 !LICENSE Redistributable under CCAL version 2.0 : see CAreadme.txt

0 BFC CERTIFY CCW
0 !CATEGORY Minifig Accessory

0 !HISTORY 2010-12-31 [PTadmin] Official Update 2010-03

1 16 0 -29.875 0 2.33332 0 0 0 0.874995 0 0 0 2.33332 4-4cylo.dat
1 16 0 -37.167 0 1.75 0 0 0 1.16666 0 0 0 1.75 4-4cylc.dat
1 16 0 -36 0 0.58333 0 0 0 1 0 0 0 0.58333 4-4ring3.dat
1 16 0 -34.833 0 0 0 2.33332 0 -1.866656 0 2.33332 0 0 t04o6250.dat
1 16 0 -34.833 0 -2.33332 0 0 0 -1.866656 0 0 0 2.33332 t04o6250.dat
1 16 0 -31.042 0 0 0 -2.33332 0 1.866656 0 2.33332 0 0 t04o6250.dat
1 16 0 -31.042 0 2.33332 0 0 0 1.866656 0 0 0 2.33332 t04o6250.dat
1 16 0 -34.833 0 3.791645 0 0 0 3.791645 0 0 0 3.791645 4-4cyli.dat
1 16 0 -34.833 0 0 0 -2.33332 0 -1.866656 0 -2.33332 0 0 t04o6250.dat
1 16 0 -34.833 0 2.33332 0 0 0 -1.866656 0 0 0 -2.33332 t04o6250.dat
1 16 0 -31.042 0 0 0 2.33332 0 1.866656 0 -2.33332 0 0 t04o6250.dat
1 16 0 -31.042 0 -2.33332 0 0 0 1.866656 0 0 0 -2.33332 t04o6250.dat
0 // torso
2 24 -4.184 -28.417 -2.917 -4.083 -29 -2.333
2 24 -4.184 -28.417 -2.917 -3.5 -29 -2.917
2 24 -4.184 -28.417 2.917 -4.083 -29 2.333
2 24 -4.184 -28.417 2.917 -3.5 -29 2.917
2 24 4.184 -28.417 -2.917 4.083 -29 -2.333
2 24 4.184 -28.417 -2.917 3.5 -29 -2.917
2 24 4.184 -28.417 2.917 4.083 -29 2.333
2 24 4.184 -28.417 2.917 3.5 -29 2.917
2 24 -4.083 -29 -2.333 -4.083 -29 2.333
2 24 -4.083 -29 2.333 -3.5 -29 2.917
2 24 3.5 -29 2.917 4.083 -29 2.333
2 24 4.083 -29 2.333 4.083 -29 -2.333
2 24 4.083 -29 -2.333 3.5 -29 -2.917
2 24 -3.5 -29 -2.917 -4.083 -29 -2.333
1 16 5.542 -20.104 0 0 -5.104225 0 0.4375 0 0 0 0 2.9167 rect.dat
1 16 -5.542 -20.104 0 0 5.104225 0 0.4375 0 0 0 0 -2.9167 rect.dat
1 16 -4.863 -24.479 0 -0.67885 0.985461 0 3.93745 0.999999 0 0 0 -2.9167 rect2p.dat
4 16 -4.083 -29 -2.333 -4.083 -29 2.333 -4.184 -28.417 2.917 -4.184 -28.417 -2.917
1 16 4.863 -24.479 0 0.67885 -0.985461 0 3.93745 0.999999 0 0 0 2.9167 rect2p.dat
4 16 4.083 -29 -2.333 4.184 -28.417 -2.917 4.184 -28.417 2.917 4.083 -29 2.333
4 16 -4.083 -29 2.333 -4.083 -29 -2.333 -3.5 -29 -2.917 -3.5 -29 2.917
1 16 0 -29 0 -3.5 0 0 0 1 0 0 0 -2.9167 rect2p.dat
4 16 4.083 -29 -2.333 4.083 -29 2.333 3.5 -29 2.917 3.5 -29 -2.917
3 16 -3.5 -29 -2.917 -4.083 -29 -2.333 -4.184 -28.417 -2.917
3 16 4.184 -28.417 -2.917 4.083 -29 -2.333 3.5 -29 -2.917
3 16 3.5 -29 2.917 4.083 -29 2.333 4.184 -28.417 2.917
3 16 -4.184 -28.417 2.917 -4.083 -29 2.333 -3.5 -29 2.917
1 16 4.529 -26.41 0 0.247915 0 0 1.43645 1 0 0 0 1.458325 4-4edge.dat
1 16 -4.529 -26.41 0 -0.247915 0 0 1.43645 1 0 0 0 1.458325 4-4edge.dat
0 // Plain front
4 16 -5.542 -19.667 -2.917 5.542 -19.667 -2.917 5.542 -20.542 -2.917 -5.542 -20.542 -2.917
4 16 4.184 -28.417 -2.917 -4.184 -28.417 -2.917 -5.542 -20.542 -2.917 5.542 -20.542 -2.917
4 16 3.5 -29 -2.917 -3.5 -29 -2.917 -4.184 -28.417 -2.917 4.184 -28.417 -2.917
0 // Plain back
4 16 -5.542 -20.542 2.917 5.542 -20.542 2.917 5.542 -19.667 2.917 -5.542 -19.667 2.917
4 16 5.542 -20.542 2.917 -5.542 -20.542 2.917 -4.184 -28.417 2.917 4.184 -28.417 2.917
4 16 4.184 -28.417 2.917 -4.184 -28.417 2.917 -3.5 -29 2.917 3.5 -29 2.917
0 // hips
1 16 0 -18.792 -2.917 0 0 5.25 0.875 0 0 0 1 0 rect.dat
1 16 -5.396 -19.667 0 0 0 0.1458 0 -1.701019 0 2.9167 0 0 rect3.dat
1 16 0 -18.792 2.917 0 0 -5.25 0.875 0 0 0 -1.020833 0 rect.dat
1 16 5.396 -19.667 0 0 0 -0.1458 0 -1.701019 0 -2.9167 0 0 rect3.dat
0 BFC INVERTNEXT
1 16 -5.25 -16.167 0 0 10.49994 0 -1.856156 0 -1.856156 1.856156 0 -1.856156 1-4edge.dat
1 16 5.25 -16.167 0 0 10.49994 0 -1.856156 0 -1.856156 1.856156 0 -1.856156 1-4edge.dat
1 16 0 -17.917 -2.422 -5.25 0 0 0 -10.39185 0 0 0 0.49485 rect3.dat
2 24 -5.25 -17.917 1.927 -4.201 -17.917 1.927
2 24 5.25 -17.917 1.927 4.201 -17.917 1.927
2 24 -1.632 -17.917 1.927 1.632 -17.917 1.927
2 24 5.25 -17.917 1.927 5.25 -17.917 2.917
2 24 -5.25 -17.917 1.927 -5.25 -17.917 2.917
3 16 -5.25 -17.917 1.927 -5.25 -17.917 2.917 -4.201 -17.917 1.927
3 16 -1.632 -17.917 1.927 -4.201 -17.917 1.927 -5.25 -17.917 2.917
4 16 -1.632 -17.917 1.927 -5.25 -17.917 2.917 5.25 -17.917 2.917 1.632 -17.917 1.927
3 16 4.201 -17.917 1.927 5.25 -17.917 2.917 5.25 -17.917 1.927
3 16 5.25 -17.917 2.917 4.201 -17.917 1.927 1.632 -17.917 1.927
0 //
2 24 5.25 -17.917 1.927 5.25 -18.023 1.856
2 24 -5.25 -18.023 1.856 -5.25 -17.917 1.927
3 16 5.25 -17.917 1.927 5.25 -18.023 1.856 4.201 -17.917 1.927
3 16 -5.25 -18.023 1.856 -5.25 -17.917 1.927 -4.201 -17.917 1.927
3 16 -4.201 -17.917 1.927 -5.25 -18.5923 1.0046 -5.25 -18.0232 1.8562
3 16 5.25 -18.0232 1.8562 5.25 -18.5923 1.0046 4.201 -17.917 1.927



2 24 -5.25 -17.917 -1.927 -5.25 -18.023 -1.856
2 24 5.25 -18.023 -1.856 5.25 -17.917 -1.927
4 16 5.25 -17.917 -1.927 -5.25 -17.917 -1.927 -5.25 -18.023 -1.856 5.25 -18.023 -1.856
3 16 -5.25 -18.0232 -1.8562 -5.25 -18.5923 -1.0046 -4.201 -18.0232 -1.8562
3 16 4.201 -18.0232 -1.8562 5.25 -18.5923 -1.0046 5.25 -18.0232 -1.8562
0 //
3 16 5.25 -18.023 -1.856 5.25 -17.917 -2.917 5.25 -17.917 -1.927
4 16 5.25 -19.667 -2.917 5.25 -17.917 -2.917 5.25 -18.023 -1.856 5.25 -18.592 -1.005
3 16 5.25 -18.792 0 5.25 -19.667 -2.917 5.25 -18.592 -1.005
4 16 5.25 -19.667 2.917 5.25 -19.667 -2.917 5.25 -18.792 0 5.25 -18.592 1.005
4 16 5.25 -17.917 2.917 5.25 -19.667 2.917 5.25 -18.592 1.005 5.25 -18.023 1.856
3 16 5.25 -17.917 1.927 5.25 -17.917 2.917 5.25 -18.023 1.856
3 16 -5.25 -18.023 1.856 -5.25 -17.917 2.917 -5.25 -17.917 1.927
4 16 -5.25 -19.667 2.917 -5.25 -17.917 2.917 -5.25 -18.023 1.856 -5.25 -18.592 1.005
3 16 -5.25 -18.792 0 -5.25 -19.667 2.917 -5.25 -18.592 1.005
4 16 -5.25 -19.667 -2.917 -5.25 -19.667 2.917 -5.25 -18.792 0 -5.25 -18.592 -1.005
4 16 -5.25 -17.917 -2.917 -5.25 -19.667 -2.917 -5.25 -18.592 -1.005 -5.25 -18.023 -1.856
3 16 -5.25 -17.917 -1.927 -5.25 -17.917 -2.917 -5.25 -18.023 -1.856
0 // right arm
1 16 -4.536 -26.375 0 0.28729 -0.042941 0.024792 0.049583 0.248801 -0.143644 0 0.145833 0.252589 3818.dat
0 // left arm
1 16 4.536 -26.375 0 0.28729 0.042941 -0.024792 -0.049583 0.248801 -0.143644 0 0.145833 0.252589 3819.dat
0 // hand
1 16 -7.091 -20.482 0.129 0.28729 -0.012831 0.047886 0.049583 0.074345 -0.277459 0 0.281684 0.075478 3820.dat
1 16 -7.557 -17.784 0.754 -1.14916 0.005191 0.198294 -0.198332 -0.03007 -1.148946 0 -3.499325 0.010188 4-4cylc.dat
0 BFC INVERTNEXT
1 16 -7.552 -17.815 -2.745 -0.952785 0.000432 -0.672358 0.672178 -0.002498 -0.952658 -0.007192 -0.291597 0.007192 4-4disc.dat
0 // hand
1 16 7.091 -20.482 0.129 0.28729 0.012831 -0.047886 -0.049583 0.074345 -0.277459 0 0.281684 0.075478 3820.dat
1 16 7.557 -17.784 0.754 -1.14916 -0.005191 -0.198294 0.198332 -0.03007 -1.148946 0 -3.499325 0.010188 4-4cylc.dat
0 BFC INVERTNEXT
1 16 7.552 -17.815 -2.745 -0.672358 -0.000432 -0.952785 0.952658 -0.002498 -0.672178 -0.007192 -0.291597 0.007192 4-4disc.dat
0 // right leg
0 BFC INVERTNEXT
1 16 -2.917 -10.917 1.458 1.75 0 0 0 0 1.75 0 1.16666 0 4-4cylc.dat
0 // Bottom
2 24 -5.688 -8 -3.208 -0.438 -8 -3.208
2 24 -0.438 -8 2.625 -5.688 -8 2.625
2 24 -5.688 -8 2.625 -5.688 -8 -3.208
0 // Front
2 24 -5.688 -8 -3.208 -5.594 -10.333 -3.208
2 24 -5.594 -10.333 -1.75 -5.437 -14.201 -1.75
2 24 -5.437 -14.201 -1.75 -0.438 -14.201 -1.75
0 // Side out
2 24 -5.688 -8 2.625 -5.355 -16.167 2.625
2 24 -5.355 -16.167 2.625 -5.317 -17.164 2.415
2 24 -5.317 -17.164 2.415 -5.282 -18.004 1.838
2 24 -5.282 -18.004 1.838 -5.259 -18.582 0.998
2 24 -5.259 -18.582 0.998 -5.25 -18.792 0
2 24 -5.25 -18.792 0 -5.259 -18.582 -0.998
2 24 -5.259 -18.582 -0.998 -5.282 -18.004 -1.838
2 24 -5.282 -18.004 -1.838 -5.317 -17.164 -2.415
2 24 -5.317 -17.164 -2.415 -5.355 -16.167 -2.625
2 24 -5.355 -16.167 -2.625 -5.396 -15.169 -2.415
2 24 -5.396 -15.169 -2.415 -5.437 -14.201 -1.75
4 16 -5.594 -10.333 -3.208 -5.594 -10.333 -1.75 -5.688 -8 2.625 -5.688 -8 -3.208
4 16 -5.437 -14.201 -1.75 -5.355 -16.167 2.625 -5.688 -8 2.625 -5.594 -10.333 -1.75
4 16 -5.437 -14.201 -1.75 -5.396 -15.169 -2.415 -5.355 -16.167 -2.625 -5.355 -16.167 2.625
4 16 -5.355 -16.167 -2.625 -5.317 -17.164 -2.415 -5.317 -17.164 2.415 -5.355 -16.167 2.625
4 16 -5.317 -17.164 -2.415 -5.282 -18.004 -1.838 -5.282 -18.004 1.838 -5.317 -17.164 2.415
4 16 -5.282 -18.004 -1.838 -5.259 -18.582 -0.998 -5.259 -18.582 0.998 -5.282 -18.004 1.838
3 16 -5.259 -18.582 -0.998 -5.25 -18.792 0 -5.259 -18.582 0.998
0 // 0 // upper hole
1 16 -2.917 -16.75 1.458 1.75 0 0 0 0 -1.75 0 1 0 4-4edge.dat
1 16 -2.917 -16.75 1.458 -1.75 0 0 0 0 -1.75 0 -1 0 4-4disc.dat
1 16 -2.917 -16.75 2.625 1.616789 0 -0.669696 0.669696 0 1.616789 0 -1 0 3-8edge.dat
0 BFC INVERTNEXT
1 16 -2.917 -16.75 2.625 1.616789 0 -0.669696 0.669696 0 1.616789 0 -1.1667 0 3-8cyli.dat
2 24 -4.551 -16.167 2.625 -4.534 -16.08 2.625
2 24 -4.667 -16.75 2.502 -4.551 -16.167 2.625
2 24 -4.584 -17.164 2.415 -4.667 -16.75 2.502
2 24 -4.534 -17.42 2.239 -4.584 -17.164 2.415
2 24 -4.154 -17.987 1.849 -4.534 -17.42 2.239
2 24 -4.201 -17.917 1.927 -4.201 -17.917 1.458
2 24 -1.632 -17.917 1.927 -1.632 -17.917 1.458
2 24 -4.201 -17.917 1.458 -1.632 -17.917 1.458
4 16 -1.632 -17.917 1.927 -1.632 -17.917 1.458 -4.201 -17.917 1.458 -4.201 -17.917 1.927
2 24 -1.679 -17.987 1.849 -1.3 -17.42 2.239
2 24 -1.3 -17.42 2.239 -1.249 -17.164 2.415
2 24 -1.249 -17.164 2.415 -1.167 -16.75 2.502
2 24 -1.167 -16.75 2.502 -1.283 -16.167 2.625
2 24 -1.283 -16.167 2.625 -1.3 -16.08 2.625
3 16 -4.551 -16.167 2.625 -4.534 -16.08 1.458 -4.534 -16.08 2.625
4 16 -4.667 -16.75 1.458 -4.534 -16.08 1.458 -4.551 -16.167 2.625 -4.667 -16.75 2.502
4 16 -4.534 -17.42 1.458 -4.667 -16.75 1.458 -4.667 -16.75 2.502 -4.584 -17.164 2.415
3 16 -4.534 -17.42 2.239 -4.534 -17.42 1.458 -4.584 -17.164 2.415
4 16 -4.154 -17.987 1.458 -4.534 -17.42 1.458 -4.534 -17.42 2.239 -4.154 -17.987 1.849
5 24 -4.534 -16.08 2.625 -4.534 -16.08 1.458 -4.154 -15.513 2.625 -4.551 -16.167 2.625
5 24 -4.667 -16.75 1.458 -4.667 -16.75 2.502 -4.534 -16.08 1.458 -4.584 -17.164 1.458
5 24 -4.534 -17.42 1.458 -4.534 -17.42 2.239 -4.584 -17.164 1.458 -4.154 -17.987 1.458
4 16 -1.3 -17.42 1.458 -1.679 -17.987 1.458 -1.679 -17.987 1.849 -1.3 -17.42 2.239
4 16 -1.167 -16.75 1.458 -1.3 -17.42 1.458 -1.3 -17.42 2.239 -1.249 -17.164 2.415
3 16 -1.167 -16.75 2.502 -1.167 -16.75 1.458 -1.249 -17.164 2.415
4 16 -1.283 -16.167 2.625 -1.3 -16.08 1.458 -1.167 -16.75 1.458 -1.167 -16.75 2.502
3 16 -1.3 -16.08 2.625 -1.3 -16.08 1.458 -1.283 -16.167 2.625
5 24 -1.3 -17.42 1.458 -1.3 -17.42 2.239 -1.679 -17.987 1.458 -1.249 -17.164 1.458
5 24 -1.167 -16.75 1.458 -1.167 -16.75 2.502 -1.249 -17.164 1.458 -1.3 -16.08 1.458
5 24 -1.3 -16.08 1.458 -1.3 -16.08 2.625 -1.283 -16.167 1.458 -1.679 -15.513 1.458
0 // side back up
3 16 -0.438 -14.971 2.625 -5.405 -14.971 2.625 -2.917 -15 2.625
3 16 -3.586 -15.133 2.625 -2.917 -15 2.625 -5.405 -14.971 2.625
4 16 -5.355 -16.167 2.625 -4.154 -15.513 2.625 -3.586 -15.133 2.625 -5.405 -14.971 2.625
3 16 -4.533 -16.08 2.625 -4.154 -15.513 2.625 -5.355 -16.167 2.625
3 16 -4.551 -16.167 2.625 -4.533 -16.08 2.625 -5.355 -16.167 2.625
4 16 -5.317 -17.164 2.415 -4.667 -16.75 2.502 -4.551 -16.167 2.625 -5.355 -16.167 2.625
3 16 -4.584 -17.164 2.415 -4.667 -16.75 2.502 -5.317 -17.164 2.415
3 16 -4.533 -17.42 2.239 -4.584 -17.164 2.415 -5.317 -17.164 2.415
4 16 -5.282 -18.004 1.838 -4.154 -17.987 1.849 -4.533 -17.42 2.239 -5.317 -17.164 2.415
3 16 -4.154 -17.987 1.849 -5.282 -18.004 1.838 -5.259 -18.582 0.998
5 24 -4.551 -16.167 2.625 -5.355 -16.167 2.625 -4.533 -16.08 2.625 -4.667 -16.75 2.502
5 24 -4.584 -17.164 2.415 -5.317 -17.164 2.415 -4.667 -16.75 2.502 -4.533 -17.42 2.239
5 24 -4.129 -18.004 1.838 -5.282 -18.004 1.838 -4.154 -17.987 1.849 -3.586 -18.367 1.31
3 16 -5.259 -18.582 -0.998 -5.282 -18.004 -1.838 -4.154 -17.987 -1.849
0 // side back bottom
1 16 -2.917 -10.917 2.625 1.75 0 0 0 0 1.75 0 -1 0 4-4ndis.dat
4 16 -0.438 -8 2.625 -5.688 -8 2.625 -4.667 -9.167 2.625 -1.167 -9.167 2.625
4 16 -0.438 -8 2.625 -1.167 -9.167 2.625 -1.167 -12.667 2.625 -0.438 -14.971 2.625
4 16 -5.688 -8 2.625 -5.405 -14.971 2.625 -4.667 -12.667 2.625 -4.667 -9.167 2.625
4 16 -4.667 -12.667 2.625 -5.405 -14.971 2.625 -0.438 -14.971 2.625 -1.167 -12.667 2.625
0 // front leg surface
1 16 -3.016 -10.333 -2.479 0 0 -2.5783 0 1 0 0.72915 0 0 rect3.dat
4 16 -5.594 -10.333 -3.208 -5.688 -8 -3.208 -0.438 -8 -3.208 -0.438 -10.333 -3.208
4 16 -5.594 -10.333 -1.75 -0.438 -10.333 -1.75 -0.438 -14.201 -1.75 -5.448 -14.201 -1.75
0 // left leg
0 BFC INVERTNEXT
1 16 2.917 -10.917 1.458 -1.75 0 0 0 0 1.75 0 1.16666 0 4-4cylc.dat
0 // Bottom
2 24 5.688 -8 -3.208 0.438 -8 -3.208
2 24 0.438 -8 2.625 5.688 -8 2.625
2 24 5.688 -8 2.625 5.688 -8 -3.208
0 // Front
2 24 5.688 -8 -3.208 5.594 -10.333 -3.208
2 24 5.594 -10.333 -1.75 5.437 -14.201 -1.75
2 24 5.437 -14.201 -1.75 0.438 -14.201 -1.75
0 // Side out
2 24 5.688 -8 2.625 5.355 -16.167 2.625
2 24 5.355 -16.167 2.625 5.317 -17.164 2.415
2 24 5.317 -17.164 2.415 5.282 -18.004 1.838
2 24 5.282 -18.004 1.838 5.259 -18.582 0.998
2 24 5.259 -18.582 0.998 5.25 -18.792 0
2 24 5.25 -18.792 0 5.259 -18.582 -0.998
2 24 5.259 -18.582 -0.998 5.282 -18.004 -1.838
2 24 5.282 -18.004 -1.838 5.317 -17.164 -2.415
2 24 5.317 -17.164 -2.415 5.355 -16.167 -2.625
2 24 5.355 -16.167 -2.625 5.396 -15.169 -2.415
2 24 5.396 -15.169 -2.415 5.437 -14.201 -1.75
4 16 5.688 -8 -3.208 5.688 -8 2.625 5.594 -10.333 -1.75 5.594 -10.333 -3.208
4 16 5.594 -10.333 -1.75 5.688 -8 2.625 5.355 -16.167 2.625 5.437 -14.201 -1.75
4 16 5.355 -16.167 2.625 5.355 -16.167 -2.625 5.396 -15.169 -2.415 5.437 -14.201 -1.75
4 16 5.355 -16.167 2.625 5.317 -17.164 2.415 5.317 -17.164 -2.415 5.355 -16.167 -2.625
4 16 5.317 -17.164 2.415 5.282 -18.004 1.838 5.282 -18.004 -1.838 5.317 -17.164 -2.415
4 16 5.282 -18.004 1.838 5.259 -18.582 0.998 5.259 -18.582 -0.998 5.282 -18.004 -1.838
3 16 5.259 -18.582 0.998 5.25 -18.792 0 5.259 -18.582 -0.998
0 // 0 // upper hole
1 16 2.917 -16.75 1.458 -1.75 0 0 0 0 -1.75 0 1 0 4-4edge.dat
1 16 2.917 -16.75 1.458 1.75 0 0 0 0 -1.75 0 -1 0 4-4disc.dat
1 16 2.917 -16.75 2.625 1.616789 0 -0.669696 0.669696 0 1.616789 0 -1 0 3-8edge.dat
0 BFC INVERTNEXT
1 16 2.917 -16.75 2.625 1.616789 0 -0.669696 0.669696 0 1.616789 0 -1.1667 0 3-8cyli.dat
2 24 4.551 -16.167 2.625 4.534 -16.08 2.625
2 24 4.667 -16.75 2.502 4.551 -16.167 2.625
2 24 4.584 -17.164 2.415 4.667 -16.75 2.502
2 24 4.534 -17.42 2.239 4.584 -17.164 2.415
2 24 4.154 -17.987 1.849 4.534 -17.42 2.239
2 24 4.201 -17.917 1.927 4.201 -17.917 1.458
2 24 1.632 -17.917 1.927 1.632 -17.917 1.458
2 24 4.201 -17.917 1.458 1.632 -17.917 1.458
4 16 4.201 -17.917 1.927 4.201 -17.917 1.458 1.632 -17.917 1.458 1.632 -17.917 1.927
2 24 1.679 -17.987 1.849 1.3 -17.42 2.239
2 24 1.3 -17.42 2.239 1.249 -17.164 2.415
2 24 1.249 -17.164 2.415 1.167 -16.75 2.502
2 24 1.167 -16.75 2.502 1.283 -16.167 2.625
2 24 1.283 -16.167 2.625 1.3 -16.08 2.625
3 16 4.534 -16.08 2.625 4.534 -16.08 1.458 4.551 -16.167 2.625
4 16 4.667 -16.75 2.502 4.551 -16.167 2.625 4.534 -16.08 1.458 4.667 -16.75 1.458
4 16 4.584 -17.164 2.415 4.667 -16.75 2.502 4.667 -16.75 1.458 4.534 -17.42 1.458
3 16 4.584 -17.164 2.415 4.534 -17.42 1.458 4.534 -17.42 2.239
4 16 4.154 -17.987 1.849 4.534 -17.42 2.239 4.534 -17.42 1.458 4.154 -17.987 1.458
5 24 4.534 -16.08 2.625 4.534 -16.08 1.458 4.154 -15.513 2.625 4.551 -16.167 2.625
5 24 4.667 -16.75 1.458 4.667 -16.75 2.502 4.534 -16.08 1.458 4.584 -17.164 1.458
5 24 4.534 -17.42 1.458 4.534 -17.42 2.239 4.584 -17.164 1.458 4.154 -17.987 1.458
4 16 1.3 -17.42 2.239 1.679 -17.987 1.849 1.679 -17.987 1.458 1.3 -17.42 1.458
4 16 1.249 -17.164 2.415 1.3 -17.42 2.239 1.3 -17.42 1.458 1.167 -16.75 1.458
3 16 1.249 -17.164 2.415 1.167 -16.75 1.458 1.167 -16.75 2.502
4 16 1.167 -16.75 2.502 1.167 -16.75 1.458 1.3 -16.08 1.458 1.283 -16.167 2.625
3 16 1.283 -16.167 2.625 1.3 -16.08 1.458 1.3 -16.08 2.625
5 24 1.3 -17.42 1.458 1.3 -17.42 2.239 1.679 -17.987 1.458 1.249 -17.164 1.458
5 24 1.167 -16.75 1.458 1.167 -16.75 2.502 1.249 -17.164 1.458 1.3 -16.08 1.458
5 24 1.3 -16.08 1.458 1.3 -16.08 2.625 1.283 -16.167 1.458 1.679 -15.513 1.458
0 // side back up
3 16 2.917 -15 2.625 5.405 -14.971 2.625 0.438 -14.971 2.625
3 16 5.405 -14.971 2.625 2.917 -15 2.625 3.586 -15.133 2.625
4 16 5.405 -14.971 2.625 3.586 -15.133 2.625 4.154 -15.513 2.625 5.355 -16.167 2.625
3 16 5.355 -16.167 2.625 4.154 -15.513 2.625 4.534 -16.08 2.625
3 16 5.355 -16.167 2.625 4.534 -16.08 2.625 4.551 -16.167 2.625
4 16 5.355 -16.167 2.625 4.551 -16.167 2.625 4.667 -16.75 2.502 5.317 -17.164 2.415
3 16 5.317 -17.164 2.415 4.667 -16.75 2.502 4.584 -17.164 2.415
3 16 5.317 -17.164 2.415 4.584 -17.164 2.415 4.534 -17.42 2.239
4 16 5.317 -17.164 2.415 4.534 -17.42 2.239 4.154 -17.987 1.849 5.282 -18.004 1.838
3 16 5.259 -18.582 0.998 5.282 -18.004 1.838 4.154 -17.987 1.849
5 24 4.551 -16.167 2.625 5.355 -16.167 2.625 4.534 -16.08 2.625 4.667 -16.75 2.502
5 24 4.584 -17.164 2.415 5.317 -17.164 2.415 4.667 -16.75 2.502 4.534 -17.42 2.239
5 24 4.129 -18.004 1.838 5.282 -18.004 1.838 4.154 -17.987 1.849 3.586 -18.367 1.31
3 16 4.154 -17.987 -1.849 5.282 -18.004 -1.838 5.259 -18.582 -0.998
0 // side back bottom
1 16 2.917 -10.917 2.625 -1.75 0 0 0 0 1.75 0 -1 0 4-4ndis.dat
4 16 1.167 -9.167 2.625 4.667 -9.167 2.625 5.688 -8 2.625 0.438 -8 2.625
4 16 0.438 -14.971 2.625 1.167 -12.667 2.625 1.167 -9.167 2.625 0.438 -8 2.625
4 16 4.667 -9.167 2.625 4.667 -12.667 2.625 5.405 -14.971 2.625 5.688 -8 2.625
4 16 1.167 -12.667 2.625 0.438 -14.971 2.625 5.405 -14.971 2.625 4.667 -12.667 2.625
0 // front leg surface
1 16 3.016 -10.333 -2.479 0 0 2.5783 0 1 0 -0.72915 0 0 rect3.dat
4 16 0.438 -10.333 -3.208 0.438 -8 -3.208 5.688 -8 -3.208 5.594 -10.333 -3.208
4 16 5.448 -14.201 -1.75 0.438 -14.201 -1.75 0.438 -10.333 -1.75 5.594 -10.333 -1.75
0 // new areas
3 16 -0.438 -14.971 2.625 -2.917 -15 2.625 -2.247 -15.133 2.625
3 16 2.247 -15.133 2.625 2.917 -15 2.625 0.438 -14.971 2.625
4 16 0.438 -14.971 2.625 -0.438 -14.971 2.625 -2.247 -15.133 2.625 2.247 -15.133 2.625
4 16 -2.247 -15.133 2.625 -1.679 -15.513 2.625 1.679 -15.513 2.625 2.247 -15.133 2.625
4 16 -1.679 -15.513 2.625 -1.3 -16.08 2.625 1.3 -16.08 2.625 1.679 -15.513 2.625
4 16 -1.3 -16.08 2.625 -1.283 -16.167 2.625 1.283 -16.167 2.625 1.3 -16.08 2.625
4 16 -1.283 -16.167 2.625 -1.167 -16.75 2.502 1.167 -16.75 2.502 1.283 -16.167 2.625
4 16 -1.167 -16.75 2.502 -1.249 -17.164 2.415 1.249 -17.164 2.415 1.167 -16.75 2.502
4 16 -1.249 -17.164 2.415 -1.3 -17.42 2.239 1.3 -17.42 2.239 1.249 -17.164 2.415
4 16 -1.3 -17.42 2.239 -1.679 -17.987 1.849 1.679 -17.987 1.849 1.3 -17.42 2.239
5 24 1.283 -16.167 2.625 -1.283 -16.167 2.625 0 -16.08 2.625 0 -16.75 2.502
5 24 1.249 -17.164 2.415 -1.249 -17.164 2.415 0 -16.75 2.502 0 -17.42 2.239
5 24 1.704 -18.004 1.838 -1.704 -18.004 1.838 0 -17.987 1.849 0 -18.367 1.31
0 // between legs
2 24 -0.438 -8 2.625 -0.438 -14.971 2.625
2 24 -0.438 -8 2.625 -0.438 -8 2.425
4 16 -0.438 -8 2.625 -0.438 -14.971 2.625 -0.438 -14.681 2.425 -0.438 -8 2.425
2 24 0.438 -8 2.625 0.438 -14.971 2.625
2 24 0.438 -8 2.625 0.438 -8 2.425
4 16 0.438 -8 2.425 0.438 -14.681 2.425 0.438 -14.971 2.625 0.438 -8 2.625
1 16 0 -11.341 2.425 -0.4375 0 0 0 0 -3.3405 0 -5.845875 0 rect.dat
1 16 0 -14.826 2.525 -0.4375 0 0 0 -0.175 -0.1449 0 -0.253575 0.1 rect3.dat
0 //
1 16 0 -9.067 -3.008 0 0 -0.4375 -1.06665 0 0 0 1.866638 0 rect.dat
1 16 0 -10.133 -2.279 0.4375 0 0 0 1.276013 0 0 0 0.72915 rect3.dat
1 16 0 -12.119 -1.55 0.4375 0 0 0 0 -1.98585 0 3.475238 0 rect3.dat
1 16 0 -14.153 -1.65 0.4375 0 0 0 -0.175 -0.0479 0 0.083825 -0.1 rect3.dat
2 24 -0.438 -8 -3.208 -0.438 -8 -3.008
2 24 -0.438 -8 -3.208 -0.438 -10.333 -3.208
2 24 -0.438 -10.333 -1.75 -0.438 -14.201 -1.75
4 16 -0.438 -8 -3.008 -0.438 -10.133 -3.008 -0.438 -10.333 -3.208 -0.438 -8 -3.208
1 16 -0.438 -10.233 -2.379 0 -0.29166 0 -0.1 0 0 -0.1 0 -0.72915 rect1.dat
4 16 -0.438 -10.133 -1.55 -0.438 -14.105 -1.55 -0.438 -14.201 -1.75 -0.438 -10.333 -1.75
2 24 0.438 -8 -3.208 0.438 -8 -3.008
2 24 0.438 -8 -3.208 0.438 -10.333 -3.208
2 24 0.438 -10.333 -1.75 0.438 -14.201 -1.75
4 16 0.438 -8 -3.208 0.438 -10.333 -3.208 0.438 -10.133 -3.008 0.438 -8 -3.008
1 16 0.438 -10.233 -2.379 0 0.29166 0 -0.1 0 0 -0.1 0 0.72915 rect1.dat
4 16 0.438 -10.333 -1.75 0.438 -14.201 -1.75 0.438 -14.105 -1.55 0.438 -10.133 -1.55
0 //
4 16 -5.396 -15.169 -2.415 -5.437 -14.201 -1.75 5.437 -14.201 -1.75 5.396 -15.169 -2.415
4 16 -5.355 -16.167 -2.625 -5.396 -15.169 -2.415 5.396 -15.169 -2.415 5.355 -16.167 -2.625
4 16 -5.355 -16.167 -2.625 5.355 -16.167 -2.625 5.317 -17.164 -2.415 -5.317 -17.164 -2.415
4 16 -5.282 -18.004 -1.838 -5.317 -17.164 -2.415 5.317 -17.164 -2.415 5.282 -18.004 -1.838
5 24 5.317 -17.164 -2.415 -5.317 -17.164 -2.415 -0.583 -18.004 -1.838 -0.583 -16.167 -2.625
5 24 5.282 -18.004 -1.838 -5.282 -18.004 -1.838 -0.583 -17.164 -2.415 -0.583 -18.582 -0.998
5 24 5.355 -16.167 -2.625 -5.355 -16.167 -2.625 -0.583 -17.164 -2.415 -0.583 -15.169 -2.415
5 24 5.396 -15.169 -2.415 -5.396 -15.169 -2.415 -0.583 -16.167 -2.625 -0.583 -14.201 -1.75
5 24 5.437 -14.201 -1.75 -5.437 -14.201 -1.75 -0.583 -15.169 -2.415 -0.583 -13.921 -1.75
0 //
1 16 0 -5 0 6 0 0 0 1 0 0 0 6 4-4edge.dat
1 16 0 -5 0 -6 0 0 0 -1 0 0 0 6 4-4disc.dat
0 BFC INVERTNEXT
1 16 0 -5 0 6 0 0 0 1 0 0 0 6 4-4cyli.dat
1 16 0 -4 0 1 0 0 0 -1 0 0 0 1 stud4a.dat
1 16 0 -8 0 8 0 0 0 1 0 0 0 8 4-4edge.dat
1 16 0 -8 0 8 0 0 0 4 0 0 0 8 4-4cyli.dat
1 16 0 -8 0 8 0 0 0 1 0 0 0 8 4-4disc.dat
