0 Figure Friends Girl Torso with Magenta and Bright Light Orange Top with Laces and Magenta Flame Trim Pattern
0 Name: 92241p21.dat
0 Author: Philippe Hurbain [Philo]
0 !LDRAW_ORG Part UPDATE 2017-01
0 !LICENSE Redistributable under CCAL version 2.0 : see CAreadme.txt

0 BFC CERTIFY CCW

0 !HISTORY 2017-12-30 [PTadmin] Official Update 2017-01

1 16 0 0 0 1 0 0 0 1 0 0 0 1 s\92241s01.dat
5 24 11 2.83 2.83 10.12 4.28 3.87 11 1.53 3.7 10.69 6.76 0.57
5 24 10.12 4.28 3.87 11 1.53 3.7 11 2.83 2.83 10.27 2.05 4.57
5 24 11 4 0 10.69 6.76 0.57 11 3.7 1.53 10.9 4.43 -3.25
5 24 10.69 6.76 0.57 11 3.7 1.53 11 4 0 11 2.83 2.83
5 24 11 3.7 -1.53 10.9 4.43 -3.25 11 4 0 11 2.83 -2.83
5 24 10.9 4.43 -3.25 11 4 0 11 3.7 -1.53 10.69 6.76 0.57
5 24 11 2.83 -2.83 10.9 4.43 -3.25 11 3.7 -1.53 9.91 4.65 -5.66
5 24 11 0 -4 10.03 1.94 -5.55 11 1.53 -3.7 9.54 0.08 -5.83
5 24 10.03 1.94 -5.55 11 1.53 -3.7 11 0 -4 9.91 4.65 -5.66
5 24 4.33 18 -8.26 3.6 12.94 -8.48 0 18 -8.79 6.43 18 -7.56
5 24 3.6 12.94 -8.48 0 18 -8.79 4.33 18 -8.26 0 12.84 -8.86
5 24 3.6 12.94 -8.48 0 12.84 -8.86 0 18 -8.79 3.57 9.63 -8.57
5 24 0 12.84 -8.86 0 18 -8.79 3.6 12.94 -8.48 -3.6 12.94 -8.48
5 24 6.43 18 -7.56 6.64 13.08 -7.5 3.6 12.94 -8.48 8.67 18 -6.05
5 24 6.64 13.08 -7.5 3.6 12.94 -8.48 6.43 18 -7.56 6.8 9.72 -7.58
5 24 8.67 18 -6.05 6.64 13.08 -7.5 6.43 18 -7.56 8.7 13.2 -5.89
5 24 8.7 13.2 -5.89 6.64 13.08 -7.5 8.67 18 -6.05 8.52 9.64 -6.13
5 24 8.67 18 -6.05 8.7 13.2 -5.89 6.64 13.08 -7.5 9.37 18 -5.11
5 24 9.37 18 -5.11 8.7 13.2 -5.89 8.67 18 -6.05 9.13 13.09 -5.22
5 24 9.13 13.09 -5.22 8.7 13.2 -5.89 9.37 18 -5.11 9.21 9.34 -5.15
5 24 9.37 18 -5.11 9.13 13.09 -5.22 8.7 13.2 -5.89 10.29 18 -2.48
5 24 10.29 18 -2.48 10.07 12.95 -2.62 9.13 13.09 -5.22 10.45 18 0.92
5 24 10.45 18 0.92 10.07 12.95 -2.62 10.29 18 -2.48 10.3 12.89 1.05
5 24 10.3 12.89 1.05 10.07 12.95 -2.62 10.45 18 0.92 10.09 9.62 -2.24
5 24 10.45 18 0.92 10.3 12.89 1.05 10.07 12.95 -2.62 9.57 13.24 2.98
5 24 9.57 13.24 2.98 10.3 12.89 1.05 10.45 18 0.92 9.63 9.49 2.93
5 24 10.45 18 0.92 9.57 13.24 2.98 10.3 12.89 1.05 9.61 18 2.62
5 24 9.61 18 2.62 9.57 13.24 2.98 10.45 18 0.92 8.62 13.25 4.14
5 24 8.62 13.25 4.14 9.57 13.24 2.98 9.61 18 2.62 9.63 9.49 2.93
5 24 8.68 18 3.79 8.62 13.25 4.14 9.57 13.24 2.98 7.67 18 4.5
5 24 7.67 18 4.5 7.8 12.9 4.76 8.68 18 3.79 4.4 13.26 5.71
5 24 7.8 12.9 4.76 8.62 13.25 4.14 8.68 18 3.79 7.98 9.58 4.67
5 24 4.4 13.26 5.71 7.67 18 4.5 4.34 18 5.73 7.8 12.9 4.76
5 24 4.34 18 5.73 4.4 13.26 5.71 7.67 18 4.5 0 13.26 5.97
5 24 4.4 13.26 5.71 7.8 12.9 4.76 7.67 18 4.5 7.98 9.58 4.67
5 24 0 13.26 5.97 4.34 18 5.73 0 18 5.91 4.4 13.26 5.71
5 24 0 18 5.91 0 13.26 5.97 4.34 18 5.73 -4.34 18 5.73
5 24 0 13.26 5.97 4.4 13.26 5.71 4.34 18 5.73 0 9.32 5.92
5 24 3.6 12.94 -8.48 3.57 9.63 -8.57 0 12.84 -8.86 6.8 9.72 -7.58
5 24 3.57 9.63 -8.57 0 12.84 -8.86 3.6 12.94 -8.48 0 9.5 -8.87
5 24 3.57 9.63 -8.57 0 9.5 -8.87 0 12.84 -8.86 0 6.85 -9.25
5 24 0 9.5 -8.87 0 12.84 -8.86 3.57 9.63 -8.57 -3.57 9.63 -8.57
5 24 6.8 9.72 -7.58 3.57 9.63 -8.57 3.6 12.94 -8.48 7.25 6.94 -8.02
5 24 3.6 12.94 -8.48 6.8 9.72 -7.58 3.57 9.63 -8.57 6.64 13.08 -7.5
5 24 6.64 13.08 -7.5 6.8 9.72 -7.58 3.6 12.94 -8.48 8.52 9.64 -6.13
5 24 8.52 9.64 -6.13 6.8 9.72 -7.58 6.64 13.08 -7.5 7.25 6.94 -8.02
5 24 6.64 13.08 -7.5 8.52 9.64 -6.13 6.8 9.72 -7.58 8.7 13.2 -5.89
5 24 8.7 13.2 -5.89 8.52 9.64 -6.13 6.64 13.08 -7.5 9.21 9.34 -5.15
5 24 9.21 9.34 -5.15 8.52 9.64 -6.13 8.7 13.2 -5.89 9.56 6.77 -5.46
5 24 8.7 13.2 -5.89 9.21 9.34 -5.15 8.52 9.64 -6.13 9.13 13.09 -5.22
5 24 9.13 13.09 -5.22 9.21 9.34 -5.15 8.7 13.2 -5.89 10.09 9.62 -2.24
5 24 10.09 9.62 -2.24 9.21 9.34 -5.15 9.13 13.09 -5.22 10.44 6.68 -2.54
5 24 9.13 13.09 -5.22 10.09 9.62 -2.24 9.21 9.34 -5.15 10.07 12.95 -2.62
5 24 10.07 12.95 -2.62 10.09 9.62 -2.24 9.13 13.09 -5.22 10.3 12.89 1.05
5 24 10.3 12.89 1.05 10.09 9.62 -2.24 10.07 12.95 -2.62 10.23 9.47 0.83
5 24 10.23 9.47 0.83 10.09 9.62 -2.24 10.3 12.89 1.05 10.44 6.68 -2.54
5 24 10.3 12.89 1.05 10.23 9.47 0.83 10.09 9.62 -2.24 9.63 9.49 2.93
5 24 9.63 9.49 2.93 10.23 9.47 0.83 10.3 12.89 1.05 10.69 6.76 0.57
5 24 10.3 12.89 1.05 9.63 9.49 2.93 10.23 9.47 0.83 9.57 13.24 2.98
5 24 9.57 13.24 2.98 9.63 9.49 2.93 10.3 12.89 1.05 8.62 13.25 4.14
5 24 8.78 9.6 4.05 9.63 9.49 2.93 8.62 13.25 4.14 9.45 6.79 3.76
5 24 9.63 9.49 2.93 8.62 13.25 4.14 8.78 9.6 4.05 9.57 13.24 2.98
5 24 8.62 13.25 4.14 8.78 9.6 4.05 9.63 9.49 2.93 7.8 12.9 4.76
5 24 7.8 12.9 4.76 7.98 9.58 4.67 8.62 13.25 4.14 4.4 13.26 5.71
5 24 7.98 9.58 4.67 8.78 9.6 4.05 8.62 13.25 4.14 8.09 6.81 4.83
5 24 4.04 9.68 5.69 7.98 9.58 4.67 4.4 13.26 5.71 8.09 6.81 4.83
5 24 7.98 9.58 4.67 4.4 13.26 5.71 4.04 9.68 5.69 7.8 12.9 4.76
5 24 4.4 13.26 5.71 4.04 9.68 5.69 7.98 9.58 4.67 0 9.32 5.92
5 24 0 9.32 5.92 4.04 9.68 5.69 4.4 13.26 5.71 0 6.54 6.11
5 24 0 13.26 5.97 0 9.32 5.92 4.04 9.68 5.69 -4.4 13.26 5.71
5 24 0 6.85 -9.25 0 9.5 -8.87 3.57 9.63 -8.57 -3.87 6.9 -8.96
5 24 3.57 9.63 -8.57 3.87 6.9 -8.96 0 6.85 -9.25 7.25 6.94 -8.02
5 24 3.87 6.9 -8.96 0 6.85 -9.25 0 9.5 -8.87 0 4.51 -9.56
5 24 7.25 6.94 -8.02 3.87 6.9 -8.96 3.57 9.63 -8.57 6.99 4.64 -8.69
5 24 3.57 9.63 -8.57 7.25 6.94 -8.02 3.87 6.9 -8.96 6.8 9.72 -7.58
5 24 6.8 9.72 -7.58 7.25 6.94 -8.02 3.57 9.63 -8.57 8.52 9.64 -6.13
5 24 8.52 9.64 -6.13 8.97 6.47 -6.67 7.25 6.94 -8.02 9.56 6.77 -5.46
5 24 8.97 6.47 -6.67 7.25 6.94 -8.02 6.8 9.72 -7.58 9.25 4.72 -6.69
5 24 9.56 6.77 -5.46 8.97 6.47 -6.67 8.52 9.64 -6.13 9.91 4.65 -5.66
5 24 8.52 9.64 -6.13 9.56 6.77 -5.46 8.97 6.47 -6.67 9.21 9.34 -5.15
5 24 9.21 9.34 -5.15 9.56 6.77 -5.46 8.52 9.64 -6.13 10.44 6.68 -2.54
5 24 10.44 6.68 -2.54 9.56 6.77 -5.46 9.21 9.34 -5.15 10.9 4.43 -3.25
5 24 9.21 9.34 -5.15 10.44 6.68 -2.54 9.56 6.77 -5.46 10.09 9.62 -2.24
5 24 10.09 9.62 -2.24 10.44 6.68 -2.54 9.21 9.34 -5.15 10.23 9.47 0.83
5 24 10.69 6.76 0.57 10.44 6.68 -2.54 10.23 9.47 0.83 10.9 4.43 -3.25
5 24 10.44 6.68 -2.54 10.23 9.47 0.83 10.69 6.76 0.57 10.09 9.62 -2.24
5 24 10.23 9.47 0.83 10.69 6.76 0.57 10.44 6.68 -2.54 9.63 9.49 2.93
5 24 9.45 6.79 3.76 9.63 9.49 2.93 8.78 9.6 4.05 10.69 6.76 0.57
5 24 8.78 9.6 4.05 9.45 6.79 3.76 9.63 9.49 2.93 7.98 9.58 4.67
5 24 7.98 9.58 4.67 8.09 6.81 4.83 8.78 9.6 4.05 4.04 9.68 5.69
5 24 8.09 6.81 4.83 9.45 6.79 3.76 8.78 9.6 4.05 10.12 4.28 3.87
5 24 4.64 6.96 5.77 8.09 6.81 4.83 4.04 9.68 5.69 8.1 4.36 5.21
5 24 8.09 6.81 4.83 4.04 9.68 5.69 4.64 6.96 5.77 7.98 9.58 4.67
5 24 4.04 9.68 5.69 4.64 6.96 5.77 8.09 6.81 4.83 0 6.54 6.11
5 24 0 6.54 6.11 4.04 9.68 5.69 0 9.32 5.92 4.64 6.96 5.77
5 24 0 9.32 5.92 0 6.54 6.11 4.04 9.68 5.69 -4.04 9.68 5.69
5 24 0 6.54 6.11 4.64 6.96 5.77 4.04 9.68 5.69 4.61 4.7 6
5 24 0 4.51 -9.56 0 6.85 -9.25 3.87 6.9 -8.96 -4.37 4.31 -9.23
5 24 3.87 6.9 -8.96 4.37 4.31 -9.23 0 4.51 -9.56 6.99 4.64 -8.69
5 24 4.37 4.31 -9.23 0 4.51 -9.56 0 6.85 -9.25 0 2.06 -8.99
5 24 6.99 4.64 -8.69 4.37 4.31 -9.23 3.87 6.9 -8.96 4.41 2.39 -8.84
5 24 3.87 6.9 -8.96 6.99 4.64 -8.69 4.37 4.31 -9.23 7.25 6.94 -8.02
5 24 7.25 6.94 -8.02 6.99 4.64 -8.69 3.87 6.9 -8.96 9.25 4.72 -6.69
5 24 9.25 4.72 -6.69 6.99 4.64 -8.69 7.25 6.94 -8.02 9 2.1 -6.71
5 24 7.25 6.94 -8.02 9.25 4.72 -6.69 6.99 4.64 -8.69 8.97 6.47 -6.67
5 24 8.97 6.47 -6.67 9.25 4.72 -6.69 7.25 6.94 -8.02 9.91 4.65 -5.66
5 24 9.91 4.65 -5.66 9.25 4.72 -6.69 8.97 6.47 -6.67 9 2.1 -6.71
5 24 8.97 6.47 -6.67 9.91 4.65 -5.66 9.25 4.72 -6.69 9.56 6.77 -5.46
5 24 9.56 6.77 -5.46 9.91 4.65 -5.66 8.97 6.47 -6.67 10.9 4.43 -3.25
5 24 10.9 4.43 -3.25 9.91 4.65 -5.66 9.56 6.77 -5.46 11 2.83 -2.83
5 24 9.56 6.77 -5.46 10.9 4.43 -3.25 9.91 4.65 -5.66 10.44 6.68 -2.54
5 24 10.44 6.68 -2.54 10.9 4.43 -3.25 9.56 6.77 -5.46 10.69 6.76 0.57
5 24 10.9 4.43 -3.25 10.69 6.76 0.57 11 4 0 10.44 6.68 -2.54
5 24 9.45 6.79 3.76 10.12 4.28 3.87 10.69 6.76 0.57 8.09 6.81 4.83
5 24 10.12 4.28 3.87 10.69 6.76 0.57 9.45 6.79 3.76 11 2.83 2.83
5 24 10.69 6.76 0.57 9.45 6.79 3.76 10.12 4.28 3.87 9.63 9.49 2.93
5 24 8.1 4.36 5.21 10.12 4.28 3.87 8.09 6.81 4.83 10.27 2.05 4.57
5 24 10.12 4.28 3.87 8.09 6.81 4.83 8.1 4.36 5.21 9.45 6.79 3.76
5 24 8.09 6.81 4.83 8.1 4.36 5.21 10.12 4.28 3.87 4.64 6.96 5.77
5 24 4.61 4.7 6 8.1 4.36 5.21 4.64 6.96 5.77 8.09 1.98 5.5
5 24 8.1 4.36 5.21 4.64 6.96 5.77 4.61 4.7 6 8.09 6.81 4.83
5 24 4.64 6.96 5.77 4.61 4.7 6 8.1 4.36 5.21 0 6.54 6.11
5 24 0 6.54 6.11 4.61 4.7 6 4.64 6.96 5.77 0 4.69 6.26
5 24 0 4.69 6.26 4.61 4.7 6 0 6.54 6.11 0 1.73 6.27
5 24 0 6.54 6.11 0 4.69 6.26 4.61 4.7 6 -4.61 4.7 6
5 24 4.37 4.31 -9.23 0 2.06 -8.99 0 4.51 -9.56 4.41 2.39 -8.84
5 24 0 2.06 -8.99 0 4.51 -9.56 4.37 4.31 -9.23 -4.37 4.31 -9.23
5 24 4.41 2.39 -8.84 0 2.06 -8.99 4.37 4.31 -9.23 3.72 0.07 -7.58
5 24 4.37 4.31 -9.23 4.41 2.39 -8.84 0 2.06 -8.99 6.99 4.64 -8.69
5 24 9 2.1 -6.71 7.24 2.4 -8.04 6.99 4.64 -8.69 6.74 0 -7
5 24 7.24 2.4 -8.04 6.99 4.64 -8.69 9 2.1 -6.71 4.41 2.39 -8.84
5 24 6.99 4.64 -8.69 9 2.1 -6.71 7.24 2.4 -8.04 9.25 4.72 -6.69
5 24 9.25 4.72 -6.69 9 2.1 -6.71 6.99 4.64 -8.69 9.91 4.65 -5.66
5 24 9.91 4.65 -5.66 9 2.1 -6.71 9.25 4.72 -6.69 10.03 1.94 -5.55
5 24 10.03 1.94 -5.55 9 2.1 -6.71 9.91 4.65 -5.66 9.54 0.08 -5.83
5 24 9.91 4.65 -5.66 10.03 1.94 -5.55 9 2.1 -6.71 11 1.53 -3.7
5 24 11 2.83 -2.83 9.91 4.65 -5.66 10.9 4.43 -3.25 11 1.53 -3.7
5 24 10.27 2.05 4.57 11 1.53 3.7 10.12 4.28 3.87 9.45 0.13 5.12
5 24 10.12 4.28 3.87 10.27 2.05 4.57 11 1.53 3.7 8.1 4.36 5.21
5 24 8.09 1.98 5.5 10.27 2.05 4.57 8.1 4.36 5.21 9.45 0.13 5.12
5 24 10.27 2.05 4.57 8.1 4.36 5.21 8.09 1.98 5.5 10.12 4.28 3.87
5 24 8.1 4.36 5.21 8.09 1.98 5.5 10.27 2.05 4.57 4.61 4.7 6
5 24 4.42 2.01 6.03 8.09 1.98 5.5 4.61 4.7 6 4.39 0.28 6
5 24 8.09 1.98 5.5 4.61 4.7 6 4.42 2.01 6.03 8.1 4.36 5.21
5 24 4.61 4.7 6 4.42 2.01 6.03 8.09 1.98 5.5 0 1.73 6.27
5 24 0 1.73 6.27 4.42 2.01 6.03 4.61 4.7 6 4.39 0.28 6
5 24 0 4.69 6.26 0 1.73 6.27 4.42 2.01 6.03 -4.61 4.7 6
5 24 4.41 2.39 -8.84 3.72 0.07 -7.58 0 2.06 -8.99 6.74 0 -7
5 24 3.72 0.07 -7.58 0 2.06 -8.99 4.41 2.39 -8.84 0 -0.04 -7.75
5 24 3.72 0.07 -7.58 0 -0.04 -7.75 0 2.06 -8.99 3.77 -2.6 -5.67
5 24 0 -0.04 -7.75 0 2.06 -8.99 3.72 0.07 -7.58 -3.72 0.07 -7.58
5 24 7.24 2.4 -8.04 6.74 0 -7 4.41 2.39 -8.84 9 2.1 -6.71
5 24 6.74 0 -7 4.41 2.39 -8.84 7.24 2.4 -8.04 3.72 0.07 -7.58
5 24 4.41 2.39 -8.84 7.24 2.4 -8.04 6.74 0 -7 6.99 4.64 -8.69
5 24 6.74 0 -7 3.72 0.07 -7.58 4.41 2.39 -8.84 3.77 -2.6 -5.67
5 24 9 2.1 -6.71 6.74 0 -7 7.24 2.4 -8.04 9.54 0.08 -5.83
5 24 9.54 0.08 -5.83 6.74 0 -7 9 2.1 -6.71 6.87 -2.65 -5.23
5 24 9 2.1 -6.71 9.54 0.08 -5.83 6.74 0 -7 10.03 1.94 -5.55
5 24 10.03 1.94 -5.55 9.54 0.08 -5.83 9 2.1 -6.71 11 0 -4
5 24 11 0 -4 9.54 0.08 -5.83 10.03 1.94 -5.55 11 -1.53 -3.7
5 24 9.45 0.13 5.12 11 1.53 3.7 10.27 2.05 4.57 11 0 4
5 24 10.27 2.05 4.57 9.45 0.13 5.12 11 1.53 3.7 8.09 1.98 5.5
5 24 9.45 0.13 5.12 11 0 4 11 1.53 3.7 11 -1.53 3.7
5 24 8.09 1.98 5.5 9.45 0.13 5.12 10.27 2.05 4.57 7.3 -0.02 5.6
5 24 7.3 -0.02 5.6 9.45 0.13 5.12 8.09 1.98 5.5 9.51 -3.77 3.74
5 24 8.09 1.98 5.5 7.3 -0.02 5.6 9.45 0.13 5.12 4.39 0.28 6
5 24 4.39 0.28 6 7.3 -0.02 5.6 8.09 1.98 5.5 4.05 -4.33 4.45
5 24 4.42 2.01 6.03 4.39 0.28 6 7.3 -0.02 5.6 0 1.73 6.27
5 24 0 1.73 6.27 4.39 0.28 6 4.42 2.01 6.03 0 -0.03 6.15
5 24 0 -0.03 6.15 4.39 0.28 6 0 1.73 6.27 4.05 -4.33 4.45
5 24 0 1.73 6.27 0 -0.03 6.15 4.39 0.28 6 -4.39 0.28 6
5 24 3.72 0.07 -7.58 3.77 -2.6 -5.67 0 -2.95 -5.7 6.74 0 -7
5 24 3.77 -2.6 -5.67 0 -2.95 -5.7 3.72 0.07 -7.58 0 -5.07 -4.13
5 24 0 -2.95 -5.7 0 -0.04 -7.75 3.72 0.07 -7.58 -3.77 -2.6 -5.67
5 24 6.74 0 -7 3.77 -2.6 -5.67 3.72 0.07 -7.58 6.87 -2.65 -5.23
5 24 6.87 -2.65 -5.23 3.77 -2.6 -5.67 6.74 0 -7 6.87 -3.96 -4.1
5 24 6.74 0 -7 6.87 -2.65 -5.23 3.77 -2.6 -5.67 9.54 0.08 -5.83
5 24 9.54 0.08 -5.83 6.87 -2.65 -5.23 6.74 0 -7 9.59 -3.98 -3.46
5 24 11 -1.53 -3.7 9.54 0.08 -5.83 11 0 -4 9.59 -3.98 -3.46
5 24 6.87 -2.65 -5.23 6.87 -3.96 -4.1 3.83 -5.14 -3.52 9.59 -3.98 -3.46
5 24 6.87 -3.96 -4.1 3.83 -5.14 -3.52 6.87 -2.65 -5.23 6.83 -5.77 -2
5 24 3.83 -5.14 -3.52 3.77 -2.6 -5.67 6.87 -2.65 -5.23 0 -5.07 -4.13
5 24 9.59 -3.98 -3.46 6.87 -3.96 -4.1 6.87 -2.65 -5.23 6.83 -5.77 -2
5 24 6.87 -2.65 -5.23 9.59 -3.98 -3.46 6.87 -3.96 -4.1 9.54 0.08 -5.83
5 24 9.54 0.08 -5.83 9.59 -3.98 -3.46 6.87 -2.65 -5.23 11 -1.53 -3.7
5 24 11 -1.53 -3.7 9.59 -3.98 -3.46 9.54 0.08 -5.83 11 -2.83 -2.83
5 24 11 -2.83 -2.83 9.59 -3.98 -3.46 11 -1.53 -3.7 11 -3.7 -1.53
5 24 3.83 -5.14 -3.52 3.68 -6 -2.59 0 -5.07 -4.13 6.83 -5.77 -2
5 24 3.68 -6 -2.59 0 -5.07 -4.13 3.83 -5.14 -3.52 0 -6.54 -2.61
5 24 0 -5.07 -4.13 3.83 -5.14 -3.52 3.68 -6 -2.59 3.77 -2.6 -5.67
5 24 3.68 -6 -2.59 0 -6.54 -2.61 0 -5.07 -4.13 0 -7.25 -0.33
5 24 0 -6.54 -2.61 0 -5.07 -4.13 3.68 -6 -2.59 -3.68 -6 -2.59
5 24 6.87 -3.96 -4.1 6.83 -5.77 -2 3.83 -5.14 -3.52 9.59 -3.98 -3.46
5 24 6.83 -5.77 -2 3.83 -5.14 -3.52 6.87 -3.96 -4.1 3.68 -6 -2.59
5 24 6.83 -5.77 -2 3.68 -6 -2.59 3.83 -5.14 -3.52 4.07 -6.83 -0.02
5 24 11 -3.7 -1.53 9.59 -3.98 -3.46 11 -2.83 -2.83 9.59 -5.08 -1.98
5 24 11 -3.7 -1.53 9.59 -5.08 -1.98 9.59 -3.98 -3.46 11 -4 0
5 24 9.59 -5.08 -1.98 9.59 -3.98 -3.46 11 -3.7 -1.53 6.83 -5.77 -2
5 24 3.68 -6 -2.59 0 -7.25 -0.33 0 -6.54 -2.61 4.07 -6.83 -0.02
5 24 0 -7.25 -0.33 0 -6.54 -2.61 3.68 -6 -2.59 -3.68 -6 -2.59
5 24 4.07 -6.83 -0.02 0 -7.25 -0.33 3.68 -6 -2.59 0 -6.37 2.47
5 24 3.68 -6 -2.59 4.07 -6.83 -0.02 0 -7.25 -0.33 6.83 -5.77 -2
5 24 6.83 -5.77 -2 4.07 -6.83 -0.02 3.68 -6 -2.59 6.89 -6.34 0.08
5 24 6.89 -6.34 0.08 4.07 -6.83 -0.02 6.83 -5.77 -2 3.92 -6.14 2.49
5 24 6.83 -5.77 -2 6.89 -6.34 0.08 4.07 -6.83 -0.02 9.06 -5.7 0.02
5 24 9.06 -5.7 0.02 6.89 -6.34 0.08 6.83 -5.77 -2 9.62 -4.97 2.24
5 24 6.83 -5.77 -2 9.06 -5.7 0.02 6.89 -6.34 0.08 9.59 -5.08 -1.98
5 24 9.59 -5.08 -1.98 9.06 -5.7 0.02 6.83 -5.77 -2 11 -4 0
5 24 6.83 -5.77 -2 9.59 -5.08 -1.98 9.06 -5.7 0.02 9.59 -3.98 -3.46
5 24 11 -4 0 9.06 -5.7 0.02 9.59 -5.08 -1.98 11 -3.7 1.53
5 24 9.59 -5.08 -1.98 11 -4 0 9.06 -5.7 0.02 11 -3.7 -1.53
5 24 4.07 -6.83 -0.02 0 -6.37 2.47 0 -7.25 -0.33 3.92 -6.14 2.49
5 24 0 -6.37 2.47 0 -7.25 -0.33 4.07 -6.83 -0.02 -4.07 -6.83 -0.02
5 24 3.92 -6.14 2.49 0 -6.37 2.47 4.07 -6.83 -0.02 4.05 -4.33 4.45
5 24 4.07 -6.83 -0.02 3.92 -6.14 2.49 0 -6.37 2.47 6.89 -6.34 0.08
5 24 6.89 -6.34 0.08 3.92 -6.14 2.49 4.07 -6.83 -0.02 7.17 -5.75 2.24
5 24 7.17 -5.75 2.24 3.92 -6.14 2.49 6.89 -6.34 0.08 7.27 -4.18 4.07
5 24 6.89 -6.34 0.08 7.17 -5.75 2.24 3.92 -6.14 2.49 9.62 -4.97 2.24
5 24 9.62 -4.97 2.24 7.17 -5.75 2.24 6.89 -6.34 0.08 7.27 -4.18 4.07
5 24 6.89 -6.34 0.08 9.62 -4.97 2.24 7.17 -5.75 2.24 9.06 -5.7 0.02
5 24 9.06 -5.7 0.02 9.62 -4.97 2.24 6.89 -6.34 0.08 11 -3.7 1.53
5 24 11 -3.7 1.53 9.62 -4.97 2.24 9.06 -5.7 0.02 11 -2.83 2.83
5 24 9.06 -5.7 0.02 11 -3.7 1.53 9.62 -4.97 2.24 11 -4 0
5 24 4.05 -4.33 4.45 0 -4.59 4.25 0 -6.37 2.47 0 -0.03 6.15
5 24 0 -4.59 4.25 0 -6.37 2.47 4.05 -4.33 4.45 -4.05 -4.33 4.45
5 24 0 -6.37 2.47 4.05 -4.33 4.45 0 -4.59 4.25 3.92 -6.14 2.49
5 24 3.92 -6.14 2.49 4.05 -4.33 4.45 0 -6.37 2.47 7.27 -4.18 4.07
5 24 7.27 -4.18 4.07 4.05 -4.33 4.45 3.92 -6.14 2.49 7.3 -0.02 5.6
5 24 3.92 -6.14 2.49 7.27 -4.18 4.07 4.05 -4.33 4.45 7.17 -5.75 2.24
5 24 7.17 -5.75 2.24 7.27 -4.18 4.07 3.92 -6.14 2.49 9.62 -4.97 2.24
5 24 9.62 -4.97 2.24 9.51 -3.77 3.74 7.27 -4.18 4.07 11 -2.83 2.83
5 24 9.51 -3.77 3.74 7.27 -4.18 4.07 7.17 -5.75 2.24 7.3 -0.02 5.6
5 24 11 -2.83 2.83 9.51 -3.77 3.74 9.62 -4.97 2.24 11 -1.53 3.7
5 24 9.62 -4.97 2.24 11 -2.83 2.83 9.51 -3.77 3.74 11 -3.7 1.53
5 24 4.39 0.28 6 4.05 -4.33 4.45 7.3 -0.02 5.6 0 -0.03 6.15
5 24 4.05 -4.33 4.45 7.3 -0.02 5.6 4.39 0.28 6 7.27 -4.18 4.07
5 24 7.27 -4.18 4.07 7.3 -0.02 5.6 4.05 -4.33 4.45 9.51 -3.77 3.74
5 24 9.51 -3.77 3.74 7.3 -0.02 5.6 7.27 -4.18 4.07 9.45 0.13 5.12
5 24 9.51 -3.77 3.74 9.45 0.13 5.12 7.3 -0.02 5.6 11 -1.53 3.7
5 24 11 -1.53 3.7 9.45 0.13 5.12 9.51 -3.77 3.74 11 0 4
5 24 9.51 -3.77 3.74 11 -1.53 3.7 9.45 0.13 5.12 11 -2.83 2.83
5 24 9.59 -3.98 -3.46 6.83 -5.77 -2 6.87 -3.96 -4.1 9.59 -5.08 -1.98
5 24 10.69 6.76 0.57 9.63 9.49 2.93 9.45 6.79 3.76 10.23 9.47 0.83
5 24 0 -0.03 6.15 4.05 -4.33 4.45 4.39 0.28 6 0 -4.59 4.25
5 24 0 -0.03 6.15 0 -4.59 4.25 4.05 -4.33 4.45 -4.05 -4.33 4.45
5 24 11 2.83 2.83 10.69 6.76 0.57 10.12 4.28 3.87 11 3.7 1.53
5 24 11 1.53 -3.7 9.91 4.65 -5.66 11 2.83 -2.83 10.03 1.94 -5.55
5 24 3.77 -2.6 -5.67 0 -5.07 -4.13 0 -2.95 -5.7 3.83 -5.14 -3.52
5 24 0 -5.07 -4.13 0 -2.95 -5.7 3.77 -2.6 -5.67 -3.77 -2.6 -5.67
5 24 4.41 2.39 -8.84 6.99 4.64 -8.69 7.24 2.4 -8.04 4.37 4.31 -9.23
5 24 -11 1.53 3.7 -10.12 4.28 3.87 -11 2.83 2.83 -10.27 2.05 4.57
5 24 -10.12 4.28 3.87 -11 2.83 2.83 -11 1.53 3.7 -10.69 6.76 0.57
5 24 -10.69 6.76 0.57 -11 4 0 -11 3.7 1.53 -10.9 4.43 -3.25
5 24 -11 3.7 1.53 -10.69 6.76 0.57 -11 4 0 -11 2.83 2.83
5 24 -10.9 4.43 -3.25 -11 3.7 -1.53 -11 4 0 -11 2.83 -2.83
5 24 -11 4 0 -10.9 4.43 -3.25 -11 3.7 -1.53 -10.69 6.76 0.57
5 24 -10.9 4.43 -3.25 -11 2.83 -2.83 -11 3.7 -1.53 -9.91 4.65 -5.66
5 24 -10.03 1.94 -5.55 -11 0 -4 -11 1.53 -3.7 -9.54 0.08 -5.83
5 24 -11 1.53 -3.7 -10.03 1.94 -5.55 -11 0 -4 -9.91 4.65 -5.66
5 24 0 18 -8.79 -3.6 12.94 -8.48 -4.33 18 -8.26 0 12.84 -8.86
5 24 -3.6 12.94 -8.48 -4.33 18 -8.26 0 18 -8.79 -6.64 13.08 -7.5
5 24 0 12.84 -8.86 -3.6 12.94 -8.48 0 18 -8.79 -3.57 9.63 -8.57
5 24 -3.6 12.94 -8.48 -6.64 13.08 -7.5 -4.33 18 -8.26 -6.8 9.72 -7.58
5 24 -6.64 13.08 -7.5 -6.43 18 -7.56 -4.33 18 -8.26 -8.67 18 -6.05
5 24 -6.64 13.08 -7.5 -8.67 18 -6.05 -6.43 18 -7.56 -8.7 13.2 -5.89
5 24 -6.64 13.08 -7.5 -8.7 13.2 -5.89 -8.67 18 -6.05 -8.52 9.64 -6.13
5 24 -8.7 13.2 -5.89 -8.67 18 -6.05 -6.64 13.08 -7.5 -9.37 18 -5.11
5 24 -8.7 13.2 -5.89 -9.37 18 -5.11 -8.67 18 -6.05 -9.13 13.09 -5.22
5 24 -8.7 13.2 -5.89 -9.13 13.09 -5.22 -9.37 18 -5.11 -9.21 9.34 -5.15
5 24 -9.13 13.09 -5.22 -9.37 18 -5.11 -8.7 13.2 -5.89 -10.07 12.95 -2.62
5 24 -9.13 13.09 -5.22 -10.07 12.95 -2.62 -9.37 18 -5.11 -10.09 9.62 -2.24
5 24 -10.07 12.95 -2.62 -10.29 18 -2.48 -9.37 18 -5.11 -10.45 18 0.92
5 24 -10.07 12.95 -2.62 -10.45 18 0.92 -10.29 18 -2.48 -10.3 12.89 1.05
5 24 -10.07 12.95 -2.62 -10.3 12.89 1.05 -10.45 18 0.92 -10.09 9.62 -2.24
5 24 -10.3 12.89 1.05 -10.45 18 0.92 -10.07 12.95 -2.62 -9.57 13.24 2.98
5 24 -10.3 12.89 1.05 -9.57 13.24 2.98 -10.45 18 0.92 -9.63 9.49 2.93
5 24 -9.57 13.24 2.98 -10.45 18 0.92 -10.3 12.89 1.05 -9.61 18 2.62
5 24 -9.57 13.24 2.98 -9.61 18 2.62 -10.45 18 0.92 -8.68 18 3.79
5 24 -9.57 13.24 2.98 -8.62 13.25 4.14 -8.68 18 3.79 -9.63 9.49 2.93
5 24 -8.62 13.25 4.14 -8.68 18 3.79 -9.61 18 2.62 -7.8 12.9 4.76
5 24 -8.62 13.25 4.14 -7.8 12.9 4.76 -7.67 18 4.5 -8.78 9.6 4.05
5 24 -7.8 12.9 4.76 -7.67 18 4.5 -8.62 13.25 4.14 -4.4 13.26 5.71
5 24 -7.67 18 4.5 -4.4 13.26 5.71 -4.34 18 5.73 -7.8 12.9 4.76
5 24 -4.4 13.26 5.71 -4.34 18 5.73 -7.67 18 4.5 0 13.26 5.97
5 24 -7.8 12.9 4.76 -4.4 13.26 5.71 -7.67 18 4.5 -7.98 9.58 4.67
5 24 -4.34 18 5.73 0 13.26 5.97 0 18 5.91 -4.4 13.26 5.71
5 24 -4.4 13.26 5.71 0 13.26 5.97 -4.34 18 5.73 -4.04 9.68 5.69
5 24 0 12.84 -8.86 -3.57 9.63 -8.57 -3.6 12.94 -8.48 0 9.5 -8.87
5 24 -3.57 9.63 -8.57 -3.6 12.94 -8.48 0 12.84 -8.86 -6.8 9.72 -7.58
5 24 0 9.5 -8.87 -3.57 9.63 -8.57 0 12.84 -8.86 -3.87 6.9 -8.96
5 24 -3.57 9.63 -8.57 -6.8 9.72 -7.58 -3.6 12.94 -8.48 -7.25 6.94 -8.02
5 24 -6.8 9.72 -7.58 -3.6 12.94 -8.48 -3.57 9.63 -8.57 -6.64 13.08 -7.5
5 24 -6.8 9.72 -7.58 -6.64 13.08 -7.5 -3.6 12.94 -8.48 -8.52 9.64 -6.13
5 24 -6.8 9.72 -7.58 -8.52 9.64 -6.13 -6.64 13.08 -7.5 -8.97 6.47 -6.67
5 24 -8.52 9.64 -6.13 -6.64 13.08 -7.5 -6.8 9.72 -7.58 -8.7 13.2 -5.89
5 24 -8.52 9.64 -6.13 -8.7 13.2 -5.89 -6.64 13.08 -7.5 -9.21 9.34 -5.15
5 24 -8.52 9.64 -6.13 -9.21 9.34 -5.15 -8.7 13.2 -5.89 -9.56 6.77 -5.46
5 24 -9.21 9.34 -5.15 -8.7 13.2 -5.89 -8.52 9.64 -6.13 -9.13 13.09 -5.22
5 24 -9.21 9.34 -5.15 -9.13 13.09 -5.22 -8.7 13.2 -5.89 -10.09 9.62 -2.24
5 24 -9.21 9.34 -5.15 -10.09 9.62 -2.24 -9.13 13.09 -5.22 -10.44 6.68 -2.54
5 24 -10.09 9.62 -2.24 -9.13 13.09 -5.22 -9.21 9.34 -5.15 -10.07 12.95 -2.62
5 24 -10.09 9.62 -2.24 -10.07 12.95 -2.62 -9.13 13.09 -5.22 -10.3 12.89 1.05
5 24 -10.09 9.62 -2.24 -10.3 12.89 1.05 -10.07 12.95 -2.62 -10.23 9.47 0.83
5 24 -10.09 9.62 -2.24 -10.23 9.47 0.83 -10.3 12.89 1.05 -10.44 6.68 -2.54
5 24 -10.23 9.47 0.83 -10.3 12.89 1.05 -10.09 9.62 -2.24 -9.63 9.49 2.93
5 24 -10.23 9.47 0.83 -9.63 9.49 2.93 -10.3 12.89 1.05 -10.69 6.76 0.57
5 24 -9.63 9.49 2.93 -10.3 12.89 1.05 -10.23 9.47 0.83 -9.57 13.24 2.98
5 24 -9.63 9.49 2.93 -9.57 13.24 2.98 -10.3 12.89 1.05 -8.62 13.25 4.14
5 24 -8.62 13.25 4.14 -9.63 9.49 2.93 -8.78 9.6 4.05 -9.57 13.24 2.98
5 24 -9.63 9.49 2.93 -8.78 9.6 4.05 -8.62 13.25 4.14 -9.45 6.79 3.76
5 24 -8.78 9.6 4.05 -8.62 13.25 4.14 -9.63 9.49 2.93 -7.98 9.58 4.67
5 24 -8.78 9.6 4.05 -7.98 9.58 4.67 -7.8 12.9 4.76 -9.45 6.79 3.76
5 24 -7.98 9.58 4.67 -7.8 12.9 4.76 -8.78 9.6 4.05 -4.4 13.26 5.71
5 24 -4.4 13.26 5.71 -7.98 9.58 4.67 -4.04 9.68 5.69 -7.8 12.9 4.76
5 24 -7.98 9.58 4.67 -4.04 9.68 5.69 -4.4 13.26 5.71 -8.09 6.81 4.83
5 24 -4.04 9.68 5.69 -4.4 13.26 5.71 -7.98 9.58 4.67 0 13.26 5.97
5 24 -4.04 9.68 5.69 0 9.32 5.92 0 13.26 5.97 0 6.54 6.11
5 24 -3.87 6.9 -8.96 -3.57 9.63 -8.57 0 9.5 -8.87 -7.25 6.94 -8.02
5 24 0 6.85 -9.25 -3.87 6.9 -8.96 -3.57 9.63 -8.57 -4.37 4.31 -9.23
5 24 -3.87 6.9 -8.96 -7.25 6.94 -8.02 -3.57 9.63 -8.57 -6.99 4.64 -8.69
5 24 -7.25 6.94 -8.02 -3.57 9.63 -8.57 -3.87 6.9 -8.96 -6.8 9.72 -7.58
5 24 -7.25 6.94 -8.02 -6.8 9.72 -7.58 -3.57 9.63 -8.57 -8.97 6.47 -6.67
5 24 -8.97 6.47 -6.67 -8.52 9.64 -6.13 -6.8 9.72 -7.58 -9.56 6.77 -5.46
5 24 -7.25 6.94 -8.02 -8.97 6.47 -6.67 -8.52 9.64 -6.13 -9.25 4.72 -6.69
5 24 -8.97 6.47 -6.67 -9.56 6.77 -5.46 -8.52 9.64 -6.13 -9.91 4.65 -5.66
5 24 -9.56 6.77 -5.46 -8.52 9.64 -6.13 -8.97 6.47 -6.67 -9.21 9.34 -5.15
5 24 -9.56 6.77 -5.46 -9.21 9.34 -5.15 -8.52 9.64 -6.13 -10.44 6.68 -2.54
5 24 -9.56 6.77 -5.46 -10.44 6.68 -2.54 -9.21 9.34 -5.15 -10.9 4.43 -3.25
5 24 -10.44 6.68 -2.54 -9.21 9.34 -5.15 -9.56 6.77 -5.46 -10.09 9.62 -2.24
5 24 -10.44 6.68 -2.54 -10.09 9.62 -2.24 -9.21 9.34 -5.15 -10.23 9.47 0.83
5 24 -10.23 9.47 0.83 -10.44 6.68 -2.54 -10.69 6.76 0.57 -10.09 9.62 -2.24
5 24 -10.44 6.68 -2.54 -10.69 6.76 0.57 -10.23 9.47 0.83 -10.9 4.43 -3.25
5 24 -10.69 6.76 0.57 -10.23 9.47 0.83 -10.44 6.68 -2.54 -9.63 9.49 2.93
5 24 -9.63 9.49 2.93 -9.45 6.79 3.76 -8.78 9.6 4.05 -10.69 6.76 0.57
5 24 -9.45 6.79 3.76 -8.78 9.6 4.05 -9.63 9.49 2.93 -8.09 6.81 4.83
5 24 -9.45 6.79 3.76 -8.09 6.81 4.83 -7.98 9.58 4.67 -10.12 4.28 3.87
5 24 -8.09 6.81 4.83 -7.98 9.58 4.67 -9.45 6.79 3.76 -4.04 9.68 5.69
5 24 -4.04 9.68 5.69 -8.09 6.81 4.83 -4.64 6.96 5.77 -7.98 9.58 4.67
5 24 -8.09 6.81 4.83 -4.64 6.96 5.77 -4.04 9.68 5.69 -8.1 4.36 5.21
5 24 -4.64 6.96 5.77 -4.04 9.68 5.69 -8.09 6.81 4.83 0 6.54 6.11
5 24 -4.04 9.68 5.69 0 6.54 6.11 0 9.32 5.92 -4.64 6.96 5.77
5 24 -4.64 6.96 5.77 0 6.54 6.11 -4.04 9.68 5.69 -4.61 4.7 6
5 24 -4.37 4.31 -9.23 -3.87 6.9 -8.96 0 6.85 -9.25 -6.99 4.64 -8.69
5 24 0 4.51 -9.56 -4.37 4.31 -9.23 -3.87 6.9 -8.96 0 2.06 -8.99
5 24 -4.37 4.31 -9.23 -6.99 4.64 -8.69 -3.87 6.9 -8.96 -4.41 2.39 -8.84
5 24 -6.99 4.64 -8.69 -3.87 6.9 -8.96 -4.37 4.31 -9.23 -7.25 6.94 -8.02
5 24 -6.99 4.64 -8.69 -7.25 6.94 -8.02 -3.87 6.9 -8.96 -9.25 4.72 -6.69
5 24 -6.99 4.64 -8.69 -9.25 4.72 -6.69 -7.25 6.94 -8.02 -9 2.1 -6.71
5 24 -9.25 4.72 -6.69 -7.25 6.94 -8.02 -6.99 4.64 -8.69 -8.97 6.47 -6.67
5 24 -9.25 4.72 -6.69 -8.97 6.47 -6.67 -7.25 6.94 -8.02 -9.91 4.65 -5.66
5 24 -9.25 4.72 -6.69 -9.91 4.65 -5.66 -8.97 6.47 -6.67 -9 2.1 -6.71
5 24 -9.91 4.65 -5.66 -8.97 6.47 -6.67 -9.25 4.72 -6.69 -9.56 6.77 -5.46
5 24 -9.91 4.65 -5.66 -9.56 6.77 -5.46 -8.97 6.47 -6.67 -10.9 4.43 -3.25
5 24 -9.91 4.65 -5.66 -10.9 4.43 -3.25 -9.56 6.77 -5.46 -11 2.83 -2.83
5 24 -10.9 4.43 -3.25 -9.56 6.77 -5.46 -9.91 4.65 -5.66 -10.44 6.68 -2.54
5 24 -10.9 4.43 -3.25 -10.44 6.68 -2.54 -9.56 6.77 -5.46 -10.69 6.76 0.57
5 24 -10.69 6.76 0.57 -10.9 4.43 -3.25 -11 4 0 -10.44 6.68 -2.54
5 24 -10.69 6.76 0.57 -10.12 4.28 3.87 -9.45 6.79 3.76 -11 2.83 2.83
5 24 -10.12 4.28 3.87 -9.45 6.79 3.76 -10.69 6.76 0.57 -8.09 6.81 4.83
5 24 -9.45 6.79 3.76 -10.69 6.76 0.57 -10.12 4.28 3.87 -9.63 9.49 2.93
5 24 -8.09 6.81 4.83 -10.12 4.28 3.87 -8.1 4.36 5.21 -9.45 6.79 3.76
5 24 -10.12 4.28 3.87 -8.1 4.36 5.21 -8.09 6.81 4.83 -10.27 2.05 4.57
5 24 -8.1 4.36 5.21 -8.09 6.81 4.83 -10.12 4.28 3.87 -4.64 6.96 5.77
5 24 -4.64 6.96 5.77 -8.1 4.36 5.21 -4.61 4.7 6 -8.09 6.81 4.83
5 24 -8.1 4.36 5.21 -4.61 4.7 6 -4.64 6.96 5.77 -8.09 1.98 5.5
5 24 -4.61 4.7 6 -4.64 6.96 5.77 -8.1 4.36 5.21 0 6.54 6.11
5 24 -4.61 4.7 6 0 6.54 6.11 -4.64 6.96 5.77 0 4.69 6.26
5 24 -4.61 4.7 6 0 4.69 6.26 0 6.54 6.11 -4.42 2.01 6.03
5 24 0 2.06 -8.99 -4.37 4.31 -9.23 0 4.51 -9.56 -4.41 2.39 -8.84
5 24 0 2.06 -8.99 -4.41 2.39 -8.84 -4.37 4.31 -9.23 -3.72 0.07 -7.58
5 24 -4.41 2.39 -8.84 -4.37 4.31 -9.23 0 2.06 -8.99 -6.99 4.64 -8.69
5 24 -6.99 4.64 -8.69 -7.24 2.4 -8.04 -9 2.1 -6.71 -4.41 2.39 -8.84
5 24 -7.24 2.4 -8.04 -9 2.1 -6.71 -6.99 4.64 -8.69 -6.74 0 -7
5 24 -9 2.1 -6.71 -6.99 4.64 -8.69 -7.24 2.4 -8.04 -9.25 4.72 -6.69
5 24 -9 2.1 -6.71 -9.25 4.72 -6.69 -6.99 4.64 -8.69 -9.91 4.65 -5.66
5 24 -9 2.1 -6.71 -9.91 4.65 -5.66 -9.25 4.72 -6.69 -10.03 1.94 -5.55
5 24 -9 2.1 -6.71 -10.03 1.94 -5.55 -9.91 4.65 -5.66 -9.54 0.08 -5.83
5 24 -10.03 1.94 -5.55 -9.91 4.65 -5.66 -9 2.1 -6.71 -11 1.53 -3.7
5 24 -9.91 4.65 -5.66 -11 2.83 -2.83 -10.9 4.43 -3.25 -11 1.53 -3.7
5 24 -11 1.53 3.7 -10.27 2.05 4.57 -10.12 4.28 3.87 -9.45 0.13 5.12
5 24 -10.27 2.05 4.57 -10.12 4.28 3.87 -11 1.53 3.7 -8.1 4.36 5.21
5 24 -8.1 4.36 5.21 -10.27 2.05 4.57 -8.09 1.98 5.5 -10.12 4.28 3.87
5 24 -10.27 2.05 4.57 -8.09 1.98 5.5 -8.1 4.36 5.21 -9.45 0.13 5.12
5 24 -8.09 1.98 5.5 -8.1 4.36 5.21 -10.27 2.05 4.57 -4.61 4.7 6
5 24 -4.61 4.7 6 -8.09 1.98 5.5 -4.42 2.01 6.03 -8.1 4.36 5.21
5 24 -8.09 1.98 5.5 -4.42 2.01 6.03 -4.61 4.7 6 -7.3 -0.02 5.6
5 24 -4.42 2.01 6.03 -4.61 4.7 6 -8.09 1.98 5.5 0 4.69 6.26
5 24 -4.42 2.01 6.03 0 1.73 6.27 0 4.69 6.26 -4.39 0.28 6
5 24 0 2.06 -8.99 -3.72 0.07 -7.58 -4.41 2.39 -8.84 0 -0.04 -7.75
5 24 -3.72 0.07 -7.58 -4.41 2.39 -8.84 0 2.06 -8.99 -6.74 0 -7
5 24 0 -0.04 -7.75 -3.72 0.07 -7.58 0 2.06 -8.99 0 -2.95 -5.7
5 24 -4.41 2.39 -8.84 -6.74 0 -7 -7.24 2.4 -8.04 -3.72 0.07 -7.58
5 24 -6.74 0 -7 -7.24 2.4 -8.04 -4.41 2.39 -8.84 -9 2.1 -6.71
5 24 -7.24 2.4 -8.04 -4.41 2.39 -8.84 -6.74 0 -7 -6.99 4.64 -8.69
5 24 -3.72 0.07 -7.58 -6.74 0 -7 -4.41 2.39 -8.84 -3.77 -2.6 -5.67
5 24 -6.74 0 -7 -9 2.1 -6.71 -7.24 2.4 -8.04 -9.54 0.08 -5.83
5 24 -6.74 0 -7 -9.54 0.08 -5.83 -9 2.1 -6.71 -6.87 -2.65 -5.23
5 24 -9.54 0.08 -5.83 -9 2.1 -6.71 -6.74 0 -7 -10.03 1.94 -5.55
5 24 -9.54 0.08 -5.83 -10.03 1.94 -5.55 -9 2.1 -6.71 -11 0 -4
5 24 -9.54 0.08 -5.83 -11 0 -4 -10.03 1.94 -5.55 -11 -1.53 -3.7
5 24 -11 1.53 3.7 -9.45 0.13 5.12 -10.27 2.05 4.57 -11 0 4
5 24 -9.45 0.13 5.12 -10.27 2.05 4.57 -11 1.53 3.7 -8.09 1.98 5.5
5 24 -11 0 4 -9.45 0.13 5.12 -11 1.53 3.7 -11 -1.53 3.7
5 24 -9.45 0.13 5.12 -8.09 1.98 5.5 -10.27 2.05 4.57 -7.3 -0.02 5.6
5 24 -9.45 0.13 5.12 -7.3 -0.02 5.6 -8.09 1.98 5.5 -9.51 -3.77 3.74
5 24 -7.3 -0.02 5.6 -8.09 1.98 5.5 -9.45 0.13 5.12 -4.42 2.01 6.03
5 24 -7.3 -0.02 5.6 -4.39 0.28 6 -4.42 2.01 6.03 -4.05 -4.33 4.45
5 24 -4.39 0.28 6 -4.42 2.01 6.03 -8.09 1.98 5.5 0 1.73 6.27
5 24 -4.39 0.28 6 0 1.73 6.27 -4.42 2.01 6.03 0 -0.03 6.15
5 24 -4.39 0.28 6 0 -0.03 6.15 0 1.73 6.27 -4.05 -4.33 4.45
5 24 0 -2.95 -5.7 -3.77 -2.6 -5.67 0 -0.04 -7.75 0 -5.07 -4.13
5 24 -3.77 -2.6 -5.67 -3.72 0.07 -7.58 0 -0.04 -7.75 -6.74 0 -7
5 24 -3.77 -2.6 -5.67 -6.74 0 -7 -3.72 0.07 -7.58 -6.87 -2.65 -5.23
5 24 -3.77 -2.6 -5.67 -6.87 -2.65 -5.23 -6.74 0 -7 -3.83 -5.14 -3.52
5 24 -6.87 -2.65 -5.23 -6.74 0 -7 -3.77 -2.6 -5.67 -9.54 0.08 -5.83
5 24 -6.87 -2.65 -5.23 -9.54 0.08 -5.83 -6.74 0 -7 -9.59 -3.98 -3.46
5 24 -9.54 0.08 -5.83 -11 -1.53 -3.7 -11 0 -4 -9.59 -3.98 -3.46
5 24 -3.77 -2.6 -5.67 -3.83 -5.14 -3.52 -6.87 -3.96 -4.1 0 -5.07 -4.13
5 24 -3.83 -5.14 -3.52 -6.87 -3.96 -4.1 -3.77 -2.6 -5.67 -6.83 -5.77 -2
5 24 -6.87 -3.96 -4.1 -6.87 -2.65 -5.23 -3.77 -2.6 -5.67 -9.59 -3.98 -3.46
5 24 -6.87 -3.96 -4.1 -9.59 -3.98 -3.46 -6.87 -2.65 -5.23 -6.83 -5.77 -2
5 24 -9.59 -3.98 -3.46 -6.87 -2.65 -5.23 -6.87 -3.96 -4.1 -9.54 0.08 -5.83
5 24 -9.59 -3.98 -3.46 -9.54 0.08 -5.83 -6.87 -2.65 -5.23 -11 -1.53 -3.7
5 24 -9.59 -3.98 -3.46 -11 -1.53 -3.7 -9.54 0.08 -5.83 -11 -2.83 -2.83
5 24 -9.59 -3.98 -3.46 -11 -2.83 -2.83 -11 -1.53 -3.7 -11 -3.7 -1.53
5 24 0 -5.07 -4.13 -3.68 -6 -2.59 -3.83 -5.14 -3.52 0 -6.54 -2.61
5 24 -3.68 -6 -2.59 -3.83 -5.14 -3.52 0 -5.07 -4.13 -6.83 -5.77 -2
5 24 -3.83 -5.14 -3.52 0 -5.07 -4.13 -3.68 -6 -2.59 -3.77 -2.6 -5.67
5 24 0 -6.54 -2.61 -3.68 -6 -2.59 0 -5.07 -4.13 0 -7.25 -0.33
5 24 -3.83 -5.14 -3.52 -6.83 -5.77 -2 -6.87 -3.96 -4.1 -3.68 -6 -2.59
5 24 -6.83 -5.77 -2 -6.87 -3.96 -4.1 -3.83 -5.14 -3.52 -9.59 -3.98 -3.46
5 24 -3.68 -6 -2.59 -6.83 -5.77 -2 -3.83 -5.14 -3.52 -4.07 -6.83 -0.02
5 24 -9.59 -3.98 -3.46 -11 -3.7 -1.53 -11 -2.83 -2.83 -9.59 -5.08 -1.98
5 24 -9.59 -3.98 -3.46 -9.59 -5.08 -1.98 -11 -3.7 -1.53 -6.83 -5.77 -2
5 24 -9.59 -5.08 -1.98 -11 -3.7 -1.53 -9.59 -3.98 -3.46 -11 -4 0
5 24 0 -7.25 -0.33 -3.68 -6 -2.59 0 -6.54 -2.61 -4.07 -6.83 -0.02
5 24 0 -7.25 -0.33 -4.07 -6.83 -0.02 -3.68 -6 -2.59 0 -6.37 2.47
5 24 -4.07 -6.83 -0.02 -3.68 -6 -2.59 0 -7.25 -0.33 -6.83 -5.77 -2
5 24 -4.07 -6.83 -0.02 -6.83 -5.77 -2 -3.68 -6 -2.59 -6.89 -6.34 0.08
5 24 -4.07 -6.83 -0.02 -6.89 -6.34 0.08 -6.83 -5.77 -2 -3.92 -6.14 2.49
5 24 -6.89 -6.34 0.08 -6.83 -5.77 -2 -4.07 -6.83 -0.02 -9.06 -5.7 0.02
5 24 -6.89 -6.34 0.08 -9.06 -5.7 0.02 -6.83 -5.77 -2 -9.62 -4.97 2.24
5 24 -9.06 -5.7 0.02 -6.83 -5.77 -2 -6.89 -6.34 0.08 -9.59 -5.08 -1.98
5 24 -9.06 -5.7 0.02 -9.59 -5.08 -1.98 -6.83 -5.77 -2 -11 -4 0
5 24 -9.59 -5.08 -1.98 -6.83 -5.77 -2 -9.06 -5.7 0.02 -9.59 -3.98 -3.46
5 24 -9.06 -5.7 0.02 -11 -4 0 -9.59 -5.08 -1.98 -11 -3.7 1.53
5 24 -11 -4 0 -9.59 -5.08 -1.98 -9.06 -5.7 0.02 -11 -3.7 -1.53
5 24 0 -6.37 2.47 -4.07 -6.83 -0.02 0 -7.25 -0.33 -3.92 -6.14 2.49
5 24 0 -6.37 2.47 -3.92 -6.14 2.49 -4.07 -6.83 -0.02 -4.05 -4.33 4.45
5 24 -3.92 -6.14 2.49 -4.07 -6.83 -0.02 0 -6.37 2.47 -6.89 -6.34 0.08
5 24 -3.92 -6.14 2.49 -6.89 -6.34 0.08 -4.07 -6.83 -0.02 -7.17 -5.75 2.24
5 24 -3.92 -6.14 2.49 -7.17 -5.75 2.24 -6.89 -6.34 0.08 -7.27 -4.18 4.07
5 24 -7.17 -5.75 2.24 -6.89 -6.34 0.08 -3.92 -6.14 2.49 -9.62 -4.97 2.24
5 24 -7.17 -5.75 2.24 -9.62 -4.97 2.24 -6.89 -6.34 0.08 -9.51 -3.77 3.74
5 24 -9.62 -4.97 2.24 -6.89 -6.34 0.08 -7.17 -5.75 2.24 -9.06 -5.7 0.02
5 24 -9.62 -4.97 2.24 -9.06 -5.7 0.02 -6.89 -6.34 0.08 -11 -3.7 1.53
5 24 -9.62 -4.97 2.24 -11 -3.7 1.53 -9.06 -5.7 0.02 -11 -2.83 2.83
5 24 -11 -3.7 1.53 -9.06 -5.7 0.02 -9.62 -4.97 2.24 -11 -4 0
5 24 0 -4.59 4.25 -4.05 -4.33 4.45 0 -6.37 2.47 0 -0.03 6.15
5 24 -4.05 -4.33 4.45 0 -6.37 2.47 0 -4.59 4.25 -3.92 -6.14 2.49
5 24 -4.05 -4.33 4.45 -3.92 -6.14 2.49 0 -6.37 2.47 -7.27 -4.18 4.07
5 24 -4.05 -4.33 4.45 -7.27 -4.18 4.07 -3.92 -6.14 2.49 -7.3 -0.02 5.6
5 24 -7.27 -4.18 4.07 -3.92 -6.14 2.49 -4.05 -4.33 4.45 -7.17 -5.75 2.24
5 24 -7.27 -4.18 4.07 -7.17 -5.75 2.24 -3.92 -6.14 2.49 -9.51 -3.77 3.74
5 24 -9.51 -3.77 3.74 -9.62 -4.97 2.24 -7.17 -5.75 2.24 -11 -2.83 2.83
5 24 -7.27 -4.18 4.07 -9.51 -3.77 3.74 -9.62 -4.97 2.24 -7.3 -0.02 5.6
5 24 -9.51 -3.77 3.74 -11 -2.83 2.83 -9.62 -4.97 2.24 -11 -1.53 3.7
5 24 -11 -2.83 2.83 -9.62 -4.97 2.24 -9.51 -3.77 3.74 -11 -3.7 1.53
5 24 -4.05 -4.33 4.45 -4.39 0.28 6 -7.3 -0.02 5.6 0 -0.03 6.15
5 24 -7.3 -0.02 5.6 -4.05 -4.33 4.45 -4.39 0.28 6 -7.27 -4.18 4.07
5 24 -7.3 -0.02 5.6 -7.27 -4.18 4.07 -4.05 -4.33 4.45 -9.51 -3.77 3.74
5 24 -7.3 -0.02 5.6 -9.51 -3.77 3.74 -7.27 -4.18 4.07 -9.45 0.13 5.12
5 24 -9.45 0.13 5.12 -9.51 -3.77 3.74 -7.3 -0.02 5.6 -11 -1.53 3.7
5 24 -9.45 0.13 5.12 -11 -1.53 3.7 -9.51 -3.77 3.74 -11 0 4
5 24 -11 -1.53 3.7 -9.51 -3.77 3.74 -9.45 0.13 5.12 -11 -2.83 2.83
5 24 -6.83 -5.77 -2 -9.59 -3.98 -3.46 -6.87 -3.96 -4.1 -9.59 -5.08 -1.98
5 24 -9.63 9.49 2.93 -10.69 6.76 0.57 -9.45 6.79 3.76 -10.23 9.47 0.83
5 24 -4.05 -4.33 4.45 0 -0.03 6.15 -4.39 0.28 6 0 -4.59 4.25
5 24 -10.69 6.76 0.57 -11 2.83 2.83 -10.12 4.28 3.87 -11 3.7 1.53
5 24 -9.91 4.65 -5.66 -11 1.53 -3.7 -11 2.83 -2.83 -10.03 1.94 -5.55
5 24 0 -5.07 -4.13 -3.77 -2.6 -5.67 0 -2.95 -5.7 -3.83 -5.14 -3.52
5 24 -6.99 4.64 -8.69 -4.41 2.39 -8.84 -7.24 2.4 -8.04 -4.37 4.31 -9.23
4 26 5.239 0.035 -7.288 3.72 0.07 -7.58 4.41 2.39 -8.84 5.6 0.66 -7.597
3 26 6.74 0 -7 5.6 0.66 -7.597 4.41 2.39 -8.84
4 26 6.74 0 -7 4.41 2.39 -8.84 4.67 2.391 -8.767 5.85 1.64 -8.061
3 26 6.74 0 -7 5.85 1.64 -8.061 6.956 1.037 -7.449
3 26 6.74 0 -7 6.956 1.037 -7.449 7.6 0.8 -6.89
4 26 6.74 0 -7 7.6 0.8 -6.89 8.13 0.67 -6.622 9.101 0.067 -6.013
4 26 9.101 0.067 -6.013 8.13 0.67 -6.622 8.373 1.517 -6.79 9.058 0.589 -6.2
4 26 9.11 0.92 -6.284 8.373 1.517 -6.79 9 2.1 -6.71 9.263 1.117 -6.282
4 26 9.946 1.621 -5.598 9.263 1.117 -6.282 9 2.1 -6.71 10.03 1.94 -5.55
3 26 8.373 1.517 -6.79 8.65 1.89 -6.821 9 2.1 -6.71
3 26 10.03 1.94 -5.55 9 2.1 -6.71 9.993 2.779 -5.584
4 26 10.03 1.94 -5.55 9.993 2.779 -5.584 10.673 2.467 -4.289 10.53 2.16 -4.577
3 26 10.264 1.841 -5.104 10.03 1.94 -5.55 10.53 2.16 -4.577
3 26 10.13 1.74 -5.39 10.03 1.94 -5.55 10.264 1.841 -5.104
3 26 9.946 1.621 -5.598 10.03 1.94 -5.55 10.13 1.74 -5.39
3 26 10.673 2.467 -4.289 9.993 2.779 -5.584 10.23 2.97 -5.119
3 26 10.673 2.467 -4.289 10.23 2.97 -5.119 10.395 3.262 -4.788
4 26 10.741 3.263 -3.503 10.673 2.467 -4.289 10.395 3.262 -4.788 10.426 3.788 -4.319
4 26 10.83 3.84 -3.353 10.741 3.263 -3.503 10.426 3.788 -4.319 10.789 4.455 -3.521
3 26 10.426 3.788 -4.319 10.55 4.508 -4.103 10.789 4.455 -3.521
4 26 10.63 4.72 -3.789 10.789 4.455 -3.521 10.55 4.508 -4.103 10.48 4.86 -4.099
4 26 7.68 -0.31 -6.389 6.74 0 -7 9.101 0.067 -6.013 9.105 -0.365 -5.732
3 26 8.888 -0.587 -5.683 7.68 -0.31 -6.389 9.105 -0.365 -5.732
3 26 8.888 -0.587 -5.683 9.105 -0.365 -5.732 9.06 -0.53 -5.653
3 26 9.058 0.589 -6.2 8.373 1.517 -6.79 9.11 0.92 -6.284
4 26 7.72 2.48 -7.711 7.55 2.43 -7.823 7.195 2.799 -8.156 7.88 3.02 -7.709
4 26 7.88 3.02 -7.709 7.195 2.799 -8.156 6.99 4.64 -8.69 7.982 3.386 -7.712
4 26 7.92 3.82 -7.801 7.982 3.386 -7.712 6.99 4.64 -8.69 7.78 4.13 -7.949
3 26 7.78 4.13 -7.949 6.99 4.64 -8.69 7.41 4.51 -8.307
4 26 6.72 4.19 -8.65 6.99 4.64 -8.69 7.195 2.799 -8.156 6.67 3.73 -8.545
3 26 7.195 2.799 -8.156 6.79 3.19 -8.372 6.67 3.73 -8.545
4 26 4.94 6.52 -8.765 4.72 6.91 -8.724 6.25 6.32 -8.456 5.38 6.11 -8.75
4 26 5.38 6.11 -8.75 6.25 6.32 -8.456 6.32 6.09 -8.497 5.89 5.83 -8.683
4 26 6.32 5.72 -8.593 5.89 5.83 -8.683 6.32 6.09 -8.497 6.52 5.98 -8.471
4 26 6.32 5.72 -8.593 6.52 5.98 -8.471 6.61 5.83 -8.485 6.49 5.72 -8.546
3 26 6.25 6.32 -8.456 4.72 6.91 -8.724 6.39 6.6 -8.345
4 26 6.78 6.69 -8.214 6.39 6.6 -8.345 4.72 6.91 -8.724 7.25 6.94 -8.02
3 26 7.202 6.512 -8.145 6.78 6.69 -8.214 7.25 6.94 -8.02
3 26 7.61 6.19 -7.848 7.202 6.512 -8.145 7.25 6.94 -8.02
3 26 7.61 6.19 -7.848 7.25 6.94 -8.02 8.665 5.369 -7.079
4 26 8.04 5.5 -7.603 7.61 6.19 -7.848 8.665 5.369 -7.079 8.6 4.697 -7.265
3 26 8.4 4.69 -7.442 8.04 5.5 -7.603 8.6 4.697 -7.265
4 26 8.48 4.29 -7.34 8.4 4.69 -7.442 8.6 4.697 -7.265 8.58 4.27 -7.25
4 26 8.66 6.07 -6.983 8.665 5.369 -7.079 7.25 6.94 -8.02 8.61 6.56 -6.954
4 26 8.36 7.08 -7.019 8.61 6.56 -6.954 7.25 6.94 -8.02 7.56 7.37 -7.626
3 26 7.25 6.94 -8.02 7.189 7.32 -7.96 7.56 7.37 -7.626
3 26 8.36 7.08 -7.019 7.56 7.37 -7.626 7.73 7.55 -7.426
4 26 7.114 7.777 -7.887 7.73 7.55 -7.426 7.56 7.37 -7.626 7.149 7.563 -7.921
3 26 7.149 7.563 -7.921 6.96 7.76 -7.938 7.114 7.777 -7.887
3 26 7.25 6.94 -8.02 6.661 7.37 -8.108 7.189 7.32 -7.96
4 26 6.661 7.37 -8.108 7.25 6.94 -8.02 4.72 6.91 -8.724 6.12 7.51 -8.233
4 26 6.12 7.51 -8.233 4.72 6.91 -8.724 4.5 7.68 -8.651 5.71 7.86 -8.286
4 26 5.71 7.86 -8.286 4.5 7.68 -8.651 4.33 8.46 -8.563 5.538 8.191 -8.276
3 26 5.538 8.191 -8.276 4.33 8.46 -8.563 4.276 9.114 -8.465
4 26 5.61 8.36 -8.219 5.538 8.191 -8.276 4.276 9.114 -8.465 5.46 9.683 -7.991
3 26 4.276 9.114 -8.465 4.281 9.65 -8.352 5.46 9.683 -7.991
4 26 4.86 10.23 -8.161 4.281 9.65 -8.352 4.35 10.52 -8.31 4.45 10.67 -8.275
3 26 4.86 10.23 -8.161 4.45 10.67 -8.275 4.62 10.57 -8.226
4 26 6.07 8.18 -8.118 5.61 8.36 -8.219 5.46 9.683 -7.991 5.92 9.37 -7.917
4 26 6.5 8.2 -7.985 6.07 8.18 -8.118 6.24 9.27 -7.842 6.53 9.37 -7.734
4 26 6.81 8.33 -7.865 6.5 8.2 -7.985 6.53 9.37 -7.734 6.66 9.6 -7.647
4 26 6.81 8.33 -7.865 6.66 9.6 -7.647 6.831 9.53 -7.61 6.985 8.574 -7.761
4 26 7.05 8.93 -7.6 6.985 8.574 -7.761 6.831 9.53 -7.61 7 9.27 -7.542
4 26 4.63 11.32 -8.205 4.54 11.67 -8.224 4.582 11.952 -8.204 4.9 11.06 -8.128
4 26 4.9 11.06 -8.128 4.582 11.952 -8.204 5.584 10.944 -7.922 5.27 10.93 -8.018
4 26 5.584 10.944 -7.922 4.582 11.952 -8.204 4.94 11.96 -8.089 5.31 11.84 -7.975
4 26 5.61 11.22 -7.903 5.584 10.944 -7.922 5.31 11.84 -7.975 5.56 11.57 -7.905
4 26 4.045 16.022 -8.346 3.92 15.161 -8.383 3.68 15.28 -8.41 3.72 16.04 -8.385
4 26 3.72 16.04 -8.385 3.68 15.28 -8.41 3.46 15.56 -8.429 3.46 15.98 -8.419
3 26 3.46 15.56 -8.429 3.34 15.85 -8.437 3.46 15.98 -8.419
4 26 3.92 15.161 -8.383 4.045 16.022 -8.346 4.33 15.87 -8.25 4.25 15.13 -8.273
4 26 4.25 15.13 -8.273 4.33 15.87 -8.25 4.54 15.5 -8.178 4.52 15.05 -8.183
3 26 4.52 15.05 -8.183 4.54 15.5 -8.178 4.64 15.11 -8.143
4 26 3.74 13.909 -8.438 3.877 14.86 -8.397 4.27 14.74 -8.265 4.13 13.85 -8.308
3 26 4.13 13.85 -8.308 4.27 14.74 -8.265 4.65 14.44 -8.137
4 26 4.4 13.55 -8.221 4.13 13.85 -8.308 4.65 14.44 -8.137 4.86 13.9 -8.072
4 26 4.4 13.55 -8.221 4.86 13.9 -8.072 4.83 13.4 -8.083 4.58 13.25 -8.164
4 26 4.61 13.08 -8.154 4.58 13.25 -8.164 4.83 13.4 -8.083 4.73 13.1 -8.116
4 26 3.877 14.86 -8.397 3.74 13.909 -8.438 2.926 13.887 -8.538 3.4 14.89 -8.454
3 26 2.926 13.887 -8.538 2.82 14.79 -8.528 3.4 14.89 -8.454
3 26 2.926 13.887 -8.538 2.283 14.791 -8.593 2.82 14.79 -8.528
4 26 2.283 14.791 -8.593 2.926 13.887 -8.538 2.45 13.93 -8.588 1.91 14.13 -8.642
4 26 2.283 14.791 -8.593 1.91 14.13 -8.642 1.45 14.54 -8.684 1.75 15.1 -8.645
4 26 1.75 15.1 -8.645 1.45 14.54 -8.684 1.08 15.12 -8.715 1.43 15.52 -8.673
4 26 1.43 15.52 -8.673 1.08 15.12 -8.715 0.9 15.75 -8.726 1.42 15.67 -8.672
4 26 1.42 15.67 -8.672 0.9 15.75 -8.726 0.92 16.25 -8.717 0.991 16.607 -8.705
3 26 1.57 15.62 -8.657 1.42 15.67 -8.672 0.991 16.607 -8.705
3 26 1.815 15.449 -8.634 1.57 15.62 -8.657 0.991 16.607 -8.705
4 26 2.08 15.37 -8.603 1.815 15.449 -8.634 0.991 16.607 -8.705 1.86 16.19 -8.609
4 26 2.08 15.37 -8.603 1.86 16.19 -8.609 2.23 16.03 -8.568 2.43 15.42 -8.559
4 26 2.77 15.55 -8.514 2.43 15.42 -8.559 2.23 16.03 -8.568 2.53 16.04 -8.531
4 26 2.95 15.78 -8.486 2.77 15.55 -8.514 2.53 16.04 -8.531 2.98 16.06 -8.475
4 26 2.98 16.06 -8.475 2.53 16.04 -8.531 2.75 16.19 -8.5 2.91 16.2 -8.48
4 26 1.48 16.65 -8.644 1.86 16.19 -8.609 0.991 16.607 -8.705 1.11 16.96 -8.681
4 26 1.3 17.05 -8.655 1.48 16.65 -8.644 1.11 16.96 -8.681 1.2 17.11 -8.666
4 26 0 15.83 -8.819 0.15 15.74 -8.805 0.31 14.69 -8.802 0 13.03 -8.857
4 26 0.24 13.03 -8.832 0 13.03 -8.857 0.31 14.69 -8.802 0.54 13.54 -8.794
4 26 0.429 12.852 -8.815 0.24 13.03 -8.832 0.54 13.54 -8.794 0.761 12.861 -8.78
4 26 0.429 12.852 -8.815 0.761 12.861 -8.78 0.87 12.5 -8.778 0.41 12.7 -8.821
4 26 0.41 12.7 -8.821 0.87 12.5 -8.778 0.958 11.978 -8.782 0.264 12.602 -8.839
4 26 0.264 12.602 -8.839 0.958 11.978 -8.782 0.58 11.65 -8.815 0 12.59 -8.861
3 26 0.958 11.978 -8.782 0.87 12.5 -8.778 1.07 12.39 -8.76
4 26 2.06 12.72 -8.647 0.958 11.978 -8.782 1.07 12.39 -8.76 1.33 12.877 -8.72
3 26 2.06 12.72 -8.647 1.33 12.877 -8.72 2.921 12.921 -8.552
3 26 2.06 12.72 -8.647 2.921 12.921 -8.552 2.25 12.69 -8.628
4 26 2.25 12.69 -8.628 2.921 12.921 -8.552 2.98 12.64 -8.553 2.33 12.54 -8.624
4 26 2.33 12.54 -8.624 2.98 12.64 -8.553 2.9 12.12 -8.575 2.28 12.39 -8.633
4 26 2.28 12.39 -8.633 2.9 12.12 -8.575 2.56 11.81 -8.619 2.07 12.25 -8.658
4 26 2.07 12.25 -8.658 2.56 11.81 -8.619 2.2 11.7 -8.659 1.84 11.71 -8.697
4 26 1.265 11.703 -8.757 2.07 12.25 -8.658 1.84 11.71 -8.697 1.522 11.471 -8.736
4 26 0.93 11.41 -8.786 1.265 11.703 -8.757 1.522 11.471 -8.736 1.32 11.3 -8.754
3 26 1.27 10.62 -8.76 0.93 11.41 -8.786 1.32 11.3 -8.754
4 26 0.58 11.65 -8.815 0.93 11.41 -8.786 1.27 10.62 -8.76 -0.003 11.396 -8.865
4 26 2.921 12.921 -8.552 1.33 12.877 -8.72 1.6 13.19 -8.687 2.03 13.35 -8.64
3 26 2.921 12.921 -8.552 2.03 13.35 -8.64 2.57 13.28 -8.584
4 26 1.32 11.3 -8.754 1.99 9.572 -8.703 1.48 9.99 -8.744 1.27 10.62 -8.76
4 26 0 9.5 -8.87 1.99 9.572 -8.703 2.15 9.03 -8.768 0 7.29 -9.187
4 26 2.36 9.39 -8.7 2.58 9.594 -8.653 2.96 9.06 -8.7 2.15 9.03 -8.768
4 26 2.96 9.06 -8.7 2.58 9.594 -8.653 3.57 9.63 -8.57 3.22 9.01 -8.689
3 26 3.29 8.86 -8.707 3.22 9.01 -8.689 3.57 9.63 -8.57
3 26 3.29 8.86 -8.707 3.57 9.63 -8.57 3.721 8.259 -8.766
4 26 3.88 8.63 -8.658 3.721 8.259 -8.766 3.57 9.63 -8.57 3.79 9.39 -8.551
3 26 3.88 8.63 -8.658 3.79 9.39 -8.551 3.92 9.07 -8.57
4 26 3.18 9.78 -8.602 3.57 9.63 -8.57 2.58 9.594 -8.653 2.83 9.76 -8.632
4 26 3.29 8.86 -8.707 3.721 8.259 -8.766 3.41 8.12 -8.81 3.02 8.12 -8.838
4 26 3.29 8.86 -8.707 3.02 8.12 -8.838 2.63 8.08 -8.872 3.09 8.67 -8.75
4 26 4.295 4.699 -9.189 2.72 5.69 -9.198 3.12 5.72 -9.162 4.06 5.11 -9.159
3 26 4.295 4.699 -9.189 4.06 5.11 -9.159 4.217 5.103 -9.147
4 26 4.295 4.699 -9.189 4.217 5.103 -9.147 4.5 5.13 -9.09 4.83 4.98 -9.049
4 26 4.295 4.699 -9.189 4.83 4.98 -9.049 5.08 4.71 -9.04 4.5 4.51 -9.177
4 26 4.5 4.51 -9.177 5.08 4.71 -9.04 5.198 4.414 -9.059 4.497 4.326 -9.204
4 26 4.497 4.326 -9.204 5.198 4.414 -9.059 5.15 3.98 -8.984 4.45 4.18 -9.186
4 26 4.45 4.18 -9.186 5.15 3.98 -8.984 4.93 3.61 -8.962 4.7 3.43 -8.979
4 26 4.374 4.12 -9.191 4.45 4.18 -9.186 4.7 3.43 -8.979 4.389 3.4 -9.045
4 26 4.374 4.12 -9.191 4.389 3.4 -9.045 4.1 3.43 -9.065 4.2 4.14 -9.204
4 26 4.2 4.14 -9.204 4.1 3.43 -9.065 3.83 3.61 -9.115 3.594 3.911 -9.187
3 26 3.594 3.911 -9.187 4.112 4.177 -9.216 4.2 4.14 -9.204
4 26 3.802 4.336 -9.273 4.112 4.177 -9.216 3.594 3.911 -9.187 3.42 4.16 -9.257
3 26 4.41 2.39 -8.84 4.516 2.482 -8.834 4.67 2.391 -8.767
3 26 4.41 2.39 -8.84 4.406 2.58 -8.879 4.516 2.482 -8.834
4 26 3.77 3.13 -9.021 4.406 2.58 -8.879 4.41 2.39 -8.84 2.16 2.69 -9.011
4 191 3.22 3.97 -9.226 3.29 4.13 -9.258 3.42 4.16 -9.257 3.317 3.768 -9.172
3 191 3.317 3.768 -9.172 3.42 4.16 -9.257 3.594 3.911 -9.187
4 191 3.77 3.13 -9.021 3.317 3.768 -9.172 3.594 3.911 -9.187 3.83 3.61 -9.115
4 191 3.77 3.13 -9.021 3.83 3.61 -9.115 4.1 3.43 -9.065 4.406 2.58 -8.879
3 191 4.406 2.58 -8.879 4.1 3.43 -9.065 4.389 3.4 -9.045
4 191 4.516 2.482 -8.834 4.406 2.58 -8.879 4.389 3.4 -9.045 4.7 3.43 -8.979
4 191 4.516 2.482 -8.834 4.7 3.43 -8.979 4.93 3.61 -8.962 6.99 4.64 -8.69
3 191 4.93 3.61 -8.962 5.15 3.98 -8.984 6.99 4.64 -8.69
3 191 5.15 3.98 -8.984 5.198 4.414 -9.059 6.99 4.64 -8.69
3 191 5.198 4.414 -9.059 5.08 4.71 -9.04 6.99 4.64 -8.69
4 191 6.99 4.64 -8.69 5.08 4.71 -9.04 4.83 4.98 -9.049 3.87 6.9 -8.96
3 191 4.83 4.98 -9.049 4.5 5.13 -9.09 3.87 6.9 -8.96
3 191 4.217 5.103 -9.147 3.87 6.9 -8.96 4.5 5.13 -9.09
4 191 3.87 6.9 -8.96 4.217 5.103 -9.147 4.06 5.11 -9.159 3.12 5.72 -9.162
4 191 3.802 4.336 -9.273 2.72 5.69 -9.198 4.295 4.699 -9.189 4.37 4.31 -9.23
4 191 4.37 4.31 -9.23 4.295 4.699 -9.189 4.5 4.51 -9.177 4.497 4.326 -9.204
4 191 4.37 4.31 -9.23 4.497 4.326 -9.204 4.45 4.18 -9.186 4.374 4.12 -9.191
4 191 4.37 4.31 -9.23 4.374 4.12 -9.191 4.2 4.14 -9.204 4.112 4.177 -9.216
3 191 4.112 4.177 -9.216 3.802 4.336 -9.273 4.37 4.31 -9.23
4 191 4.67 2.391 -8.767 4.516 2.482 -8.834 6.79 3.19 -8.372 7.195 2.799 -8.156
3 191 4.67 2.391 -8.767 7.195 2.799 -8.156 7.24 2.4 -8.04
3 191 4.516 2.482 -8.834 6.67 3.73 -8.545 6.79 3.19 -8.372
3 191 4.516 2.482 -8.834 6.72 4.19 -8.65 6.67 3.73 -8.545
3 191 4.516 2.482 -8.834 6.99 4.64 -8.69 6.72 4.19 -8.65
4 191 5.85 1.64 -8.061 4.67 2.391 -8.767 7.24 2.4 -8.04 6.956 1.037 -7.449
4 191 7.6 0.8 -6.89 6.956 1.037 -7.449 7.24 2.4 -8.04 8.373 1.517 -6.79
3 191 8.13 0.67 -6.622 7.6 0.8 -6.89 8.373 1.517 -6.79
3 191 8.373 1.517 -6.79 7.24 2.4 -8.04 8.65 1.89 -6.821
3 191 8.65 1.89 -6.821 7.24 2.4 -8.04 9 2.1 -6.71
3 191 9 2.1 -6.71 7.24 2.4 -8.04 7.55 2.43 -7.823
3 191 7.24 2.4 -8.04 7.195 2.799 -8.156 7.55 2.43 -7.823
3 191 9 2.1 -6.71 7.55 2.43 -7.823 7.72 2.48 -7.711
3 191 9 2.1 -6.71 7.72 2.48 -7.711 7.88 3.02 -7.709
3 191 9 2.1 -6.71 7.88 3.02 -7.709 7.982 3.386 -7.712
4 191 8.58 4.27 -7.25 9 2.1 -6.71 7.982 3.386 -7.712 8.48 4.29 -7.34
4 191 8.48 4.29 -7.34 7.982 3.386 -7.712 7.92 3.82 -7.801 8.4 4.69 -7.442
3 191 7.92 3.82 -7.801 7.78 4.13 -7.949 8.4 4.69 -7.442
3 191 7.78 4.13 -7.949 7.41 4.51 -8.307 8.4 4.69 -7.442
3 191 7.41 4.51 -8.307 6.99 4.64 -8.69 8.4 4.69 -7.442
4 191 9.25 4.72 -6.69 9 2.1 -6.71 8.58 4.27 -7.25 8.6 4.697 -7.265
3 191 9 2.1 -6.71 9.25 4.72 -6.69 9.91 4.65 -5.66
3 191 9 2.1 -6.71 9.91 4.65 -5.66 9.993 2.779 -5.584
4 191 10.23 2.97 -5.119 9.993 2.779 -5.584 9.91 4.65 -5.66 10.395 3.262 -4.788
3 191 10.395 3.262 -4.788 9.91 4.65 -5.66 10.426 3.788 -4.319
3 191 10.426 3.788 -4.319 9.91 4.65 -5.66 10.55 4.508 -4.103
4 191 10.48 4.86 -4.099 10.55 4.508 -4.103 9.91 4.65 -5.66 9.56 6.77 -5.46
3 191 10.63 4.72 -3.789 10.48 4.86 -4.099 9.56 6.77 -5.46
4 191 10.63 4.72 -3.789 9.56 6.77 -5.46 10.9 4.43 -3.25 10.789 4.455 -3.521
3 191 11 4 0 10.9 4.43 -3.25 10.69 6.76 0.57
3 191 10.9 4.43 -3.25 10.44 6.68 -2.54 10.69 6.76 0.57
3 16 0 -7.25 -0.33 0 -6.54 -2.61 3.68 -6 -2.59
3 16 0 -7.25 -0.33 3.68 -6 -2.59 4.07 -6.83 -0.02
3 16 4.07 -6.83 -0.02 3.68 -6 -2.59 6.83 -5.77 -2
3 16 4.07 -6.83 -0.02 6.83 -5.77 -2 6.89 -6.34 0.08
3 16 6.89 -6.34 0.08 6.83 -5.77 -2 9.06 -5.7 0.02
3 16 6.83 -5.77 -2 9.59 -5.08 -1.98 9.06 -5.7 0.02
3 16 9.06 -5.7 0.02 9.59 -5.08 -1.98 11 -4 0
3 16 9.59 -5.08 -1.98 11 -3.7 -1.53 11 -4 0
3 16 9.59 -5.08 -1.98 9.59 -3.98 -3.46 11 -3.7 -1.53
3 16 9.59 -3.98 -3.46 11 -2.83 -2.83 11 -3.7 -1.53
3 16 9.59 -3.98 -3.46 11 -1.53 -3.7 11 -2.83 -2.83
3 16 9.59 -3.98 -3.46 9.54 0.08 -5.83 11 -1.53 -3.7
3 16 11 -1.53 -3.7 9.54 0.08 -5.83 11 0 -4
4 16 10.13 1.74 -5.39 11 0 -4 9.54 0.08 -5.83 9.946 1.621 -5.598
3 16 9.54 0.08 -5.83 9.263 1.117 -6.282 9.946 1.621 -5.598
4 16 9.11 0.92 -6.284 9.263 1.117 -6.282 9.54 0.08 -5.83 9.058 0.589 -6.2
3 16 9.101 0.067 -6.013 9.058 0.589 -6.2 9.54 0.08 -5.83
3 16 9.105 -0.365 -5.732 9.101 0.067 -6.013 9.54 0.08 -5.83
4 16 9.06 -0.53 -5.653 9.105 -0.365 -5.732 9.54 0.08 -5.83 9.59 -3.98 -3.46
4 16 8.888 -0.587 -5.683 9.06 -0.53 -5.653 9.59 -3.98 -3.46 6.87 -2.65 -5.23
3 16 9.59 -3.98 -3.46 6.87 -3.96 -4.1 6.87 -2.65 -5.23
3 16 6.83 -5.77 -2 6.87 -3.96 -4.1 9.59 -3.98 -3.46
3 16 6.83 -5.77 -2 9.59 -3.98 -3.46 9.59 -5.08 -1.98
3 16 6.83 -5.77 -2 3.83 -5.14 -3.52 6.87 -3.96 -4.1
3 16 3.68 -6 -2.59 3.83 -5.14 -3.52 6.83 -5.77 -2
3 16 3.68 -6 -2.59 0 -5.07 -4.13 3.83 -5.14 -3.52
3 16 0 -6.54 -2.61 0 -5.07 -4.13 3.68 -6 -2.59
4 16 3.83 -5.14 -3.52 0 -5.07 -4.13 3.77 -2.6 -5.67 6.87 -3.96 -4.1
3 16 6.87 -3.96 -4.1 3.77 -2.6 -5.67 6.87 -2.65 -5.23
3 16 6.87 -2.65 -5.23 3.77 -2.6 -5.67 6.74 0 -7
3 16 6.87 -2.65 -5.23 6.74 0 -7 7.68 -0.31 -6.389
3 16 6.87 -2.65 -5.23 7.68 -0.31 -6.389 8.888 -0.587 -5.683
4 16 11 1.53 -3.7 11 0 -4 10.13 1.74 -5.39 10.264 1.841 -5.104
3 16 11 1.53 -3.7 10.264 1.841 -5.104 10.53 2.16 -4.577
3 16 11 1.53 -3.7 10.53 2.16 -4.577 10.673 2.467 -4.289
4 16 11 2.83 -2.83 11 1.53 -3.7 10.673 2.467 -4.289 10.741 3.263 -3.503
3 16 11 2.83 -2.83 10.741 3.263 -3.503 10.83 3.84 -3.353
4 16 10.9 4.43 -3.25 11 2.83 -2.83 10.83 3.84 -3.353 10.789 4.455 -3.521
3 16 11 2.83 -2.83 10.9 4.43 -3.25 11 3.7 -1.53
3 16 11 3.7 -1.53 10.9 4.43 -3.25 11 4 0
3 191 10.9 4.43 -3.25 9.56 6.77 -5.46 10.44 6.68 -2.54
3 191 10.44 6.68 -2.54 9.56 6.77 -5.46 9.21 9.34 -5.15
3 191 9.56 6.77 -5.46 8.52 9.64 -6.13 9.21 9.34 -5.15
3 191 8.97 6.47 -6.67 8.52 9.64 -6.13 9.56 6.77 -5.46
3 191 9.91 4.65 -5.66 8.97 6.47 -6.67 9.56 6.77 -5.46
3 191 9.91 4.65 -5.66 9.25 4.72 -6.69 8.97 6.47 -6.67
4 191 8.97 6.47 -6.67 9.25 4.72 -6.69 8.66 6.07 -6.983 8.61 6.56 -6.954
3 191 9.25 4.72 -6.69 8.665 5.369 -7.079 8.66 6.07 -6.983
3 191 8.6 4.697 -7.265 8.665 5.369 -7.079 9.25 4.72 -6.69
4 191 8.04 5.5 -7.603 8.4 4.69 -7.442 6.99 4.64 -8.69 7.61 6.19 -7.848
3 191 6.99 4.64 -8.69 7.202 6.512 -8.145 7.61 6.19 -7.848
3 191 6.99 4.64 -8.69 6.61 5.83 -8.485 7.202 6.512 -8.145
4 191 7.202 6.512 -8.145 6.61 5.83 -8.485 6.52 5.98 -8.471 6.78 6.69 -8.214
4 191 6.39 6.6 -8.345 6.78 6.69 -8.214 6.52 5.98 -8.471 6.32 6.09 -8.497
3 191 6.32 6.09 -8.497 6.25 6.32 -8.456 6.39 6.6 -8.345
3 191 6.99 4.64 -8.69 6.49 5.72 -8.546 6.61 5.83 -8.485
3 191 6.99 4.64 -8.69 6.32 5.72 -8.593 6.49 5.72 -8.546
3 191 6.99 4.64 -8.69 5.89 5.83 -8.683 6.32 5.72 -8.593
3 191 5.38 6.11 -8.75 5.89 5.83 -8.683 6.99 4.64 -8.69
3 191 5.38 6.11 -8.75 6.99 4.64 -8.69 3.87 6.9 -8.96
3 191 5.38 6.11 -8.75 3.87 6.9 -8.96 4.94 6.52 -8.765
3 191 4.94 6.52 -8.765 3.87 6.9 -8.96 4.72 6.91 -8.724
4 191 4.5 7.68 -8.651 4.72 6.91 -8.724 3.87 6.9 -8.96 3.721 8.259 -8.766
4 191 4.33 8.46 -8.563 4.5 7.68 -8.651 3.721 8.259 -8.766 3.88 8.63 -8.658
4 191 4.276 9.114 -8.465 4.33 8.46 -8.563 3.88 8.63 -8.658 3.92 9.07 -8.57
3 191 3.92 9.07 -8.57 3.79 9.39 -8.551 4.276 9.114 -8.465
3 191 4.276 9.114 -8.465 3.79 9.39 -8.551 3.57 9.63 -8.57
3 191 4.276 9.114 -8.465 3.57 9.63 -8.57 4.281 9.65 -8.352
4 191 4.35 10.52 -8.31 4.281 9.65 -8.352 3.57 9.63 -8.57 3.6 12.94 -8.48
4 191 4.45 10.67 -8.275 4.35 10.52 -8.31 3.6 12.94 -8.48 4.54 11.67 -8.224
4 191 4.45 10.67 -8.275 4.54 11.67 -8.224 4.63 11.32 -8.205 4.62 10.57 -8.226
3 191 4.54 11.67 -8.224 3.6 12.94 -8.48 4.582 11.952 -8.204
4 191 4.94 11.96 -8.089 4.582 11.952 -8.204 3.6 12.94 -8.48 6.64 13.08 -7.5
3 191 5.31 11.84 -7.975 4.94 11.96 -8.089 6.64 13.08 -7.5
3 191 5.56 11.57 -7.905 5.31 11.84 -7.975 6.64 13.08 -7.5
4 191 5.61 11.22 -7.903 5.56 11.57 -7.905 6.64 13.08 -7.5 6.8 9.72 -7.58
3 191 6.8 9.72 -7.58 5.584 10.944 -7.922 5.61 11.22 -7.903
4 191 5.584 10.944 -7.922 6.8 9.72 -7.58 5.46 9.683 -7.991 5.27 10.93 -8.018
4 191 4.9 11.06 -8.128 5.27 10.93 -8.018 4.86 10.23 -8.161 4.62 10.57 -8.226
4 191 5.46 9.683 -7.991 6.8 9.72 -7.58 6.66 9.6 -7.647 5.92 9.37 -7.917
3 191 6.831 9.53 -7.61 6.66 9.6 -7.647 6.8 9.72 -7.58
4 191 6.66 9.6 -7.647 6.53 9.37 -7.734 6.24 9.27 -7.842 5.92 9.37 -7.917
4 191 7.05 8.93 -7.6 7 9.27 -7.542 8.52 9.64 -6.13 7.73 7.55 -7.426
4 191 8.52 9.64 -6.13 7 9.27 -7.542 6.831 9.53 -7.61 6.8 9.72 -7.58
3 191 8.52 9.64 -6.13 6.8 9.72 -7.58 6.64 13.08 -7.5
3 191 8.52 9.64 -6.13 6.64 13.08 -7.5 8.7 13.2 -5.89
3 191 9.21 9.34 -5.15 8.52 9.64 -6.13 8.7 13.2 -5.89
3 191 9.21 9.34 -5.15 8.7 13.2 -5.89 9.13 13.09 -5.22
3 191 9.21 9.34 -5.15 9.13 13.09 -5.22 10.09 9.62 -2.24
3 191 10.07 12.95 -2.62 10.09 9.62 -2.24 9.13 13.09 -5.22
4 191 10.07 12.95 -2.62 9.13 13.09 -5.22 9.37 18 -5.11 10.29 18 -2.48
3 191 10.09 9.62 -2.24 10.07 12.95 -2.62 10.3 12.89 1.05
3 191 10.23 9.47 0.83 10.09 9.62 -2.24 10.3 12.89 1.05
3 191 10.44 6.68 -2.54 10.09 9.62 -2.24 10.23 9.47 0.83
3 191 10.44 6.68 -2.54 10.23 9.47 0.83 10.69 6.76 0.57
3 191 10.44 6.68 -2.54 9.21 9.34 -5.15 10.09 9.62 -2.24
4 191 8.36 7.08 -7.019 8.52 9.64 -6.13 8.97 6.47 -6.67 8.61 6.56 -6.954
3 191 8.36 7.08 -7.019 7.73 7.55 -7.426 8.52 9.64 -6.13
4 191 6.985 8.574 -7.761 7.05 8.93 -7.6 7.73 7.55 -7.426 7.114 7.777 -7.887
4 191 6.985 8.574 -7.761 7.114 7.777 -7.887 6.96 7.76 -7.938 6.81 8.33 -7.865
4 191 6.5 8.2 -7.985 6.81 8.33 -7.865 6.96 7.76 -7.938 6.661 7.37 -8.108
4 191 6.661 7.37 -8.108 6.96 7.76 -7.938 7.149 7.563 -7.921 7.189 7.32 -7.96
3 191 7.189 7.32 -7.96 7.149 7.563 -7.921 7.56 7.37 -7.626
3 191 6.661 7.37 -8.108 6.07 8.18 -8.118 6.5 8.2 -7.985
4 191 6.07 8.18 -8.118 6.661 7.37 -8.108 5.538 8.191 -8.276 5.61 8.36 -8.219
4 191 5.71 7.86 -8.286 5.538 8.191 -8.276 6.661 7.37 -8.108 6.12 7.51 -8.233
3 191 3.12 5.72 -9.162 2.91 6.888 -9.039 3.87 6.9 -8.96
4 191 3.41 8.12 -8.81 3.87 6.9 -8.96 2.91 6.888 -9.039 3.02 8.12 -8.838
4 191 2.63 8.08 -8.872 3.02 8.12 -8.838 2.91 6.888 -9.039 2.5 7.96 -8.9
3 191 3.87 6.9 -8.96 3.41 8.12 -8.81 3.721 8.259 -8.766
3 191 2.15 9.03 -8.768 1.99 9.572 -8.703 2.36 9.39 -8.7
3 191 2.36 9.39 -8.7 1.99 9.572 -8.703 2.58 9.594 -8.653
4 191 2.58 9.594 -8.653 1.99 9.572 -8.703 1.32 11.3 -8.754 1.522 11.471 -8.736
3 191 2.58 9.594 -8.653 1.522 11.471 -8.736 2.83 9.76 -8.632
3 191 2.83 9.76 -8.632 1.522 11.471 -8.736 3.18 9.78 -8.602
3 191 3.57 9.63 -8.57 3.18 9.78 -8.602 1.522 11.471 -8.736
4 191 2.2 11.7 -8.659 3.57 9.63 -8.57 1.522 11.471 -8.736 1.84 11.71 -8.697
3 191 3.57 9.63 -8.57 2.2 11.7 -8.659 2.56 11.81 -8.619
3 191 3.57 9.63 -8.57 2.56 11.81 -8.619 2.9 12.12 -8.575
4 191 3.6 12.94 -8.48 3.57 9.63 -8.57 2.9 12.12 -8.575 2.98 12.64 -8.553
3 191 2.98 12.64 -8.553 2.921 12.921 -8.552 3.6 12.94 -8.48
4 191 2.926 13.887 -8.538 3.6 12.94 -8.48 2.921 12.921 -8.552 2.57 13.28 -8.584
4 191 2.07 12.25 -8.658 1.265 11.703 -8.757 0.958 11.978 -8.782 2.06 12.72 -8.647
4 191 2.28 12.39 -8.633 2.07 12.25 -8.658 2.06 12.72 -8.647 2.33 12.54 -8.624
3 191 2.33 12.54 -8.624 2.06 12.72 -8.647 2.25 12.69 -8.628
4 191 2.45 13.93 -8.588 2.926 13.887 -8.538 2.57 13.28 -8.584 2.03 13.35 -8.64
4 191 1.91 14.13 -8.642 2.45 13.93 -8.588 2.03 13.35 -8.64 1.6 13.19 -8.687
4 191 0.54 13.54 -8.794 1.91 14.13 -8.642 1.6 13.19 -8.687 1.33 12.877 -8.72
3 191 0.761 12.861 -8.78 0.54 13.54 -8.794 1.33 12.877 -8.72
4 191 0.87 12.5 -8.778 0.761 12.861 -8.78 1.33 12.877 -8.72 1.07 12.39 -8.76
4 191 1.45 14.54 -8.684 1.91 14.13 -8.642 0.54 13.54 -8.794 0.31 14.69 -8.802
4 191 1.08 15.12 -8.715 1.45 14.54 -8.684 0.31 14.69 -8.802 0.15 15.74 -8.805
3 191 1.08 15.12 -8.715 0.15 15.74 -8.805 0.9 15.75 -8.726
4 191 0.92 16.25 -8.717 0.9 15.75 -8.726 0.15 15.74 -8.805 0 15.83 -8.819
4 191 0.991 16.607 -8.705 0.92 16.25 -8.717 0 15.83 -8.819 0 18 -8.79
4 191 0 12.84 -8.86 0 13.03 -8.857 0.24 13.03 -8.832 0.429 12.852 -8.815
4 191 0 12.84 -8.86 0.429 12.852 -8.815 0.41 12.7 -8.821 0.264 12.602 -8.839
3 191 0 12.59 -8.861 0 12.84 -8.86 0.264 12.602 -8.839
3 191 0.991 16.607 -8.705 0 18 -8.79 1.11 16.96 -8.681
3 191 1.11 16.96 -8.681 0 18 -8.79 1.2 17.11 -8.666
3 191 1.2 17.11 -8.666 0 18 -8.79 4.33 18 -8.26
3 191 1.2 17.11 -8.666 4.33 18 -8.26 1.3 17.05 -8.655
4 191 1.48 16.65 -8.644 1.3 17.05 -8.655 4.33 18 -8.26 2.75 16.19 -8.5
3 191 2.75 16.19 -8.5 4.33 18 -8.26 2.91 16.2 -8.48
4 191 2.98 16.06 -8.475 2.91 16.2 -8.48 4.33 18 -8.26 3.46 15.98 -8.419
3 191 3.46 15.98 -8.419 4.33 18 -8.26 3.72 16.04 -8.385
3 191 4.045 16.022 -8.346 3.72 16.04 -8.385 4.33 18 -8.26
4 191 4.33 15.87 -8.25 4.045 16.022 -8.346 4.33 18 -8.26 6.43 18 -7.56
3 191 4.54 15.5 -8.178 4.33 15.87 -8.25 6.43 18 -7.56
3 191 4.64 15.11 -8.143 4.54 15.5 -8.178 6.43 18 -7.56
4 191 4.64 15.11 -8.143 6.43 18 -7.56 6.64 13.08 -7.5 4.86 13.9 -8.072
3 191 6.64 13.08 -7.5 4.83 13.4 -8.083 4.86 13.9 -8.072
3 191 6.64 13.08 -7.5 4.73 13.1 -8.116 4.83 13.4 -8.083
3 191 6.64 13.08 -7.5 4.61 13.08 -8.154 4.73 13.1 -8.116
3 191 3.6 12.94 -8.48 4.61 13.08 -8.154 6.64 13.08 -7.5
4 191 4.58 13.25 -8.164 4.61 13.08 -8.154 3.6 12.94 -8.48 4.4 13.55 -8.221
4 191 4.13 13.85 -8.308 4.4 13.55 -8.221 3.6 12.94 -8.48 3.74 13.909 -8.438
3 191 3.6 12.94 -8.48 2.926 13.887 -8.538 3.74 13.909 -8.438
4 191 4.27 14.74 -8.265 3.877 14.86 -8.397 3.92 15.161 -8.383 4.25 15.13 -8.273
4 191 4.27 14.74 -8.265 4.25 15.13 -8.273 4.52 15.05 -8.183 4.65 14.44 -8.137
3 191 4.65 14.44 -8.137 4.52 15.05 -8.183 4.64 15.11 -8.143
3 191 4.86 13.9 -8.072 4.65 14.44 -8.137 4.64 15.11 -8.143
4 191 3.68 15.28 -8.41 3.92 15.161 -8.383 3.877 14.86 -8.397 3.4 14.89 -8.454
4 191 3.46 15.56 -8.429 3.68 15.28 -8.41 3.4 14.89 -8.454 2.95 15.78 -8.486
4 191 2.77 15.55 -8.514 2.95 15.78 -8.486 3.4 14.89 -8.454 2.82 14.79 -8.528
4 191 2.43 15.42 -8.559 2.77 15.55 -8.514 2.82 14.79 -8.528 2.283 14.791 -8.593
3 191 6.64 13.08 -7.5 6.43 18 -7.56 8.67 18 -6.05
3 191 6.64 13.08 -7.5 8.67 18 -6.05 8.7 13.2 -5.89
3 191 8.7 13.2 -5.89 8.67 18 -6.05 9.37 18 -5.11
3 191 9.13 13.09 -5.22 8.7 13.2 -5.89 9.37 18 -5.11
3 191 10.07 12.95 -2.62 10.29 18 -2.48 10.45 18 0.92
3 191 10.3 12.89 1.05 10.07 12.95 -2.62 10.45 18 0.92
4 191 3.34 15.85 -8.437 3.46 15.56 -8.429 2.95 15.78 -8.486 2.98 16.06 -8.475
3 191 3.34 15.85 -8.437 2.98 16.06 -8.475 3.46 15.98 -8.419
4 191 2.75 16.19 -8.5 2.53 16.04 -8.531 2.23 16.03 -8.568 1.86 16.19 -8.609
3 191 2.75 16.19 -8.5 1.86 16.19 -8.609 1.48 16.65 -8.644
3 191 2.283 14.791 -8.593 2.08 15.37 -8.603 2.43 15.42 -8.559
3 191 2.283 14.791 -8.593 1.815 15.449 -8.634 2.08 15.37 -8.603
4 191 1.815 15.449 -8.634 2.283 14.791 -8.593 1.75 15.1 -8.645 1.43 15.52 -8.673
4 191 1.57 15.62 -8.657 1.815 15.449 -8.634 1.43 15.52 -8.673 1.42 15.67 -8.672
3 26 6.07 8.18 -8.118 5.92 9.37 -7.917 6.24 9.27 -7.842
3 191 4.62 10.57 -8.226 4.63 11.32 -8.205 4.9 11.06 -8.128
3 26 4.281 9.65 -8.352 5.127 9.94 -8.086 5.46 9.683 -7.991
3 26 4.281 9.65 -8.352 4.86 10.23 -8.161 5.127 9.94 -8.086
4 191 5.27 10.93 -8.018 5.46 9.683 -7.991 5.127 9.94 -8.086 4.86 10.23 -8.161
4 26 -4.41 2.39 -8.84 -3.72 0.07 -7.58 -5.629 0.026 -7.213 -6.07 0.4 -7.358
4 26 -4.67 2.391 -8.767 -4.41 2.39 -8.84 -6.74 0 -7 -5.85 1.64 -8.061
3 26 -6.74 0 -7 -6.956 1.037 -7.449 -5.85 1.64 -8.061
3 26 -6.74 0 -7 -7.6 0.8 -6.89 -6.956 1.037 -7.449
4 26 -8.13 0.67 -6.622 -7.6 0.8 -6.89 -6.74 0 -7 -9.101 0.067 -6.013
4 26 -8.373 1.517 -6.79 -8.13 0.67 -6.622 -9.101 0.067 -6.013 -9.058 0.589 -6.2
4 26 -9 2.1 -6.71 -8.373 1.517 -6.79 -9.11 0.92 -6.284 -9.263 1.117 -6.282
4 26 -9 2.1 -6.71 -9.263 1.117 -6.282 -9.946 1.621 -5.598 -10.03 1.94 -5.55
3 26 -8.373 1.517 -6.79 -9 2.1 -6.71 -8.65 1.89 -6.821
3 26 -10.03 1.94 -5.55 -9.993 2.779 -5.584 -9 2.1 -6.71
4 26 -10.673 2.467 -4.289 -9.993 2.779 -5.584 -10.03 1.94 -5.55 -10.53 2.16 -4.577
3 26 -10.264 1.841 -5.104 -10.53 2.16 -4.577 -10.03 1.94 -5.55
3 26 -10.13 1.74 -5.39 -10.264 1.841 -5.104 -10.03 1.94 -5.55
3 26 -9.946 1.621 -5.598 -10.13 1.74 -5.39 -10.03 1.94 -5.55
3 26 -10.673 2.467 -4.289 -10.23 2.97 -5.119 -9.993 2.779 -5.584
3 26 -10.673 2.467 -4.289 -10.395 3.262 -4.788 -10.23 2.97 -5.119
4 26 -10.395 3.262 -4.788 -10.673 2.467 -4.289 -10.741 3.263 -3.503 -10.426 3.788 -4.319
4 26 -10.426 3.788 -4.319 -10.741 3.263 -3.503 -10.83 3.84 -3.353 -10.789 4.455 -3.521
3 26 -10.426 3.788 -4.319 -10.789 4.455 -3.521 -10.55 4.508 -4.103
4 26 -10.55 4.508 -4.103 -10.789 4.455 -3.521 -10.63 4.72 -3.789 -10.48 4.86 -4.099
4 26 -9.101 0.067 -6.013 -6.74 0 -7 -7.68 -0.31 -6.389 -9.105 -0.365 -5.732
3 26 -8.888 -0.587 -5.683 -9.105 -0.365 -5.732 -7.68 -0.31 -6.389
3 26 -8.888 -0.587 -5.683 -9.06 -0.53 -5.653 -9.105 -0.365 -5.732
3 26 -9.058 0.589 -6.2 -9.11 0.92 -6.284 -8.373 1.517 -6.79
4 26 -7.195 2.799 -8.156 -7.55 2.43 -7.823 -7.72 2.48 -7.711 -7.88 3.02 -7.709
4 26 -6.99 4.64 -8.69 -7.195 2.799 -8.156 -7.88 3.02 -7.709 -7.982 3.386 -7.712
4 26 -6.99 4.64 -8.69 -7.982 3.386 -7.712 -7.92 3.82 -7.801 -7.78 4.13 -7.949
3 26 -7.78 4.13 -7.949 -7.41 4.51 -8.307 -6.99 4.64 -8.69
4 26 -7.195 2.799 -8.156 -6.99 4.64 -8.69 -6.72 4.19 -8.65 -6.67 3.73 -8.545
3 26 -7.195 2.799 -8.156 -6.67 3.73 -8.545 -6.79 3.19 -8.372
4 26 -6.25 6.32 -8.456 -4.72 6.91 -8.724 -4.94 6.52 -8.765 -5.38 6.11 -8.75
4 26 -6.32 6.09 -8.497 -6.25 6.32 -8.456 -5.38 6.11 -8.75 -5.89 5.83 -8.683
4 26 -6.32 6.09 -8.497 -5.89 5.83 -8.683 -6.32 5.72 -8.593 -6.52 5.98 -8.471
4 26 -6.61 5.83 -8.485 -6.52 5.98 -8.471 -6.32 5.72 -8.593 -6.49 5.72 -8.546
3 26 -6.25 6.32 -8.456 -6.39 6.6 -8.345 -4.72 6.91 -8.724
4 26 -4.72 6.91 -8.724 -6.39 6.6 -8.345 -6.78 6.69 -8.214 -7.25 6.94 -8.02
3 26 -7.202 6.512 -8.145 -7.25 6.94 -8.02 -6.78 6.69 -8.214
3 26 -7.25 6.94 -8.02 -7.202 6.512 -8.145 -7.61 6.19 -7.848
3 26 -7.25 6.94 -8.02 -7.61 6.19 -7.848 -8.665 5.369 -7.079
4 26 -8.665 5.369 -7.079 -7.61 6.19 -7.848 -8.04 5.5 -7.603 -8.6 4.697 -7.265
3 26 -8.4 4.69 -7.442 -8.6 4.697 -7.265 -8.04 5.5 -7.603
4 26 -8.6 4.697 -7.265 -8.4 4.69 -7.442 -8.48 4.29 -7.34 -8.58 4.27 -7.25
4 26 -7.25 6.94 -8.02 -8.665 5.369 -7.079 -8.66 6.07 -6.983 -8.61 6.56 -6.954
4 26 -7.25 6.94 -8.02 -8.61 6.56 -6.954 -8.36 7.08 -7.016 -7.56 7.37 -7.623
3 26 -7.25 6.94 -8.02 -7.56 7.37 -7.623 -7.189 7.32 -7.96
4 26 -7.56 7.37 -7.623 -8.36 7.08 -7.016 -7.73 7.55 -7.422 -7.114 7.777 -7.887
3 26 -7.56 7.37 -7.623 -7.114 7.777 -7.887 -7.149 7.563 -7.921
3 26 -7.149 7.563 -7.921 -7.114 7.777 -7.887 -6.96 7.76 -7.938
3 26 -7.25 6.94 -8.02 -7.189 7.32 -7.96 -6.661 7.37 -8.108
4 26 -4.72 6.91 -8.724 -7.25 6.94 -8.02 -6.661 7.37 -8.108 -6.12 7.51 -8.233
4 26 -4.5 7.68 -8.651 -4.72 6.91 -8.724 -6.12 7.51 -8.233 -5.71 7.86 -8.286
4 26 -4.33 8.46 -8.563 -4.5 7.68 -8.651 -5.71 7.86 -8.286 -5.538 8.191 -8.276
3 26 -5.538 8.191 -8.276 -4.276 9.114 -8.465 -4.33 8.46 -8.563
4 26 -4.276 9.114 -8.465 -5.538 8.191 -8.276 -5.61 8.36 -8.219 -5.46 9.683 -7.991
3 26 -4.276 9.114 -8.465 -5.46 9.683 -7.991 -4.281 9.65 -8.352
4 26 -4.35 10.52 -8.31 -4.281 9.65 -8.352 -4.86 10.23 -8.161 -4.45 10.67 -8.275
3 26 -4.86 10.23 -8.161 -4.62 10.57 -8.226 -4.45 10.67 -8.275
4 26 -5.46 9.683 -7.991 -5.61 8.36 -8.219 -6.07 8.18 -8.118 -5.92 9.37 -7.917
4 26 -6.24 9.27 -7.842 -6.07 8.18 -8.118 -6.5 8.2 -7.985 -6.53 9.37 -7.734
4 26 -6.53 9.37 -7.734 -6.5 8.2 -7.985 -6.81 8.33 -7.865 -6.66 9.6 -7.647
4 26 -6.831 9.53 -7.61 -6.66 9.6 -7.647 -6.81 8.33 -7.865 -6.985 8.574 -7.761
4 26 -6.831 9.53 -7.61 -6.985 8.574 -7.761 -7.05 8.93 -7.599 -7 9.27 -7.541
4 26 -4.582 11.952 -8.204 -4.54 11.67 -8.224 -4.63 11.32 -8.205 -4.9 11.06 -8.128
4 26 -5.584 10.944 -7.922 -4.582 11.952 -8.204 -4.9 11.06 -8.128 -5.27 10.93 -8.018
4 26 -4.94 11.96 -8.089 -4.582 11.952 -8.204 -5.584 10.944 -7.922 -5.31 11.84 -7.975
4 26 -5.31 11.84 -7.975 -5.584 10.944 -7.922 -5.61 11.22 -7.903 -5.56 11.57 -7.905
4 26 -3.68 15.28 -8.41 -3.92 15.161 -8.383 -4.045 16.022 -8.346 -3.72 16.04 -8.385
4 26 -3.46 15.56 -8.429 -3.68 15.28 -8.41 -3.72 16.04 -8.385 -3.46 15.98 -8.419
3 26 -3.46 15.56 -8.429 -3.46 15.98 -8.419 -3.34 15.85 -8.437
4 26 -4.33 15.87 -8.254 -4.045 16.022 -8.346 -3.92 15.161 -8.383 -4.25 15.13 -8.277
4 26 -4.54 15.5 -8.185 -4.33 15.87 -8.254 -4.25 15.13 -8.277 -4.52 15.05 -8.19
3 26 -4.52 15.05 -8.19 -4.64 15.11 -8.151 -4.54 15.5 -8.185
4 26 -4.27 14.74 -8.269 -3.877 14.86 -8.397 -3.74 13.909 -8.438 -4.13 13.85 -8.312
4 26 -4.65 14.44 -8.146 -4.27 14.74 -8.269 -4.13 13.85 -8.312 -4.4 13.55 -8.224
4 26 -4.86 13.9 -8.077 -4.65 14.44 -8.146 -4.4 13.55 -8.224 -4.83 13.4 -8.085
3 26 -4.58 13.25 -8.165 -4.83 13.4 -8.085 -4.4 13.55 -8.224
4 26 -4.83 13.4 -8.085 -4.58 13.25 -8.165 -4.61 13.08 -8.155 -4.73 13.1 -8.116
4 26 -2.926 13.887 -8.538 -3.74 13.909 -8.438 -3.877 14.86 -8.397 -3.4 14.89 -8.454
3 26 -2.926 13.887 -8.538 -3.4 14.89 -8.454 -2.82 14.79 -8.528
3 26 -2.926 13.887 -8.538 -2.82 14.79 -8.528 -2.283 14.791 -8.593
4 26 -2.45 13.93 -8.588 -2.926 13.887 -8.538 -2.283 14.791 -8.593 -1.91 14.13 -8.642
4 26 -1.45 14.54 -8.684 -1.91 14.13 -8.642 -2.283 14.791 -8.593 -1.75 15.1 -8.645
4 26 -1.08 15.12 -8.715 -1.45 14.54 -8.684 -1.75 15.1 -8.645 -1.43 15.52 -8.673
4 26 -0.9 15.75 -8.726 -1.08 15.12 -8.715 -1.43 15.52 -8.673 -1.42 15.67 -8.672
4 26 -0.92 16.25 -8.717 -0.9 15.75 -8.726 -1.42 15.67 -8.672 -0.991 16.607 -8.705
3 26 -1.57 15.62 -8.657 -0.991 16.607 -8.705 -1.42 15.67 -8.672
3 26 -1.815 15.449 -8.634 -0.991 16.607 -8.705 -1.57 15.62 -8.657
4 26 -0.991 16.607 -8.705 -1.815 15.449 -8.634 -2.08 15.37 -8.603 -1.86 16.19 -8.609
4 26 -2.23 16.03 -8.568 -1.86 16.19 -8.609 -2.08 15.37 -8.603 -2.43 15.42 -8.559
4 26 -2.23 16.03 -8.568 -2.43 15.42 -8.559 -2.77 15.55 -8.514 -2.53 16.04 -8.531
4 26 -2.53 16.04 -8.531 -2.77 15.55 -8.514 -2.95 15.78 -8.486 -2.98 16.06 -8.475
4 26 -2.75 16.19 -8.5 -2.53 16.04 -8.531 -2.98 16.06 -8.475 -2.91 16.2 -8.48
4 26 -0.991 16.607 -8.705 -1.86 16.19 -8.609 -1.48 16.65 -8.644 -1.11 16.96 -8.681
4 26 -1.11 16.96 -8.681 -1.48 16.65 -8.644 -1.3 17.05 -8.655 -1.2 17.11 -8.666
4 26 -0.31 14.69 -8.802 -0.15 15.74 -8.805 0 15.83 -8.819 0 13.03 -8.857
4 26 -0.31 14.69 -8.802 0 13.03 -8.857 -0.24 13.03 -8.832 -0.54 13.54 -8.794
4 26 -0.54 13.54 -8.794 -0.24 13.03 -8.832 -0.429 12.852 -8.815 -0.761 12.861 -8.78
4 26 -0.87 12.5 -8.778 -0.761 12.861 -8.78 -0.429 12.852 -8.815 -0.41 12.7 -8.821
4 26 -0.958 11.978 -8.782 -0.87 12.5 -8.778 -0.41 12.7 -8.821 -0.264 12.602 -8.839
3 26 -0.958 11.978 -8.782 -1.07 12.39 -8.76 -0.87 12.5 -8.778
4 26 -1.07 12.39 -8.76 -0.958 11.978 -8.782 -2.06 12.72 -8.647 -1.33 12.877 -8.72
3 26 -2.921 12.921 -8.552 -1.33 12.877 -8.72 -2.06 12.72 -8.647
3 26 -2.921 12.921 -8.552 -2.06 12.72 -8.647 -2.25 12.69 -8.628
4 26 -2.98 12.64 -8.553 -2.921 12.921 -8.552 -2.25 12.69 -8.628 -2.33 12.54 -8.624
4 26 -2.9 12.12 -8.575 -2.98 12.64 -8.553 -2.33 12.54 -8.624 -2.28 12.39 -8.633
4 26 -2.56 11.81 -8.619 -2.9 12.12 -8.575 -2.28 12.39 -8.633 -2.07 12.25 -8.658
4 26 -2.2 11.7 -8.659 -2.56 11.81 -8.619 -2.07 12.25 -8.658 -1.84 11.71 -8.697
4 26 -1.84 11.71 -8.697 -2.07 12.25 -8.658 -1.265 11.703 -8.757 -1.522 11.471 -8.736
4 26 -1.6 13.19 -8.687 -1.33 12.877 -8.72 -2.921 12.921 -8.552 -2.03 13.35 -8.64
3 26 -2.921 12.921 -8.552 -2.57 13.28 -8.584 -2.03 13.35 -8.64
4 26 -1.47 9.76 -8.746 -1.99 9.572 -8.703 -1.32 11.3 -8.754 -1.26 10.39 -8.762
4 26 -2.15 9.03 -8.772 -1.99 9.572 -8.703 0 9.5 -8.87 -0.41 7.54 -9.121
4 26 -2.96 9.06 -8.704 -2.58 9.594 -8.653 -2.36 9.39 -8.701 -2.15 9.03 -8.772
4 26 -3.57 9.63 -8.57 -2.58 9.594 -8.653 -2.96 9.06 -8.704 -3.22 9.01 -8.691
3 26 -3.57 9.63 -8.57 -3.22 9.01 -8.691 -3.29 8.86 -8.709
3 26 -3.57 9.63 -8.57 -3.29 8.86 -8.709 -3.721 8.259 -8.766
4 26 -3.57 9.63 -8.57 -3.721 8.259 -8.766 -3.88 8.63 -8.658 -3.79 9.39 -8.551
3 26 -3.88 8.63 -8.658 -3.92 9.07 -8.57 -3.79 9.39 -8.551
4 26 -2.58 9.594 -8.653 -3.57 9.63 -8.57 -3.18 9.78 -8.602 -2.83 9.76 -8.632
4 26 -3.41 8.12 -8.811 -3.721 8.259 -8.766 -3.29 8.86 -8.709 -3.02 8.12 -8.842
4 26 -2.63 8.08 -8.879 -3.02 8.12 -8.842 -3.29 8.86 -8.709 -3.07 8.67 -8.755
4 26 -3.12 5.72 -9.155 -2.72 5.69 -9.188 -4.295 4.699 -9.189 -4.06 5.11 -9.158
3 26 -4.295 4.699 -9.189 -4.217 5.103 -9.147 -4.06 5.11 -9.158
4 26 -4.5 5.13 -9.09 -4.217 5.103 -9.147 -4.295 4.699 -9.189 -4.83 4.98 -9.049
4 26 -5.08 4.71 -9.04 -4.83 4.98 -9.049 -4.295 4.699 -9.189 -4.5 4.51 -9.177
4 26 -5.198 4.414 -9.059 -5.08 4.71 -9.04 -4.5 4.51 -9.177 -4.497 4.326 -9.204
4 26 -5.15 3.98 -8.984 -5.198 4.414 -9.059 -4.497 4.326 -9.204 -4.45 4.18 -9.186
4 26 -4.93 3.61 -8.962 -5.15 3.98 -8.984 -4.45 4.18 -9.186 -4.7 3.43 -8.979
4 26 -4.7 3.43 -8.979 -4.45 4.18 -9.186 -4.374 4.12 -9.191 -4.389 3.4 -9.045
4 26 -4.1 3.43 -9.065 -4.389 3.4 -9.045 -4.374 4.12 -9.191 -4.2 4.14 -9.204
4 26 -3.83 3.61 -9.115 -4.1 3.43 -9.065 -4.2 4.14 -9.204 -3.594 3.911 -9.187
3 26 -3.594 3.911 -9.187 -4.2 4.14 -9.204 -4.112 4.177 -9.216
4 26 -3.594 3.911 -9.187 -4.112 4.177 -9.216 -3.802 4.336 -9.273 -3.42 4.16 -9.257
3 26 -4.41 2.39 -8.84 -4.67 2.391 -8.767 -4.516 2.482 -8.834
3 26 -4.41 2.39 -8.84 -4.516 2.482 -8.834 -4.406 2.58 -8.879
4 26 -4.41 2.39 -8.84 -4.406 2.58 -8.879 -3.77 3.13 -9.021 -2.18 2.81 -9.034
4 191 -3.42 4.16 -9.257 -3.29 4.13 -9.258 -3.22 3.97 -9.226 -3.317 3.768 -9.172
3 191 -3.317 3.768 -9.172 -3.594 3.911 -9.187 -3.42 4.16 -9.257
4 191 -3.594 3.911 -9.187 -3.317 3.768 -9.172 -3.77 3.13 -9.021 -3.83 3.61 -9.115
4 191 -4.1 3.43 -9.065 -3.83 3.61 -9.115 -3.77 3.13 -9.021 -4.406 2.58 -8.879
3 191 -4.406 2.58 -8.879 -4.389 3.4 -9.045 -4.1 3.43 -9.065
4 191 -4.389 3.4 -9.045 -4.406 2.58 -8.879 -4.516 2.482 -8.834 -4.7 3.43 -8.979
4 191 -4.93 3.61 -8.962 -4.7 3.43 -8.979 -4.516 2.482 -8.834 -6.99 4.64 -8.69
3 191 -4.93 3.61 -8.962 -6.99 4.64 -8.69 -5.15 3.98 -8.984
3 191 -5.15 3.98 -8.984 -6.99 4.64 -8.69 -5.198 4.414 -9.059
3 191 -5.198 4.414 -9.059 -6.99 4.64 -8.69 -5.08 4.71 -9.04
4 191 -4.83 4.98 -9.049 -5.08 4.71 -9.04 -6.99 4.64 -8.69 -3.87 6.9 -8.96
3 191 -4.83 4.98 -9.049 -3.87 6.9 -8.96 -4.5 5.13 -9.09
3 191 -4.217 5.103 -9.147 -4.5 5.13 -9.09 -3.87 6.9 -8.96
4 191 -4.06 5.11 -9.158 -4.217 5.103 -9.147 -3.87 6.9 -8.96 -3.12 5.72 -9.155
4 191 -4.295 4.699 -9.189 -2.72 5.69 -9.188 -3.802 4.336 -9.273 -4.37 4.31 -9.23
4 191 -4.5 4.51 -9.177 -4.295 4.699 -9.189 -4.37 4.31 -9.23 -4.497 4.326 -9.204
4 191 -4.45 4.18 -9.186 -4.497 4.326 -9.204 -4.37 4.31 -9.23 -4.374 4.12 -9.191
4 191 -4.2 4.14 -9.204 -4.374 4.12 -9.191 -4.37 4.31 -9.23 -4.112 4.177 -9.216
3 191 -4.112 4.177 -9.216 -4.37 4.31 -9.23 -3.802 4.336 -9.273
4 191 -6.79 3.19 -8.372 -4.516 2.482 -8.834 -4.67 2.391 -8.767 -7.195 2.799 -8.156
3 191 -4.67 2.391 -8.767 -7.24 2.4 -8.04 -7.195 2.799 -8.156
3 191 -4.516 2.482 -8.834 -6.79 3.19 -8.372 -6.67 3.73 -8.545
3 191 -4.516 2.482 -8.834 -6.67 3.73 -8.545 -6.72 4.19 -8.65
3 191 -4.516 2.482 -8.834 -6.72 4.19 -8.65 -6.99 4.64 -8.69
4 191 -7.24 2.4 -8.04 -4.67 2.391 -8.767 -5.85 1.64 -8.061 -6.956 1.037 -7.449
4 191 -7.24 2.4 -8.04 -6.956 1.037 -7.449 -7.6 0.8 -6.89 -8.373 1.517 -6.79
3 191 -8.13 0.67 -6.622 -8.373 1.517 -6.79 -7.6 0.8 -6.89
3 191 -8.373 1.517 -6.79 -8.65 1.89 -6.821 -7.24 2.4 -8.04
3 191 -8.65 1.89 -6.821 -9 2.1 -6.71 -7.24 2.4 -8.04
3 191 -9 2.1 -6.71 -7.55 2.43 -7.823 -7.24 2.4 -8.04
3 191 -7.24 2.4 -8.04 -7.55 2.43 -7.823 -7.195 2.799 -8.156
3 191 -9 2.1 -6.71 -7.72 2.48 -7.711 -7.55 2.43 -7.823
3 191 -9 2.1 -6.71 -7.88 3.02 -7.709 -7.72 2.48 -7.711
3 191 -9 2.1 -6.71 -7.982 3.386 -7.712 -7.88 3.02 -7.709
4 191 -7.982 3.386 -7.712 -9 2.1 -6.71 -8.58 4.27 -7.25 -8.48 4.29 -7.34
4 191 -7.92 3.82 -7.801 -7.982 3.386 -7.712 -8.48 4.29 -7.34 -8.4 4.69 -7.442
3 191 -7.92 3.82 -7.801 -8.4 4.69 -7.442 -7.78 4.13 -7.949
3 191 -7.78 4.13 -7.949 -8.4 4.69 -7.442 -7.41 4.51 -8.307
3 191 -7.41 4.51 -8.307 -8.4 4.69 -7.442 -6.99 4.64 -8.69
4 191 -8.58 4.27 -7.25 -9 2.1 -6.71 -9.25 4.72 -6.69 -8.6 4.697 -7.265
3 191 -9 2.1 -6.71 -9.91 4.65 -5.66 -9.25 4.72 -6.69
3 191 -9 2.1 -6.71 -9.993 2.779 -5.584 -9.91 4.65 -5.66
4 191 -9.91 4.65 -5.66 -9.993 2.779 -5.584 -10.23 2.97 -5.119 -10.395 3.262 -4.788
3 191 -10.395 3.262 -4.788 -10.426 3.788 -4.319 -9.91 4.65 -5.66
3 191 -10.426 3.788 -4.319 -10.55 4.508 -4.103 -9.91 4.65 -5.66
4 191 -9.91 4.65 -5.66 -10.55 4.508 -4.103 -10.48 4.86 -4.099 -9.56 6.77 -5.46
3 191 -10.63 4.72 -3.789 -9.56 6.77 -5.46 -10.48 4.86 -4.099
4 191 -10.9 4.43 -3.25 -9.56 6.77 -5.46 -10.63 4.72 -3.789 -10.789 4.455 -3.521
3 191 -11 4 0 -10.69 6.76 0.57 -10.9 4.43 -3.25
3 191 -10.9 4.43 -3.25 -10.69 6.76 0.57 -10.44 6.68 -2.54
3 16 0 -7.25 -0.33 -3.68 -6 -2.59 0 -6.54 -2.61
3 16 0 -7.25 -0.33 -4.07 -6.83 -0.02 -3.68 -6 -2.59
3 16 -4.07 -6.83 -0.02 -6.83 -5.77 -2 -3.68 -6 -2.59
3 16 -4.07 -6.83 -0.02 -6.89 -6.34 0.08 -6.83 -5.77 -2
3 16 -6.89 -6.34 0.08 -9.06 -5.7 0.02 -6.83 -5.77 -2
3 16 -6.83 -5.77 -2 -9.06 -5.7 0.02 -9.59 -5.08 -1.98
3 16 -9.06 -5.7 0.02 -11 -4 0 -9.59 -5.08 -1.98
3 16 -9.59 -5.08 -1.98 -11 -4 0 -11 -3.7 -1.53
3 16 -9.59 -5.08 -1.98 -11 -3.7 -1.53 -9.59 -3.98 -3.46
3 16 -9.59 -3.98 -3.46 -11 -3.7 -1.53 -11 -2.83 -2.83
3 16 -9.59 -3.98 -3.46 -11 -2.83 -2.83 -11 -1.53 -3.7
3 16 -9.59 -3.98 -3.46 -11 -1.53 -3.7 -9.54 0.08 -5.83
3 16 -11 -1.53 -3.7 -11 0 -4 -9.54 0.08 -5.83
4 16 -9.54 0.08 -5.83 -11 0 -4 -10.13 1.74 -5.39 -9.946 1.621 -5.598
3 16 -9.54 0.08 -5.83 -9.946 1.621 -5.598 -9.263 1.117 -6.282
4 16 -9.54 0.08 -5.83 -9.263 1.117 -6.282 -9.11 0.92 -6.284 -9.058 0.589 -6.2
3 16 -9.101 0.067 -6.013 -9.54 0.08 -5.83 -9.058 0.589 -6.2
3 16 -9.105 -0.365 -5.732 -9.54 0.08 -5.83 -9.101 0.067 -6.013
4 16 -9.54 0.08 -5.83 -9.105 -0.365 -5.732 -9.06 -0.53 -5.653 -9.59 -3.98 -3.46
4 16 -9.59 -3.98 -3.46 -9.06 -0.53 -5.653 -8.888 -0.587 -5.683 -6.87 -2.65 -5.23
3 16 -9.59 -3.98 -3.46 -6.87 -2.65 -5.23 -6.87 -3.96 -4.1
3 16 -6.83 -5.77 -2 -9.59 -3.98 -3.46 -6.87 -3.96 -4.1
3 16 -6.83 -5.77 -2 -9.59 -5.08 -1.98 -9.59 -3.98 -3.46
3 16 -6.83 -5.77 -2 -6.87 -3.96 -4.1 -3.83 -5.14 -3.52
3 16 -3.68 -6 -2.59 -6.83 -5.77 -2 -3.83 -5.14 -3.52
3 16 -3.68 -6 -2.59 -3.83 -5.14 -3.52 0 -5.07 -4.13
3 16 0 -6.54 -2.61 -3.68 -6 -2.59 0 -5.07 -4.13
4 16 -3.77 -2.6 -5.67 0 -5.07 -4.13 -3.83 -5.14 -3.52 -6.87 -3.96 -4.1
3 16 -6.87 -3.96 -4.1 -6.87 -2.65 -5.23 -3.77 -2.6 -5.67
3 16 -6.87 -2.65 -5.23 -6.74 0 -7 -3.77 -2.6 -5.67
3 16 -6.87 -2.65 -5.23 -7.68 -0.31 -6.389 -6.74 0 -7
3 16 -6.87 -2.65 -5.23 -8.888 -0.587 -5.683 -7.68 -0.31 -6.389
4 16 -10.13 1.74 -5.39 -11 0 -4 -11 1.53 -3.7 -10.264 1.841 -5.104
3 16 -11 1.53 -3.7 -10.53 2.16 -4.577 -10.264 1.841 -5.104
3 16 -11 1.53 -3.7 -10.673 2.467 -4.289 -10.53 2.16 -4.577
4 16 -10.673 2.467 -4.289 -11 1.53 -3.7 -11 2.83 -2.83 -10.741 3.263 -3.503
3 16 -11 2.83 -2.83 -10.83 3.84 -3.353 -10.741 3.263 -3.503
4 16 -10.83 3.84 -3.353 -11 2.83 -2.83 -10.9 4.43 -3.25 -10.789 4.455 -3.521
3 16 -11 2.83 -2.83 -11 3.7 -1.53 -10.9 4.43 -3.25
3 16 -11 3.7 -1.53 -11 4 0 -10.9 4.43 -3.25
3 191 -10.9 4.43 -3.25 -10.44 6.68 -2.54 -9.56 6.77 -5.46
3 191 -10.44 6.68 -2.54 -9.21 9.34 -5.15 -9.56 6.77 -5.46
3 191 -9.56 6.77 -5.46 -9.21 9.34 -5.15 -8.52 9.64 -6.13
3 191 -8.97 6.47 -6.67 -9.56 6.77 -5.46 -8.52 9.64 -6.13
3 191 -9.91 4.65 -5.66 -9.56 6.77 -5.46 -8.97 6.47 -6.67
3 191 -9.91 4.65 -5.66 -8.97 6.47 -6.67 -9.25 4.72 -6.69
4 191 -8.66 6.07 -6.983 -9.25 4.72 -6.69 -8.97 6.47 -6.67 -8.61 6.56 -6.954
3 191 -9.25 4.72 -6.69 -8.66 6.07 -6.983 -8.665 5.369 -7.079
3 191 -8.6 4.697 -7.265 -9.25 4.72 -6.69 -8.665 5.369 -7.079
4 191 -6.99 4.64 -8.69 -8.4 4.69 -7.442 -8.04 5.5 -7.603 -7.61 6.19 -7.848
3 191 -6.99 4.64 -8.69 -7.61 6.19 -7.848 -7.202 6.512 -8.145
3 191 -6.99 4.64 -8.69 -7.202 6.512 -8.145 -6.61 5.83 -8.485
4 191 -6.52 5.98 -8.471 -6.61 5.83 -8.485 -7.202 6.512 -8.145 -6.78 6.69 -8.214
4 191 -6.52 5.98 -8.471 -6.78 6.69 -8.214 -6.39 6.6 -8.345 -6.32 6.09 -8.497
3 191 -6.32 6.09 -8.497 -6.39 6.6 -8.345 -6.25 6.32 -8.456
3 191 -6.99 4.64 -8.69 -6.61 5.83 -8.485 -6.49 5.72 -8.546
3 191 -6.99 4.64 -8.69 -6.49 5.72 -8.546 -6.32 5.72 -8.593
3 191 -6.99 4.64 -8.69 -6.32 5.72 -8.593 -5.89 5.83 -8.683
3 191 -6.99 4.64 -8.69 -5.89 5.83 -8.683 -5.38 6.11 -8.75
3 191 -6.99 4.64 -8.69 -5.38 6.11 -8.75 -3.87 6.9 -8.96
3 191 -5.38 6.11 -8.75 -4.94 6.52 -8.765 -3.87 6.9 -8.96
3 191 -4.94 6.52 -8.765 -4.72 6.91 -8.724 -3.87 6.9 -8.96
4 191 -3.87 6.9 -8.96 -4.72 6.91 -8.724 -4.5 7.68 -8.651 -3.721 8.259 -8.766
4 191 -3.721 8.259 -8.766 -4.5 7.68 -8.651 -4.33 8.46 -8.563 -3.88 8.63 -8.658
4 191 -3.88 8.63 -8.658 -4.33 8.46 -8.563 -4.276 9.114 -8.465 -3.92 9.07 -8.57
3 191 -3.92 9.07 -8.57 -4.276 9.114 -8.465 -3.79 9.39 -8.551
3 191 -4.276 9.114 -8.465 -3.57 9.63 -8.57 -3.79 9.39 -8.551
3 191 -4.276 9.114 -8.465 -4.281 9.65 -8.352 -3.57 9.63 -8.57
4 191 -3.57 9.63 -8.57 -4.281 9.65 -8.352 -4.35 10.52 -8.31 -3.6 12.94 -8.48
4 191 -3.6 12.94 -8.48 -4.35 10.52 -8.31 -4.45 10.67 -8.275 -4.54 11.67 -8.224
4 191 -4.63 11.32 -8.205 -4.54 11.67 -8.224 -4.45 10.67 -8.275 -4.62 10.57 -8.226
3 191 -4.54 11.67 -8.224 -4.582 11.952 -8.204 -3.6 12.94 -8.48
4 191 -3.6 12.94 -8.48 -4.582 11.952 -8.204 -4.94 11.96 -8.089 -6.64 13.08 -7.5
3 191 -5.31 11.84 -7.975 -6.64 13.08 -7.5 -4.94 11.96 -8.089
3 191 -5.56 11.57 -7.905 -6.64 13.08 -7.5 -5.31 11.84 -7.975
4 191 -6.64 13.08 -7.5 -5.56 11.57 -7.905 -5.61 11.22 -7.903 -6.8 9.72 -7.58
3 191 -6.8 9.72 -7.58 -5.61 11.22 -7.903 -5.584 10.944 -7.922
4 191 -5.46 9.683 -7.991 -6.8 9.72 -7.58 -5.584 10.944 -7.922 -5.27 10.93 -8.018
4 191 -4.86 10.23 -8.161 -5.27 10.93 -8.018 -4.9 11.06 -8.128 -4.62 10.57 -8.226
4 191 -6.66 9.6 -7.647 -6.8 9.72 -7.58 -5.46 9.683 -7.991 -5.92 9.37 -7.917
3 191 -6.831 9.53 -7.61 -6.8 9.72 -7.58 -6.66 9.6 -7.647
4 191 -6.24 9.27 -7.842 -6.53 9.37 -7.734 -6.66 9.6 -7.647 -5.92 9.37 -7.917
4 191 -8.52 9.64 -6.13 -7 9.27 -7.541 -7.05 8.93 -7.599 -7.73 7.55 -7.422
4 191 -6.831 9.53 -7.61 -7 9.27 -7.541 -8.52 9.64 -6.13 -6.8 9.72 -7.58
3 191 -8.52 9.64 -6.13 -6.64 13.08 -7.5 -6.8 9.72 -7.58
3 191 -8.52 9.64 -6.13 -8.7 13.2 -5.89 -6.64 13.08 -7.5
3 191 -9.21 9.34 -5.15 -8.7 13.2 -5.89 -8.52 9.64 -6.13
3 191 -9.21 9.34 -5.15 -9.13 13.09 -5.22 -8.7 13.2 -5.89
3 191 -9.21 9.34 -5.15 -10.09 9.62 -2.24 -9.13 13.09 -5.22
3 191 -10.09 9.62 -2.24 -10.07 12.95 -2.62 -9.13 13.09 -5.22
3 191 -10.09 9.62 -2.24 -10.3 12.89 1.05 -10.07 12.95 -2.62
3 191 -10.23 9.47 0.83 -10.3 12.89 1.05 -10.09 9.62 -2.24
3 191 -10.44 6.68 -2.54 -10.23 9.47 0.83 -10.09 9.62 -2.24
3 191 -10.44 6.68 -2.54 -10.69 6.76 0.57 -10.23 9.47 0.83
3 191 -10.44 6.68 -2.54 -10.09 9.62 -2.24 -9.21 9.34 -5.15
4 191 -8.97 6.47 -6.67 -8.52 9.64 -6.13 -8.36 7.08 -7.016 -8.61 6.56 -6.954
3 191 -8.36 7.08 -7.016 -8.52 9.64 -6.13 -7.73 7.55 -7.422
4 191 -7.73 7.55 -7.422 -7.05 8.93 -7.599 -6.985 8.574 -7.761 -7.114 7.777 -7.887
4 191 -6.96 7.76 -7.938 -7.114 7.777 -7.887 -6.985 8.574 -7.761 -6.81 8.33 -7.865
4 191 -6.96 7.76 -7.938 -6.81 8.33 -7.865 -6.5 8.2 -7.985 -6.661 7.37 -8.108
4 191 -7.149 7.563 -7.921 -6.96 7.76 -7.938 -6.661 7.37 -8.108 -7.189 7.32 -7.96
3 191 -7.189 7.32 -7.96 -7.56 7.37 -7.623 -7.149 7.563 -7.921
3 191 -6.661 7.37 -8.108 -6.5 8.2 -7.985 -6.07 8.18 -8.118
4 191 -5.538 8.191 -8.276 -6.661 7.37 -8.108 -6.07 8.18 -8.118 -5.61 8.36 -8.219
4 191 -6.661 7.37 -8.108 -5.538 8.191 -8.276 -5.71 7.86 -8.286 -6.12 7.51 -8.233
3 191 -3.12 5.72 -9.155 -3.87 6.9 -8.96 -2.91 6.888 -9.032
4 191 -2.91 6.888 -9.032 -3.87 6.9 -8.96 -3.41 8.12 -8.811 -3.02 8.12 -8.842
4 191 -2.91 6.888 -9.032 -3.02 8.12 -8.842 -2.63 8.08 -8.879 -2.5 7.96 -8.908
3 191 -3.87 6.9 -8.96 -3.721 8.259 -8.766 -3.41 8.12 -8.811
3 191 -2.15 9.03 -8.772 -2.36 9.39 -8.701 -1.99 9.572 -8.703
3 191 -2.36 9.39 -8.701 -2.58 9.594 -8.653 -1.99 9.572 -8.703
4 191 -1.32 11.3 -8.754 -1.99 9.572 -8.703 -2.58 9.594 -8.653 -1.522 11.471 -8.736
3 191 -2.58 9.594 -8.653 -2.83 9.76 -8.632 -1.522 11.471 -8.736
3 191 -2.83 9.76 -8.632 -3.18 9.78 -8.602 -1.522 11.471 -8.736
3 191 -3.57 9.63 -8.57 -1.522 11.471 -8.736 -3.18 9.78 -8.602
4 191 -1.522 11.471 -8.736 -3.57 9.63 -8.57 -2.2 11.7 -8.659 -1.84 11.71 -8.697
3 191 -3.57 9.63 -8.57 -2.56 11.81 -8.619 -2.2 11.7 -8.659
3 191 -3.57 9.63 -8.57 -2.9 12.12 -8.575 -2.56 11.81 -8.619
4 191 -2.9 12.12 -8.575 -3.57 9.63 -8.57 -3.6 12.94 -8.48 -2.98 12.64 -8.553
3 191 -2.98 12.64 -8.553 -3.6 12.94 -8.48 -2.921 12.921 -8.552
4 191 -2.921 12.921 -8.552 -3.6 12.94 -8.48 -2.926 13.887 -8.538 -2.57 13.28 -8.584
4 191 -0.958 11.978 -8.782 -1.265 11.703 -8.757 -2.07 12.25 -8.658 -2.06 12.72 -8.647
4 191 -2.06 12.72 -8.647 -2.07 12.25 -8.658 -2.28 12.39 -8.633 -2.33 12.54 -8.624
3 191 -2.33 12.54 -8.624 -2.25 12.69 -8.628 -2.06 12.72 -8.647
4 191 -2.57 13.28 -8.584 -2.926 13.887 -8.538 -2.45 13.93 -8.588 -2.03 13.35 -8.64
4 191 -2.03 13.35 -8.64 -2.45 13.93 -8.588 -1.91 14.13 -8.642 -1.6 13.19 -8.687
4 191 -1.6 13.19 -8.687 -1.91 14.13 -8.642 -0.54 13.54 -8.794 -1.33 12.877 -8.72
3 191 -0.761 12.861 -8.78 -1.33 12.877 -8.72 -0.54 13.54 -8.794
4 191 -1.33 12.877 -8.72 -0.761 12.861 -8.78 -0.87 12.5 -8.778 -1.07 12.39 -8.76
4 191 -0.54 13.54 -8.794 -1.91 14.13 -8.642 -1.45 14.54 -8.684 -0.31 14.69 -8.802
4 191 -0.31 14.69 -8.802 -1.45 14.54 -8.684 -1.08 15.12 -8.715 -0.15 15.74 -8.805
3 191 -1.08 15.12 -8.715 -0.9 15.75 -8.726 -0.15 15.74 -8.805
4 191 -0.15 15.74 -8.805 -0.9 15.75 -8.726 -0.92 16.25 -8.717 0 15.83 -8.819
4 191 0 15.83 -8.819 -0.92 16.25 -8.717 -0.991 16.607 -8.705 0 18 -8.79
4 191 -0.24 13.03 -8.832 0 13.03 -8.857 0 12.84 -8.86 -0.429 12.852 -8.815
4 191 -0.41 12.7 -8.821 -0.429 12.852 -8.815 0 12.84 -8.86 -0.264 12.602 -8.839
3 191 0 12.59 -8.861 -0.264 12.602 -8.839 0 12.84 -8.86
3 191 -0.991 16.607 -8.705 -1.11 16.96 -8.681 0 18 -8.79
3 191 -1.11 16.96 -8.681 -1.2 17.11 -8.666 0 18 -8.79
3 191 -4.33 18 -8.26 0 18 -8.79 -1.2 17.11 -8.666
3 191 -4.33 18 -8.26 -1.2 17.11 -8.666 -1.3 17.05 -8.655
4 191 -4.33 18 -8.26 -1.3 17.05 -8.655 -1.48 16.65 -8.644 -2.75 16.19 -8.5
3 191 -2.75 16.19 -8.5 -2.91 16.2 -8.48 -4.33 18 -8.26
4 191 -4.33 18 -8.26 -2.91 16.2 -8.48 -2.98 16.06 -8.475 -3.46 15.98 -8.419
3 191 -3.46 15.98 -8.419 -3.72 16.04 -8.385 -4.33 18 -8.26
3 191 -4.045 16.022 -8.346 -4.33 18 -8.26 -3.72 16.04 -8.385
4 191 -4.33 18 -8.26 -4.045 16.022 -8.346 -4.33 15.87 -8.254 -6.43 18 -7.56
3 191 -4.54 15.5 -8.185 -6.43 18 -7.56 -4.33 15.87 -8.254
4 191 -6.43 18 -7.56 -4.54 15.5 -8.185 -4.64 15.11 -8.151 -6.64 13.08 -7.5
4 191 -4.86 13.9 -8.077 -6.64 13.08 -7.5 -4.64 15.11 -8.151 -4.65 14.44 -8.146
3 191 -6.64 13.08 -7.5 -4.86 13.9 -8.077 -4.83 13.4 -8.085
3 191 -6.64 13.08 -7.5 -4.83 13.4 -8.085 -4.73 13.1 -8.116
3 191 -4.61 13.08 -8.155 -6.64 13.08 -7.5 -4.73 13.1 -8.116
3 191 -3.6 12.94 -8.48 -6.64 13.08 -7.5 -4.61 13.08 -8.155
4 191 -3.6 12.94 -8.48 -4.61 13.08 -8.155 -4.58 13.25 -8.165 -4.4 13.55 -8.224
4 191 -3.6 12.94 -8.48 -4.4 13.55 -8.224 -4.13 13.85 -8.312 -3.74 13.909 -8.438
3 191 -3.6 12.94 -8.48 -3.74 13.909 -8.438 -2.926 13.887 -8.538
4 191 -3.92 15.161 -8.383 -3.877 14.86 -8.397 -4.27 14.74 -8.269 -4.25 15.13 -8.277
4 191 -4.52 15.05 -8.19 -4.25 15.13 -8.277 -4.27 14.74 -8.269 -4.65 14.44 -8.146
3 191 -4.65 14.44 -8.146 -4.64 15.11 -8.151 -4.52 15.05 -8.19
4 191 -3.877 14.86 -8.397 -3.92 15.161 -8.383 -3.68 15.28 -8.41 -3.4 14.89 -8.454
4 191 -3.4 14.89 -8.454 -3.68 15.28 -8.41 -3.46 15.56 -8.429 -2.95 15.78 -8.486
4 191 -3.4 14.89 -8.454 -2.95 15.78 -8.486 -2.77 15.55 -8.514 -2.82 14.79 -8.528
4 191 -2.82 14.79 -8.528 -2.77 15.55 -8.514 -2.43 15.42 -8.559 -2.283 14.791 -8.593
3 191 -6.64 13.08 -7.5 -8.67 18 -6.05 -6.43 18 -7.56
3 191 -6.64 13.08 -7.5 -8.7 13.2 -5.89 -8.67 18 -6.05
3 191 -8.7 13.2 -5.89 -9.37 18 -5.11 -8.67 18 -6.05
3 191 -9.13 13.09 -5.22 -9.37 18 -5.11 -8.7 13.2 -5.89
4 191 -9.37 18 -5.11 -9.13 13.09 -5.22 -10.07 12.95 -2.62 -10.29 18 -2.48
3 191 -10.07 12.95 -2.62 -10.45 18 0.92 -10.29 18 -2.48
3 191 -10.3 12.89 1.05 -10.45 18 0.92 -10.07 12.95 -2.62
4 191 -2.95 15.78 -8.486 -3.46 15.56 -8.429 -3.34 15.85 -8.437 -2.98 16.06 -8.475
3 191 -3.34 15.85 -8.437 -3.46 15.98 -8.419 -2.98 16.06 -8.475
4 191 -2.23 16.03 -8.568 -2.53 16.04 -8.531 -2.75 16.19 -8.5 -1.86 16.19 -8.609
3 191 -1.86 16.19 -8.609 -2.75 16.19 -8.5 -1.48 16.65 -8.644
3 191 -2.283 14.791 -8.593 -2.43 15.42 -8.559 -2.08 15.37 -8.603
3 191 -2.283 14.791 -8.593 -2.08 15.37 -8.603 -1.815 15.449 -8.634
4 191 -1.75 15.1 -8.645 -2.283 14.791 -8.593 -1.815 15.449 -8.634 -1.43 15.52 -8.673
4 191 -1.43 15.52 -8.673 -1.815 15.449 -8.634 -1.57 15.62 -8.657 -1.42 15.67 -8.672
3 26 -6.07 8.18 -8.118 -6.24 9.27 -7.842 -5.92 9.37 -7.917
3 191 -4.62 10.57 -8.226 -4.9 11.06 -8.128 -4.63 11.32 -8.205
3 26 -4.281 9.65 -8.352 -5.46 9.683 -7.991 -5.127 9.94 -8.086
3 26 -4.281 9.65 -8.352 -5.127 9.94 -8.086 -4.86 10.23 -8.161
4 191 -5.127 9.94 -8.086 -5.46 9.683 -7.991 -5.27 10.93 -8.018 -4.86 10.23 -8.161
4 191 0 -0.32 -7.553 -0.4 -0.5 -7.397 -0.48 -0.37 -7.482 -0.27 -0.032 -7.736
3 191 0 -0.32 -7.553 -0.27 -0.032 -7.736 0 -0.04 -7.75
4 191 0.32 -0.17 -7.637 0 -0.32 -7.553 0 -0.04 -7.75 0.47 -0.026 -7.729
4 191 0.69 0.48 -8.013 0.47 -0.026 -7.729 0 -0.04 -7.75 0.72 0.86 -8.236
4 191 0.5 1.38 -8.557 0.72 0.86 -8.236 0 -0.04 -7.75 0 2.06 -8.99
3 191 0.5 1.38 -8.557 0 2.06 -8.99 0.347 1.874 -8.858
3 191 0.347 1.874 -8.858 0 2.06 -8.99 0.41 2.03 -8.942
3 191 0.41 2.03 -8.942 0 2.06 -8.99 0.562 2.102 -8.971
4 191 0.562 2.102 -8.971 0 2.06 -8.99 2.159 3.171 -9.109 0.87 2.2 -8.976
4 191 0.87 2.2 -8.976 2.159 3.171 -9.109 1.951 2.206 -8.924 1.12 2.144 -8.952
4 191 1.12 2.144 -8.952 1.951 2.206 -8.924 1.79 1.87 -8.746 1.31 1.81 -8.749
4 191 1.31 1.81 -8.749 1.79 1.87 -8.746 1.55 1.57 -8.594 1.41 1.59 -8.616
3 191 1.951 2.206 -8.924 2.159 3.171 -9.109 2.16 2.69 -9.011
4 191 2.159 3.171 -9.109 0 2.06 -8.99 0.27 3.21 -9.24 1.98 3.6 -9.22
4 191 1.57 3.93 -9.323 1.98 3.6 -9.22 0.27 3.21 -9.24 1.01 4.17 -9.415
4 191 0.45 4.09 -9.433 1.01 4.17 -9.415 0.27 3.21 -9.24 0.18 3.88 -9.402
4 191 0.09 3.66 -9.356 0.18 3.88 -9.402 0.27 3.21 -9.24 0.08 3.42 -9.301
3 191 0 2.06 -8.99 0 3.12 -9.237 0.14 3.12 -9.228
3 191 0 2.06 -8.99 0.14 3.12 -9.228 0.27 3.21 -9.24
3 191 -0.3 3.15 -9.224 0 3.12 -9.237 0 2.06 -8.99
3 191 -0.3 3.15 -9.224 0 2.06 -8.99 -2.151 3.168 -9.108
4 191 -0.71 3.39 -9.253 -0.3 3.15 -9.224 -2.151 3.168 -9.108 -2.02 3.57 -9.21
4 191 -0.71 3.39 -9.253 -2.02 3.57 -9.21 -1.68 3.96 -9.323 -0.89 3.73 -9.321
4 191 -0.89 3.73 -9.321 -1.68 3.96 -9.323 -1.22 4.13 -9.392 -0.86 4 -9.386
3 191 -0.86 4 -9.386 -1.22 4.13 -9.392 -0.75 4.19 -9.437
4 191 -2.18 2.81 -9.034 -2.151 3.168 -9.108 0 2.06 -8.99 -2.09 2.48 -8.972
3 191 0 2.06 -8.99 -1.979 2.208 -8.923 -2.09 2.48 -8.972
4 191 -1.6 1.83 -8.738 -1.979 2.208 -8.923 0 2.06 -8.99 -1.148 1.446 -8.555
3 191 -0.7 1.1 -8.379 -1.148 1.446 -8.555 0 2.06 -8.99
3 191 -0.33 0.61 -8.113 -0.7 1.1 -8.379 0 2.06 -8.99
4 191 -0.33 0.61 -8.113 0 2.06 -8.99 0 -0.04 -7.75 -0.27 -0.032 -7.736
4 191 -0.78 6.86 -9.192 0 6.85 -9.25 -3.802 4.336 -9.273 -2.72 5.69 -9.188
3 191 3.802 4.336 -9.273 0.42 6.57 -9.256 0.69 6.859 -9.198
3 191 3.802 4.336 -9.273 0.69 6.859 -9.198 2.72 5.69 -9.198
3 26 2.72 5.69 -9.198 0.69 6.859 -9.198 2.91 6.888 -9.039
3 26 2.72 5.69 -9.198 2.91 6.888 -9.039 3.12 5.72 -9.162
3 26 0.42 6.57 -9.256 0 6.85 -9.25 0.69 6.859 -9.198
3 26 0 4.51 -9.56 0 6.85 -9.25 0.42 6.57 -9.256
3 26 3.802 4.336 -9.273 0 4.51 -9.56 0.42 6.57 -9.256
3 26 0 4.51 -9.56 3.802 4.336 -9.273 3.42 4.16 -9.257
4 26 0 4.51 -9.56 3.42 4.16 -9.257 3.29 4.13 -9.258 1.01 4.17 -9.415
3 26 0.45 4.09 -9.433 0 4.51 -9.56 1.01 4.17 -9.415
3 26 0.18 3.88 -9.402 0 4.51 -9.56 0.45 4.09 -9.433
3 26 0.09 3.66 -9.356 0 4.51 -9.56 0.18 3.88 -9.402
4 26 0 4.51 -9.56 0.09 3.66 -9.356 0.08 3.42 -9.301 0 3.12 -9.237
4 26 0.14 3.12 -9.228 0 3.12 -9.237 0.08 3.42 -9.301 0.27 3.21 -9.24
4 26 0 4.51 -9.56 0 3.12 -9.237 -0.3 3.15 -9.224 -0.71 3.39 -9.253
4 26 -0.75 4.19 -9.437 0 4.51 -9.56 -0.71 3.39 -9.253 -0.86 4 -9.386
3 26 -0.71 3.39 -9.253 -0.89 3.73 -9.321 -0.86 4 -9.386
4 26 0 4.51 -9.56 -0.75 4.19 -9.437 -1.22 4.13 -9.392 -3.802 4.336 -9.273
3 26 -3.802 4.336 -9.273 -1.22 4.13 -9.392 -3.42 4.16 -9.257
3 26 -1.22 4.13 -9.392 -3.29 4.13 -9.258 -3.42 4.16 -9.257
4 26 -3.22 3.97 -9.226 -3.29 4.13 -9.258 -1.22 4.13 -9.392 -1.68 3.96 -9.323
3 26 -2.02 3.57 -9.21 -3.22 3.97 -9.226 -1.68 3.96 -9.323
4 26 -3.22 3.97 -9.226 -2.02 3.57 -9.21 -2.151 3.168 -9.108 -3.317 3.768 -9.172
4 26 -3.77 3.13 -9.021 -3.317 3.768 -9.172 -2.151 3.168 -9.108 -2.18 2.81 -9.034
3 26 -4.41 2.39 -8.84 -2.18 2.81 -9.034 -2.09 2.48 -8.972
3 26 -1.979 2.208 -8.923 -4.41 2.39 -8.84 -2.09 2.48 -8.972
4 26 -3.72 0.07 -7.58 -4.41 2.39 -8.84 -1.979 2.208 -8.923 -1.6 1.83 -8.738
3 26 -3.72 0.07 -7.58 -1.6 1.83 -8.738 -1.148 1.446 -8.555
4 26 -3.72 0.07 -7.58 -1.148 1.446 -8.555 -0.7 1.1 -8.379 -0.33 0.61 -8.113
3 26 -0.27 -0.032 -7.736 -3.72 0.07 -7.58 -0.33 0.61 -8.113
4 26 -3.72 0.07 -7.58 -0.27 -0.032 -7.736 -0.48 -0.37 -7.482 -2.81 -1.09 -6.812
4 26 -3.744 -1.23 -6.65 -3.72 0.07 -7.58 -2.81 -1.09 -6.812 -2.9 -1.23 -6.706
3 26 -2.92 -1.44 -6.555 -3.744 -1.23 -6.65 -2.9 -1.23 -6.706
4 26 -3.72 0.07 -7.58 -3.744 -1.23 -6.65 -4.74 -0.68 -6.867 -5.629 0.026 -7.213
3 26 -6.74 0 -7 -4.41 2.39 -8.84 -6.07 0.4 -7.358
4 26 -2.44 -1.07 -6.851 -2.81 -1.09 -6.812 -0.48 -0.37 -7.482 -0.4 -0.5 -7.397
3 26 -2.14 -1.24 -6.75 -2.44 -1.07 -6.851 -0.4 -0.5 -7.397
4 26 -1.97 -1.67 -6.457 -2.14 -1.24 -6.75 -0.4 -0.5 -7.397 0 -2.76 -5.834
4 26 -1.97 -1.67 -6.457 0 -2.76 -5.834 -0.708 -2.884 -5.694 -1.91 -2.25 -6.053
3 26 -0.708 -2.884 -5.694 -2.091 -2.756 -5.683 -1.91 -2.25 -6.053
4 26 -2.19 -2.99 -5.502 -2.091 -2.756 -5.683 -0.708 -2.884 -5.694 -1.45 -2.98 -5.567
3 26 0 -2.76 -5.834 -0.4 -0.5 -7.397 0 -0.32 -7.553
4 26 1.02 -2.47 -5.97 0 -2.76 -5.834 0 -0.32 -7.553 2.01 -2.04 -6.207
4 26 2.01 -2.04 -6.207 0 -0.32 -7.553 0.32 -0.17 -7.637 3.749 -1.461 -6.5
4 26 3.749 -1.461 -6.5 0.32 -0.17 -7.637 0.47 -0.026 -7.729 3.72 0.07 -7.58
3 26 2.23 -2.05 -6.177 2.01 -2.04 -6.207 3.749 -1.461 -6.5
3 26 2.23 -2.05 -6.177 3.749 -1.461 -6.5 3.09 -2.04 -6.12
3 26 2.32 -2.49 -5.856 2.23 -2.05 -6.177 3.09 -2.04 -6.12
3 26 3.749 -1.461 -6.5 3.72 0.07 -7.58 4.58 -0.7 -6.881
3 26 4.58 -0.7 -6.881 3.72 0.07 -7.58 5.239 0.035 -7.288
4 26 1.951 2.206 -8.924 4.41 2.39 -8.84 3.72 0.07 -7.58 1.79 1.87 -8.746
3 26 3.72 0.07 -7.58 1.55 1.57 -8.594 1.79 1.87 -8.746
3 26 3.72 0.07 -7.58 1.41 1.59 -8.616 1.55 1.57 -8.594
3 26 3.72 0.07 -7.58 0.347 1.874 -8.858 1.41 1.59 -8.616
4 26 1.31 1.81 -8.749 1.41 1.59 -8.616 0.347 1.874 -8.858 0.41 2.03 -8.942
4 26 1.31 1.81 -8.749 0.41 2.03 -8.942 0.562 2.102 -8.971 1.12 2.144 -8.952
3 26 0.562 2.102 -8.971 0.87 2.2 -8.976 1.12 2.144 -8.952
4 26 0.5 1.38 -8.557 0.347 1.874 -8.858 3.72 0.07 -7.58 0.72 0.86 -8.236
3 26 3.72 0.07 -7.58 0.69 0.48 -8.013 0.72 0.86 -8.236
3 26 0.47 -0.026 -7.729 0.69 0.48 -8.013 3.72 0.07 -7.58
3 26 1.951 2.206 -8.924 2.16 2.69 -9.011 4.41 2.39 -8.84
4 26 3.77 3.13 -9.021 2.16 2.69 -9.011 2.159 3.171 -9.109 3.317 3.768 -9.172
4 26 3.317 3.768 -9.172 2.159 3.171 -9.109 1.98 3.6 -9.22 3.22 3.97 -9.226
4 26 3.22 3.97 -9.226 1.98 3.6 -9.22 1.57 3.93 -9.323 3.29 4.13 -9.258
3 26 1.57 3.93 -9.323 1.01 4.17 -9.415 3.29 4.13 -9.258
3 16 6.74 0 -7 5.239 0.035 -7.288 5.6 0.66 -7.597
4 16 4.58 -0.7 -6.881 5.239 0.035 -7.288 6.74 0 -7 3.77 -2.6 -5.67
3 16 3.77 -2.6 -5.67 3.749 -1.461 -6.5 4.58 -0.7 -6.881
3 16 3.77 -2.6 -5.67 3.09 -2.04 -6.12 3.749 -1.461 -6.5
3 16 3.77 -2.6 -5.67 2.32 -2.49 -5.856 3.09 -2.04 -6.12
3 16 0 -2.95 -5.7 2.32 -2.49 -5.856 3.77 -2.6 -5.67
3 16 0 -2.95 -5.7 1.02 -2.47 -5.97 2.32 -2.49 -5.856
3 16 0 -2.95 -5.7 0 -2.76 -5.834 1.02 -2.47 -5.97
3 16 0 -2.95 -5.7 -0.708 -2.884 -5.694 0 -2.76 -5.834
4 16 -0.708 -2.884 -5.694 0 -2.95 -5.7 0 -5.07 -4.13 -1.45 -2.98 -5.567
3 16 0 -5.07 -4.13 0 -2.95 -5.7 3.77 -2.6 -5.67
3 16 2.32 -2.49 -5.856 1.02 -2.47 -5.97 2.01 -2.04 -6.207
3 16 2.32 -2.49 -5.856 2.01 -2.04 -6.207 2.23 -2.05 -6.177
3 16 0 -5.07 -4.13 -2.19 -2.99 -5.502 -1.45 -2.98 -5.567
3 16 0 -5.07 -4.13 -3.77 -2.6 -5.67 -2.19 -2.99 -5.502
3 16 -2.19 -2.99 -5.502 -3.77 -2.6 -5.67 -2.091 -2.756 -5.683
4 16 -1.91 -2.25 -6.053 -2.091 -2.756 -5.683 -3.77 -2.6 -5.67 -2.92 -1.44 -6.555
4 16 -1.97 -1.67 -6.457 -1.91 -2.25 -6.053 -2.92 -1.44 -6.555 -2.14 -1.24 -6.75
4 16 -2.14 -1.24 -6.75 -2.92 -1.44 -6.555 -2.9 -1.23 -6.706 -2.44 -1.07 -6.851
3 16 -2.9 -1.23 -6.706 -2.81 -1.09 -6.812 -2.44 -1.07 -6.851
3 16 -3.77 -2.6 -5.67 -3.744 -1.23 -6.65 -2.92 -1.44 -6.555
4 16 -4.74 -0.68 -6.867 -3.744 -1.23 -6.65 -3.77 -2.6 -5.67 -6.74 0 -7
3 16 -4.74 -0.68 -6.867 -6.74 0 -7 -5.629 0.026 -7.213
3 26 -3.802 4.336 -9.273 0 6.85 -9.25 0 4.51 -9.56
4 26 -2.91 6.888 -9.032 -0.78 6.86 -9.192 -2.72 5.69 -9.188 -3.12 5.72 -9.155
4 191 -2.96 9.06 -8.704 -0.41 7.54 -9.121 -0.74 7.27 -9.136 -3.22 9.01 -8.691
3 191 -0.74 7.27 -9.136 -3.29 8.86 -8.709 -3.22 9.01 -8.691
3 191 -0.74 7.27 -9.136 -3.07 8.67 -8.755 -3.29 8.86 -8.709
3 191 0 6.85 -9.25 -0.78 6.86 -9.192 0 7.29 -9.187
4 191 3.09 8.67 -8.75 0 6.85 -9.25 0 7.29 -9.187 3.29 8.86 -8.707
4 191 3.22 9.01 -8.689 3.29 8.86 -8.707 0 7.29 -9.187 2.96 9.06 -8.7
4 191 -0.2 10.73 -8.85 -1.47 9.76 -8.746 -1.26 10.39 -8.762 -0.5 10.94 -8.824
4 191 1.265 11.703 -8.757 0.93 11.41 -8.786 0.58 11.65 -8.815 0.958 11.978 -8.782
4 191 1.48 9.99 -8.744 -0.007 10.918 -8.866 -0.003 11.396 -8.865 1.27 10.62 -8.76
4 191 -0.958 11.978 -8.782 -0.003 11.396 -8.865 -0.007 10.918 -8.866 -1.265 11.703 -8.757
4 26 -0.78 6.86 -9.192 -2.91 6.888 -9.032 -2.5 7.96 -8.908 -0.74 7.27 -9.136
3 26 -0.74 7.27 -9.136 -2.5 7.96 -8.908 -2.63 8.08 -8.879
3 26 -0.74 7.27 -9.136 -2.63 8.08 -8.879 -3.07 8.67 -8.755
3 26 -0.41 7.54 -9.121 -2.96 9.06 -8.704 -2.15 9.03 -8.772
3 26 0 7.29 -9.187 -0.41 7.54 -9.121 0 9.5 -8.87
4 26 -0.74 7.27 -9.136 -0.41 7.54 -9.121 0 7.29 -9.187 -0.78 6.86 -9.192
3 26 0 7.29 -9.187 2.15 9.03 -8.768 2.96 9.06 -8.7
3 26 0 6.85 -9.25 3.09 8.67 -8.75 2.63 8.08 -8.872
4 26 0 6.85 -9.25 2.63 8.08 -8.872 2.5 7.96 -8.9 0.69 6.859 -9.198
3 26 0.69 6.859 -9.198 2.5 7.96 -8.9 2.91 6.888 -9.039
4 26 0 9.5 -8.87 -0.007 10.918 -8.866 1.48 9.99 -8.744 1.99 9.572 -8.703
3 26 0 9.5 -8.87 -0.2 10.73 -8.85 -0.007 10.918 -8.866
3 26 0 9.5 -8.87 -1.47 9.76 -8.746 -0.2 10.73 -8.85
3 26 0 9.5 -8.87 -1.99 9.572 -8.703 -1.47 9.76 -8.746
4 26 -0.007 10.918 -8.866 -0.2 10.73 -8.85 -0.5 10.94 -8.824 -1.265 11.703 -8.757
4 26 -1.265 11.703 -8.757 -0.5 10.94 -8.824 -1.32 11.3 -8.754 -1.522 11.471 -8.736
3 26 -1.26 10.39 -8.762 -1.32 11.3 -8.754 -0.5 10.94 -8.824
4 26 -0.003 11.396 -8.865 -0.958 11.978 -8.782 -0.264 12.602 -8.839 0 12.59 -8.861
3 26 -0.003 11.396 -8.865 0 12.59 -8.861 0.58 11.65 -8.815
3 191 7.8 12.9 4.76 8.68 18 3.79 7.67 18 4.5
3 191 7.8 12.9 4.76 8.62 13.25 4.14 8.68 18 3.79
3 191 4.4 13.26 5.71 7.67 18 4.5 4.34 18 5.73
3 191 7.8 12.9 4.76 7.67 18 4.5 4.4 13.26 5.71
3 191 0 13.26 5.97 4.34 18 5.73 0 18 5.91
3 191 0 13.26 5.97 4.4 13.26 5.71 4.34 18 5.73
4 191 8.62 13.25 4.14 7.8 12.9 4.76 7.98 9.58 4.67 8.78 9.6 4.05
3 191 7.98 9.58 4.67 4.4 13.26 5.71 4.04 9.68 5.69
3 191 7.98 9.58 4.67 7.8 12.9 4.76 4.4 13.26 5.71
4 191 0 9.32 5.92 4.04 9.68 5.69 4.4 13.26 5.71 0 13.26 5.97
4 191 8.78 9.6 4.05 7.98 9.58 4.67 8.09 6.81 4.83 9.45 6.79 3.76
3 191 8.09 6.81 4.83 4.04 9.68 5.69 4.64 6.96 5.77
3 191 8.09 6.81 4.83 7.98 9.58 4.67 4.04 9.68 5.69
3 191 0 6.54 6.11 4.04 9.68 5.69 0 9.32 5.92
3 191 0 6.54 6.11 4.64 6.96 5.77 4.04 9.68 5.69
3 191 10.12 4.28 3.87 8.09 6.81 4.83 8.1 4.36 5.21
3 191 10.12 4.28 3.87 9.45 6.79 3.76 8.09 6.81 4.83
3 191 8.1 4.36 5.21 4.64 6.96 5.77 4.61 4.7 6
3 191 8.1 4.36 5.21 8.09 6.81 4.83 4.64 6.96 5.77
3 191 4.61 4.7 6 4.64 6.96 5.77 0 6.54 6.11
3 191 0 4.69 6.26 4.61 4.7 6 0 6.54 6.11
3 16 8.09 1.98 5.5 10.27 2.05 4.57 8.1 4.36 5.21
3 16 10.27 2.05 4.57 10.12 4.28 3.87 8.1 4.36 5.21
3 16 8.09 1.98 5.5 4.61 4.7 6 4.42 2.01 6.03
3 16 8.09 1.98 5.5 8.1 4.36 5.21 4.61 4.7 6
4 16 0 1.73 6.27 4.42 2.01 6.03 4.61 4.7 6 0 4.69 6.26
3 16 9.45 0.13 5.12 10.27 2.05 4.57 8.09 1.98 5.5
3 16 7.3 -0.02 5.6 9.45 0.13 5.12 8.09 1.98 5.5
3 16 7.3 -0.02 5.6 8.09 1.98 5.5 4.39 0.28 6
3 16 4.39 0.28 6 8.09 1.98 5.5 4.42 2.01 6.03
3 16 4.39 0.28 6 4.42 2.01 6.03 0 1.73 6.27
3 16 0 -7.25 -0.33 4.07 -6.83 -0.02 0 -6.37 2.47
3 16 4.07 -6.83 -0.02 3.92 -6.14 2.49 0 -6.37 2.47
3 16 4.07 -6.83 -0.02 6.89 -6.34 0.08 3.92 -6.14 2.49
3 16 6.89 -6.34 0.08 7.17 -5.75 2.24 3.92 -6.14 2.49
3 16 6.89 -6.34 0.08 9.62 -4.97 2.24 7.17 -5.75 2.24
3 16 6.89 -6.34 0.08 9.06 -5.7 0.02 9.62 -4.97 2.24
3 16 0 -6.37 2.47 4.05 -4.33 4.45 0 -4.59 4.25
3 16 0 -6.37 2.47 3.92 -6.14 2.49 4.05 -4.33 4.45
3 16 3.92 -6.14 2.49 7.27 -4.18 4.07 4.05 -4.33 4.45
3 16 3.92 -6.14 2.49 7.17 -5.75 2.24 7.27 -4.18 4.07
4 16 7.27 -4.18 4.07 7.17 -5.75 2.24 9.62 -4.97 2.24 9.51 -3.77 3.74
3 16 4.05 -4.33 4.45 7.3 -0.02 5.6 4.39 0.28 6
3 16 4.05 -4.33 4.45 7.27 -4.18 4.07 7.3 -0.02 5.6
3 16 7.27 -4.18 4.07 9.51 -3.77 3.74 7.3 -0.02 5.6
3 16 9.51 -3.77 3.74 9.45 0.13 5.12 7.3 -0.02 5.6
3 16 4.05 -4.33 4.45 4.39 0.28 6 0 -0.03 6.15
3 16 0 -4.59 4.25 4.05 -4.33 4.45 0 -0.03 6.15
3 191 -7.8 12.9 4.76 -7.67 18 4.5 -8.62 13.25 4.14
3 191 -8.62 13.25 4.14 -7.67 18 4.5 -8.68 18 3.79
3 191 -4.4 13.26 5.71 -4.34 18 5.73 -7.67 18 4.5
3 191 -7.8 12.9 4.76 -4.4 13.26 5.71 -7.67 18 4.5
3 191 0 13.26 5.97 0 18 5.91 -4.34 18 5.73
3 191 -4.4 13.26 5.71 0 13.26 5.97 -4.34 18 5.73
4 191 -8.78 9.6 4.05 -7.98 9.58 4.67 -7.8 12.9 4.76 -8.62 13.25 4.14
3 191 -7.98 9.58 4.67 -4.04 9.68 5.69 -4.4 13.26 5.71
3 191 -7.98 9.58 4.67 -4.4 13.26 5.71 -7.8 12.9 4.76
4 191 0 13.26 5.97 -4.4 13.26 5.71 -4.04 9.68 5.69 0 9.32 5.92
4 191 -9.45 6.79 3.76 -8.09 6.81 4.83 -7.98 9.58 4.67 -8.78 9.6 4.05
3 191 -8.09 6.81 4.83 -4.64 6.96 5.77 -4.04 9.68 5.69
3 191 -8.09 6.81 4.83 -4.04 9.68 5.69 -7.98 9.58 4.67
3 191 0 6.54 6.11 0 9.32 5.92 -4.04 9.68 5.69
3 191 0 6.54 6.11 -4.04 9.68 5.69 -4.64 6.96 5.77
3 191 -10.12 4.28 3.87 -8.1 4.36 5.21 -8.09 6.81 4.83
3 191 -10.12 4.28 3.87 -8.09 6.81 4.83 -9.45 6.79 3.76
3 191 -8.1 4.36 5.21 -4.61 4.7 6 -4.64 6.96 5.77
3 191 -8.1 4.36 5.21 -4.64 6.96 5.77 -8.09 6.81 4.83
3 191 -4.61 4.7 6 0 6.54 6.11 -4.64 6.96 5.77
3 191 0 4.69 6.26 0 6.54 6.11 -4.61 4.7 6
3 16 -8.09 1.98 5.5 -8.1 4.36 5.21 -10.27 2.05 4.57
3 16 -10.27 2.05 4.57 -8.1 4.36 5.21 -10.12 4.28 3.87
4 16 -4.42 2.01 6.03 -4.61 4.7 6 -8.09 1.98 5.5 -7.3 -0.02 5.6
3 16 -8.09 1.98 5.5 -4.61 4.7 6 -8.1 4.36 5.21
4 16 0 4.69 6.26 -4.61 4.7 6 -4.42 2.01 6.03 0 1.73 6.27
3 16 -9.45 0.13 5.12 -8.09 1.98 5.5 -10.27 2.05 4.57
3 16 -7.3 -0.02 5.6 -8.09 1.98 5.5 -9.45 0.13 5.12
3 16 -7.3 -0.02 5.6 -4.39 0.28 6 -4.42 2.01 6.03
3 16 -4.39 0.28 6 0 1.73 6.27 -4.42 2.01 6.03
3 16 0 -0.03 6.15 0 1.73 6.27 -4.39 0.28 6
3 16 0 -7.25 -0.33 0 -6.37 2.47 -4.07 -6.83 -0.02
3 16 -4.07 -6.83 -0.02 0 -6.37 2.47 -3.92 -6.14 2.49
3 16 -4.07 -6.83 -0.02 -3.92 -6.14 2.49 -6.89 -6.34 0.08
3 16 -6.89 -6.34 0.08 -3.92 -6.14 2.49 -7.17 -5.75 2.24
3 16 -6.89 -6.34 0.08 -7.17 -5.75 2.24 -9.62 -4.97 2.24
3 16 -6.89 -6.34 0.08 -9.62 -4.97 2.24 -9.06 -5.7 0.02
3 16 0 -6.37 2.47 0 -4.59 4.25 -4.05 -4.33 4.45
3 16 0 -6.37 2.47 -4.05 -4.33 4.45 -3.92 -6.14 2.49
3 16 -3.92 -6.14 2.49 -4.05 -4.33 4.45 -7.27 -4.18 4.07
3 16 -3.92 -6.14 2.49 -7.27 -4.18 4.07 -7.17 -5.75 2.24
4 16 -9.51 -3.77 3.74 -9.62 -4.97 2.24 -7.17 -5.75 2.24 -7.27 -4.18 4.07
3 16 -4.05 -4.33 4.45 -4.39 0.28 6 -7.3 -0.02 5.6
3 16 -4.05 -4.33 4.45 -7.3 -0.02 5.6 -7.27 -4.18 4.07
3 16 -7.27 -4.18 4.07 -7.3 -0.02 5.6 -9.51 -3.77 3.74
3 16 -9.51 -3.77 3.74 -7.3 -0.02 5.6 -9.45 0.13 5.12
3 16 -4.05 -4.33 4.45 0 -0.03 6.15 -4.39 0.28 6
3 16 0 -4.59 4.25 0 -0.03 6.15 -4.05 -4.33 4.45
3 16 11 1.53 3.7 11 2.83 2.83 10.12 4.28 3.87
3 191 10.3 12.89 1.05 10.45 18 0.92 9.57 13.24 2.98
3 191 9.57 13.24 2.98 10.45 18 0.92 9.61 18 2.62
4 191 8.62 13.25 4.14 9.57 13.24 2.98 9.61 18 2.62 8.68 18 3.79
3 191 10.23 9.47 0.83 10.3 12.89 1.05 9.63 9.49 2.93
3 191 9.63 9.49 2.93 10.3 12.89 1.05 9.57 13.24 2.98
3 191 9.63 9.49 2.93 8.62 13.25 4.14 8.78 9.6 4.05
3 191 9.63 9.49 2.93 9.57 13.24 2.98 8.62 13.25 4.14
3 191 9.45 6.79 3.76 9.63 9.49 2.93 8.78 9.6 4.05
3 191 10.12 4.28 3.87 10.69 6.76 0.57 9.45 6.79 3.76
3 16 11 1.53 3.7 10.12 4.28 3.87 10.27 2.05 4.57
3 16 9.45 0.13 5.12 11 1.53 3.7 10.27 2.05 4.57
3 16 11 0 4 11 1.53 3.7 9.45 0.13 5.12
3 16 9.06 -5.7 0.02 11 -3.7 1.53 9.62 -4.97 2.24
3 16 9.06 -5.7 0.02 11 -4 0 11 -3.7 1.53
3 16 9.62 -4.97 2.24 11 -2.83 2.83 9.51 -3.77 3.74
3 16 9.62 -4.97 2.24 11 -3.7 1.53 11 -2.83 2.83
3 16 9.51 -3.77 3.74 11 -1.53 3.7 9.45 0.13 5.12
3 16 9.51 -3.77 3.74 11 -2.83 2.83 11 -1.53 3.7
3 16 11 -1.53 3.7 11 0 4 9.45 0.13 5.12
3 191 10.69 6.76 0.57 9.63 9.49 2.93 9.45 6.79 3.76
3 191 10.69 6.76 0.57 10.23 9.47 0.83 9.63 9.49 2.93
3 16 -11 1.53 3.7 -10.12 4.28 3.87 -11 2.83 2.83
3 191 -10.3 12.89 1.05 -9.57 13.24 2.98 -10.45 18 0.92
3 191 -9.57 13.24 2.98 -9.61 18 2.62 -10.45 18 0.92
4 191 -8.68 18 3.79 -9.61 18 2.62 -9.57 13.24 2.98 -8.62 13.25 4.14
3 191 -10.23 9.47 0.83 -9.63 9.49 2.93 -10.3 12.89 1.05
3 191 -9.63 9.49 2.93 -9.57 13.24 2.98 -10.3 12.89 1.05
3 191 -9.63 9.49 2.93 -8.78 9.6 4.05 -8.62 13.25 4.14
3 191 -9.63 9.49 2.93 -8.62 13.25 4.14 -9.57 13.24 2.98
3 191 -9.45 6.79 3.76 -8.78 9.6 4.05 -9.63 9.49 2.93
3 191 -10.12 4.28 3.87 -9.45 6.79 3.76 -10.69 6.76 0.57
3 16 -11 1.53 3.7 -10.27 2.05 4.57 -10.12 4.28 3.87
3 16 -9.45 0.13 5.12 -10.27 2.05 4.57 -11 1.53 3.7
3 16 -11 0 4 -9.45 0.13 5.12 -11 1.53 3.7
3 16 -9.06 -5.7 0.02 -9.62 -4.97 2.24 -11 -3.7 1.53
3 16 -9.06 -5.7 0.02 -11 -3.7 1.53 -11 -4 0
3 16 -9.62 -4.97 2.24 -9.51 -3.77 3.74 -11 -2.83 2.83
3 16 -9.62 -4.97 2.24 -11 -2.83 2.83 -11 -3.7 1.53
3 16 -9.51 -3.77 3.74 -9.45 0.13 5.12 -11 -1.53 3.7
3 16 -9.51 -3.77 3.74 -11 -1.53 3.7 -11 -2.83 2.83
3 16 -11 -1.53 3.7 -9.45 0.13 5.12 -11 0 4
3 191 -10.69 6.76 0.57 -9.45 6.79 3.76 -9.63 9.49 2.93
3 191 -10.69 6.76 0.57 -9.63 9.49 2.93 -10.23 9.47 0.83
3 191 -10.899 4.111 2.094 -10.12 4.28 3.87 -10.69 6.76 0.57
3 191 -10.966 4.041 1.423 -10.899 4.111 2.094 -10.69 6.76 0.57
3 191 -11 4 0 -10.966 4.041 1.423 -10.69 6.76 0.57
3 16 -11 3.7 1.53 -10.966 4.041 1.423 -11 4 0
4 16 -10.899 4.111 2.094 -10.966 4.041 1.423 -11 3.7 1.53 -11 2.83 2.83
3 16 -11 2.83 2.83 -10.12 4.28 3.87 -10.899 4.111 2.094
3 191 10.899 4.111 2.094 10.69 6.76 0.57 10.12 4.28 3.87
3 191 10.966 4.041 1.423 10.69 6.76 0.57 10.899 4.111 2.094
3 191 11 4 0 10.69 6.76 0.57 10.966 4.041 1.423
3 16 11 3.7 1.53 11 4 0 10.966 4.041 1.423
4 16 11 3.7 1.53 10.966 4.041 1.423 10.899 4.111 2.094 11 2.83 2.83
3 16 11 2.83 2.83 10.899 4.111 2.094 10.12 4.28 3.87
3 16 0 -0.03 6.15 4.39 0.28 6 0 1.73 6.27
3 16 -6.74 0 -7 -6.07 0.4 -7.358 -5.629 0.026 -7.213
