0 Train Base  6 x 28 with  6 Holes and Twin  2 x  2 Cutouts
0 Name: 92339.dat
0 Author: Howard Lande [HowardLande]
0 !LDRAW_ORG Part UPDATE 2011-02
0 !LICENSE Redistributable under CCAL version 2.0 : see CAreadme.txt

0 BFC CERTIFY CW
0 !KEYWORDS set 10219

0 !HISTORY 2011-12-29 [PTadmin] Official Update 2011-02

0 // Bottom Rim

4 16 276 16 56 280 16 60 -280 16 60 -276 16 56
4 16 -276 16 56 -280 16 60 -280 16 -60 -276 16 -56
4 16 -276 16 -56 -280 16 -60 280 16 -60 276 16 -56
4 16 276 16 -56 280 16 -60 280 16 60 276 16 56

0 // Bottom Rims of 2 rectangular holes
4 16 60 8 20 64 8 24 16 8 24 20 8 20
4 16 20 8 20 16 8 24 16 8 -24 20 8 -20
4 16 20 8 -20 16 8 -24 64 8 -24 60 8 -20
4 16 60 8 -20 64 8 -24 64 8 24 60 8 20
4 16 -64 8 24 -60 8 20 -20 8 20 -16 8 24
4 16 -16 8 24 -20 8 20 -20 8 -20 -16 8 -24
4 16 -16 8 -24 -20 8 -20 -60 8 -20 -64 8 -24
4 16 -64 8 -24 -60 8 -20 -60 8 20 -64 8 24

0 // Boxes to make all square verticle faces & edges
0 BFC INVERTNEXT
1 16 0 4 0 276 0 0 0 12 0 0 0 56 box4.dat
1 16 40 4 0 24 0 0 0 4 0 0 0 24 box4.dat
1 16 -40 4 0 24 0 0 0 4 0 0 0 24 box4.dat
1 16 0 0 0 280 0 0 0 16 0 0 0 60 box4.dat
0 BFC INVERTNEXT
1 16 40 0 0 20 0 0 0 8 0 0 0 20 box4.dat
0 BFC INVERTNEXT
1 16 -40 0 0 20 0 0 0 8 0 0 0 20 box4.dat

0 // Rings on the bottom
1 16 -240 4 20 1 0 0 0 -1 0 0 0 1 stug4-3x3.dat
1 16 240 4 20 1 0 0 0 -1 0 0 0 1 stug4-3x3.dat
1 16 -250 4 -30 1 0 0 0 -1 0 0 0 1 stug4-2x2.dat
1 16 250 4 -30 1 0 0 0 -1 0 0 0 1 stug4-2x2.dat
1 16 210 4 -30 1 0 0 0 -1 0 0 0 1 stug4-2x2.dat
1 16 170 4 -30 1 0 0 0 -1 0 0 0 1 stug4-2x2.dat
1 16 170 4 30 1 0 0 0 -1 0 0 0 1 stug4-2x2.dat
1 16 -210 4 -30 1 0 0 0 -1 0 0 0 1 stug4-2x2.dat
1 16 -170 4 -30 1 0 0 0 -1 0 0 0 1 stug4-2x2.dat
1 16 -170 4 30 1 0 0 0 -1 0 0 0 1 stug4-2x2.dat
1 16 -140 4 0 0 0 -1 0 -1 0 1 0 0 stug4-1x5.dat
1 16 140 4 0 0 0 -1 0 -1 0 1 0 0 stug4-1x5.dat
1 16 -200 4 30 0 0 -1 0 -1 0 1 0 0 stug4-1x2.dat
1 16 200 4 30 0 0 -1 0 -1 0 1 0 0 stug4-1x2.dat
1 16 0 4 40 -1 0 0 0 -1 0 0 0 -1 stug4-1x5.dat
1 16 0 4 -40 -1 0 0 0 -1 0 0 0 -1 stug4-1x5.dat
1 16 0 4 0 0 0 -1 0 -1 0 1 0 0 stug4-1x3.dat
1 16 -200 4 0 0 0 -1 0 -1 0 1 0 0 stud4a.dat
1 16 -180 4 0 0 0 -1 0 -1 0 1 0 0 stud4a.dat
1 16 -160 4 0 0 0 -1 0 -1 0 1 0 0 stud4a.dat
1 16 160 4 0 0 0 -1 0 -1 0 1 0 0 stud4a.dat
1 16 180 4 0 0 0 -1 0 -1 0 1 0 0 stud4a.dat
1 16 200 4 0 0 0 -1 0 -1 0 1 0 0 stud4a.dat

0 // Rings around the bottoms of bottom center studs
1 16 200 4 0 8 0 0 0 1 0 0 0 8 4-4edge.dat
1 16 180 4 0 8 0 0 0 1 0 0 0 8 4-4edge.dat
1 16 160 4 0 8 0 0 0 1 0 0 0 8 4-4edge.dat
1 16 -160 4 0 8 0 0 0 1 0 0 0 8 4-4edge.dat
1 16 -180 4 0 8 0 0 0 1 0 0 0 8 4-4edge.dat
1 16 -200 4 0 8 0 0 0 1 0 0 0 8 4-4edge.dat

0 // Fillers around holes on bottom
1 16 200 4 0 -8 0 0 0 -1 0 0 0 8 4-4ndis.dat
1 16 180 4 0 -8 0 0 0 -1 0 0 0 8 4-4ndis.dat
1 16 160 4 0 -8 0 0 0 -1 0 0 0 8 4-4ndis.dat
1 16 -160 4 0 -8 0 0 0 -1 0 0 0 8 4-4ndis.dat
1 16 -180 4 0 -8 0 0 0 -1 0 0 0 8 4-4ndis.dat
1 16 -200 4 0 -8 0 0 0 -1 0 0 0 8 4-4ndis.dat

0 // Bottom Face Surfaces
4 16 192 4 -8 192 4 8 188 4 8 188 4 -8
4 16 172 4 -8 172 4 8 168 4 8 168 4 -8
4 16 -172 4 8 -172 4 -8 -168 4 -8 -168 4 8
4 16 -192 4 8 -192 4 -8 -188 4 -8 -188 4 8
4 16 152 4 8 208 4 8 276 4 56 64 4 24
4 16 64 4 -24 152 4 -8 152 4 8 64 4 24
4 16 208 4 -8 152 4 -8 64 4 -24 276 4 -56
4 16 208 4 -8 276 4 -56 276 4 56 208 4 8
4 16 16 4 -24 16 4 24 -16 4 24 -16 4 -24
4 16 -276 4 56 -208 4 8 -152 4 8 -64 4 24
4 16 -64 4 24 -152 4 8 -152 4 -8 -64 4 -24
4 16 -64 4 -24 -152 4 -8 -208 4 -8 -276 4 -56
4 16 -276 4 -56 -208 4 -8 -208 4 8 -276 4 56
4 16 64 4 24 276 4 56 -276 4 56 -64 4 24
4 16 276 4 -56 64 4 -24 -64 4 -24 -276 4 -56

0 // Cylinders in the bottom holes
0 BFC INVERTNEXT
1 16 200 0 0 6 0 0 0 4 0 0 0 6 4-4cyli.dat
0 BFC INVERTNEXT
1 16 180 0 0 6 0 0 0 4 0 0 0 6 4-4cyli.dat
0 BFC INVERTNEXT
1 16 160 0 0 6 0 0 0 4 0 0 0 6 4-4cyli.dat
0 BFC INVERTNEXT
1 16 -160 0 0 6 0 0 0 4 0 0 0 6 4-4cyli.dat
0 BFC INVERTNEXT
1 16 -180 0 0 6 0 0 0 4 0 0 0 6 4-4cyli.dat
0 BFC INVERTNEXT
1 16 -200 0 0 6 0 0 0 4 0 0 0 6 4-4cyli.dat

0 // Top edge of bottom holes
1 16 200 0 0 6 0 0 0 1 0 0 0 6 4-4edge.dat
1 16 180 0 0 6 0 0 0 1 0 0 0 6 4-4edge.dat
1 16 160 0 0 6 0 0 0 1 0 0 0 6 4-4edge.dat
1 16 -160 0 0 6 0 0 0 1 0 0 0 6 4-4edge.dat
1 16 -180 0 0 6 0 0 0 1 0 0 0 6 4-4edge.dat
1 16 -200 0 0 6 0 0 0 1 0 0 0 6 4-4edge.dat

0 // Fill bits around top edge of holes
1 16 200 0 0 6 0 0 0 1 0 0 0 6 4-4ndis.dat
1 16 180 0 0 6 0 0 0 1 0 0 0 6 4-4ndis.dat
1 16 160 0 0 6 0 0 0 1 0 0 0 6 4-4ndis.dat
1 16 -160 0 0 6 0 0 0 1 0 0 0 6 4-4ndis.dat
1 16 -180 0 0 6 0 0 0 1 0 0 0 6 4-4ndis.dat
1 16 -200 0 0 6 0 0 0 1 0 0 0 6 4-4ndis.dat

0 // Top Face Surfaces
4 16 194 0 6 194 0 -6 186 0 -6 186 0 6
4 16 174 0 6 174 0 -6 166 0 -6 166 0 6
4 16 -174 0 -6 -174 0 6 -166 0 6 -166 0 -6
4 16 -194 0 -6 -194 0 6 -186 0 6 -186 0 -6
4 16 280 0 60 206 0 6 154 0 6 60 0 20
4 16 60 0 20 154 0 6 154 0 -6 60 0 -20
4 16 60 0 -20 154 0 -6 206 0 -6 280 0 -60
4 16 280 0 -60 206 0 -6 206 0 6 280 0 60
4 16 20 0 20 20 0 -20 -20 0 -20 -20 0 20
4 16 -206 0 6 -280 0 60 -60 0 20 -154 0 6
4 16 -154 0 6 -60 0 20 -60 0 -20 -154 0 -6
4 16 -154 0 -6 -60 0 -20 -280 0 -60 -206 0 -6
4 16 -206 0 -6 -280 0 -60 -280 0 60 -206 0 6
4 16 280 0 60 60 0 20 -60 0 20 -280 0 60
4 16 60 0 -20 280 0 -60 -280 0 -60 -60 0 -20

0 // The studs on top
1 16 220 0 0 1 0 0 0 1 0 0 0 1 stug-6x6.dat
1 16 -220 0 0 1 0 0 0 1 0 0 0 1 stug-6x6.dat
1 16 0 0 0 1 0 0 0 1 0 0 0 1 stug-2x2.dat
1 16 20 0 40 1 0 0 0 1 0 0 0 1 stug-2x2.dat
1 16 60 0 40 1 0 0 0 1 0 0 0 1 stug-2x2.dat
1 16 100 0 40 1 0 0 0 1 0 0 0 1 stug-2x2.dat
1 16 140 0 40 1 0 0 0 1 0 0 0 1 stug-2x2.dat
1 16 20 0 -40 1 0 0 0 1 0 0 0 1 stug-2x2.dat
1 16 60 0 -40 1 0 0 0 1 0 0 0 1 stug-2x2.dat
1 16 100 0 -40 1 0 0 0 1 0 0 0 1 stug-2x2.dat
1 16 140 0 -40 1 0 0 0 1 0 0 0 1 stug-2x2.dat
1 16 140 0 0 1 0 0 0 1 0 0 0 1 stug-2x2.dat
1 16 100 0 0 1 0 0 0 1 0 0 0 1 stug-2x2.dat
1 16 -20 0 40 1 0 0 0 1 0 0 0 1 stug-2x2.dat
1 16 -60 0 40 1 0 0 0 1 0 0 0 1 stug-2x2.dat
1 16 -100 0 40 1 0 0 0 1 0 0 0 1 stug-2x2.dat
1 16 -140 0 40 1 0 0 0 1 0 0 0 1 stug-2x2.dat
1 16 -20 0 -40 1 0 0 0 1 0 0 0 1 stug-2x2.dat
1 16 -60 0 -40 1 0 0 0 1 0 0 0 1 stug-2x2.dat
1 16 -100 0 -40 1 0 0 0 1 0 0 0 1 stug-2x2.dat
1 16 -140 0 -40 1 0 0 0 1 0 0 0 1 stug-2x2.dat
1 16 -140 0 0 1 0 0 0 1 0 0 0 1 stug-2x2.dat
1 16 -100 0 0 1 0 0 0 1 0 0 0 1 stug-2x2.dat
1 16 70 0 10 1 0 0 0 1 0 0 0 1 stud.dat
1 16 70 0 -10 1 0 0 0 1 0 0 0 1 stud.dat
1 16 -70 0 -10 1 0 0 0 1 0 0 0 1 stud.dat
1 16 -70 0 10 1 0 0 0 1 0 0 0 1 stud.dat
0
