0 ~Boat Base  8 x 16 x  2.333 Peghole
0 Name: s\95227s01.dat
0 Author: Philippe Hurbain [Philo]
0 !LDRAW_ORG Subpart UPDATE 2015-02
0 !LICENSE Redistributable under CCAL version 2.0 : see CAreadme.txt

0 BFC CERTIFY CCW

0 !HISTORY 2015-12-30 [PTadmin] Official Update 2015-02

1 16 9.25 10.75 0 0 -1 0 0 0 -6.75 6 0 0 rect3.dat
1 16 -9.25 10.75 0 0 1 0 0 0 -6.75 -6 0 0 rect3.dat
1 16 0 17.5 -6 -9.25 0 0 0 0 9.25 0 12 0 2-4cylo.dat
1 16 0 17.5 -6 -9.25 0 0 0 0 9.25 0 -1 0 2-4ndis.dat
1 16 0 17.5 6 -9.25 0 0 0 0 9.25 0 1 0 2-4ndis.dat
1 16 0 25.6 0 -4 0 0 0 2.4 0 0 0 -4 4-4cyli.dat
1 16 0 28 0 -1 0 0 0 -1 0 0 0 1 stud3a.dat
2 24 4 25.7386 0 3.6956 25.9421 1.5308
2 24 3.54 26.0461 1.7637 2.8284 26.1876 2.8284
2 24 3.6956 25.9421 1.5308 3.54 26.0461 1.7637
2 24 1.5308 26.4456 3.6956 2.8284 26.1876 2.8284
2 24 0 26.75 4 1.5308 26.4456 3.6956
2 24 -1.5308 26.4456 3.6956 0 26.75 4
2 24 -2.8284 26.1876 2.8284 -1.5308 26.4456 3.6956
2 24 -3.54 26.0461 1.7637 -2.8284 26.1876 2.8284
2 24 -3.6956 25.9421 1.5308 -3.54 26.0461 1.7637
2 24 -4 25.7386 0 -3.6956 25.9421 1.5308
2 24 -3.6956 25.9421 -1.5308 -4 25.7386 0
2 24 -2.8284 26.1876 -2.8284 -3.54 26.0461 -1.7637
2 24 -3.54 26.0461 -1.7637 -3.6956 25.9421 -1.5308
2 24 -2.8284 26.1876 -2.8284 -1.5308 26.4456 -3.6956
2 24 -1.5308 26.4456 -3.6956 0 26.75 -4
2 24 0 26.75 -4 1.5308 26.4456 -3.6956
2 24 1.5308 26.4456 -3.6956 2.8284 26.1876 -2.8284
2 24 3.54 26.0461 -1.7637 3.6956 25.9421 -1.5308
2 24 2.8284 26.1876 -2.8284 3.54 26.0461 -1.7637
2 24 3.6956 25.9421 -1.5308 4 25.7386 0
1 16 0 18 10 1 0 0 0 0 1 0 -1 0 peghole.dat
1 16 0 18 -10 -1 0 0 0 0 -1 0 1 0 peghole2.dat
0 BFC INVERTNEXT
1 16 0 18 8 6 0 0 0 0 6 0 -16 0 4-4cyli.dat
1 16 0 18 10 1 0 0 0 0 1 0 -1 0 4-4ring8.dat
1 16 0 18 10 9 0 0 0 0 -9 0 -1 0 1-8ndis.dat
1 16 0 18 10 -9 0 0 0 0 -9 0 -1 0 1-8ndis.dat
1 16 0 18 10 9 0 0 0 0 9 0 -1 0 2-4ndis.dat
1 16 0 18 -10 8 0 0 0 0 -8 0 1 0 2-4ndis.dat
1 16 0 8 10 -1 0 0 0 0 1 0 -16 0 npeghol7.dat
0 BFC INVERTNEXT
1 16 0 6 10 6.36 0 0 0 0 -2 0 -16 0 box4-4a.dat
3 16 -6.363 11.64 10 -9 9 10 -6.36 4 10
3 16 6.363 4 10 9 9 10 6.36 11.64 10
