0 Minifig Torso with Studded Armor Pattern
0 Name: 973p45.dat
0 Author: Franklin W. Cain [fwcain]
0 !LDRAW_ORG Part UPDATE 2012-03
0 !LICENSE Redistributable under CCAL version 2.0 : see CAreadme.txt

0 BFC CERTIFY CCW
0 !KEYWORDS minifig torso, castle, fright knights
0 !KEYWORDS dot, spot, polka, dots, spots
0 !KEYWORDS soccer, goalie, football, futbal, rugby

0 !HISTORY 2000-09-30 [PTadmin] Official Update 2000-02
0 !HISTORY 2000-11-05 [cwdee] Moved neck mark from s\973s01.dat
0 !HISTORY 2001-10-26 [PTadmin] Official Update 2001-01
0 !HISTORY 2007-07-29 [PTadmin] Header formatted for Contributor Agreement
0 !HISTORY 2008-07-01 [PTadmin] Official Update 2008-01
0 !HISTORY 2012-04-08 [BlackBrick89] Colour cleanup;BFCed
0 !HISTORY 2012-12-28 [PTadmin] Official Update 2012-03

1 16 0 0 0 1 0 0 0 1 0 0 0 1 s\973s01.dat
4 16 19 29 10 19 32 10 -19 32 10 -19 29 10
4 16 -14.345 2 10 14.345 2 10 19 29 10 -19 29 10
4 16 -14.345 2 10 -12 0 10 12 0 10 14.345 2 10
1 15 0 -4 0 4.243 0 -4.243 0 -8 0 -4.243 0 -4.243 1-4cyli.dat
4 0 -3.22 1.75 -10 -3.98 1.9 -10 -3.89 2.13 -10 -3.22 2 -10
4 0 -2.55 2.13 -10 -2.45 1.9 -10 -3.22 1.75 -10 -3.22 2 -10
4 0 -3.89 5.37 -10 -3.98 5.6 -10 -3.22 5.75 -10 -3.22 5.5 -10
4 0 -3.22 5.75 -10 -2.45 5.6 -10 -2.55 5.37 -10 -3.22 5.5 -10
4 0 -3.98 1.9 -10 -4.63 2.34 -10 -4.46 2.51 -10 -3.89 2.13 -10
4 0 -1.98 2.51 -10 -1.81 2.34 -10 -2.45 1.9 -10 -2.55 2.13 -10
4 0 -4.46 4.99 -10 -4.63 5.16 -10 -3.98 5.6 -10 -3.89 5.37 -10
4 0 -2.45 5.6 -10 -1.81 5.16 -10 -1.98 4.99 -10 -2.55 5.37 -10
4 0 -4.63 2.34 -10 -5.07 2.99 -10 -4.84 3.08 -10 -4.46 2.51 -10
4 0 -1.6 3.08 -10 -1.37 2.99 -10 -1.81 2.34 -10 -1.98 2.51 -10
4 0 -4.84 4.42 -10 -5.07 4.51 -10 -4.63 5.16 -10 -4.46 4.99 -10
4 0 -1.81 5.16 -10 -1.37 4.51 -10 -1.6 4.42 -10 -1.98 4.99 -10
4 0 -5.07 2.99 -10 -5.22 3.75 -10 -4.97 3.75 -10 -4.84 3.08 -10
4 0 -1.47 3.75 -10 -1.22 3.75 -10 -1.37 2.99 -10 -1.6 3.08 -10
4 0 -4.97 3.75 -10 -5.22 3.75 -10 -5.07 4.51 -10 -4.84 4.42 -10
4 0 -1.37 4.51 -10 -1.22 3.75 -10 -1.47 3.75 -10 -1.6 4.42 -10
4 80 -4.84 3.08 -10 -4.97 3.75 -10 -4.84 4.42 -10 -4.46 2.51 -10
4 80 -4.46 2.51 -10 -4.84 4.42 -10 -4.46 4.99 -10 -3.89 2.13 -10
4 80 -3.89 2.13 -10 -4.46 4.99 -10 -3.89 5.37 -10 -3.22 2 -10
4 80 -3.22 2 -10 -3.89 5.37 -10 -3.22 5.5 -10 -2.55 5.37 -10
3 80 -3.22 2 -10 -2.55 5.37 -10 -2.55 2.13 -10
4 8 -1.98 4.99 -10 -1.98 2.51 -10 -2.55 2.13 -10 -2.55 5.37 -10
4 8 -1.6 4.42 -10 -1.6 3.08 -10 -1.98 2.51 -10 -1.98 4.99 -10
3 0 -1.6 3.08 -10 -1.6 4.42 -10 -1.47 3.75 -10
4 0 3.22 1.75 -10 2.45 1.9 -10 2.55 2.13 -10 3.22 2 -10
4 0 3.89 2.13 -10 3.98 1.9 -10 3.22 1.75 -10 3.22 2 -10
4 0 2.55 5.37 -10 2.45 5.6 -10 3.22 5.75 -10 3.22 5.5 -10
4 0 3.22 5.75 -10 3.98 5.6 -10 3.89 5.37 -10 3.22 5.5 -10
4 0 2.45 1.9 -10 1.81 2.34 -10 1.98 2.51 -10 2.55 2.13 -10
4 0 4.46 2.51 -10 4.63 2.34 -10 3.98 1.9 -10 3.89 2.13 -10
4 0 1.98 4.99 -10 1.81 5.16 -10 2.45 5.6 -10 2.55 5.37 -10
4 0 3.98 5.6 -10 4.63 5.16 -10 4.46 4.99 -10 3.89 5.37 -10
4 0 1.81 2.34 -10 1.37 2.99 -10 1.6 3.08 -10 1.98 2.51 -10
4 0 4.84 3.08 -10 5.07 2.99 -10 4.63 2.34 -10 4.46 2.51 -10
4 0 1.6 4.42 -10 1.37 4.51 -10 1.81 5.16 -10 1.98 4.99 -10
4 0 4.63 5.16 -10 5.07 4.51 -10 4.84 4.42 -10 4.46 4.99 -10
4 0 1.37 2.99 -10 1.22 3.75 -10 1.47 3.75 -10 1.6 3.08 -10
4 0 4.97 3.75 -10 5.22 3.75 -10 5.07 2.99 -10 4.84 3.08 -10
4 0 1.47 3.75 -10 1.22 3.75 -10 1.37 4.51 -10 1.6 4.42 -10
4 0 5.07 4.51 -10 5.22 3.75 -10 4.97 3.75 -10 4.84 4.42 -10
4 80 1.6 3.08 -10 1.47 3.75 -10 1.6 4.42 -10 1.98 2.51 -10
4 80 1.98 2.51 -10 1.6 4.42 -10 1.98 4.99 -10 2.55 2.13 -10
4 80 2.55 2.13 -10 1.98 4.99 -10 2.55 5.37 -10 3.22 2 -10
4 80 3.22 2 -10 2.55 5.37 -10 3.22 5.5 -10 3.89 5.37 -10
3 80 3.22 2 -10 3.89 5.37 -10 3.89 2.13 -10
4 8 4.46 4.99 -10 4.46 2.51 -10 3.89 2.13 -10 3.89 5.37 -10
4 8 4.84 4.42 -10 4.84 3.08 -10 4.46 2.51 -10 4.46 4.99 -10
3 0 4.84 3.08 -10 4.84 4.42 -10 4.97 3.75 -10
4 0 -3.66 9.25 -10 -4.42 9.4 -10 -4.33 9.63 -10 -3.66 9.5 -10
4 0 -2.99 9.63 -10 -2.89 9.4 -10 -3.66 9.25 -10 -3.66 9.5 -10
4 0 -4.33 12.87 -10 -4.42 13.1 -10 -3.66 13.25 -10 -3.66 13 -10
4 0 -3.66 13.25 -10 -2.89 13.1 -10 -2.99 12.87 -10 -3.66 13 -10
4 0 -4.42 9.4 -10 -5.07 9.84 -10 -4.89 10.01 -10 -4.33 9.63 -10
4 0 -2.42 10.01 -10 -2.24 9.84 -10 -2.89 9.4 -10 -2.99 9.63 -10
4 0 -4.89 12.49 -10 -5.07 12.66 -10 -4.42 13.1 -10 -4.33 12.87 -10
4 0 -2.89 13.1 -10 -2.24 12.66 -10 -2.42 12.49 -10 -2.99 12.87 -10
4 0 -5.07 9.84 -10 -5.5 10.49 -10 -5.27 10.58 -10 -4.89 10.01 -10
4 0 -2.04 10.58 -10 -1.81 10.49 -10 -2.24 9.84 -10 -2.42 10.01 -10
4 0 -5.27 11.92 -10 -5.5 12.02 -10 -5.07 12.66 -10 -4.89 12.49 -10
4 0 -2.24 12.66 -10 -1.81 12.02 -10 -2.04 11.92 -10 -2.42 12.49 -10
4 0 -5.5 10.49 -10 -5.66 11.25 -10 -5.41 11.25 -10 -5.27 10.58 -10
4 0 -1.91 11.25 -10 -1.66 11.25 -10 -1.81 10.49 -10 -2.04 10.58 -10
4 0 -5.41 11.25 -10 -5.66 11.25 -10 -5.5 12.02 -10 -5.27 11.92 -10
4 0 -1.81 12.02 -10 -1.66 11.25 -10 -1.91 11.25 -10 -2.04 11.92 -10
4 80 -5.27 10.58 -10 -5.41 11.25 -10 -5.27 11.92 -10 -4.89 10.01 -10
4 80 -4.89 10.01 -10 -5.27 11.92 -10 -4.89 12.49 -10 -4.33 9.63 -10
4 80 -4.33 9.63 -10 -4.89 12.49 -10 -4.33 12.87 -10 -3.66 9.5 -10
4 80 -3.66 9.5 -10 -4.33 12.87 -10 -3.66 13 -10 -2.99 12.87 -10
3 80 -3.66 9.5 -10 -2.99 12.87 -10 -2.99 9.63 -10
4 8 -2.42 12.49 -10 -2.42 10.01 -10 -2.99 9.63 -10 -2.99 12.87 -10
4 8 -2.04 11.92 -10 -2.04 10.58 -10 -2.42 10.01 -10 -2.42 12.49 -10
3 0 -2.04 10.58 -10 -2.04 11.92 -10 -1.91 11.25 -10
4 0 3.66 9.25 -10 2.89 9.4 -10 2.99 9.63 -10 3.66 9.5 -10
4 0 4.33 9.63 -10 4.42 9.4 -10 3.66 9.25 -10 3.66 9.5 -10
4 0 2.99 12.87 -10 2.89 13.1 -10 3.66 13.25 -10 3.66 13 -10
4 0 3.66 13.25 -10 4.42 13.1 -10 4.33 12.87 -10 3.66 13 -10
4 0 2.89 9.4 -10 2.24 9.84 -10 2.42 10.01 -10 2.99 9.63 -10
4 0 4.89 10.01 -10 5.07 9.84 -10 4.42 9.4 -10 4.33 9.63 -10
4 0 2.42 12.49 -10 2.24 12.66 -10 2.89 13.1 -10 2.99 12.87 -10
4 0 4.42 13.1 -10 5.07 12.66 -10 4.89 12.49 -10 4.33 12.87 -10
4 0 2.24 9.84 -10 1.81 10.49 -10 2.04 10.58 -10 2.42 10.01 -10
4 0 5.27 10.58 -10 5.5 10.49 -10 5.07 9.84 -10 4.89 10.01 -10
4 0 2.04 11.92 -10 1.81 12.02 -10 2.24 12.66 -10 2.42 12.49 -10
4 0 5.07 12.66 -10 5.5 12.02 -10 5.27 11.92 -10 4.89 12.49 -10
4 0 1.81 10.49 -10 1.66 11.25 -10 1.91 11.25 -10 2.04 10.58 -10
4 0 5.41 11.25 -10 5.66 11.25 -10 5.5 10.49 -10 5.27 10.58 -10
4 0 1.91 11.25 -10 1.66 11.25 -10 1.81 12.02 -10 2.04 11.92 -10
4 0 5.5 12.02 -10 5.66 11.25 -10 5.41 11.25 -10 5.27 11.92 -10
4 80 2.04 10.58 -10 1.91 11.25 -10 2.04 11.92 -10 2.42 10.01 -10
4 80 2.42 10.01 -10 2.04 11.92 -10 2.42 12.49 -10 2.99 9.63 -10
4 80 2.99 9.63 -10 2.42 12.49 -10 2.99 12.87 -10 3.66 9.5 -10
4 80 3.66 9.5 -10 2.99 12.87 -10 3.66 13 -10 4.33 12.87 -10
3 80 3.66 9.5 -10 4.33 12.87 -10 4.33 9.63 -10
4 8 4.89 12.49 -10 4.89 10.01 -10 4.33 9.63 -10 4.33 12.87 -10
4 8 5.27 11.92 -10 5.27 10.58 -10 4.89 10.01 -10 4.89 12.49 -10
3 0 5.27 10.58 -10 5.27 11.92 -10 5.41 11.25 -10
4 0 -4.09 16.75 -10 -4.86 16.9 -10 -4.76 17.13 -10 -4.09 17 -10
4 0 -3.42 17.13 -10 -3.33 16.9 -10 -4.09 16.75 -10 -4.09 17 -10
4 0 -4.76 20.37 -10 -4.86 20.6 -10 -4.09 20.75 -10 -4.09 20.5 -10
4 0 -4.09 20.75 -10 -3.33 20.6 -10 -3.42 20.37 -10 -4.09 20.5 -10
4 0 -4.86 16.9 -10 -5.51 17.34 -10 -5.33 17.51 -10 -4.76 17.13 -10
4 0 -2.86 17.51 -10 -2.68 17.34 -10 -3.33 16.9 -10 -3.42 17.13 -10
4 0 -5.33 19.99 -10 -5.51 20.16 -10 -4.86 20.6 -10 -4.76 20.37 -10
4 0 -3.33 20.6 -10 -2.68 20.16 -10 -2.86 19.99 -10 -3.42 20.37 -10
4 0 -5.51 17.34 -10 -5.94 17.99 -10 -5.71 18.08 -10 -5.33 17.51 -10
4 0 -2.48 18.08 -10 -2.25 17.99 -10 -2.68 17.34 -10 -2.86 17.51 -10
4 0 -5.71 19.42 -10 -5.94 19.52 -10 -5.51 20.16 -10 -5.33 19.99 -10
4 0 -2.68 20.16 -10 -2.25 19.52 -10 -2.48 19.42 -10 -2.86 19.99 -10
4 0 -5.94 17.99 -10 -6.09 18.75 -10 -5.84 18.75 -10 -5.71 18.08 -10
4 0 -2.34 18.75 -10 -2.09 18.75 -10 -2.25 17.99 -10 -2.48 18.08 -10
4 0 -5.84 18.75 -10 -6.09 18.75 -10 -5.94 19.52 -10 -5.71 19.42 -10
4 0 -2.25 19.52 -10 -2.09 18.75 -10 -2.34 18.75 -10 -2.48 19.42 -10
4 80 -5.71 18.08 -10 -5.84 18.75 -10 -5.71 19.42 -10 -5.33 17.51 -10
4 80 -5.33 17.51 -10 -5.71 19.42 -10 -5.33 19.99 -10 -4.76 17.13 -10
4 80 -4.76 17.13 -10 -5.33 19.99 -10 -4.76 20.37 -10 -4.09 17 -10
4 80 -4.09 17 -10 -4.76 20.37 -10 -4.09 20.5 -10 -3.42 20.37 -10
3 80 -4.09 17 -10 -3.42 20.37 -10 -3.42 17.13 -10
4 8 -2.86 19.99 -10 -2.86 17.51 -10 -3.42 17.13 -10 -3.42 20.37 -10
4 8 -2.48 19.42 -10 -2.48 18.08 -10 -2.86 17.51 -10 -2.86 19.99 -10
3 0 -2.48 18.08 -10 -2.48 19.42 -10 -2.34 18.75 -10
4 0 4.09 16.75 -10 3.33 16.9 -10 3.42 17.13 -10 4.09 17 -10
4 0 4.76 17.13 -10 4.86 16.9 -10 4.09 16.75 -10 4.09 17 -10
4 0 3.42 20.37 -10 3.33 20.6 -10 4.09 20.75 -10 4.09 20.5 -10
4 0 4.09 20.75 -10 4.86 20.6 -10 4.76 20.37 -10 4.09 20.5 -10
4 0 3.33 16.9 -10 2.68 17.34 -10 2.86 17.51 -10 3.42 17.13 -10
4 0 5.33 17.51 -10 5.51 17.34 -10 4.86 16.9 -10 4.76 17.13 -10
4 0 2.86 19.99 -10 2.68 20.16 -10 3.33 20.6 -10 3.42 20.37 -10
4 0 4.86 20.6 -10 5.51 20.16 -10 5.33 19.99 -10 4.76 20.37 -10
4 0 2.68 17.34 -10 2.25 17.99 -10 2.48 18.08 -10 2.86 17.51 -10
4 0 5.71 18.08 -10 5.94 17.99 -10 5.51 17.34 -10 5.33 17.51 -10
4 0 2.48 19.42 -10 2.25 19.52 -10 2.68 20.16 -10 2.86 19.99 -10
4 0 5.51 20.16 -10 5.94 19.52 -10 5.71 19.42 -10 5.33 19.99 -10
4 0 2.25 17.99 -10 2.09 18.75 -10 2.34 18.75 -10 2.48 18.08 -10
4 0 5.84 18.75 -10 6.09 18.75 -10 5.94 17.99 -10 5.71 18.08 -10
4 0 2.34 18.75 -10 2.09 18.75 -10 2.25 19.52 -10 2.48 19.42 -10
4 0 5.94 19.52 -10 6.09 18.75 -10 5.84 18.75 -10 5.71 19.42 -10
4 80 2.48 18.08 -10 2.34 18.75 -10 2.48 19.42 -10 2.86 17.51 -10
4 80 2.86 17.51 -10 2.48 19.42 -10 2.86 19.99 -10 3.42 17.13 -10
4 80 3.42 17.13 -10 2.86 19.99 -10 3.42 20.37 -10 4.09 17 -10
4 80 4.09 17 -10 3.42 20.37 -10 4.09 20.5 -10 4.76 20.37 -10
3 80 4.09 17 -10 4.76 20.37 -10 4.76 17.13 -10
4 8 5.33 19.99 -10 5.33 17.51 -10 4.76 17.13 -10 4.76 20.37 -10
4 8 5.71 19.42 -10 5.71 18.08 -10 5.33 17.51 -10 5.33 19.99 -10
3 0 5.71 18.08 -10 5.71 19.42 -10 5.84 18.75 -10
4 0 -4.53 24.25 -10 -5.3 24.4 -10 -5.2 24.63 -10 -4.53 24.5 -10
4 0 -3.86 24.63 -10 -3.77 24.4 -10 -4.53 24.25 -10 -4.53 24.5 -10
4 0 -5.2 27.87 -10 -5.3 28.1 -10 -4.53 28.25 -10 -4.53 28 -10
4 0 -4.53 28.25 -10 -3.77 28.1 -10 -3.86 27.87 -10 -4.53 28 -10
4 0 -5.3 24.4 -10 -5.95 24.84 -10 -5.77 25.01 -10 -5.2 24.63 -10
4 0 -3.29 25.01 -10 -3.12 24.84 -10 -3.77 24.4 -10 -3.86 24.63 -10
4 0 -5.77 27.49 -10 -5.95 27.66 -10 -5.3 28.1 -10 -5.2 27.87 -10
4 0 -3.77 28.1 -10 -3.12 27.66 -10 -3.29 27.49 -10 -3.86 27.87 -10
4 0 -5.95 24.84 -10 -6.38 25.49 -10 -6.15 25.58 -10 -5.77 25.01 -10
4 0 -2.91 25.58 -10 -2.68 25.49 -10 -3.12 24.84 -10 -3.29 25.01 -10
4 0 -6.15 26.92 -10 -6.38 27.02 -10 -5.95 27.66 -10 -5.77 27.49 -10
4 0 -3.12 27.66 -10 -2.68 27.02 -10 -2.91 26.92 -10 -3.29 27.49 -10
4 0 -6.38 25.49 -10 -6.53 26.25 -10 -6.28 26.25 -10 -6.15 25.58 -10
4 0 -2.78 26.25 -10 -2.53 26.25 -10 -2.68 25.49 -10 -2.91 25.58 -10
4 0 -6.28 26.25 -10 -6.53 26.25 -10 -6.38 27.02 -10 -6.15 26.92 -10
4 0 -2.68 27.02 -10 -2.53 26.25 -10 -2.78 26.25 -10 -2.91 26.92 -10
4 80 -6.15 25.58 -10 -6.28 26.25 -10 -6.15 26.92 -10 -5.77 25.01 -10
4 80 -5.77 25.01 -10 -6.15 26.92 -10 -5.77 27.49 -10 -5.2 24.63 -10
4 80 -5.2 24.63 -10 -5.77 27.49 -10 -5.2 27.87 -10 -4.53 24.5 -10
4 80 -4.53 24.5 -10 -5.2 27.87 -10 -4.53 28 -10 -3.86 27.87 -10
3 80 -4.53 24.5 -10 -3.86 27.87 -10 -3.86 24.63 -10
4 8 -3.29 27.49 -10 -3.29 25.01 -10 -3.86 24.63 -10 -3.86 27.87 -10
4 8 -2.91 26.92 -10 -2.91 25.58 -10 -3.29 25.01 -10 -3.29 27.49 -10
3 0 -2.91 25.58 -10 -2.91 26.92 -10 -2.78 26.25 -10
4 0 4.53 24.25 -10 3.77 24.4 -10 3.86 24.63 -10 4.53 24.5 -10
4 0 5.2 24.63 -10 5.3 24.4 -10 4.53 24.25 -10 4.53 24.5 -10
4 0 3.86 27.87 -10 3.77 28.1 -10 4.53 28.25 -10 4.53 28 -10
4 0 4.53 28.25 -10 5.3 28.1 -10 5.2 27.87 -10 4.53 28 -10
4 0 3.77 24.4 -10 3.12 24.84 -10 3.29 25.01 -10 3.86 24.63 -10
4 0 5.77 25.01 -10 5.95 24.84 -10 5.3 24.4 -10 5.2 24.63 -10
4 0 3.29 27.49 -10 3.12 27.66 -10 3.77 28.1 -10 3.86 27.87 -10
4 0 5.3 28.1 -10 5.95 27.66 -10 5.77 27.49 -10 5.2 27.87 -10
4 0 3.12 24.84 -10 2.68 25.49 -10 2.91 25.58 -10 3.29 25.01 -10
4 0 6.15 25.58 -10 6.38 25.49 -10 5.95 24.84 -10 5.77 25.01 -10
4 0 2.91 26.92 -10 2.68 27.02 -10 3.12 27.66 -10 3.29 27.49 -10
4 0 5.95 27.66 -10 6.38 27.02 -10 6.15 26.92 -10 5.77 27.49 -10
4 0 2.68 25.49 -10 2.53 26.25 -10 2.78 26.25 -10 2.91 25.58 -10
4 0 6.28 26.25 -10 6.53 26.25 -10 6.38 25.49 -10 6.15 25.58 -10
4 0 2.78 26.25 -10 2.53 26.25 -10 2.68 27.02 -10 2.91 26.92 -10
4 0 6.38 27.02 -10 6.53 26.25 -10 6.28 26.25 -10 6.15 26.92 -10
4 80 2.91 25.58 -10 2.78 26.25 -10 2.91 26.92 -10 3.29 25.01 -10
4 80 3.29 25.01 -10 2.91 26.92 -10 3.29 27.49 -10 3.86 24.63 -10
4 80 3.86 24.63 -10 3.29 27.49 -10 3.86 27.87 -10 4.53 24.5 -10
4 80 4.53 24.5 -10 3.86 27.87 -10 4.53 28 -10 5.2 27.87 -10
3 80 4.53 24.5 -10 5.2 27.87 -10 5.2 24.63 -10
4 8 5.77 27.49 -10 5.77 25.01 -10 5.2 24.63 -10 5.2 27.87 -10
4 8 6.15 26.92 -10 6.15 25.58 -10 5.77 25.01 -10 5.77 27.49 -10
3 0 6.15 25.58 -10 6.15 26.92 -10 6.28 26.25 -10
4 0 -9.66 1.75 -10 -10.42 1.9 -10 -10.33 2.13 -10 -9.66 2 -10
4 0 -8.99 2.13 -10 -8.89 1.9 -10 -9.66 1.75 -10 -9.66 2 -10
4 0 -10.33 5.37 -10 -10.42 5.6 -10 -9.66 5.75 -10 -9.66 5.5 -10
4 0 -9.66 5.75 -10 -8.89 5.6 -10 -8.99 5.37 -10 -9.66 5.5 -10
4 0 -10.42 1.9 -10 -11.07 2.34 -10 -10.89 2.51 -10 -10.33 2.13 -10
4 0 -8.42 2.51 -10 -8.24 2.34 -10 -8.89 1.9 -10 -8.99 2.13 -10
4 0 -10.89 4.99 -10 -11.07 5.16 -10 -10.42 5.6 -10 -10.33 5.37 -10
4 0 -8.89 5.6 -10 -8.24 5.16 -10 -8.42 4.99 -10 -8.99 5.37 -10
4 0 -11.07 2.34 -10 -11.5 2.99 -10 -11.27 3.08 -10 -10.89 2.51 -10
4 0 -8.039 3.08 -10 -7.81 2.99 -10 -8.24 2.34 -10 -8.42 2.51 -10
4 0 -11.27 4.42 -10 -11.5 4.51 -10 -11.07 5.16 -10 -10.89 4.99 -10
4 0 -8.24 5.16 -10 -7.81 4.51 -10 -8.039 4.42 -10 -8.42 4.99 -10
4 0 -11.5 2.99 -10 -11.66 3.75 -10 -11.41 3.75 -10 -11.27 3.08 -10
4 0 -7.91 3.75 -10 -7.66 3.75 -10 -7.81 2.99 -10 -8.039 3.08 -10
4 0 -11.41 3.75 -10 -11.66 3.75 -10 -11.5 4.51 -10 -11.27 4.42 -10
4 0 -7.81 4.51 -10 -7.66 3.75 -10 -7.91 3.75 -10 -8.039 4.42 -10
4 80 -11.27 3.08 -10 -11.41 3.75 -10 -11.27 4.42 -10 -10.89 2.51 -10
4 80 -10.89 2.51 -10 -11.27 4.42 -10 -10.89 4.99 -10 -10.33 2.13 -10
4 80 -10.33 2.13 -10 -10.89 4.99 -10 -10.33 5.37 -10 -9.66 2 -10
4 80 -9.66 2 -10 -10.33 5.37 -10 -9.66 5.5 -10 -8.99 5.37 -10
3 80 -9.66 2 -10 -8.99 5.37 -10 -8.99 2.13 -10
4 8 -8.42 4.99 -10 -8.42 2.51 -10 -8.99 2.13 -10 -8.99 5.37 -10
4 8 -8.039 4.42 -10 -8.039 3.08 -10 -8.42 2.51 -10 -8.42 4.99 -10
3 0 -8.039 3.08 -10 -8.039 4.42 -10 -7.91 3.75 -10
4 0 9.66 1.75 -10 8.89 1.9 -10 8.99 2.13 -10 9.66 2 -10
4 0 10.33 2.13 -10 10.42 1.9 -10 9.66 1.75 -10 9.66 2 -10
4 0 8.99 5.37 -10 8.89 5.6 -10 9.66 5.75 -10 9.66 5.5 -10
4 0 9.66 5.75 -10 10.42 5.6 -10 10.33 5.37 -10 9.66 5.5 -10
4 0 8.89 1.9 -10 8.24 2.34 -10 8.42 2.51 -10 8.99 2.13 -10
4 0 10.89 2.51 -10 11.07 2.34 -10 10.42 1.9 -10 10.33 2.13 -10
4 0 8.42 4.99 -10 8.24 5.16 -10 8.89 5.6 -10 8.99 5.37 -10
4 0 10.42 5.6 -10 11.07 5.16 -10 10.89 4.99 -10 10.33 5.37 -10
4 0 8.24 2.34 -10 7.81 2.99 -10 8.039 3.08 -10 8.42 2.51 -10
4 0 11.27 3.08 -10 11.5 2.99 -10 11.07 2.34 -10 10.89 2.51 -10
4 0 8.039 4.42 -10 7.81 4.51 -10 8.24 5.16 -10 8.42 4.99 -10
4 0 11.07 5.16 -10 11.5 4.51 -10 11.27 4.42 -10 10.89 4.99 -10
4 0 7.81 2.99 -10 7.66 3.75 -10 7.91 3.75 -10 8.039 3.08 -10
4 0 11.41 3.75 -10 11.66 3.75 -10 11.5 2.99 -10 11.27 3.08 -10
4 0 7.91 3.75 -10 7.66 3.75 -10 7.81 4.51 -10 8.039 4.42 -10
4 0 11.5 4.51 -10 11.66 3.75 -10 11.41 3.75 -10 11.27 4.42 -10
4 80 8.039 3.08 -10 7.91 3.75 -10 8.039 4.42 -10 8.42 2.51 -10
4 80 8.42 2.51 -10 8.039 4.42 -10 8.42 4.99 -10 8.99 2.13 -10
4 80 8.99 2.13 -10 8.42 4.99 -10 8.99 5.37 -10 9.66 2 -10
4 80 9.66 2 -10 8.99 5.37 -10 9.66 5.5 -10 10.33 5.37 -10
3 80 9.66 2 -10 10.33 5.37 -10 10.33 2.13 -10
4 8 10.89 4.99 -10 10.89 2.51 -10 10.33 2.13 -10 10.33 5.37 -10
4 8 11.27 4.42 -10 11.27 3.08 -10 10.89 2.51 -10 10.89 4.99 -10
3 0 11.27 3.08 -10 11.27 4.42 -10 11.41 3.75 -10
4 0 -10.97 9.25 -10 -11.73 9.4 -10 -11.64 9.63 -10 -10.97 9.5 -10
4 0 -10.3 9.63 -10 -10.2 9.4 -10 -10.97 9.25 -10 -10.97 9.5 -10
4 0 -11.64 12.87 -10 -11.73 13.1 -10 -10.97 13.25 -10 -10.97 13 -10
4 0 -10.97 13.25 -10 -10.2 13.1 -10 -10.3 12.87 -10 -10.97 13 -10
4 0 -11.73 9.4 -10 -12.38 9.84 -10 -12.21 10.01 -10 -11.64 9.63 -10
4 0 -9.73 10.01 -10 -9.56 9.84 -10 -10.2 9.4 -10 -10.3 9.63 -10
4 0 -12.21 12.49 -10 -12.38 12.66 -10 -11.73 13.1 -10 -11.64 12.87 -10
4 0 -10.2 13.1 -10 -9.56 12.66 -10 -9.73 12.49 -10 -10.3 12.87 -10
4 0 -12.38 9.84 -10 -12.82 10.49 -10 -12.59 10.58 -10 -12.21 10.01 -10
4 0 -9.35 10.58 -10 -9.12 10.49 -10 -9.56 9.84 -10 -9.73 10.01 -10
4 0 -12.59 11.92 -10 -12.82 12.02 -10 -12.38 12.66 -10 -12.21 12.49 -10
4 0 -9.56 12.66 -10 -9.12 12.02 -10 -9.35 11.92 -10 -9.73 12.49 -10
4 0 -12.82 10.49 -10 -12.97 11.25 -10 -12.72 11.25 -10 -12.59 10.58 -10
4 0 -9.22 11.25 -10 -8.97 11.25 -10 -9.12 10.49 -10 -9.35 10.58 -10
4 0 -12.72 11.25 -10 -12.97 11.25 -10 -12.82 12.02 -10 -12.59 11.92 -10
4 0 -9.12 12.02 -10 -8.97 11.25 -10 -9.22 11.25 -10 -9.35 11.92 -10
4 80 -12.59 10.58 -10 -12.72 11.25 -10 -12.59 11.92 -10 -12.21 10.01 -10
4 80 -12.21 10.01 -10 -12.59 11.92 -10 -12.21 12.49 -10 -11.64 9.63 -10
4 80 -11.64 9.63 -10 -12.21 12.49 -10 -11.64 12.87 -10 -10.97 9.5 -10
4 80 -10.97 9.5 -10 -11.64 12.87 -10 -10.97 13 -10 -10.3 12.87 -10
3 80 -10.97 9.5 -10 -10.3 12.87 -10 -10.3 9.63 -10
4 8 -9.73 12.49 -10 -9.73 10.01 -10 -10.3 9.63 -10 -10.3 12.87 -10
4 8 -9.35 11.92 -10 -9.35 10.58 -10 -9.73 10.01 -10 -9.73 12.49 -10
3 0 -9.35 10.58 -10 -9.35 11.92 -10 -9.22 11.25 -10
4 0 10.97 9.25 -10 10.2 9.4 -10 10.3 9.63 -10 10.97 9.5 -10
4 0 11.64 9.63 -10 11.73 9.4 -10 10.97 9.25 -10 10.97 9.5 -10
4 0 10.3 12.87 -10 10.2 13.1 -10 10.97 13.25 -10 10.97 13 -10
4 0 10.97 13.25 -10 11.73 13.1 -10 11.64 12.87 -10 10.97 13 -10
4 0 10.2 9.4 -10 9.56 9.84 -10 9.73 10.01 -10 10.3 9.63 -10
4 0 12.21 10.01 -10 12.38 9.84 -10 11.73 9.4 -10 11.64 9.63 -10
4 0 9.73 12.49 -10 9.56 12.66 -10 10.2 13.1 -10 10.3 12.87 -10
4 0 11.73 13.1 -10 12.38 12.66 -10 12.21 12.49 -10 11.64 12.87 -10
4 0 9.56 9.84 -10 9.12 10.49 -10 9.35 10.58 -10 9.73 10.01 -10
4 0 12.59 10.58 -10 12.82 10.49 -10 12.38 9.84 -10 12.21 10.01 -10
4 0 9.35 11.92 -10 9.12 12.02 -10 9.56 12.66 -10 9.73 12.49 -10
4 0 12.38 12.66 -10 12.82 12.02 -10 12.59 11.92 -10 12.21 12.49 -10
4 0 9.12 10.49 -10 8.97 11.25 -10 9.22 11.25 -10 9.35 10.58 -10
4 0 12.72 11.25 -10 12.97 11.25 -10 12.82 10.49 -10 12.59 10.58 -10
4 0 9.22 11.25 -10 8.97 11.25 -10 9.12 12.02 -10 9.35 11.92 -10
4 0 12.82 12.02 -10 12.97 11.25 -10 12.72 11.25 -10 12.59 11.92 -10
4 80 9.35 10.58 -10 9.22 11.25 -10 9.35 11.92 -10 9.73 10.01 -10
4 80 9.73 10.01 -10 9.35 11.92 -10 9.73 12.49 -10 10.3 9.63 -10
4 80 10.3 9.63 -10 9.73 12.49 -10 10.3 12.87 -10 10.97 9.5 -10
4 80 10.97 9.5 -10 10.3 12.87 -10 10.97 13 -10 11.64 12.87 -10
3 80 10.97 9.5 -10 11.64 12.87 -10 11.64 9.63 -10
4 8 12.21 12.49 -10 12.21 10.01 -10 11.64 9.63 -10 11.64 12.87 -10
4 8 12.59 11.92 -10 12.59 10.58 -10 12.21 10.01 -10 12.21 12.49 -10
3 0 12.59 10.58 -10 12.59 11.92 -10 12.72 11.25 -10
4 0 -12.28 16.75 -10 -13.05 16.9 -10 -12.95 17.13 -10 -12.28 17 -10
4 0 -11.61 17.13 -10 -11.52 16.9 -10 -12.28 16.75 -10 -12.28 17 -10
4 0 -12.95 20.37 -10 -13.05 20.6 -10 -12.28 20.75 -10 -12.28 20.5 -10
4 0 -12.28 20.75 -10 -11.52 20.6 -10 -11.61 20.37 -10 -12.28 20.5 -10
4 0 -13.05 16.9 -10 -13.7 17.34 -10 -13.52 17.51 -10 -12.95 17.13 -10
4 0 -11.04 17.51 -10 -10.87 17.34 -10 -11.52 16.9 -10 -11.61 17.13 -10
4 0 -13.52 19.99 -10 -13.7 20.16 -10 -13.05 20.6 -10 -12.95 20.37 -10
4 0 -11.52 20.6 -10 -10.87 20.16 -10 -11.04 19.99 -10 -11.61 20.37 -10
4 0 -13.7 17.34 -10 -14.13 17.99 -10 -13.9 18.08 -10 -13.52 17.51 -10
4 0 -10.66 18.08 -10 -10.43 17.99 -10 -10.87 17.34 -10 -11.04 17.51 -10
4 0 -13.9 19.42 -10 -14.13 19.52 -10 -13.7 20.16 -10 -13.52 19.99 -10
4 0 -10.87 20.16 -10 -10.43 19.52 -10 -10.66 19.42 -10 -11.04 19.99 -10
4 0 -14.13 17.99 -10 -14.28 18.75 -10 -14.03 18.75 -10 -13.9 18.08 -10
4 0 -10.53 18.75 -10 -10.28 18.75 -10 -10.43 17.99 -10 -10.66 18.08 -10
4 0 -14.03 18.75 -10 -14.28 18.75 -10 -14.13 19.52 -10 -13.9 19.42 -10
4 0 -10.43 19.52 -10 -10.28 18.75 -10 -10.53 18.75 -10 -10.66 19.42 -10
4 80 -13.9 18.08 -10 -14.03 18.75 -10 -13.9 19.42 -10 -13.52 17.51 -10
4 80 -13.52 17.51 -10 -13.9 19.42 -10 -13.52 19.99 -10 -12.95 17.13 -10
4 80 -12.95 17.13 -10 -13.52 19.99 -10 -12.95 20.37 -10 -12.28 17 -10
4 80 -12.28 17 -10 -12.95 20.37 -10 -12.28 20.5 -10 -11.61 20.37 -10
3 80 -12.28 17 -10 -11.61 20.37 -10 -11.61 17.13 -10
4 8 -11.04 19.99 -10 -11.04 17.51 -10 -11.61 17.13 -10 -11.61 20.37 -10
4 8 -10.66 19.42 -10 -10.66 18.08 -10 -11.04 17.51 -10 -11.04 19.99 -10
3 0 -10.66 18.08 -10 -10.66 19.42 -10 -10.53 18.75 -10
4 0 12.28 16.75 -10 11.52 16.9 -10 11.61 17.13 -10 12.28 17 -10
4 0 12.95 17.13 -10 13.05 16.9 -10 12.28 16.75 -10 12.28 17 -10
4 0 11.61 20.37 -10 11.52 20.6 -10 12.28 20.75 -10 12.28 20.5 -10
4 0 12.28 20.75 -10 13.05 20.6 -10 12.95 20.37 -10 12.28 20.5 -10
4 0 11.52 16.9 -10 10.87 17.34 -10 11.04 17.51 -10 11.61 17.13 -10
4 0 13.52 17.51 -10 13.7 17.34 -10 13.05 16.9 -10 12.95 17.13 -10
4 0 11.04 19.99 -10 10.87 20.16 -10 11.52 20.6 -10 11.61 20.37 -10
4 0 13.05 20.6 -10 13.7 20.16 -10 13.52 19.99 -10 12.95 20.37 -10
4 0 10.87 17.34 -10 10.43 17.99 -10 10.66 18.08 -10 11.04 17.51 -10
4 0 13.9 18.08 -10 14.13 17.99 -10 13.7 17.34 -10 13.52 17.51 -10
4 0 10.66 19.42 -10 10.43 19.52 -10 10.87 20.16 -10 11.04 19.99 -10
4 0 13.7 20.16 -10 14.13 19.52 -10 13.9 19.42 -10 13.52 19.99 -10
4 0 10.43 17.99 -10 10.28 18.75 -10 10.53 18.75 -10 10.66 18.08 -10
4 0 14.03 18.75 -10 14.28 18.75 -10 14.13 17.99 -10 13.9 18.08 -10
4 0 10.53 18.75 -10 10.28 18.75 -10 10.43 19.52 -10 10.66 19.42 -10
4 0 14.13 19.52 -10 14.28 18.75 -10 14.03 18.75 -10 13.9 19.42 -10
4 80 10.66 18.08 -10 10.53 18.75 -10 10.66 19.42 -10 11.04 17.51 -10
4 80 11.04 17.51 -10 10.66 19.42 -10 11.04 19.99 -10 11.61 17.13 -10
4 80 11.61 17.13 -10 11.04 19.99 -10 11.61 20.37 -10 12.28 17 -10
4 80 12.28 17 -10 11.61 20.37 -10 12.28 20.5 -10 12.95 20.37 -10
3 80 12.28 17 -10 12.95 20.37 -10 12.95 17.13 -10
4 8 13.52 19.99 -10 13.52 17.51 -10 12.95 17.13 -10 12.95 20.37 -10
4 8 13.9 19.42 -10 13.9 18.08 -10 13.52 17.51 -10 13.52 19.99 -10
3 0 13.9 18.08 -10 13.9 19.42 -10 14.03 18.75 -10
4 0 -13.59 24.25 -10 -14.36 24.4 -10 -14.26 24.63 -10 -13.59 24.5 -10
4 0 -12.92 24.63 -10 -12.83 24.4 -10 -13.59 24.25 -10 -13.59 24.5 -10
4 0 -14.26 27.87 -10 -14.36 28.1 -10 -13.59 28.25 -10 -13.59 28 -10
4 0 -13.59 28.25 -10 -12.83 28.1 -10 -12.92 27.87 -10 -13.59 28 -10
4 0 -14.36 24.4 -10 -15.01 24.84 -10 -14.83 25.01 -10 -14.26 24.63 -10
4 0 -12.36 25.01 -10 -12.18 24.84 -10 -12.83 24.4 -10 -12.92 24.63 -10
4 0 -14.83 27.49 -10 -15.01 27.66 -10 -14.36 28.1 -10 -14.26 27.87 -10
4 0 -12.83 28.1 -10 -12.18 27.66 -10 -12.36 27.49 -10 -12.92 27.87 -10
4 0 -15.01 24.84 -10 -15.44 25.49 -10 -15.21 25.58 -10 -14.83 25.01 -10
4 0 -11.98 25.58 -10 -11.75 25.49 -10 -12.18 24.84 -10 -12.36 25.01 -10
4 0 -15.21 26.92 -10 -15.44 27.02 -10 -15.01 27.66 -10 -14.83 27.49 -10
4 0 -12.18 27.66 -10 -11.75 27.02 -10 -11.98 26.92 -10 -12.36 27.49 -10
4 0 -15.44 25.49 -10 -15.59 26.25 -10 -15.34 26.25 -10 -15.21 25.58 -10
4 0 -11.84 26.25 -10 -11.59 26.25 -10 -11.75 25.49 -10 -11.98 25.58 -10
4 0 -15.34 26.25 -10 -15.59 26.25 -10 -15.44 27.02 -10 -15.21 26.92 -10
4 0 -11.75 27.02 -10 -11.59 26.25 -10 -11.84 26.25 -10 -11.98 26.92 -10
4 80 -15.21 25.58 -10 -15.34 26.25 -10 -15.21 26.92 -10 -14.83 25.01 -10
4 80 -14.83 25.01 -10 -15.21 26.92 -10 -14.83 27.49 -10 -14.26 24.63 -10
4 80 -14.26 24.63 -10 -14.83 27.49 -10 -14.26 27.87 -10 -13.59 24.5 -10
4 80 -13.59 24.5 -10 -14.26 27.87 -10 -13.59 28 -10 -12.92 27.87 -10
3 80 -13.59 24.5 -10 -12.92 27.87 -10 -12.92 24.63 -10
4 8 -12.36 27.49 -10 -12.36 25.01 -10 -12.92 24.63 -10 -12.92 27.87 -10
4 8 -11.98 26.92 -10 -11.98 25.58 -10 -12.36 25.01 -10 -12.36 27.49 -10
3 0 -11.98 25.58 -10 -11.98 26.92 -10 -11.84 26.25 -10
4 0 13.59 24.25 -10 12.83 24.4 -10 12.92 24.63 -10 13.59 24.5 -10
4 0 14.26 24.63 -10 14.36 24.4 -10 13.59 24.25 -10 13.59 24.5 -10
4 0 12.92 27.87 -10 12.83 28.1 -10 13.59 28.25 -10 13.59 28 -10
4 0 13.59 28.25 -10 14.36 28.1 -10 14.26 27.87 -10 13.59 28 -10
4 0 12.83 24.4 -10 12.18 24.84 -10 12.36 25.01 -10 12.92 24.63 -10
4 0 14.83 25.01 -10 15.01 24.84 -10 14.36 24.4 -10 14.26 24.63 -10
4 0 12.36 27.49 -10 12.18 27.66 -10 12.83 28.1 -10 12.92 27.87 -10
4 0 14.36 28.1 -10 15.01 27.66 -10 14.83 27.49 -10 14.26 27.87 -10
4 0 12.18 24.84 -10 11.75 25.49 -10 11.98 25.58 -10 12.36 25.01 -10
4 0 15.21 25.58 -10 15.44 25.49 -10 15.01 24.84 -10 14.83 25.01 -10
4 0 11.98 26.92 -10 11.75 27.02 -10 12.18 27.66 -10 12.36 27.49 -10
4 0 15.01 27.66 -10 15.44 27.02 -10 15.21 26.92 -10 14.83 27.49 -10
4 0 11.75 25.49 -10 11.59 26.25 -10 11.84 26.25 -10 11.98 25.58 -10
4 0 15.34 26.25 -10 15.59 26.25 -10 15.44 25.49 -10 15.21 25.58 -10
4 0 11.84 26.25 -10 11.59 26.25 -10 11.75 27.02 -10 11.98 26.92 -10
4 0 15.44 27.02 -10 15.59 26.25 -10 15.34 26.25 -10 15.21 26.92 -10
4 80 11.98 25.58 -10 11.84 26.25 -10 11.98 26.92 -10 12.36 25.01 -10
4 80 12.36 25.01 -10 11.98 26.92 -10 12.36 27.49 -10 12.92 24.63 -10
4 80 12.92 24.63 -10 12.36 27.49 -10 12.92 27.87 -10 13.59 24.5 -10
4 80 13.59 24.5 -10 12.92 27.87 -10 13.59 28 -10 14.26 27.87 -10
3 80 13.59 24.5 -10 14.26 27.87 -10 14.26 24.63 -10
4 8 14.83 27.49 -10 14.83 25.01 -10 14.26 24.63 -10 14.26 27.87 -10
4 8 15.21 26.92 -10 15.21 25.58 -10 14.83 25.01 -10 14.83 27.49 -10
3 0 15.21 25.58 -10 15.21 26.92 -10 15.34 26.25 -10
4 16 -3.22 1.75 -10 -2.45 1.9 -10 -0.15 0 -10 -5.85 0 -10
4 16 0.15 0 -10 2.45 1.9 -10 3.22 1.75 -10 5.85 0 -10
3 16 -0.15 0 -10 -2.45 1.9 -10 -1.81 2.34 -10
3 16 0.15 0 -10 1.81 2.34 -10 2.45 1.9 -10
3 16 -0.15 0 -10 -1.81 2.34 -10 -1.37 2.99 -10
3 16 0.15 0 -10 1.37 2.99 -10 1.81 2.34 -10
4 16 -0.15 0 -10 -1.37 2.99 -10 -1.22 3.75 -10 -0.15 7.5 -10
4 16 1.22 3.75 -10 1.37 2.99 -10 0.15 0 -10 0.15 7.5 -10
3 16 -1.22 3.75 -10 -1.37 4.51 -10 -0.15 7.5 -10
3 16 1.22 3.75 -10 0.15 7.5 -10 1.37 4.51 -10
3 16 -1.37 4.51 -10 -1.81 5.16 -10 -0.15 7.5 -10
3 16 1.37 4.51 -10 0.15 7.5 -10 1.81 5.16 -10
3 16 -1.81 5.16 -10 -2.45 5.6 -10 -0.15 7.5 -10
3 16 1.81 5.16 -10 0.15 7.5 -10 2.45 5.6 -10
4 16 -0.15 7.5 -10 -2.45 5.6 -10 -3.22 5.75 -10 -6.73 7.5 -10
4 16 3.22 5.75 -10 2.45 5.6 -10 0.15 7.5 -10 6.73 7.5 -10
3 16 -5.85 0 -10 -3.98 1.9 -10 -3.22 1.75 -10
3 16 5.85 0 -10 3.22 1.75 -10 3.98 1.9 -10
3 16 -5.85 0 -10 -4.63 2.34 -10 -3.98 1.9 -10
3 16 5.85 0 -10 3.98 1.9 -10 4.63 2.34 -10
3 16 -5.85 0 -10 -5.07 2.99 -10 -4.63 2.34 -10
3 16 5.85 0 -10 4.63 2.34 -10 5.07 2.99 -10
4 16 -5.22 3.75 -10 -5.07 2.99 -10 -5.85 0 -10 -6.73 7.5 -10
4 16 5.85 0 -10 5.07 2.99 -10 5.22 3.75 -10 6.73 7.5 -10
3 16 -5.22 3.75 -10 -6.73 7.5 -10 -5.07 4.51 -10
3 16 5.22 3.75 -10 5.07 4.51 -10 6.73 7.5 -10
3 16 -5.07 4.51 -10 -6.73 7.5 -10 -4.63 5.16 -10
3 16 5.07 4.51 -10 4.63 5.16 -10 6.73 7.5 -10
3 16 -4.63 5.16 -10 -6.73 7.5 -10 -3.98 5.6 -10
3 16 4.63 5.16 -10 3.98 5.6 -10 6.73 7.5 -10
3 16 -3.98 5.6 -10 -6.73 7.5 -10 -3.22 5.75 -10
3 16 3.98 5.6 -10 3.22 5.75 -10 6.73 7.5 -10
4 16 -3.66 9.25 -10 -2.89 9.4 -10 -0.15 7.5 -10 -6.73 7.5 -10
4 16 0.15 7.5 -10 2.89 9.4 -10 3.66 9.25 -10 6.73 7.5 -10
3 16 -0.15 7.5 -10 -2.89 9.4 -10 -2.24 9.84 -10
3 16 0.15 7.5 -10 2.24 9.84 -10 2.89 9.4 -10
3 16 -0.15 7.5 -10 -2.24 9.84 -10 -1.81 10.49 -10
3 16 0.15 7.5 -10 1.81 10.49 -10 2.24 9.84 -10
4 16 -0.15 7.5 -10 -1.81 10.49 -10 -1.66 11.25 -10 -0.15 15 -10
4 16 1.66 11.25 -10 1.81 10.49 -10 0.15 7.5 -10 0.15 15 -10
3 16 -1.66 11.25 -10 -1.81 12.02 -10 -0.15 15 -10
3 16 1.66 11.25 -10 0.15 15 -10 1.81 12.02 -10
3 16 -1.81 12.02 -10 -2.24 12.66 -10 -0.15 15 -10
3 16 1.81 12.02 -10 0.15 15 -10 2.24 12.66 -10
3 16 -2.24 12.66 -10 -2.89 13.1 -10 -0.15 15 -10
3 16 2.24 12.66 -10 0.15 15 -10 2.89 13.1 -10
4 16 -0.15 15 -10 -2.89 13.1 -10 -3.66 13.25 -10 -7.6 15 -10
4 16 3.66 13.25 -10 2.89 13.1 -10 0.15 15 -10 7.6 15 -10
3 16 -6.73 7.5 -10 -4.42 9.4 -10 -3.66 9.25 -10
3 16 6.73 7.5 -10 3.66 9.25 -10 4.42 9.4 -10
3 16 -6.73 7.5 -10 -5.07 9.84 -10 -4.42 9.4 -10
3 16 6.73 7.5 -10 4.42 9.4 -10 5.07 9.84 -10
3 16 -6.73 7.5 -10 -5.5 10.49 -10 -5.07 9.84 -10
3 16 6.73 7.5 -10 5.07 9.84 -10 5.5 10.49 -10
4 16 -5.66 11.25 -10 -5.5 10.49 -10 -6.73 7.5 -10 -7.6 15 -10
4 16 6.73 7.5 -10 5.5 10.49 -10 5.66 11.25 -10 7.6 15 -10
3 16 -5.66 11.25 -10 -7.6 15 -10 -5.5 12.02 -10
3 16 5.66 11.25 -10 5.5 12.02 -10 7.6 15 -10
3 16 -5.5 12.02 -10 -7.6 15 -10 -5.07 12.66 -10
3 16 5.5 12.02 -10 5.07 12.66 -10 7.6 15 -10
3 16 -5.07 12.66 -10 -7.6 15 -10 -4.42 13.1 -10
3 16 5.07 12.66 -10 4.42 13.1 -10 7.6 15 -10
3 16 -4.42 13.1 -10 -7.6 15 -10 -3.66 13.25 -10
3 16 4.42 13.1 -10 3.66 13.25 -10 7.6 15 -10
4 16 -4.09 16.75 -10 -3.33 16.9 -10 -0.15 15 -10 -7.6 15 -10
4 16 0.15 15 -10 3.33 16.9 -10 4.09 16.75 -10 7.6 15 -10
3 16 -0.15 15 -10 -3.33 16.9 -10 -2.68 17.34 -10
3 16 0.15 15 -10 2.68 17.34 -10 3.33 16.9 -10
3 16 -0.15 15 -10 -2.68 17.34 -10 -2.25 17.99 -10
3 16 0.15 15 -10 2.25 17.99 -10 2.68 17.34 -10
4 16 -0.15 15 -10 -2.25 17.99 -10 -2.09 18.75 -10 -0.15 22.5 -10
4 16 2.09 18.75 -10 2.25 17.99 -10 0.15 15 -10 0.15 22.5 -10
3 16 -2.09 18.75 -10 -2.25 19.52 -10 -0.15 22.5 -10
3 16 2.09 18.75 -10 0.15 22.5 -10 2.25 19.52 -10
3 16 -2.25 19.52 -10 -2.68 20.16 -10 -0.15 22.5 -10
3 16 2.25 19.52 -10 0.15 22.5 -10 2.68 20.16 -10
3 16 -2.68 20.16 -10 -3.33 20.6 -10 -0.15 22.5 -10
3 16 2.68 20.16 -10 0.15 22.5 -10 3.33 20.6 -10
4 16 -0.15 22.5 -10 -3.33 20.6 -10 -4.09 20.75 -10 -8.48 22.5 -10
4 16 4.09 20.75 -10 3.33 20.6 -10 0.15 22.5 -10 8.48 22.5 -10
3 16 -7.6 15 -10 -4.86 16.9 -10 -4.09 16.75 -10
3 16 7.6 15 -10 4.09 16.75 -10 4.86 16.9 -10
3 16 -7.6 15 -10 -5.51 17.34 -10 -4.86 16.9 -10
3 16 7.6 15 -10 4.86 16.9 -10 5.51 17.34 -10
3 16 -7.6 15 -10 -5.94 17.99 -10 -5.51 17.34 -10
3 16 7.6 15 -10 5.51 17.34 -10 5.94 17.99 -10
4 16 -6.09 18.75 -10 -5.94 17.99 -10 -7.6 15 -10 -8.48 22.5 -10
4 16 7.6 15 -10 5.94 17.99 -10 6.09 18.75 -10 8.48 22.5 -10
3 16 -6.09 18.75 -10 -8.48 22.5 -10 -5.94 19.52 -10
3 16 6.09 18.75 -10 5.94 19.52 -10 8.48 22.5 -10
3 16 -5.94 19.52 -10 -8.48 22.5 -10 -5.51 20.16 -10
3 16 5.94 19.52 -10 5.51 20.16 -10 8.48 22.5 -10
3 16 -5.51 20.16 -10 -8.48 22.5 -10 -4.86 20.6 -10
3 16 5.51 20.16 -10 4.86 20.6 -10 8.48 22.5 -10
3 16 -4.86 20.6 -10 -8.48 22.5 -10 -4.09 20.75 -10
3 16 4.86 20.6 -10 4.09 20.75 -10 8.48 22.5 -10
4 16 -4.53 24.25 -10 -3.77 24.4 -10 -0.15 22.5 -10 -8.48 22.5 -10
4 16 0.15 22.5 -10 3.77 24.4 -10 4.53 24.25 -10 8.48 22.5 -10
3 16 -0.15 22.5 -10 -3.77 24.4 -10 -3.12 24.84 -10
3 16 0.15 22.5 -10 3.12 24.84 -10 3.77 24.4 -10
3 16 -0.15 22.5 -10 -3.12 24.84 -10 -2.68 25.49 -10
3 16 0.15 22.5 -10 2.68 25.49 -10 3.12 24.84 -10
4 16 -0.15 22.5 -10 -2.68 25.49 -10 -2.53 26.25 -10 -0.15 30 -10
4 16 2.53 26.25 -10 2.68 25.49 -10 0.15 22.5 -10 0.15 30 -10
3 16 -2.53 26.25 -10 -2.68 27.02 -10 -0.15 30 -10
3 16 2.53 26.25 -10 0.15 30 -10 2.68 27.02 -10
3 16 -2.68 27.02 -10 -3.12 27.66 -10 -0.15 30 -10
3 16 2.68 27.02 -10 0.15 30 -10 3.12 27.66 -10
3 16 -3.12 27.66 -10 -3.77 28.1 -10 -0.15 30 -10
3 16 3.12 27.66 -10 0.15 30 -10 3.77 28.1 -10
4 16 -0.15 30 -10 -3.77 28.1 -10 -4.53 28.25 -10 -9.35 30 -10
4 16 4.53 28.25 -10 3.77 28.1 -10 0.15 30 -10 9.35 30 -10
3 16 -8.48 22.5 -10 -5.3 24.4 -10 -4.53 24.25 -10
3 16 8.48 22.5 -10 4.53 24.25 -10 5.3 24.4 -10
3 16 -8.48 22.5 -10 -5.95 24.84 -10 -5.3 24.4 -10
3 16 8.48 22.5 -10 5.3 24.4 -10 5.95 24.84 -10
3 16 -8.48 22.5 -10 -6.38 25.49 -10 -5.95 24.84 -10
3 16 8.48 22.5 -10 5.95 24.84 -10 6.38 25.49 -10
4 16 -6.53 26.25 -10 -6.38 25.49 -10 -8.48 22.5 -10 -9.35 30 -10
4 16 8.48 22.5 -10 6.38 25.49 -10 6.53 26.25 -10 9.35 30 -10
3 16 -6.53 26.25 -10 -9.35 30 -10 -6.38 27.02 -10
3 16 6.53 26.25 -10 6.38 27.02 -10 9.35 30 -10
3 16 -6.38 27.02 -10 -9.35 30 -10 -5.95 27.66 -10
3 16 6.38 27.02 -10 5.95 27.66 -10 9.35 30 -10
3 16 -5.95 27.66 -10 -9.35 30 -10 -5.3 28.1 -10
3 16 5.95 27.66 -10 5.3 28.1 -10 9.35 30 -10
3 16 -5.3 28.1 -10 -9.35 30 -10 -4.53 28.25 -10
3 16 5.3 28.1 -10 4.53 28.25 -10 9.35 30 -10
4 16 -9.66 1.75 -10 -8.89 1.9 -10 -6.15 0 -10 -12 0 -10
4 16 6.15 0 -10 8.89 1.9 -10 9.66 1.75 -10 12 0 -10
3 16 -6.15 0 -10 -8.89 1.9 -10 -8.24 2.34 -10
3 16 6.15 0 -10 8.24 2.34 -10 8.89 1.9 -10
3 16 -6.15 0 -10 -8.24 2.34 -10 -7.81 2.99 -10
3 16 6.15 0 -10 7.81 2.99 -10 8.24 2.34 -10
3 16 -6.15 0 -10 -7.81 2.99 -10 -7.66 3.75 -10
3 16 6.15 0 -10 7.66 3.75 -10 7.81 2.99 -10
4 16 -7.66 3.75 -10 -7.81 4.51 -10 -7.03 7.5 -10 -6.15 0 -10
4 16 7.03 7.5 -10 7.81 4.51 -10 7.66 3.75 -10 6.15 0 -10
3 16 -7.81 4.51 -10 -8.24 5.16 -10 -7.03 7.5 -10
3 16 7.81 4.51 -10 7.03 7.5 -10 8.24 5.16 -10
3 16 -8.24 5.16 -10 -8.89 5.6 -10 -7.03 7.5 -10
3 16 8.24 5.16 -10 7.03 7.5 -10 8.89 5.6 -10
4 16 -7.03 7.5 -10 -8.89 5.6 -10 -9.66 5.75 -10 -15.29 7.5 -10
4 16 9.66 5.75 -10 8.89 5.6 -10 7.03 7.5 -10 15.29 7.5 -10
3 16 -12 0 -10 -10.42 1.9 -10 -9.66 1.75 -10
3 16 12 0 -10 9.66 1.75 -10 10.42 1.9 -10
3 16 -12 0 -10 -11.07 2.34 -10 -10.42 1.9 -10
3 16 12 0 -10 10.42 1.9 -10 11.07 2.34 -10
3 16 -12 0 -10 -11.5 2.99 -10 -11.07 2.34 -10
3 16 12 0 -10 11.07 2.34 -10 11.5 2.99 -10
4 16 -11.66 3.75 -10 -11.5 2.99 -10 -12 0 -10 -15.29 7.5 -10
4 16 12 0 -10 11.5 2.99 -10 11.66 3.75 -10 15.29 7.5 -10
3 16 -11.66 3.75 -10 -15.29 7.5 -10 -11.5 4.51 -10
3 16 11.66 3.75 -10 11.5 4.51 -10 15.29 7.5 -10
3 16 -11.5 4.51 -10 -15.29 7.5 -10 -11.07 5.16 -10
3 16 11.5 4.51 -10 11.07 5.16 -10 15.29 7.5 -10
3 16 -11.07 5.16 -10 -15.29 7.5 -10 -10.42 5.6 -10
3 16 11.07 5.16 -10 10.42 5.6 -10 15.29 7.5 -10
3 16 -10.42 5.6 -10 -15.29 7.5 -10 -9.66 5.75 -10
3 16 10.42 5.6 -10 9.66 5.75 -10 15.29 7.5 -10
3 16 -12 0 -10 -14.345 2 -10 -15.29 7.5 -10
3 16 12 0 -10 15.29 7.5 -10 14.345 2 -10
4 16 -10.97 9.25 -10 -10.2 9.4 -10 -7.03 7.5 -10 -15.29 7.5 -10
4 16 7.03 7.5 -10 10.2 9.4 -10 10.97 9.25 -10 15.29 7.5 -10
3 16 -7.03 7.5 -10 -10.2 9.4 -10 -9.56 9.84 -10
3 16 7.03 7.5 -10 9.56 9.84 -10 10.2 9.4 -10
3 16 -7.03 7.5 -10 -9.56 9.84 -10 -9.12 10.49 -10
3 16 7.03 7.5 -10 9.12 10.49 -10 9.56 9.84 -10
4 16 -7.03 7.5 -10 -9.12 10.49 -10 -8.97 11.25 -10 -7.9 15 -10
4 16 8.97 11.25 -10 9.12 10.49 -10 7.03 7.5 -10 7.9 15 -10
3 16 -8.97 11.25 -10 -9.12 12.02 -10 -7.9 15 -10
3 16 8.97 11.25 -10 7.9 15 -10 9.12 12.02 -10
3 16 -9.12 12.02 -10 -9.56 12.66 -10 -7.9 15 -10
3 16 9.12 12.02 -10 7.9 15 -10 9.56 12.66 -10
3 16 -9.56 12.66 -10 -10.2 13.1 -10 -7.9 15 -10
3 16 9.56 12.66 -10 7.9 15 -10 10.2 13.1 -10
4 16 -7.9 15 -10 -10.2 13.1 -10 -10.97 13.25 -10 -16.59 15 -10
4 16 10.97 13.25 -10 10.2 13.1 -10 7.9 15 -10 16.59 15 -10
3 16 -15.29 7.5 -10 -11.73 9.4 -10 -10.97 9.25 -10
3 16 15.29 7.5 -10 10.97 9.25 -10 11.73 9.4 -10
3 16 -15.29 7.5 -10 -12.38 9.84 -10 -11.73 9.4 -10
3 16 15.29 7.5 -10 11.73 9.4 -10 12.38 9.84 -10
3 16 -15.29 7.5 -10 -12.82 10.49 -10 -12.38 9.84 -10
3 16 15.29 7.5 -10 12.38 9.84 -10 12.82 10.49 -10
4 16 -12.97 11.25 -10 -12.82 10.49 -10 -15.29 7.5 -10 -16.59 15 -10
4 16 15.29 7.5 -10 12.82 10.49 -10 12.97 11.25 -10 16.59 15 -10
3 16 -12.97 11.25 -10 -16.59 15 -10 -12.82 12.02 -10
3 16 12.97 11.25 -10 12.82 12.02 -10 16.59 15 -10
3 16 -12.82 12.02 -10 -16.59 15 -10 -12.38 12.66 -10
3 16 12.82 12.02 -10 12.38 12.66 -10 16.59 15 -10
3 16 -12.38 12.66 -10 -16.59 15 -10 -11.73 13.1 -10
3 16 12.38 12.66 -10 11.73 13.1 -10 16.59 15 -10
3 16 -11.73 13.1 -10 -16.59 15 -10 -10.97 13.25 -10
3 16 11.73 13.1 -10 10.97 13.25 -10 16.59 15 -10
4 16 -12.28 16.75 -10 -11.52 16.9 -10 -7.9 15 -10 -16.59 15 -10
4 16 7.9 15 -10 11.52 16.9 -10 12.28 16.75 -10 16.59 15 -10
3 16 -7.9 15 -10 -11.52 16.9 -10 -10.87 17.34 -10
3 16 7.9 15 -10 10.87 17.34 -10 11.52 16.9 -10
3 16 -7.9 15 -10 -10.87 17.34 -10 -10.43 17.99 -10
3 16 7.9 15 -10 10.43 17.99 -10 10.87 17.34 -10
4 16 -7.9 15 -10 -10.43 17.99 -10 -10.28 18.75 -10 -8.78 22.5 -10
4 16 10.28 18.75 -10 10.43 17.99 -10 7.9 15 -10 8.78 22.5 -10
3 16 -10.28 18.75 -10 -10.43 19.52 -10 -8.78 22.5 -10
3 16 10.28 18.75 -10 8.78 22.5 -10 10.43 19.52 -10
3 16 -10.43 19.52 -10 -10.87 20.16 -10 -8.78 22.5 -10
3 16 10.43 19.52 -10 8.78 22.5 -10 10.87 20.16 -10
3 16 -10.87 20.16 -10 -11.52 20.6 -10 -8.78 22.5 -10
3 16 10.87 20.16 -10 8.78 22.5 -10 11.52 20.6 -10
4 16 -8.78 22.5 -10 -11.52 20.6 -10 -12.28 20.75 -10 -17.88 22.5 -10
4 16 12.28 20.75 -10 11.52 20.6 -10 8.78 22.5 -10 17.88 22.5 -10
3 16 -16.59 15 -10 -13.05 16.9 -10 -12.28 16.75 -10
3 16 16.59 15 -10 12.28 16.75 -10 13.05 16.9 -10
3 16 -16.59 15 -10 -13.7 17.34 -10 -13.05 16.9 -10
3 16 16.59 15 -10 13.05 16.9 -10 13.7 17.34 -10
3 16 -16.59 15 -10 -14.13 17.99 -10 -13.7 17.34 -10
3 16 16.59 15 -10 13.7 17.34 -10 14.13 17.99 -10
4 16 -14.28 18.75 -10 -14.13 17.99 -10 -16.59 15 -10 -17.88 22.5 -10
4 16 16.59 15 -10 14.13 17.99 -10 14.28 18.75 -10 17.88 22.5 -10
3 16 -14.28 18.75 -10 -17.88 22.5 -10 -14.13 19.52 -10
3 16 14.28 18.75 -10 14.13 19.52 -10 17.88 22.5 -10
3 16 -14.13 19.52 -10 -17.88 22.5 -10 -13.7 20.16 -10
3 16 14.13 19.52 -10 13.7 20.16 -10 17.88 22.5 -10
3 16 -13.7 20.16 -10 -17.88 22.5 -10 -13.05 20.6 -10
3 16 13.7 20.16 -10 13.05 20.6 -10 17.88 22.5 -10
3 16 -13.05 20.6 -10 -17.88 22.5 -10 -12.28 20.75 -10
3 16 13.05 20.6 -10 12.28 20.75 -10 17.88 22.5 -10
4 16 -13.59 24.25 -10 -12.83 24.4 -10 -8.78 22.5 -10 -17.88 22.5 -10
4 16 8.78 22.5 -10 12.83 24.4 -10 13.59 24.25 -10 17.88 22.5 -10
3 16 -8.78 22.5 -10 -12.83 24.4 -10 -12.18 24.84 -10
3 16 8.78 22.5 -10 12.18 24.84 -10 12.83 24.4 -10
3 16 -8.78 22.5 -10 -12.18 24.84 -10 -11.75 25.49 -10
3 16 8.78 22.5 -10 11.75 25.49 -10 12.18 24.84 -10
4 16 -8.78 22.5 -10 -11.75 25.49 -10 -11.59 26.25 -10 -9.65 30 -10
4 16 11.59 26.25 -10 11.75 25.49 -10 8.78 22.5 -10 9.65 30 -10
3 16 -11.59 26.25 -10 -11.75 27.02 -10 -9.65 30 -10
3 16 11.59 26.25 -10 9.65 30 -10 11.75 27.02 -10
3 16 -11.75 27.02 -10 -12.18 27.66 -10 -9.65 30 -10
3 16 11.75 27.02 -10 9.65 30 -10 12.18 27.66 -10
3 16 -12.18 27.66 -10 -12.83 28.1 -10 -9.65 30 -10
3 16 12.18 27.66 -10 9.65 30 -10 12.83 28.1 -10
3 16 -12.83 28.1 -10 -13.59 28.25 -10 -9.65 30 -10
3 16 12.83 28.1 -10 9.65 30 -10 13.59 28.25 -10
3 16 -17.88 22.5 -10 -14.36 24.4 -10 -13.59 24.25 -10
3 16 17.88 22.5 -10 13.59 24.25 -10 14.36 24.4 -10
3 16 -17.88 22.5 -10 -15.01 24.84 -10 -14.36 24.4 -10
3 16 17.88 22.5 -10 14.36 24.4 -10 15.01 24.84 -10
3 16 -17.88 22.5 -10 -15.44 25.49 -10 -15.01 24.84 -10
3 16 17.88 22.5 -10 15.01 24.84 -10 15.44 25.49 -10
4 16 -15.59 26.25 -10 -15.44 25.49 -10 -17.88 22.5 -10 -19 29 -10
4 16 17.88 22.5 -10 15.44 25.49 -10 15.59 26.25 -10 19 29 -10
3 16 -15.59 26.25 -10 -19 29 -10 -15.44 27.02 -10
3 16 15.59 26.25 -10 15.44 27.02 -10 19 29 -10
3 16 -15.44 27.02 -10 -19 29 -10 -15.01 27.66 -10
3 16 15.44 27.02 -10 15.01 27.66 -10 19 29 -10
3 16 -15.01 27.66 -10 -19 29 -10 -14.36 28.1 -10
3 16 15.01 27.66 -10 14.36 28.1 -10 19 29 -10
4 16 -13.59 28.25 -10 -14.36 28.1 -10 -19 29 -10 -9.65 30 -10
4 16 19 29 -10 14.36 28.1 -10 13.59 28.25 -10 9.65 30 -10
3 16 -19 29 -10 -19 30 -10 -9.65 30 -10
3 16 19 29 -10 9.65 30 -10 19 30 -10
4 0 -6.15 0 -10 -7.03 7.5 -10 -6.73 7.5 -10 -5.85 0 -10
4 0 -7.03 7.5 -10 -7.9 15 -10 -7.6 15 -10 -6.73 7.5 -10
4 0 -7.9 15 -10 -8.78 22.5 -10 -8.48 22.5 -10 -7.6 15 -10
4 0 -8.78 22.5 -10 -9.65 30 -10 -9.35 30 -10 -8.48 22.5 -10
4 0 0.15 22.5 -10 -0.15 22.5 -10 -0.15 30 -10 0.15 30 -10
4 0 0.15 15 -10 -0.15 15 -10 -0.15 22.5 -10 0.15 22.5 -10
4 0 0.15 7.5 -10 -0.15 7.5 -10 -0.15 15 -10 0.15 15 -10
4 0 0.15 0 -10 -0.15 0 -10 -0.15 7.5 -10 0.15 7.5 -10
4 0 5.85 0 -10 6.73 7.5 -10 7.03 7.5 -10 6.15 0 -10
4 0 6.73 7.5 -10 7.6 15 -10 7.9 15 -10 7.03 7.5 -10
4 0 7.6 15 -10 8.48 22.5 -10 8.78 22.5 -10 7.9 15 -10
4 0 8.48 22.5 -10 9.35 30 -10 9.65 30 -10 8.78 22.5 -10
4 0 0.15 30 -10 -0.15 30 -10 -19 32 -10 19 32 -10
3 0 9.35 30 -10 0.15 30 -10 19 32 -10
3 0 9.65 30 -10 9.35 30 -10 19 32 -10
3 0 19 30 -10 9.65 30 -10 19 32 -10
3 0 -0.15 30 -10 -9.35 30 -10 -19 32 -10
3 0 -9.35 30 -10 -9.65 30 -10 -19 32 -10
3 0 -9.65 30 -10 -19 30 -10 -19 32 -10
