0 Minifig Torso with Wolfpack Pattern
0 Name: 973p44.dat
0 Author: Chris Dee [cwdee]
0 !LDRAW_ORG Part UPDATE 2013-01
0 !LICENSE Redistributable under CCAL version 2.0 : see CAreadme.txt

0 BFC CERTIFY CCW

0 !HISTORY 2000-09-30 [PTadmin] Official Update 2000-02
0 !HISTORY 2001-10-26 [PTadmin] Official Update 2001-01
0 !HISTORY 2001-10-29 [sbliss] Added neckmark
0 !HISTORY 2001-11-30 [PTadmin] Official Update 2001-02
0 !HISTORY 2007-07-29 [PTadmin] Header formatted for Contributor Agreement
0 !HISTORY 2008-07-01 [PTadmin] Official Update 2008-01
0 !HISTORY 2012-04-08 [BlackBrick89] Colour cleanup
0 !HISTORY 2012-11-29 [MagFors] BFC'd, removed t-junctions, corrected colour 320
0 !HISTORY 2013-07-21 [PTadmin] Official Update 2013-01

1 16 0 0 0 1 0 0 0 1 0 0 0 1 s\973s01.dat
4 16 14.345 2 10 -14.345 2 10 -12 0 10 12 0 10
4 16 19 29 10 -19 29 10 -14.345 2 10 14.345 2 10
4 16 19 32 10 -19 32 10 -19 29 10 19 29 10
0 // Neck mark
1 0 0 -4 0 4.243 0 -4.243 0 -8 0 -4.243 0 -4.243 1-4cyli.dat

1 80 0 14.8 0 0.6 0 0 0 0.6 0 0 0 1 s\3846p44a.dat
1 0 0 14.8 0 0.6 0 0 0 0.6 0 0 0 1 s\3846p44b.dat
1 320 0 0 0 1 0 0 0 1 0 0 0 1 s\973p44c.dat

4 0 6 10 -10 8 8 -10 -8 8 -10 -6 10 -10
3 0 -6.6 10 -10 -6 10 -10 -8 8 -10
3 0 8 8 -10 6 10 -10 6.6 10 -10
4 0 6.6 18.4 -10 8 18 -10 8 8 -10 6.6 10 -10
4 0 7 21.5 -10 8 18 -10 6.6 18.4 -10 6.6 19.6 -10
4 0 3.9 23.8 -10 5.5 24 -10 7 21.5 -10 6.6 19.6 -10
4 0 1.2 28 -10 3.5 26.5 -10 5.5 24 -10 3.9 23.8 -10
3 0 0 29 -10 3.5 26.5 -10 1.2 28 -10
3 0 0 29 -10 1.2 28 -10 -1.2 28 -10
4 0 -6.6 10 -10 -8 8 -10 -8 18 -10 -6.6 18.4 -10
4 0 -8 18 -10 -7 21.5 -10 -6.6 19.6 -10 -6.6 18.4 -10
4 0 -6.6 19.6 -10 -7 21.5 -10 -5.5 24 -10 -3.9 23.8 -10
4 0 -3.5 26.5 -10 -1.2 28 -10 -3.9 23.8 -10 -5.5 24 -10
3 0 -1.2 28 -10 -3.5 26.5 -10 0 29 -10

4 16 10 6 -10 12 0 -10 -12 0 -10 -10 6 -10
3 16 14.345 2 -10 12 0 -10 10 6 -10
4 16 10 18 -10 19 29 -10 14.345 2 -10 10 6 -10
3 16 9 22 -10 19 29 -10 10 18 -10
3 16 7 25.5 -10 19 29 -10 9 22 -10
3 16 4 28.5 -10 19 29 -10 7 25.5 -10
4 16 0 31 -10 19 32 -10 19 29 -10 4 28.5 -10
3 16 -10 6 -10 -12 0 -10 -14.345 2 -10
4 16 -10 6 -10 -14.345 2 -10 -19 29 -10 -10 18 -10
3 16 -10 18 -10 -19 29 -10 -9 22 -10
3 16 -9 22 -10 -19 29 -10 -7 25.5 -10
3 16 -7 25.5 -10 -19 29 -10 -4 28.5 -10
4 16 -19 29 -10 -19 32 -10 0 31 -10 -4 28.5 -10
3 16 0 31 -10 -19 32 -10 19 32 -10
