0 Tile  1 x  1 Round with Swirl / Wave Pattern
0 Name: 98138pm8.dat
0 Author: Gerald Lasser [GeraldLasser]
0 !LDRAW_ORG Part UPDATE 2017-01
0 !LICENSE Redistributable under CCAL version 2.0 : see CAreadme.txt

0 BFC CERTIFY CCW

0 !KEYWORDS BrickLink 98138pb069, Disney, Moana, Pounamu Stone

0 !HISTORY 2017-12-30 [PTadmin] Official Update 2017-01

1 16 0 0 0 1 0 0 0 1 0 0 0 1 s\98138s01.dat
1 28 0 0 0 8 0 0 0 1 0 0 0 8 4-4ering.dat
1 16 0 0 0 1 0 0 0 1 0 0 0 1 4-4ring8.dat
1 308 -4.49 0 -0.18 0.5 0 0 0 1 0 0 0 0.5 4-4disc.dat
1 28 -4.12 0 -2.45 0.7 0 0 0 1 0 0 0 0.7 4-4ndis.dat
1 308 -4.12 0 -2.45 0.7 0 0 0 1 0 0 0 0.7 4-4disc.dat
1 28 -4.49 0 -0.18 0.5 0 0 0 1 0 0 0 0.5 4-4ndis.dat
1 308 -2.66 0 -4.65 1 0 0 0 1 0 0 0 1 4-4disc.dat
1 28 -2.66 0 -4.65 0.707107 0 0.707107 0 1 0 -0.707107 0 0.707107 4-4ndis.dat
4 308 -1.8 0 -7.3 -1 0 -7.4 -2.6 0 -6.6 -2.7 0 -7.1
4 308 -3.89 0 -6.54 -2.7 0 -7.1 -2.6 0 -6.6 -3.5 0 -5.9
4 308 -4.87 0 -5.66 -3.89 0 -6.54 -3.5 0 -5.9 -4.3 0 -5
4 308 -5.62 0 -4.52 -4.87 0 -5.66 -4.3 0 -5 -4.89 0 -4.12
4 308 -6.25 0 -3.09 -5.62 0 -4.52 -4.89 0 -4.12 -5.45 0 -2.87
4 308 -6.53 0 -1.88 -6.25 0 -3.09 -5.45 0 -2.87 -5.76 0 -1.75
4 308 -6.68 0 -0.75 -6.53 0 -1.88 -5.76 0 -1.75 -5.91 0 -0.7
4 308 -6.76 0 0.23 -6.68 0 -0.75 -5.91 0 -0.7 -5.95 0 0.23
4 308 -6.66 0 1.5 -6.76 0 0.23 -5.95 0 0.23 -5.9 0 1.42
4 308 -6.36 0 2.63 -6.66 0 1.5 -5.9 0 1.42 -5.71 0 2.42
4 308 -5.86 0 3.83 -6.36 0 2.63 -5.71 0 2.42 -5.26 0 3.53
4 308 -5.18 0 4.92 -5.86 0 3.83 -5.26 0 3.53 -4.7 0 4.48
4 308 -4.27 0 5.87 -5.18 0 4.92 -4.7 0 4.48 -3.85 0 5.32
4 308 -3.31 0 6.49 -4.27 0 5.87 -3.85 0 5.32 -2.92 0 5.92
4 308 -2.05 0 7.05 -3.31 0 6.49 -2.92 0 5.92 -1.78 0 6.38
4 308 -0.79 0 7.34 -2.05 0 7.05 -1.78 0 6.38 -0.67 0 6.62
4 308 -0.01 0 7.39 -0.79 0 7.34 -0.67 0 6.62 0 0 6.69
4 308 1.15 0 7.29 -0.01 0 7.39 0 0 6.69 1.12 0 6.61
4 308 2.33 0 7.07 1.15 0 7.29 1.12 0 6.61 2.09 0 6.38
4 308 3.5 0 6.44 2.33 0 7.07 2.09 0 6.38 3.09 0 5.91
4 308 4.51 0 5.55 3.5 0 6.44 3.09 0 5.91 3.95 0 5.12
4 308 5.12 0 4.31 4.51 0 5.55 3.95 0 5.12 4.49 0 4.12
4 308 5.33 0 3.25 5.12 0 4.31 4.49 0 4.12 4.72 0 3.15
4 308 5.4 0 2.17 5.33 0 3.25 4.72 0 3.15 4.78 0 2.14
4 308 5.31 0 0.93 5.4 0 2.17 4.78 0 2.14 4.67 0 1.02
4 308 4.92 0 -0.16 5.31 0 0.93 4.67 0 1.02 4.32 0 0.18
4 308 4.22 0 -1.05 4.92 0 -0.16 4.32 0 0.18 3.77 0 -0.49
4 308 3.25 0 -1.68 4.22 0 -1.05 3.77 0 -0.49 2.95 0 -0.99
4 308 2.34 0 -1.89 3.25 0 -1.68 2.95 0 -0.99 2.31 0 -1.12
4 308 1.53 0 -1.81 2.34 0 -1.89 2.31 0 -1.12 1.65 0 -1.06
4 308 0.79 0 -1.49 1.53 0 -1.81 1.65 0 -1.06 1.15 0 -0.8
4 308 0.3 0 -1.04 0.79 0 -1.49 1.15 0 -0.8 0.83 0 -0.51
4 308 0.04 0 -0.42 0.3 0 -1.04 0.83 0 -0.51 0.72 0 -0.11
4 308 -0.02 0 0.12 0.04 0 -0.42 0.72 0 -0.11 0.74 0 0.27
4 308 0.14 0 0.72 -0.02 0 0.12 0.74 0 0.27 0.94 0 0.55
4 308 0.54 0 1.19 0.14 0 0.72 0.94 0 0.55 1.34 0 0.79
4 308 1.03 0 1.57 0.54 0 1.19 1.34 0 0.79 1.94 0 0.98
4 308 1.67 0 1.79 1.03 0 1.57 1.94 0 0.98 2.39 0 1.3
4 308 1.93 0 2 1.67 0 1.79 2.39 0 1.3 2.6 0 1.68
4 308 1.93 0 2 2.6 0 1.68 2.65 0 2.28 1.95 0 2.27
4 308 1.95 0 2.27 2.65 0 2.28 2.49 0 2.92 1.81 0 2.61
4 308 1.81 0 2.61 2.49 0 2.92 2.12 0 3.52 1.55 0 2.94
4 308 1.55 0 2.94 2.12 0 3.52 1.58 0 3.93 1.08 0 3.21
4 308 1.08 0 3.21 1.58 0 3.93 1.04 0 4.1 0.5 0 3.32
4 308 0.5 0 3.32 1.04 0 4.1 0.45 0 4.16 -0.26 0 4.11
4 308 -0.21 0 3.3 0.5 0 3.32 -0.26 0 4.11 -1.19 0 3.79
4 308 -0.93 0 3.12 -0.21 0 3.3 -1.19 0 3.79 -2 0 3.31
4 308 -1.56 0 2.8 -0.93 0 3.12 -2 0 3.31 -2.73 0 2.45
4 308 -2.15 0 2.14 -1.56 0 2.8 -2.73 0 2.45 -3.12 0 1.57
4 308 -2.5 0 1.38 -2.15 0 2.14 -3.12 0 1.57 -3.35 0 0.65
4 308 -2.63 0 0.59 -2.5 0 1.38 -3.35 0 0.65 -3.4 0 -0.32
4 308 -2.68 0 -0.27 -2.63 0 0.59 -3.4 0 -0.32 -3.29 0 -1.36
4 308 -2.61 0 -1.09 -2.68 0 -0.27 -3.29 0 -1.36 -2.81 0 -2.43
4 308 -2.26 0 -2.01 -2.61 0 -1.09 -2.81 0 -2.43 -2.16 0 -3.36
4 308 -1.73 0 -2.76 -2.26 0 -2.01 -2.16 0 -3.36 -1.23 0 -4.18
4 308 -0.89 0 -3.57 -1.73 0 -2.76 -1.23 0 -4.18 -0.23 0 -4.71
4 308 -0.03 0 -4.05 -0.89 0 -3.57 -0.23 0 -4.71 0.97 0 -5.03
4 308 1.08 0 -4.33 -0.03 0 -4.05 0.97 0 -5.03 2.23 0 -5.15
4 308 2.2 0 -4.43 1.08 0 -4.33 2.23 0 -5.15 3.52 0 -5.07
4 308 3.43 0 -4.32 2.2 0 -4.43 3.52 0 -5.07 4.8 0 -4.76
4 308 4.59 0 -4.05 3.43 0 -4.32 4.8 0 -4.76 6.24 0 -4.16
4 308 5.75 0 -3.53 4.59 0 -4.05 6.24 0 -4.16 6.79 0 -3.35
3 308 7.07 0 -2.7 5.75 0 -3.53 6.79 0 -3.35
4 308 -1.3 0 1.82 -1.57 0 1.53 -1.38 0 1.52 -0.98 0 1.73
4 308 -0.89 0 2.03 -1.3 0 1.82 -0.98 0 1.73 -0.51 0 1.83
4 308 -0.17 0 2.15 -0.51 0 1.83 -0.12 0 1.8 0.18 0 2.14
4 308 0.48 0 2.07 0.18 0 2.14 -0.12 0 1.8 0.15 0 1.75
4 308 0.15 0 1.75 -0.12 0 1.8 -0.33 0 1.58 -0.12 0 1.36
4 308 -0.12 0 1.36 -0.33 0 1.58 -0.5 0 1.29 -0.62 0 1.02
4 308 -0.32 0 0.99 -0.12 0 1.36 -0.62 0 1.02 -0.52 0 0.69
3 308 -0.62 0 1.02 -0.66 0 0.69 -0.52 0 0.69
4 308 -1.23 0 -0.14 -1.48 0 0.2 -1.61 0 -0.25 -1.32 0 -0.54
4 308 -1.32 0 -0.54 -1.61 0 -0.25 -1.63 0 -0.73 -1.37 0 -0.94
4 308 -1.37 0 -0.94 -1.63 0 -0.73 -1.59 0 -1.25 -1.34 0 -1.4
4 308 -1.34 0 -1.4 -1.59 0 -1.25 -1.4 0 -1.77 -1.21 0 -1.77
4 308 -1.21 0 -1.77 -1.4 0 -1.77 -1.25 0 -1.98 -1.16 0 -1.95
4 308 -1.23 0 -0.14 -1.32 0 -0.54 -1.04 0 -0.76 -0.91 0 -0.5
4 308 -0.91 0 -0.5 -1.04 0 -0.76 -0.76 0 -0.96 -0.65 0 -0.75
4 308 -0.65 0 -0.75 -0.76 0 -0.96 -0.52 0 -1.07 -0.43 0 -0.97
3 308 -0.43 0 -0.97 -0.52 0 -1.07 -0.3 0 -1.07
4 308 0.17 0 -2.81 -0.28 0 -2.83 0 0 -3.26 0.39 0 -3.16
4 308 0.17 0 -2.81 0.39 0 -3.16 0.48 0 -3.1 0.63 0 -2.74
4 308 0.63 0 -2.74 0.48 0 -3.1 0.92 0 -2.98 1.13 0 -2.61
4 308 1.13 0 -2.61 0.92 0 -2.98 1.37 0 -2.8 1.65 0 -2.58
3 308 1.48 0 -2.52 1.13 0 -2.61 1.65 0 -2.58
4 308 0.39 0 -3.16 0 0 -3.26 0.42 0 -3.58 0.84 0 -3.46
4 308 0.84 0 -3.46 0.42 0 -3.58 0.95 0 -3.85 1.35 0 -3.72
4 308 1.35 0 -3.72 0.95 0 -3.85 1.56 0 -4 1.63 0 -3.84
4 308 3.56 0 -3.06 3.02 0 -3.02 2.98 0 -3.09 3.03 0 -3.2
4 308 3.56 0 -3.06 3.03 0 -3.2 3.34 0 -3.37 3.74 0 -3.44
4 308 3.97 0 -3.18 3.56 0 -3.06 3.74 0 -3.44 4.3 0 -3.47
4 308 4.5 0 -3.18 3.97 0 -3.18 4.3 0 -3.47 4.94 0 -3.32
4 308 4.97 0 -3.08 4.5 0 -3.18 4.94 0 -3.32 5.05 0 -3.2
4 308 3.02 0 -3.02 3.56 0 -3.06 3.78 0 -2.91 3.47 0 -2.74
4 308 3.47 0 -2.74 3.78 0 -2.91 4.11 0 -2.56 3.9 0 -2.4
4 308 4.21 0 -2.1 3.9 0 -2.4 4.11 0 -2.56 4.31 0 -2.23
4 308 5.56 0 -1.4 5.98 0 -1.16 5.87 0 -0.8 5.43 0 -1.4
3 308 5.87 0 -0.8 5.51 0 -0.9 5.43 0 -1.4
4 308 5.55 0 -0.47 5.51 0 -0.9 5.87 0 -0.8 5.87 0 -0.32
4 308 5.55 0 -0.47 5.87 0 -0.32 5.83 0 0.18 5.56 0 0.07
4 308 5.53 0 0.5 5.56 0 0.07 5.83 0 0.18 5.69 0 0.46
4 308 6.15 0 -0.63 5.87 0 -0.8 5.98 0 -1.16 6.31 0 -0.91
4 308 6.15 0 -0.63 6.31 0 -0.91 6.76 0 -0.4 6.57 0 -0.24
4 308 6.83 0 0.18 6.57 0 -0.24 6.76 0 -0.4 6.92 0 -0.03
4 308 1.98 0 -0.04 2.07 0 0.35 1.92 0 0.26 1.89 0 0.01
3 308 1.92 0 0.26 1.84 0 0.13 1.89 0 0.01
4 308 2.07 0 0.35 1.98 0 -0.04 2.27 0 -0.05 2.42 0 0.55
4 308 2.42 0 0.55 2.27 0 -0.05 2.69 0 0.01 3.08 0 0.16
4 308 2.42 0 0.55 3.08 0 0.16 2.94 0 0.49 2.88 0 0.6
4 308 3.16 0 0.51 2.94 0 0.49 3.08 0 0.16 3.41 0 0.31
4 308 3.62 0 0.79 3.16 0 0.51 3.41 0 0.31 3.81 0 0.6
4 308 3.62 0 0.79 3.81 0 0.6 4.13 0 1.03 3.91 0 1.14
4 308 3.91 0 1.14 4.13 0 1.03 4.31 0 1.58 4.06 0 1.62
4 308 4.08 0 2.13 4.06 0 1.62 4.31 0 1.58 4.33 0 2.17
4 308 4.08 0 2.13 4.33 0 2.17 4.28 0 2.78 4.04 0 2.73
4 308 4.04 0 2.73 4.28 0 2.78 4.18 0 3.41 3.93 0 3.3
4 308 3.69 0 3.84 3.93 0 3.3 4.18 0 3.41 3.97 0 3.92
4 308 3.69 0 3.84 3.97 0 3.92 3.62 0 4.51 3.4 0 4.36
4 308 3 0 4.78 3.4 0 4.36 3.62 0 4.51 3.19 0 5
4 308 3 0 4.78 3.19 0 5 2.72 0 5.4 2.53 0 5.19
4 308 2.53 0 5.19 2.72 0 5.4 2.12 0 5.78 2.01 0 5.48
4 308 2.01 0 5.48 2.12 0 5.78 1.44 0 5.98 1.37 0 5.67
4 308 1.37 0 5.67 1.44 0 5.98 0.8 0 6.09 0.75 0 5.75
4 308 0.75 0 5.75 0.8 0 6.09 0.07 0 6.11 0.16 0 5.79
4 308 0.16 0 5.79 0.07 0 6.11 -0.82 0 6.02 -0.75 0 5.7
4 308 -0.75 0 5.7 -0.82 0 6.02 -1.74 0 5.74 -1.6 0 5.47
4 308 -1.6 0 5.47 -1.74 0 5.74 -2.47 0 5.37 -2.31 0 5.12
4 308 -2.31 0 5.12 -2.47 0 5.37 -3.17 0 4.92 -2.94 0 4.7
4 308 -2.94 0 4.7 -3.17 0 4.92 -3.74 0 4.35 -3.49 0 4.17
4 308 -3.49 0 4.17 -3.74 0 4.35 -4.19 0 3.75 -3.93 0 3.61
4 308 -3.93 0 3.61 -4.19 0 3.75 -4.53 0 3.14 -4.25 0 3.02
4 308 -4.25 0 3.02 -4.53 0 3.14 -4.78 0 2.53 -4.52 0 2.42
4 308 -4.52 0 2.42 -4.78 0 2.53 -5.02 0 1.9 -4.73 0 1.83
4 308 -4.78 0 1.56 -4.73 0 1.83 -5.02 0 1.9 -5.07 0 1.23
4 308 -4.78 0 1.56 -5.07 0 1.23 -4.73 0 1.22 -4.16 0 1.54
3 308 -4.16 0 1.54 -4.73 0 1.22 -4.2 0 1.19
4 308 -4.16 0 1.54 -4.2 0 1.19 -3.87 0 1.17 -4.12 0 1.81
3 308 -4.12 0 1.81 -3.87 0 1.17 -3.78 0 1.74
4 308 -4.12 0 1.81 -3.78 0 1.74 -3.63 0 2.15 -3.96 0 2.26
4 308 -3.7 0 2.82 -3.96 0 2.26 -3.63 0 2.15 -3.44 0 2.6
4 308 -3.43 0 3.27 -3.7 0 2.82 -3.44 0 2.6 -3.18 0 3.03
4 308 -3.05 0 3.7 -3.43 0 3.27 -3.18 0 3.03 -2.84 0 3.45
4 308 -2.6 0 4.17 -3.05 0 3.7 -2.84 0 3.45 -2.45 0 3.93
4 308 -2.1 0 4.59 -2.6 0 4.17 -2.45 0 3.93 -1.96 0 4.31
4 308 -1.56 0 4.92 -2.1 0 4.59 -1.96 0 4.31 -1.4 0 4.66
4 308 -0.89 0 5.19 -1.56 0 4.92 -1.4 0 4.66 -0.82 0 4.91
4 308 -0.18 0 5.31 -0.89 0 5.19 -0.82 0 4.91 -0.16 0 5.01
4 308 0.48 0 5.3 -0.18 0 5.31 -0.16 0 5.01 0.45 0 4.99
4 308 1.21 0 5.17 0.48 0 5.3 0.45 0 4.99 1.13 0 4.88
4 308 1.84 0 4.92 1.21 0 5.17 1.13 0 4.88 1.76 0 4.63
4 308 2.41 0 4.54 1.84 0 4.92 1.76 0 4.63 2.25 0 4.31
4 308 2.87 0 4.08 2.41 0 4.54 2.25 0 4.31 2.67 0 3.91
4 308 3.25 0 3.59 2.87 0 4.08 2.67 0 3.91 3.01 0 3.46
4 308 3.5 0 3.07 3.25 0 3.59 3.01 0 3.46 3.24 0 3
4 308 3.69 0 2.48 3.5 0 3.07 3.24 0 3 3.43 0 2.46
4 308 3.68 0 1.93 3.69 0 2.48 3.43 0 2.46 3.44 0 1.94
4 308 3.57 0 1.47 3.68 0 1.93 3.44 0 1.94 3.35 0 1.52
4 308 3.37 0 1.09 3.57 0 1.47 3.35 0 1.52 3.18 0 1.2
4 308 3.13 0 0.81 3.37 0 1.09 3.18 0 1.2 2.96 0 0.94
4 308 2.88 0 0.6 3.13 0 0.81 2.96 0 0.94 2.71 0 0.72
3 308 2.71 0 0.72 2.42 0 0.55 2.88 0 0.6
4 28 -3.3671 0 -3.9429 -2.66 0 -3.2358 -3.42 0 -3.15 -4.12 0 -3.15
4 28 -4.0742 0 -4.65 -3.3671 0 -3.9429 -4.12 0 -3.15 -4.82 0 -3.15
4 28 -4.0742 0 -4.65 -4.82 0 -3.15 -4.89 0 -4.12 -4.3 0 -5
4 28 -3.3671 0 -5.3571 -4.0742 0 -4.65 -4.3 0 -5 -3.5 0 -5.9
4 28 -2.66 0 -6.0642 -3.3671 0 -5.3571 -3.5 0 -5.9 -2.6 0 -6.6
4 28 -1.9529 0 -5.3571 -2.66 0 -6.0642 -2.6 0 -6.6 -1 0 -7.4
4 28 -1.2458 0 -4.65 -1.9529 0 -5.3571 -1 0 -7.4 -0.23 0 -4.71
4 28 -1.2458 0 -4.65 -0.23 0 -4.71 -1.23 0 -4.18 -1.9529 0 -3.9429
4 28 -1.9529 0 -3.9429 -1.23 0 -4.18 -2.16 0 -3.36 -2.66 0 -3.2358
4 28 -2.66 0 -3.2358 -2.16 0 -3.36 -2.81 0 -2.43 -3.42 0 -2.45
3 28 -3.42 0 -2.45 -3.42 0 -3.15 -2.66 0 -3.2358
4 28 -3.42 0 -1.75 -3.42 0 -2.45 -2.81 0 -2.43 -3.29 0 -1.36
4 28 -4.12 0 -1.75 -3.42 0 -1.75 -3.29 0 -1.36 -3.99 0 -0.68
4 28 -4.82 0 -1.75 -4.12 0 -1.75 -3.99 0 -0.68 -4.49 0 -0.68
4 28 -4.82 0 -1.75 -4.49 0 -0.68 -4.99 0 -0.68 -5.76 0 -1.75
4 28 -4.82 0 -2.45 -4.82 0 -1.75 -5.76 0 -1.75 -5.45 0 -2.87
4 28 -4.82 0 -3.15 -4.82 0 -2.45 -5.45 0 -2.87 -4.89 0 -4.12
4 28 -3.99 0 -0.68 -3.29 0 -1.36 -3.4 0 -0.32 -3.99 0 -0.18
4 28 -3.99 0 -0.18 -3.4 0 -0.32 -3.35 0 0.65 -3.99 0 0.32
4 28 -3.99 0 0.32 -3.35 0 0.65 -3.87 0 1.17 -4.2 0 1.19
4 28 -4.49 0 0.32 -3.99 0 0.32 -4.2 0 1.19 -4.73 0 1.22
4 28 -4.99 0 0.32 -4.49 0 0.32 -4.73 0 1.22 -5.07 0 1.23
4 28 -4.99 0 0.32 -5.07 0 1.23 -5.95 0 0.23 -4.99 0 -0.18
4 28 -4.99 0 -0.18 -5.95 0 0.23 -5.91 0 -0.7 -4.99 0 -0.68
3 28 -4.99 0 -0.68 -5.91 0 -0.7 -5.76 0 -1.75
4 28 -5.9 0 1.42 -5.95 0 0.23 -5.07 0 1.23 -5.02 0 1.9
4 28 -5.71 0 2.42 -5.9 0 1.42 -5.02 0 1.9 -4.78 0 2.53
4 28 -5.26 0 3.53 -5.71 0 2.42 -4.78 0 2.53 -4.53 0 3.14
4 28 -5.26 0 3.53 -4.53 0 3.14 -4.19 0 3.75 -4.7 0 4.48
4 28 -4.7 0 4.48 -4.19 0 3.75 -3.74 0 4.35 -3.85 0 5.32
4 28 -3.85 0 5.32 -3.74 0 4.35 -3.17 0 4.92 -2.92 0 5.92
4 28 -2.92 0 5.92 -3.17 0 4.92 -2.47 0 5.37 -1.78 0 6.38
4 28 -1.78 0 6.38 -2.47 0 5.37 -1.74 0 5.74 -0.67 0 6.62
4 28 -0.67 0 6.62 -1.74 0 5.74 -0.82 0 6.02 0 0 6.69
4 28 0 0 6.69 -0.82 0 6.02 0.07 0 6.11 1.12 0 6.61
3 28 1.12 0 6.61 0.07 0 6.11 0.8 0 6.09
4 28 1.12 0 6.61 0.8 0 6.09 1.44 0 5.98 2.09 0 6.38
4 28 2.09 0 6.38 1.44 0 5.98 2.12 0 5.78 3.09 0 5.91
3 28 3.09 0 5.91 2.12 0 5.78 2.72 0 5.4
4 28 3.09 0 5.91 2.72 0 5.4 3.19 0 5 3.95 0 5.12
4 28 3.95 0 5.12 3.19 0 5 3.62 0 4.51 4.49 0 4.12
3 28 3.62 0 4.51 3.97 0 3.92 4.49 0 4.12
4 28 4.49 0 4.12 3.97 0 3.92 4.18 0 3.41 4.72 0 3.15
4 28 4.72 0 3.15 4.18 0 3.41 4.28 0 2.78 4.78 0 2.14
3 28 4.28 0 2.78 4.33 0 2.17 4.78 0 2.14
4 28 4.78 0 2.14 4.33 0 2.17 4.31 0 1.58 4.67 0 1.02
4 28 4.67 0 1.02 4.31 0 1.58 4.13 0 1.03 4.32 0 0.18
4 28 4.32 0 0.18 4.13 0 1.03 3.81 0 0.6 3.77 0 -0.49
3 28 3.81 0 0.6 3.41 0 0.31 3.77 0 -0.49
3 28 3.41 0 0.31 3.08 0 0.16 3.77 0 -0.49
4 28 3.77 0 -0.49 3.08 0 0.16 2.69 0 0.01 2.95 0 -0.99
4 28 2.95 0 -0.99 2.69 0 0.01 2.27 0 -0.05 2.31 0 -1.12
4 28 1.65 0 -1.06 2.31 0 -1.12 2.27 0 -0.05 1.98 0 -0.04
4 28 1.15 0 -0.8 1.65 0 -1.06 1.98 0 -0.04 1.89 0 0.01
4 28 0.83 0 -0.51 1.15 0 -0.8 1.89 0 0.01 0.72 0 -0.11
4 28 0.72 0 -0.11 1.89 0 0.01 1.84 0 0.13 0.74 0 0.27
4 28 0.94 0 0.55 0.74 0 0.27 1.84 0 0.13 1.92 0 0.26
4 28 1.34 0 0.79 0.94 0 0.55 1.92 0 0.26 2.07 0 0.35
4 28 1.94 0 0.98 1.34 0 0.79 2.07 0 0.35 2.42 0 0.55
4 28 2.39 0 1.3 1.94 0 0.98 2.42 0 0.55 2.71 0 0.72
4 28 2.39 0 1.3 2.71 0 0.72 2.96 0 0.94 3.18 0 1.2
4 28 2.6 0 1.68 2.39 0 1.3 3.18 0 1.2 3.35 0 1.52
4 28 2.6 0 1.68 3.35 0 1.52 3.44 0 1.94 2.65 0 2.28
4 28 2.65 0 2.28 3.44 0 1.94 3.43 0 2.46 2.49 0 2.92
4 28 2.49 0 2.92 3.43 0 2.46 3.24 0 3 3.01 0 3.46
4 28 2.12 0 3.52 2.49 0 2.92 3.01 0 3.46 2.67 0 3.91
4 28 2.12 0 3.52 2.67 0 3.91 2.25 0 4.31 1.58 0 3.93
4 28 1.58 0 3.93 2.25 0 4.31 1.76 0 4.63 1.13 0 4.88
4 28 1.04 0 4.1 1.58 0 3.93 1.13 0 4.88 0.45 0 4.99
3 28 0.45 0 4.99 0.45 0 4.16 1.04 0 4.1
4 28 -0.26 0 4.11 0.45 0 4.16 0.45 0 4.99 -0.16 0 5.01
4 28 -0.26 0 4.11 -0.16 0 5.01 -0.82 0 4.91 -1.19 0 3.79
4 28 -1.19 0 3.79 -0.82 0 4.91 -1.4 0 4.66 -1.96 0 4.31
4 28 -2 0 3.31 -1.19 0 3.79 -1.96 0 4.31 -2.45 0 3.93
4 28 -2 0 3.31 -2.45 0 3.93 -2.84 0 3.45 -2.73 0 2.45
4 28 -2.73 0 2.45 -2.84 0 3.45 -3.18 0 3.03 -3.44 0 2.6
4 28 -3.12 0 1.57 -2.73 0 2.45 -3.44 0 2.6 -3.63 0 2.15
4 28 -3.12 0 1.57 -3.63 0 2.15 -3.78 0 1.74 -3.87 0 1.17
3 28 -3.12 0 1.57 -3.87 0 1.17 -3.35 0 0.65
4 28 -4.73 0 1.83 -4.78 0 1.56 -4.16 0 1.54 -4.12 0 1.81
4 28 -4.52 0 2.42 -4.73 0 1.83 -4.12 0 1.81 -3.96 0 2.26
4 28 -4.52 0 2.42 -3.96 0 2.26 -3.7 0 2.82 -4.25 0 3.02
4 28 -4.25 0 3.02 -3.7 0 2.82 -3.43 0 3.27 -3.93 0 3.61
4 28 -3.93 0 3.61 -3.43 0 3.27 -3.05 0 3.7 -3.49 0 4.17
4 28 -3.49 0 4.17 -3.05 0 3.7 -2.6 0 4.17 -2.94 0 4.7
4 28 -2.94 0 4.7 -2.6 0 4.17 -2.1 0 4.59 -2.31 0 5.12
4 28 -2.31 0 5.12 -2.1 0 4.59 -1.56 0 4.92 -1.6 0 5.47
4 28 -1.6 0 5.47 -1.56 0 4.92 -0.89 0 5.19 -0.75 0 5.7
4 28 -0.75 0 5.7 -0.89 0 5.19 -0.18 0 5.31 0.16 0 5.79
4 28 0.16 0 5.79 -0.18 0 5.31 0.48 0 5.3 0.75 0 5.75
4 28 0.75 0 5.75 0.48 0 5.3 1.21 0 5.17 1.37 0 5.67
4 28 1.37 0 5.67 1.21 0 5.17 1.84 0 4.92 2.01 0 5.48
4 28 2.01 0 5.48 1.84 0 4.92 2.41 0 4.54 2.53 0 5.19
4 28 3 0 4.78 2.53 0 5.19 2.41 0 4.54 2.87 0 4.08
4 28 3.4 0 4.36 3 0 4.78 2.87 0 4.08 3.25 0 3.59
4 28 3.69 0 3.84 3.4 0 4.36 3.25 0 3.59 3.5 0 3.07
4 28 3.93 0 3.3 3.69 0 3.84 3.5 0 3.07 4.04 0 2.73
4 28 4.04 0 2.73 3.5 0 3.07 3.69 0 2.48 4.08 0 2.13
4 28 4.08 0 2.13 3.69 0 2.48 3.68 0 1.93 4.06 0 1.62
4 28 4.06 0 1.62 3.68 0 1.93 3.57 0 1.47 3.91 0 1.14
4 28 3.91 0 1.14 3.57 0 1.47 3.37 0 1.09 3.62 0 0.79
4 28 3.62 0 0.79 3.37 0 1.09 3.13 0 0.81 3.16 0 0.51
4 28 3.16 0 0.51 3.13 0 0.81 2.88 0 0.6 2.94 0 0.49
4 28 0.48 0 2.07 1.03 0 1.57 1.67 0 1.79 1.93 0 2
4 28 0.48 0 2.07 1.93 0 2 1.95 0 2.27 1.81 0 2.61
4 28 0.48 0 2.07 1.81 0 2.61 1.55 0 2.94 1.08 0 3.21
4 28 0.48 0 2.07 1.08 0 3.21 0.5 0 3.32 0.18 0 2.14
4 28 0.18 0 2.14 0.5 0 3.32 -0.21 0 3.3 -0.17 0 2.15
4 28 -0.17 0 2.15 -0.21 0 3.3 -0.93 0 3.12 -0.505 0 2.13
4 28 -0.89 0 2.03 -0.93 0 3.12 -1.56 0 2.8 -1.3 0 1.82
4 28 -1.3 0 1.82 -1.56 0 2.8 -2.15 0 2.14 -1.57 0 1.53
4 28 -1.57 0 1.53 -2.15 0 2.14 -2.5 0 1.38 -2.63 0 0.59
4 28 -1.38 0 1.52 -0.62 0 1.02 -0.5 0 1.29 -0.98 0 1.73
4 28 -0.98 0 1.73 -0.5 0 1.29 -0.33 0 1.58 -0.51 0 1.83
3 28 -0.51 0 1.83 -0.33 0 1.58 -0.12 0 1.8
4 28 1.03 0 1.57 0.48 0 2.07 0.15 0 1.75 0.54 0 1.19
4 28 0.54 0 1.19 0.15 0 1.75 -0.12 0 1.36 0.14 0 0.72
3 28 -0.12 0 1.36 -0.32 0 0.99 0.14 0 0.72
4 28 0.14 0 0.72 -0.32 0 0.99 -0.52 0 0.69 -0.02 0 0.12
4 28 -0.02 0 0.12 -0.52 0 0.69 -0.66 0 0.69 -1.48 0 0.2
4 28 -1.48 0 0.2 -0.66 0 0.69 -0.62 0 1.02 -1.38 0 1.52
4 28 -1.48 0 0.2 -1.38 0 1.52 -1.57 0 1.53 -2.63 0 0.59
4 28 -1.48 0 0.2 -2.63 0 0.59 -2.68 0 -0.27 -1.61 0 -0.25
4 28 -1.63 0 -0.73 -1.61 0 -0.25 -2.68 0 -0.27 -2.61 0 -1.09
4 28 -1.63 0 -0.73 -2.61 0 -1.09 -2.26 0 -2.01 -1.59 0 -1.25
3 28 -1.59 0 -1.25 -2.26 0 -2.01 -1.4 0 -1.77
4 28 -1.25 0 -1.98 -1.4 0 -1.77 -2.26 0 -2.01 -1.73 0 -2.76
4 28 -1.25 0 -1.98 -1.73 0 -2.76 -0.28 0 -2.83 -1.16 0 -1.95
4 28 -1.16 0 -1.95 -0.28 0 -2.83 0.79 0 -1.49 0.3 0 -1.04
3 28 0.3 0 -1.04 -0.3 0 -1.07 -1.16 0 -1.95
4 28 -1.16 0 -1.95 -0.3 0 -1.07 -0.52 0 -1.07 -1.21 0 -1.77
4 28 -1.37 0 -0.94 -1.34 0 -1.4 -0.76 0 -0.96 -1.04 0 -0.76
3 28 -1.32 0 -0.54 -1.37 0 -0.94 -1.04 0 -0.76
4 28 -0.02 0 0.12 -1.48 0 0.2 -1.23 0 -0.14 -0.91 0 -0.5
4 28 0.04 0 -0.42 -0.02 0 0.12 -0.91 0 -0.5 -0.65 0 -0.75
4 28 0.04 0 -0.42 -0.65 0 -0.75 -0.43 0 -0.97 -0.3 0 -1.07
3 28 0.04 0 -0.42 -0.3 0 -1.07 0.3 0 -1.04
4 28 -0.28 0 -2.83 -1.73 0 -2.76 -0.89 0 -3.57 0 0 -3.26
4 28 0 0 -3.26 -0.89 0 -3.57 -0.03 0 -4.05 0.42 0 -3.58
4 28 0.95 0 -3.85 0.42 0 -3.58 -0.03 0 -4.05 1.08 0 -4.33
4 28 1.56 0 -4 0.95 0 -3.85 1.08 0 -4.33 2.2 0 -4.43
4 28 1.63 0 -3.84 1.56 0 -4 2.2 0 -4.43 2.98 0 -3.09
3 28 2.98 0 -3.09 2.2 0 -4.43 3.03 0 -3.2
4 28 3.34 0 -3.37 3.03 0 -3.2 2.2 0 -4.43 3.43 0 -4.32
4 28 3.74 0 -3.44 3.34 0 -3.37 3.43 0 -4.32 4.59 0 -4.05
3 28 3.74 0 -3.44 4.59 0 -4.05 4.3 0 -3.47
4 28 4.94 0 -3.32 4.3 0 -3.47 4.59 0 -4.05 5.75 0 -3.53
4 28 5.05 0 -3.2 4.94 0 -3.32 5.75 0 -3.53 7.07 0 -2.7
3 28 7.07 0 -2.7 4.97 0 -3.08 5.05 0 -3.2
4 28 4.31 0 -2.23 4.97 0 -3.08 7.07 0 -2.7 5.56 0 -1.4
4 28 4.5 0 -3.18 4.97 0 -3.08 4.31 0 -2.23 4.11 0 -2.56
4 28 4.5 0 -3.18 4.11 0 -2.56 3.78 0 -2.91 3.97 0 -3.18
3 28 3.78 0 -2.91 3.56 0 -3.06 3.97 0 -3.18
4 28 0.79 0 -1.49 -0.28 0 -2.83 0.17 0 -2.81 0.63 0 -2.74
4 28 0.79 0 -1.49 0.63 0 -2.74 1.13 0 -2.61 1.53 0 -1.81
3 28 1.53 0 -1.81 1.13 0 -2.61 1.48 0 -2.52
4 28 1.53 0 -1.81 1.48 0 -2.52 1.65 0 -2.58 2.34 0 -1.89
4 28 3.02 0 -3.02 2.34 0 -1.89 1.65 0 -2.58 2.98 0 -3.09
4 28 1.63 0 -3.84 2.98 0 -3.09 1.65 0 -2.58 1.37 0 -2.8
4 28 1.35 0 -3.72 1.63 0 -3.84 1.37 0 -2.8 0.92 0 -2.98
4 28 0.84 0 -3.46 1.35 0 -3.72 0.92 0 -2.98 0.48 0 -3.1
3 28 0.48 0 -3.1 0.39 0 -3.16 0.84 0 -3.46
4 28 2.34 0 -1.89 3.02 0 -3.02 3.47 0 -2.74 3.25 0 -1.68
4 28 3.25 0 -1.68 3.47 0 -2.74 3.9 0 -2.4 4.21 0 -2.1
4 28 4.22 0 -1.05 3.25 0 -1.68 4.21 0 -2.1 5.43 0 -1.4
4 28 5.43 0 -1.4 4.21 0 -2.1 4.31 0 -2.23 5.56 0 -1.4
3 28 5.98 0 -1.16 5.56 0 -1.4 7.07 0 -2.7
3 28 6.31 0 -0.91 5.98 0 -1.16 7.07 0 -2.7
3 28 6.76 0 -0.4 6.31 0 -0.91 7.07 0 -2.7
4 28 6.92 0 -0.03 6.76 0 -0.4 7.07 0 -2.7 8 0 0
3 28 8 0 0 7.07 0 -2.7 7.3912 0 -3.0616
3 28 7.07 0 -2.7 6.79 0 -3.35 7.3912 0 -3.0616
4 28 7.3912 0 -3.0616 6.79 0 -3.35 6.24 0 -4.16 5.6568 0 -5.6568
3 28 6.24 0 -4.16 4.8 0 -4.76 5.6568 0 -5.6568
4 28 5.6568 0 -5.6568 4.8 0 -4.76 3.52 0 -5.07 3.0616 0 -7.3912
4 28 3.0616 0 -7.3912 3.52 0 -5.07 2.23 0 -5.15 0 0 -8
3 28 0.97 0 -5.03 0 0 -8 2.23 0 -5.15
4 28 0 0 -8 0.97 0 -5.03 -0.23 0 -4.71 -1 0 -7.4
4 28 0 0 -8 -1 0 -7.4 -1.8 0 -7.3 -3.0616 0 -7.3912
3 28 -2.7 0 -7.1 -3.0616 0 -7.3912 -1.8 0 -7.3
3 28 -3.89 0 -6.54 -3.0616 0 -7.3912 -2.7 0 -7.1
4 28 -5.6568 0 -5.6568 -3.0616 0 -7.3912 -3.89 0 -6.54 -4.87 0 -5.66
4 28 -5.6568 0 -5.6568 -4.87 0 -5.66 -5.62 0 -4.52 -7.3912 0 -3.0616
3 28 -7.3912 0 -3.0616 -5.62 0 -4.52 -6.25 0 -3.09
3 28 -6.53 0 -1.88 -7.3912 0 -3.0616 -6.25 0 -3.09
4 28 -7.3912 0 -3.0616 -6.53 0 -1.88 -6.68 0 -0.75 -8 0 0
3 28 -6.76 0 0.23 -8 0 0 -6.68 0 -0.75
4 28 -8 0 0 -6.76 0 0.23 -6.66 0 1.5 -7.3912 0 3.0616
3 28 -7.3912 0 3.0616 -6.66 0 1.5 -6.36 0 2.63
3 28 -5.86 0 3.83 -7.3912 0 3.0616 -6.36 0 2.63
4 28 -7.3912 0 3.0616 -5.86 0 3.83 -5.18 0 4.92 -5.6568 0 5.6568
3 28 -4.27 0 5.87 -5.6568 0 5.6568 -5.18 0 4.92
4 28 -5.6568 0 5.6568 -4.27 0 5.87 -3.31 0 6.49 -3.0616 0 7.3912
3 28 -3.0616 0 7.3912 -3.31 0 6.49 -2.05 0 7.05
4 28 -3.0616 0 7.3912 -2.05 0 7.05 -0.79 0 7.34 0 0 8
3 28 0 0 8 -0.79 0 7.34 -0.01 0 7.39
4 28 0 0 8 -0.01 0 7.39 1.15 0 7.29 3.0616 0 7.3912
4 28 5.6568 0 5.6568 4.51 0 5.55 5.12 0 4.31 7.3912 0 3.0616
3 28 5.12 0 4.31 5.33 0 3.25 7.3912 0 3.0616
3 28 5.33 0 3.25 5.4 0 2.17 7.3912 0 3.0616
4 28 7.3912 0 3.0616 5.4 0 2.17 5.31 0 0.93 5.53 0 0.5
4 28 7.3912 0 3.0616 5.53 0 0.5 5.69 0 0.46 6.83 0 0.18
4 28 5.53 0 0.5 5.31 0 0.93 4.92 0 -0.16 5.56 0 0.07
4 28 5.55 0 -0.47 5.56 0 0.07 4.92 0 -0.16 4.22 0 -1.05
4 28 5.51 0 -0.9 5.55 0 -0.47 4.22 0 -1.05 5.43 0 -1.4
4 28 5.87 0 -0.32 5.87 0 -0.8 6.15 0 -0.63 6.57 0 -0.24
4 28 5.83 0 0.18 5.87 0 -0.32 6.57 0 -0.24 6.83 0 0.18
3 28 5.69 0 0.46 5.83 0 0.18 6.83 0 0.18
4 28 8 0 0 7.3912 0 3.0616 6.83 0 0.18 6.92 0 -0.03
3 28 3.0616 0 7.3912 1.15 0 7.29 2.33 0 7.07
4 28 3.0616 0 7.3912 2.33 0 7.07 3.5 0 6.44 5.6568 0 5.6568
3 28 3.5 0 6.44 4.51 0 5.55 5.6568 0 5.6568
4 308 -0.505 0 2.13 -0.89 0 2.03 -0.51 0 1.83 -0.17 0 2.15
3 28 -0.93 0 3.12 -0.89 0 2.03 -0.505 0 2.13
4 28 -.52 0 -1.07 -.76 0 -.96 -1.34 0 -1.4 -1.21 0 -1.77
