0 Technic Rotor  1 Blade  8L with Peghole and Axlehole 
0 Name: 99012.dat
0 Author: Philippe Hurbain [Philo]
0 !LDRAW_ORG Part UPDATE 2012-03
0 !LICENSE Redistributable under CCAL version 2.0 : see CAreadme.txt

0 BFC CERTIFY CCW

0 !HISTORY 2012-10-12 {LEGO Digital Designer} Original part shape
0 !HISTORY 2012-10-12 [Philo] File preparation for LDraw Parts Tracker
0 !HISTORY 2012-12-28 [PTadmin] Official Update 2012-03

3 16 4.621 -11.173 3.95 0 -9.25 4.144 -4.621 -11.173 3.95
3 16 4.625 -8.011 4.079 0 -9.25 4.144 4.621 -11.173 3.95
4 16 -4.403 -32.5 3.25 4.403 -32.5 3.25 4.461 -28.807 3.372 -4.461 -28.807 3.372
4 16 6.261 -32.002 3.262 7.621 -30.642 3.295 4.461 -28.807 3.372 4.403 -32.5 3.25
3 16 8.119 -28.784 3.325 8.389 -3.234 3.844 8.011 -4.625 3.934
3 16 4.461 -28.807 3.372 8.119 -28.784 3.325 8.011 -4.625 3.934
3 16 4.625 -8.011 4.079 4.621 -11.173 3.95 8.011 -4.625 3.934
3 16 4.621 -11.173 3.95 4.461 -28.807 3.372 8.011 -4.625 3.934
3 16 8.119 -28.784 3.325 4.461 -28.807 3.372 7.621 -30.642 3.295
3 16 8.119 -28.784 3.325 9.25 0 0 9.141 -0.41 1.068
3 16 9.141 -0.41 1.068 8.389 -3.234 3.844 8.119 -28.784 3.325
4 16 6.261 -32.002 3.262 4.403 -32.5 3.25 4.403 -32.5 -3.25 6.261 -32.002 -3.262
4 16 7.621 -30.642 3.295 6.261 -32.002 3.262 6.261 -32.002 -3.262 7.621 -30.642 -3.295
4 16 8.119 -28.784 3.325 7.621 -30.642 3.295 7.621 -30.642 -3.295 8.119 -28.784 -3.325
4 16 4.403 -32.5 -3.25 4.403 -32.5 3.25 -4.403 -32.5 3.25 -4.403 -32.5 -3.25
4 16 2.61 -19.793 -3.712 0 -19.094 -3.766 0 -9.25 -4.144 4.625 -8.011 -4.079
4 16 0 -29.534 -3.364 2.61 -28.835 -3.386 4.403 -32.5 -3.25 -4.403 -32.5 -3.25
4 16 7.621 -30.642 -3.295 6.261 -32.002 -3.262 4.521 -26.924 -3.434 5.22 -24.314 -3.506
3 16 4.521 -21.704 -3.606 8.119 -28.784 -3.325 5.22 -24.314 -3.506
3 16 8.119 -28.784 -3.325 8.011 -4.625 -3.934 8.389 -3.234 -3.844
3 16 4.521 -21.704 -3.606 8.011 -4.625 -3.934 8.119 -28.784 -3.325
3 16 8.011 -4.625 -3.934 4.521 -21.704 -3.606 4.625 -8.011 -4.079
3 16 4.625 -8.011 -4.079 4.521 -21.704 -3.606 2.61 -19.793 -3.712
4 16 2.61 -19.793 -2.75 0 -19.094 -2.75 0 -19.094 -3.766 2.61 -19.793 -3.712
4 16 0 -29.534 -2.75 2.61 -28.835 -2.75 2.61 -28.835 -3.386 0 -29.534 -3.364
4 16 4.521 -26.924 -3.434 2.61 -28.835 -3.386 2.61 -28.835 -2.75 4.521 -26.924 -2.75
4 16 5.22 -24.314 -3.506 4.521 -26.924 -3.434 4.521 -26.924 -2.75 5.22 -24.314 -2.75
4 16 4.521 -21.704 -3.606 5.22 -24.314 -3.506 5.22 -24.314 -2.75 4.521 -21.704 -2.75
4 16 2.61 -19.793 -3.712 4.521 -21.704 -3.606 4.521 -21.704 -2.75 2.61 -19.793 -2.75
4 16 2.61 -28.835 -2.75 0 -29.534 -2.75 0 -19.094 -2.75 2.61 -19.793 -2.75
4 16 4.521 -26.924 -2.75 2.61 -28.835 -2.75 2.61 -19.793 -2.75 4.521 -21.704 -2.75
3 16 4.521 -26.924 -2.75 4.521 -21.704 -2.75 5.22 -24.314 -2.75
3 16 8.119 -28.784 -3.325 7.621 -30.642 -3.295 5.22 -24.314 -3.506
4 16 2.61 -28.835 -3.386 4.521 -26.924 -3.434 6.261 -32.002 -3.262 4.403 -32.5 -3.25
3 16 9.25 0 0 8.119 -28.784 3.325 8.119 -28.784 -3.325
3 16 8.119 -28.784 -3.325 9.141 -0.41 -1.068 9.25 0 0
3 16 9.141 -0.41 -1.068 8.119 -28.784 -3.325 8.389 -3.234 -3.844
3 16 -4.625 -8.011 4.079 -4.621 -11.173 3.95 0 -9.25 4.144
4 16 -4.461 -28.807 3.372 -7.621 -30.642 3.295 -6.261 -32.002 3.262 -4.403 -32.5 3.25
3 16 -8.119 -28.784 3.325 -8.011 -4.625 3.934 -8.389 -3.234 3.844
3 16 -4.461 -28.807 3.372 -8.011 -4.625 3.934 -8.119 -28.784 3.325
3 16 -4.625 -8.011 4.079 -8.011 -4.625 3.934 -4.621 -11.173 3.95
3 16 -4.621 -11.173 3.95 -8.011 -4.625 3.934 -4.461 -28.807 3.372
3 16 -8.119 -28.784 3.325 -7.621 -30.642 3.295 -4.461 -28.807 3.372
3 16 -8.119 -28.784 3.325 -9.141 -0.41 1.068 -9.25 0 0
3 16 -9.141 -0.41 1.068 -8.119 -28.784 3.325 -8.389 -3.234 3.844
4 16 -4.403 -32.5 -3.25 -4.403 -32.5 3.25 -6.261 -32.002 3.262 -6.261 -32.002 -3.262
4 16 -6.261 -32.002 -3.262 -6.261 -32.002 3.262 -7.621 -30.642 3.295 -7.621 -30.642 -3.295
4 16 -7.621 -30.642 -3.295 -7.621 -30.642 3.295 -8.119 -28.784 3.325 -8.119 -28.784 -3.325
4 16 0 -9.25 -4.144 0 -19.094 -3.766 -2.61 -19.793 -3.712 -4.625 -8.011 -4.079
4 16 -2.61 -28.835 -3.386 0 -29.534 -3.364 -4.403 -32.5 -3.25 -6.261 -32.002 -3.262
4 16 -4.521 -26.924 -3.434 -6.261 -32.002 -3.262 -7.621 -30.642 -3.295 -5.22 -24.314 -3.506
3 16 -4.521 -21.704 -3.606 -5.22 -24.314 -3.506 -8.119 -28.784 -3.325
3 16 -8.119 -28.784 -3.325 -8.389 -3.234 -3.844 -8.011 -4.625 -3.934
3 16 -4.521 -21.704 -3.606 -8.119 -28.784 -3.325 -8.011 -4.625 -3.934
3 16 -8.011 -4.625 -3.934 -4.625 -8.011 -4.079 -4.521 -21.704 -3.606
3 16 -4.625 -8.011 -4.079 -2.61 -19.793 -3.712 -4.521 -21.704 -3.606
4 16 0 -19.094 -3.766 0 -19.094 -2.75 -2.61 -19.793 -2.75 -2.61 -19.793 -3.712
4 16 -2.61 -28.835 -3.386 -2.61 -28.835 -2.75 0 -29.534 -2.75 0 -29.534 -3.364
4 16 -2.61 -28.835 -2.75 -2.61 -28.835 -3.386 -4.521 -26.924 -3.434 -4.521 -26.924 -2.75
4 16 -4.521 -26.924 -2.75 -4.521 -26.924 -3.434 -5.22 -24.314 -3.506 -5.22 -24.314 -2.75
4 16 -5.22 -24.314 -2.75 -5.22 -24.314 -3.506 -4.521 -21.704 -3.606 -4.521 -21.704 -2.75
4 16 -4.521 -21.704 -2.75 -4.521 -21.704 -3.606 -2.61 -19.793 -3.712 -2.61 -19.793 -2.75
4 16 0 -19.094 -2.75 0 -29.534 -2.75 -2.61 -28.835 -2.75 -2.61 -19.793 -2.75
4 16 -2.61 -19.793 -2.75 -2.61 -28.835 -2.75 -4.521 -26.924 -2.75 -4.521 -21.704 -2.75
3 16 -4.521 -26.924 -2.75 -5.22 -24.314 -2.75 -4.521 -21.704 -2.75
3 16 -8.119 -28.784 -3.325 -5.22 -24.314 -3.506 -7.621 -30.642 -3.295
3 16 -2.61 -28.835 -3.386 -6.261 -32.002 -3.262 -4.521 -26.924 -3.434
3 16 -9.25 0 0 -8.119 -28.784 -3.325 -8.119 -28.784 3.325
3 16 -8.119 -28.784 -3.325 -9.25 0 0 -9.141 -0.41 -1.068
3 16 -9.141 -0.41 -1.068 -8.389 -3.234 -3.844 -8.119 -28.784 -3.325
4 16 -4.544 -11.25 1.75 -4.621 -11.173 3.95 -4.461 -28.807 3.372 -4.405 -28.75 1.75
4 16 -4.405 -28.75 1.75 -4.461 -28.807 3.372 4.461 -28.807 3.372 4.405 -28.75 1.75
4 16 4.405 -28.75 1.75 4.461 -28.807 3.372 4.621 -11.173 3.95 4.544 -11.25 1.75
4 16 4.544 -11.25 1.75 4.621 -11.173 3.95 -4.621 -11.173 3.95 -4.544 -11.25 1.75
4 16 4.405 -28.75 1.75 4.544 -11.25 1.75 -4.544 -11.25 1.75 -4.405 -28.75 1.75
4 16 8.119 -28.784 2.094 9.25 -98.625 1.875 9.25 0 1.875 8.909 -1.289 1.937
4 16 -4.403 -32.5 2.5 -5.143 -127.877 2.495 0.528 -122.668 2.5 4.403 -32.5 2.498
3 16 0.528 -122.668 2.5 6.143 -113.57 2.388 4.403 -32.5 2.498
4 16 7.621 -30.642 2.179 6.261 -32.002 2.381 6.143 -113.57 2.388 8.892 -103.802 1.956
3 16 6.261 -32.002 2.381 4.403 -32.5 2.498 6.143 -113.57 2.388
3 16 8.119 -28.784 2.094 7.621 -30.642 2.179 8.892 -103.802 1.956
4 16 -18.988 -120.872 1.25 -17.731 -125.028 1.455 -17.988 -20.103 1.415 -18.988 -23.844 1.25
3 16 -8.119 -28.784 2.408 -12.197 -128.338 2.135 -8.667 -128.618 2.385
3 16 -12.197 -128.338 2.135 -8.119 -28.784 2.408 -8.652 -10.398 2.386
3 16 -12.197 -128.338 2.135 -8.652 -10.398 2.386 -12.729 -14.479 2.085
3 16 -12.197 -128.338 2.135 -12.729 -14.479 2.085 -14.345 -127.806 1.912
3 16 -8.119 -28.784 2.408 -8.667 -128.618 2.385 -7.621 -30.642 2.428
4 16 -6.261 -32.002 2.476 -7.621 -30.642 2.428 -8.667 -128.618 2.385 -5.143 -127.877 2.495
3 16 -4.403 -32.5 2.5 -6.261 -32.002 2.476 -5.143 -127.877 2.495
4 16 -17.731 -125.028 1.455 -14.345 -127.806 1.912 -12.729 -14.479 2.085 -17.988 -20.103 1.415
3 16 8.119 -28.784 2.094 8.909 -1.289 1.937 8.385 -22.175 2.061
3 16 8.892 -103.802 1.956 9.25 -98.625 1.875 8.119 -28.784 2.094
4 16 9.25 0 -1.875 9.25 -98.625 -1.875 8.119 -28.784 -2.094 8.909 -1.289 -1.937
4 16 0.528 -122.668 -2.5 -5.143 -127.877 -2.495 -4.403 -32.5 -2.5 4.403 -32.5 -2.498
3 16 0.528 -122.668 -2.5 4.403 -32.5 -2.498 6.143 -113.57 -2.388
4 16 6.143 -113.57 -2.388 6.261 -32.002 -2.381 7.621 -30.642 -2.179 8.892 -103.802 -1.956
3 16 6.261 -32.002 -2.381 6.143 -113.57 -2.388 4.403 -32.5 -2.498
3 16 8.119 -28.784 -2.094 8.892 -103.802 -1.956 7.621 -30.642 -2.179
4 16 -17.988 -20.103 -1.415 -17.731 -125.028 -1.455 -18.988 -120.872 -1.25 -18.988 -23.844 -1.25
3 16 -8.119 -28.784 -2.408 -8.667 -128.618 -2.385 -12.197 -128.338 -2.135
3 16 -12.197 -128.338 -2.135 -8.652 -10.398 -2.386 -8.119 -28.784 -2.408
3 16 -12.197 -128.338 -2.135 -12.729 -14.479 -2.085 -8.652 -10.398 -2.386
3 16 -12.197 -128.338 -2.135 -14.345 -127.806 -1.912 -12.729 -14.479 -2.085
3 16 -8.119 -28.784 -2.408 -7.621 -30.642 -2.428 -8.667 -128.618 -2.385
4 16 -8.667 -128.618 -2.385 -7.621 -30.642 -2.428 -6.261 -32.002 -2.476 -5.143 -127.877 -2.495
3 16 -4.403 -32.5 -2.5 -5.143 -127.877 -2.495 -6.261 -32.002 -2.476
4 16 -12.729 -14.479 -2.085 -14.345 -127.806 -1.912 -17.731 -125.028 -1.455 -17.988 -20.103 -1.415
3 16 8.119 -28.784 -2.094 8.385 -22.175 -2.061 8.909 -1.289 -1.937
3 16 8.892 -103.802 -1.956 8.119 -28.784 -2.094 9.25 -98.625 -1.875
4 16 -12.729 -14.479 -2.085 -12.729 -14.479 2.085 -8.652 -10.398 2.386 -8.652 -10.398 -2.386
4 16 9.25 -98.625 1.875 9.25 -98.625 -1.875 9.25 0 -1.875 9.25 0 1.875
4 16 -18.988 -120.872 1.25 -18.988 -120.872 -1.25 -17.731 -125.028 -1.455 -17.731 -125.028 1.455
4 16 -18.988 -23.844 1.25 -18.988 -23.844 -1.25 -18.988 -120.872 -1.25 -18.988 -120.872 1.25
4 16 -17.988 -20.103 -1.415 -17.988 -20.103 1.415 -12.729 -14.479 2.085 -12.729 -14.479 -2.085
4 16 -18.988 -23.844 -1.25 -18.988 -23.844 1.25 -17.988 -20.103 1.415 -17.988 -20.103 -1.415
4 16 8.892 -103.802 1.956 8.892 -103.802 -1.956 9.25 -98.625 -1.875 9.25 -98.625 1.875
4 16 6.143 -113.57 2.388 6.143 -113.57 -2.388 8.892 -103.802 -1.956 8.892 -103.802 1.956
4 16 0.528 -122.668 2.5 0.528 -122.668 -2.5 6.143 -113.57 -2.388 6.143 -113.57 2.388
4 16 -5.143 -127.877 2.495 -5.143 -127.877 -2.495 0.528 -122.668 -2.5 0.528 -122.668 2.5
4 16 -8.667 -128.618 2.385 -8.667 -128.618 -2.385 -5.143 -127.877 -2.495 -5.143 -127.877 2.495
4 16 -12.197 -128.338 2.135 -12.197 -128.338 -2.135 -8.667 -128.618 -2.385 -8.667 -128.618 2.385
4 16 -14.345 -127.806 1.912 -14.345 -127.806 -1.912 -12.197 -128.338 -2.135 -12.197 -128.338 2.135
4 16 -14.345 -127.806 -1.912 -14.345 -127.806 1.912 -17.731 -125.028 1.455 -17.731 -125.028 -1.455
5 24 4.621 -11.173 3.95 0 -9.25 4.144 -4.621 -11.173 3.95 4.625 -8.011 4.079
5 24 0 -9.25 4.144 -4.621 -11.173 3.95 4.621 -11.173 3.95 -4.625 -8.011 4.079
2 24 -4.621 -11.173 3.95 4.621 -11.173 3.95
5 24 4.621 -11.173 3.95 4.625 -8.011 4.079 0 -9.25 4.144 8.011 -4.625 3.934
5 24 4.403 -32.5 3.25 4.461 -28.807 3.372 -4.403 -32.5 3.25 6.261 -32.002 3.262
2 24 -4.403 -32.5 3.25 4.403 -32.5 3.25
5 24 -4.461 -28.807 3.372 -4.403 -32.5 3.25 4.461 -28.807 3.372 -6.261 -32.002 3.262
2 24 4.461 -28.807 3.372 -4.461 -28.807 3.372
5 24 7.621 -30.642 3.295 4.461 -28.807 3.372 6.261 -32.002 3.262 8.119 -28.784 3.325
2 24 6.261 -32.002 3.262 7.621 -30.642 3.295
2 24 8.119 -28.784 3.325 8.389 -3.234 3.844
5 24 8.011 -4.625 3.934 8.119 -28.784 3.325 8.389 -3.234 3.844 4.461 -28.807 3.372
5 24 4.461 -28.807 3.372 8.119 -28.784 3.325 8.011 -4.625 3.934 7.621 -30.642 3.295
5 24 8.011 -4.625 3.934 4.461 -28.807 3.372 8.119 -28.784 3.325 4.621 -11.173 3.95
5 24 4.621 -11.173 3.95 8.011 -4.625 3.934 4.625 -8.011 4.079 4.461 -28.807 3.372
2 24 4.621 -11.173 3.95 4.461 -28.807 3.372
2 24 7.621 -30.642 3.295 8.119 -28.784 3.325
2 24 4.403 -32.5 3.25 6.261 -32.002 3.262
5 24 8.119 -28.784 3.325 9.25 0 0 9.141 -0.41 1.068 8.119 -28.784 -3.325
5 24 9.141 -0.41 1.068 8.119 -28.784 3.325 9.25 0 0 8.389 -3.234 3.844
5 24 4.403 -32.5 3.25 4.403 -32.5 -3.25 6.261 -32.002 3.262 -4.403 -32.5 3.25
2 24 4.403 -32.5 -3.25 6.261 -32.002 -3.262
5 24 6.261 -32.002 -3.262 6.261 -32.002 3.262 4.403 -32.5 -3.25 7.621 -30.642 3.295
2 24 6.261 -32.002 -3.262 7.621 -30.642 -3.295
5 24 7.621 -30.642 -3.295 7.621 -30.642 3.295 6.261 -32.002 -3.262 8.119 -28.784 3.325
2 24 7.621 -30.642 -3.295 8.119 -28.784 -3.325
5 24 8.119 -28.784 -3.325 8.119 -28.784 3.325 7.621 -30.642 -3.295 9.25 0 0
5 24 -4.403 -32.5 3.25 -4.403 -32.5 -3.25 4.403 -32.5 -3.25 -6.261 -32.002 3.262
2 24 -4.403 -32.5 -3.25 4.403 -32.5 -3.25
2 24 2.61 -19.793 -3.712 0 -19.094 -3.766
5 24 0 -19.094 -3.766 0 -9.25 -4.144 2.61 -19.793 -3.712 -2.61 -19.793 -3.712
5 24 4.625 -8.011 -4.079 2.61 -19.793 -3.712 0 -9.25 -4.144 4.521 -21.704 -3.606
5 24 2.61 -28.835 -3.386 4.403 -32.5 -3.25 0 -29.534 -3.364 6.261 -32.002 -3.262
2 24 0 -29.534 -3.364 2.61 -28.835 -3.386
5 24 -4.403 -32.5 -3.25 0 -29.534 -3.364 4.403 -32.5 -3.25 -2.61 -28.835 -3.386
5 24 6.261 -32.002 -3.262 4.521 -26.924 -3.434 7.621 -30.642 -3.295 2.61 -28.835 -3.386
5 24 4.521 -21.704 -3.606 8.119 -28.784 -3.325 5.22 -24.314 -3.506 8.011 -4.625 -3.934
5 24 8.119 -28.784 -3.325 5.22 -24.314 -3.506 4.521 -21.704 -3.606 7.621 -30.642 -3.295
2 24 5.22 -24.314 -3.506 4.521 -21.704 -3.606
5 24 8.119 -28.784 -3.325 8.011 -4.625 -3.934 8.389 -3.234 -3.844 4.521 -21.704 -3.606
2 24 8.389 -3.234 -3.844 8.119 -28.784 -3.325
5 24 4.521 -21.704 -3.606 8.011 -4.625 -3.934 8.119 -28.784 -3.325 4.625 -8.011 -4.079
5 24 4.521 -21.704 -3.606 4.625 -8.011 -4.079 8.011 -4.625 -3.934 2.61 -19.793 -3.712
2 24 4.521 -21.704 -3.606 2.61 -19.793 -3.712
5 24 0 -19.094 -2.75 0 -19.094 -3.766 2.61 -19.793 -2.75 -2.61 -19.793 -2.75
2 24 2.61 -19.793 -2.75 0 -19.094 -2.75
5 24 2.61 -19.793 -3.712 2.61 -19.793 -2.75 0 -19.094 -3.766 4.521 -21.704 -2.75
5 24 2.61 -28.835 -2.75 2.61 -28.835 -3.386 0 -29.534 -2.75 4.521 -26.924 -3.434
2 24 0 -29.534 -2.75 2.61 -28.835 -2.75
5 24 0 -29.534 -3.364 0 -29.534 -2.75 2.61 -28.835 -3.386 -2.61 -28.835 -3.386
2 24 4.521 -26.924 -3.434 2.61 -28.835 -3.386
2 24 2.61 -28.835 -2.75 4.521 -26.924 -2.75
5 24 4.521 -26.924 -2.75 4.521 -26.924 -3.434 2.61 -28.835 -2.75 5.22 -24.314 -3.506
2 24 5.22 -24.314 -3.506 4.521 -26.924 -3.434
2 24 4.521 -26.924 -2.75 5.22 -24.314 -2.75
5 24 5.22 -24.314 -2.75 5.22 -24.314 -3.506 4.521 -26.924 -2.75 4.521 -21.704 -3.606
2 24 5.22 -24.314 -2.75 4.521 -21.704 -2.75
5 24 4.521 -21.704 -2.75 4.521 -21.704 -3.606 5.22 -24.314 -2.75 2.61 -19.793 -3.712
2 24 4.521 -21.704 -2.75 2.61 -19.793 -2.75
5 24 0 -29.534 -2.75 0 -19.094 -2.75 2.61 -28.835 -2.75 -2.61 -28.835 -2.75
5 24 2.61 -19.793 -2.75 2.61 -28.835 -2.75 0 -19.094 -2.75 4.521 -26.924 -2.75
5 24 4.521 -21.704 -2.75 4.521 -26.924 -2.75 2.61 -19.793 -2.75 5.22 -24.314 -2.75
5 24 7.621 -30.642 -3.295 5.22 -24.314 -3.506 8.119 -28.784 -3.325 4.521 -26.924 -3.434
5 24 8.119 -28.784 -3.325 9.25 0 0 8.119 -28.784 3.325 9.141 -0.41 -1.068
5 24 8.119 -28.784 -3.325 9.141 -0.41 -1.068 9.25 0 0 8.389 -3.234 -3.844
5 24 -4.625 -8.011 4.079 -4.621 -11.173 3.95 0 -9.25 4.144 -8.011 -4.625 3.934
2 24 -7.621 -30.642 3.295 -6.261 -32.002 3.262
5 24 -4.461 -28.807 3.372 -7.621 -30.642 3.295 -6.261 -32.002 3.262 -8.119 -28.784 3.325
5 24 -8.119 -28.784 3.325 -8.011 -4.625 3.934 -8.389 -3.234 3.844 -4.461 -28.807 3.372
2 24 -8.389 -3.234 3.844 -8.119 -28.784 3.325
5 24 -4.461 -28.807 3.372 -8.011 -4.625 3.934 -8.119 -28.784 3.325 -4.621 -11.173 3.95
5 24 -8.119 -28.784 3.325 -4.461 -28.807 3.372 -8.011 -4.625 3.934 -7.621 -30.642 3.295
5 24 -8.011 -4.625 3.934 -4.621 -11.173 3.95 -4.625 -8.011 4.079 -4.461 -28.807 3.372
2 24 -4.461 -28.807 3.372 -4.621 -11.173 3.95
2 24 -8.119 -28.784 3.325 -7.621 -30.642 3.295
2 24 -6.261 -32.002 3.262 -4.403 -32.5 3.25
5 24 -8.119 -28.784 3.325 -9.141 -0.41 1.068 -9.25 0 0 -8.389 -3.234 3.844
5 24 -9.25 0 0 -8.119 -28.784 3.325 -9.141 -0.41 1.068 -8.119 -28.784 -3.325
5 24 -6.261 -32.002 3.262 -6.261 -32.002 -3.262 -4.403 -32.5 -3.25 -7.621 -30.642 3.295
2 24 -6.261 -32.002 -3.262 -4.403 -32.5 -3.25
5 24 -7.621 -30.642 3.295 -7.621 -30.642 -3.295 -6.261 -32.002 -3.262 -8.119 -28.784 3.325
2 24 -7.621 -30.642 -3.295 -6.261 -32.002 -3.262
5 24 -8.119 -28.784 3.325 -8.119 -28.784 -3.325 -7.621 -30.642 -3.295 -9.25 0 0
2 24 -8.119 -28.784 -3.325 -7.621 -30.642 -3.295
2 24 0 -19.094 -3.766 -2.61 -19.793 -3.712
5 24 -2.61 -19.793 -3.712 -4.625 -8.011 -4.079 0 -9.25 -4.144 -4.521 -21.704 -3.606
2 24 -2.61 -28.835 -3.386 0 -29.534 -3.364
5 24 -4.521 -26.924 -3.434 -6.261 -32.002 -3.262 -7.621 -30.642 -3.295 -2.61 -28.835 -3.386
2 24 -4.521 -21.704 -3.606 -5.22 -24.314 -3.506
5 24 -5.22 -24.314 -3.506 -8.119 -28.784 -3.325 -4.521 -21.704 -3.606 -7.621 -30.642 -3.295
5 24 -8.119 -28.784 -3.325 -4.521 -21.704 -3.606 -5.22 -24.314 -3.506 -8.011 -4.625 -3.934
2 24 -8.119 -28.784 -3.325 -8.389 -3.234 -3.844
5 24 -8.011 -4.625 -3.934 -8.119 -28.784 -3.325 -8.389 -3.234 -3.844 -4.521 -21.704 -3.606
5 24 -8.011 -4.625 -3.934 -4.521 -21.704 -3.606 -8.119 -28.784 -3.325 -4.625 -8.011 -4.079
5 24 -4.625 -8.011 -4.079 -4.521 -21.704 -3.606 -8.011 -4.625 -3.934 -2.61 -19.793 -3.712
2 24 -2.61 -19.793 -3.712 -4.521 -21.704 -3.606
2 24 0 -19.094 -2.75 -2.61 -19.793 -2.75
5 24 -2.61 -19.793 -2.75 -2.61 -19.793 -3.712 0 -19.094 -3.766 -4.521 -21.704 -2.75
2 24 -2.61 -28.835 -2.75 0 -29.534 -2.75
5 24 -2.61 -28.835 -3.386 -2.61 -28.835 -2.75 0 -29.534 -2.75 -4.521 -26.924 -3.434
2 24 -2.61 -28.835 -3.386 -4.521 -26.924 -3.434
5 24 -4.521 -26.924 -3.434 -4.521 -26.924 -2.75 -2.61 -28.835 -2.75 -5.22 -24.314 -3.506
2 24 -4.521 -26.924 -2.75 -2.61 -28.835 -2.75
2 24 -4.521 -26.924 -3.434 -5.22 -24.314 -3.506
5 24 -5.22 -24.314 -3.506 -5.22 -24.314 -2.75 -4.521 -26.924 -2.75 -4.521 -21.704 -3.606
2 24 -5.22 -24.314 -2.75 -4.521 -26.924 -2.75
5 24 -4.521 -21.704 -3.606 -4.521 -21.704 -2.75 -5.22 -24.314 -2.75 -2.61 -19.793 -3.712
2 24 -4.521 -21.704 -2.75 -5.22 -24.314 -2.75
2 24 -2.61 -19.793 -2.75 -4.521 -21.704 -2.75
5 24 -2.61 -28.835 -2.75 -2.61 -19.793 -2.75 0 -19.094 -2.75 -4.521 -26.924 -2.75
5 24 -4.521 -26.924 -2.75 -4.521 -21.704 -2.75 -2.61 -19.793 -2.75 -5.22 -24.314 -2.75
5 24 -5.22 -24.314 -3.506 -7.621 -30.642 -3.295 -8.119 -28.784 -3.325 -4.521 -26.924 -3.434
5 24 -2.61 -28.835 -3.386 -6.261 -32.002 -3.262 -4.521 -26.924 -3.434 -4.403 -32.5 -3.25
5 24 -9.25 0 0 -8.119 -28.784 -3.325 -8.119 -28.784 3.325 -9.141 -0.41 -1.068
5 24 -9.141 -0.41 -1.068 -8.119 -28.784 -3.325 -9.25 0 0 -8.389 -3.234 -3.844
2 24 -4.544 -11.25 1.75 -4.621 -11.173 3.95
2 24 -4.461 -28.807 3.372 -4.405 -28.75 1.75
2 24 -4.405 -28.75 1.75 -4.544 -11.25 1.75
2 24 4.461 -28.807 3.372 4.405 -28.75 1.75
2 24 4.405 -28.75 1.75 -4.405 -28.75 1.75
2 24 4.544 -11.25 1.75 4.405 -28.75 1.75
2 24 4.621 -11.173 3.95 4.544 -11.25 1.75
2 24 -4.544 -11.25 1.75 4.544 -11.25 1.75
5 24 8.119 -28.784 2.094 9.25 -98.625 1.875 9.25 0 1.875 8.892 -103.802 1.956
2 24 9.25 -98.625 1.875 9.25 0 1.875
2 24 -5.143 -127.877 2.495 0.528 -122.668 2.5
5 24 -4.403 -32.5 2.5 -5.143 -127.877 2.495 0.528 -122.668 2.5 -6.261 -32.002 2.476
5 24 0.528 -122.668 2.5 4.403 -32.5 2.498 -4.403 -32.5 2.5 6.143 -113.57 2.388
2 24 4.403 -32.5 2.498 -4.403 -32.5 2.5
2 24 0.528 -122.668 2.5 6.143 -113.57 2.388
5 24 6.143 -113.57 2.388 4.403 -32.5 2.498 0.528 -122.668 2.5 6.261 -32.002 2.381
5 24 6.261 -32.002 2.381 6.143 -113.57 2.388 7.621 -30.642 2.179 4.403 -32.5 2.498
2 24 7.621 -30.642 2.179 6.261 -32.002 2.381
5 24 8.892 -103.802 1.956 7.621 -30.642 2.179 6.143 -113.57 2.388 8.119 -28.784 2.094
2 24 6.143 -113.57 2.388 8.892 -103.802 1.956
2 24 6.261 -32.002 2.381 4.403 -32.5 2.498
2 24 8.119 -28.784 2.094 7.621 -30.642 2.179
5 24 8.892 -103.802 1.956 8.119 -28.784 2.094 7.621 -30.642 2.179 9.25 -98.625 1.875
5 24 -17.731 -125.028 1.455 -17.988 -20.103 1.415 -18.988 -120.872 1.25 -12.729 -14.479 2.085
2 24 -18.988 -120.872 1.25 -17.731 -125.028 1.455
2 24 -17.988 -20.103 1.415 -18.988 -23.844 1.25
2 24 -18.988 -23.844 1.25 -18.988 -120.872 1.25
5 24 -8.119 -28.784 2.408 -12.197 -128.338 2.135 -8.667 -128.618 2.385 -8.652 -10.398 2.386
2 24 -12.197 -128.338 2.135 -8.667 -128.618 2.385
5 24 -8.667 -128.618 2.385 -8.119 -28.784 2.408 -12.197 -128.338 2.135 -7.621 -30.642 2.428
2 24 -8.119 -28.784 2.408 -8.652 -10.398 2.386
5 24 -8.652 -10.398 2.386 -12.197 -128.338 2.135 -8.119 -28.784 2.408 -12.729 -14.479 2.085
2 24 -8.652 -10.398 2.386 -12.729 -14.479 2.085
5 24 -12.729 -14.479 2.085 -12.197 -128.338 2.135 -8.652 -10.398 2.386 -14.345 -127.806 1.912
5 24 -12.729 -14.479 2.085 -14.345 -127.806 1.912 -12.197 -128.338 2.135 -17.731 -125.028 1.455
2 24 -14.345 -127.806 1.912 -12.197 -128.338 2.135
5 24 -8.667 -128.618 2.385 -7.621 -30.642 2.428 -8.119 -28.784 2.408 -6.261 -32.002 2.476
2 24 -7.621 -30.642 2.428 -8.119 -28.784 2.408
2 24 -6.261 -32.002 2.476 -7.621 -30.642 2.428
2 24 -4.403 -32.5 2.5 -6.261 -32.002 2.476
5 24 -6.261 -32.002 2.476 -5.143 -127.877 2.495 -4.403 -32.5 2.5 -8.667 -128.618 2.385
2 24 -8.667 -128.618 2.385 -5.143 -127.877 2.495
2 24 -17.731 -125.028 1.455 -14.345 -127.806 1.912
2 24 -12.729 -14.479 2.085 -17.988 -20.103 1.415
5 24 8.909 -1.289 1.937 8.119 -28.784 2.094 9.25 0 1.875 8.385 -22.175 2.061
2 24 8.909 -1.289 1.937 8.385 -22.175 2.061
2 24 8.385 -22.175 2.061 8.119 -28.784 2.094
2 24 8.892 -103.802 1.956 9.25 -98.625 1.875
2 24 9.25 0 -1.875 9.25 -98.625 -1.875
5 24 9.25 -98.625 -1.875 8.119 -28.784 -2.094 9.25 0 -1.875 8.892 -103.802 -1.956
5 24 -5.143 -127.877 -2.495 -4.403 -32.5 -2.5 0.528 -122.668 -2.5 -6.261 -32.002 -2.476
2 24 0.528 -122.668 -2.5 -5.143 -127.877 -2.495
2 24 -4.403 -32.5 -2.5 4.403 -32.5 -2.498
5 24 4.403 -32.5 -2.498 0.528 -122.668 -2.5 -4.403 -32.5 -2.5 6.143 -113.57 -2.388
5 24 4.403 -32.5 -2.498 6.143 -113.57 -2.388 0.528 -122.668 -2.5 6.261 -32.002 -2.381
2 24 6.143 -113.57 -2.388 0.528 -122.668 -2.5
2 24 6.261 -32.002 -2.381 7.621 -30.642 -2.179
5 24 6.143 -113.57 -2.388 6.261 -32.002 -2.381 7.621 -30.642 -2.179 4.403 -32.5 -2.498
2 24 8.892 -103.802 -1.956 6.143 -113.57 -2.388
5 24 7.621 -30.642 -2.179 8.892 -103.802 -1.956 6.143 -113.57 -2.388 8.119 -28.784 -2.094
2 24 4.403 -32.5 -2.498 6.261 -32.002 -2.381
5 24 8.119 -28.784 -2.094 8.892 -103.802 -1.956 7.621 -30.642 -2.179 9.25 -98.625 -1.875
2 24 7.621 -30.642 -2.179 8.119 -28.784 -2.094
2 24 -17.731 -125.028 -1.455 -18.988 -120.872 -1.25
5 24 -17.988 -20.103 -1.415 -17.731 -125.028 -1.455 -18.988 -120.872 -1.25 -12.729 -14.479 -2.085
2 24 -18.988 -120.872 -1.25 -18.988 -23.844 -1.25
2 24 -18.988 -23.844 -1.25 -17.988 -20.103 -1.415
5 24 -8.119 -28.784 -2.408 -8.667 -128.618 -2.385 -12.197 -128.338 -2.135 -7.621 -30.642 -2.428
2 24 -8.667 -128.618 -2.385 -12.197 -128.338 -2.135
5 24 -12.197 -128.338 -2.135 -8.119 -28.784 -2.408 -8.667 -128.618 -2.385 -8.652 -10.398 -2.386
5 24 -12.197 -128.338 -2.135 -8.652 -10.398 -2.386 -8.119 -28.784 -2.408 -12.729 -14.479 -2.085
2 24 -8.652 -10.398 -2.386 -8.119 -28.784 -2.408
5 24 -12.197 -128.338 -2.135 -12.729 -14.479 -2.085 -8.652 -10.398 -2.386 -14.345 -127.806 -1.912
2 24 -12.729 -14.479 -2.085 -8.652 -10.398 -2.386
2 24 -12.197 -128.338 -2.135 -14.345 -127.806 -1.912
5 24 -14.345 -127.806 -1.912 -12.729 -14.479 -2.085 -12.197 -128.338 -2.135 -17.731 -125.028 -1.455
2 24 -8.119 -28.784 -2.408 -7.621 -30.642 -2.428
5 24 -7.621 -30.642 -2.428 -8.667 -128.618 -2.385 -8.119 -28.784 -2.408 -6.261 -32.002 -2.476
2 24 -7.621 -30.642 -2.428 -6.261 -32.002 -2.476
5 24 -5.143 -127.877 -2.495 -6.261 -32.002 -2.476 -4.403 -32.5 -2.5 -8.667 -128.618 -2.385
2 24 -6.261 -32.002 -2.476 -4.403 -32.5 -2.5
2 24 -5.143 -127.877 -2.495 -8.667 -128.618 -2.385
2 24 -14.345 -127.806 -1.912 -17.731 -125.028 -1.455
2 24 -17.988 -20.103 -1.415 -12.729 -14.479 -2.085
5 24 8.119 -28.784 -2.094 8.909 -1.289 -1.937 9.25 0 -1.875 8.385 -22.175 -2.061
2 24 8.119 -28.784 -2.094 8.385 -22.175 -2.061
2 24 8.385 -22.175 -2.061 8.909 -1.289 -1.937
2 24 9.25 -98.625 -1.875 8.892 -103.802 -1.956
5 24 -12.729 -14.479 -2.085 -12.729 -14.479 2.085 -8.652 -10.398 2.386 -17.988 -20.103 -1.415
2 24 -8.652 -10.398 2.386 -8.652 -10.398 -2.386
5 24 9.25 -98.625 1.875 9.25 -98.625 -1.875 9.25 0 -1.875 8.892 -103.802 1.956
5 24 -18.988 -120.872 1.25 -18.988 -120.872 -1.25 -17.731 -125.028 -1.455 -18.988 -23.844 1.25
5 24 -17.731 -125.028 -1.455 -17.731 -125.028 1.455 -18.988 -120.872 1.25 -14.345 -127.806 -1.912
5 24 -18.988 -23.844 1.25 -18.988 -23.844 -1.25 -18.988 -120.872 -1.25 -17.988 -20.103 1.415
5 24 -17.988 -20.103 -1.415 -17.988 -20.103 1.415 -12.729 -14.479 2.085 -18.988 -23.844 -1.25
5 24 8.892 -103.802 1.956 8.892 -103.802 -1.956 9.25 -98.625 -1.875 6.143 -113.57 2.388
5 24 6.143 -113.57 2.388 6.143 -113.57 -2.388 8.892 -103.802 -1.956 0.528 -122.668 2.5
5 24 0.528 -122.668 2.5 0.528 -122.668 -2.5 6.143 -113.57 -2.388 -5.143 -127.877 2.495
5 24 -5.143 -127.877 2.495 -5.143 -127.877 -2.495 0.528 -122.668 -2.5 -8.667 -128.618 2.385
5 24 -8.667 -128.618 2.385 -8.667 -128.618 -2.385 -5.143 -127.877 -2.495 -12.197 -128.338 2.135
5 24 -12.197 -128.338 2.135 -12.197 -128.338 -2.135 -8.667 -128.618 -2.385 -14.345 -127.806 1.912
5 24 -14.345 -127.806 1.912 -14.345 -127.806 -1.912 -12.197 -128.338 -2.135 -17.731 -125.028 1.455
1 16 0 0 0 1 0 0 0 0 1 0 -1 0 connhole.dat
1 16 0 9 0 9.25 0 0 0 4 0 0 0 -9.25 4-4cyli.dat
1 16 0 13 0 9.25 0 0 0 1 0 0 0 -9.25 4-4edge.dat
1 16 0 10 0 6 0 0 0 -1 0 0 0 6 4-4disc.dat
1 16 0 13 0 2.3125 0 0 0 1.02778 0 0 0 2.3125 4-4con3.dat
1 16 0 0 0 9.25 0 0 0 1.02778 9.25 0 0 -9.25 2-4edge.dat
1 16 0 0 0 9.25 0 0 0 1.02778 9.25 0 0 9.25 2-4edge.dat
1 16 0 9 0 0 0 9.25 0 -9 0 9.25 0 0 1-4cyls.dat
1 16 0 9 0 0 0 -9.25 0 -9 0 9.25 0 0 1-4cyls.dat
1 16 0 9 0 0 0 9.25 0 -9 0 -9.25 0 0 1-4cyls.dat
1 16 0 9 0 0 0 -9.25 0 -9 0 -9.25 0 0 1-4cyls.dat
1 16 0 20 0 0 1 0 0 0 1 1 0 0 bush.dat
2 24 8.119 -28.784 2.094 8.56725 -17.376 2.0072
2 24 -8.43579 -20.7217 2.39368 -8.54271 -17.0204 2.38927
2 24 -8.54271 -17.0204 2.38927 -8.64262 -10.7215 2.38639
2 24 -8.119 -28.784 2.408 -8.43579 -20.7217 2.39368
2 24 8.56725 -17.376 2.0072 8.73037 -11.8105 1.97485
2 24 8.73037 -11.8105 1.97485 8.90071 -1.57751 1.93865
2 24 8.119 -28.784 -2.094 8.56725 -17.376 -2.0072
2 24 -8.119 -28.784 -2.408 -8.43579 -20.7217 -2.39368
2 24 -8.43579 -20.7217 -2.39368 -8.54271 -17.0204 -2.38927
2 24 -8.54271 -17.0204 -2.38927 -8.64262 -10.7215 -2.38639
2 24 8.56725 -17.376 -2.0072 8.73037 -11.8105 -1.97485
2 24 8.73037 -11.8105 -1.97485 8.90071 -1.57751 -1.93865
1 16 0 0 -10 9.25 0 0 0 0 9.25 0 20 0 4-4cylo.dat
1 16 0 0 -10 0.25 0 0 0 0 0.25 0 1 0 4-4rin36.dat
1 16 0 0 10 0.25 0 0 0 0 0.25 0 -1 0 4-4rin36.dat
3 16 0 -9.25 4.144 -8.389 -3.234 3.844 -4.625 -8.011 4.079
3 16 -4.625 -8.011 4.079 -8.389 -3.234 3.844 -8.011 -4.625 3.934
3 16 4.625 -8.011 4.079 8.389 -3.234 3.844 0 -9.25 4.144
3 16 8.011 -4.625 3.934 8.389 -3.234 3.844 4.625 -8.011 4.079
3 16 -4.625 -8.011 -4.079 -8.389 -3.234 -3.844 0 -9.25 -4.144
3 16 -8.011 -4.625 -3.934 -8.389 -3.234 -3.844 -4.625 -8.011 -4.079
3 16 0 -9.25 -4.144 8.389 -3.234 -3.844 4.625 -8.011 -4.079
3 16 4.625 -8.011 -4.079 8.389 -3.234 -3.844 8.011 -4.625 -3.934
2 24 0 -9.25 4.144 3.53998 -8.54608 4.08427
2 24 3.53998 -8.54608 4.08427 4.15035 -8.13815 4.08567
2 24 8.14124 -4.14574 3.90299 8.38319 -3.7837 3.83283
2 24 5.198 -7.438 4.05446 6.54068 -6.54068 3.97875
2 24 6.54068 -6.54068 3.97875 7.438 -5.198 3.95854
2 24 8.54608 -3.53998 3.20882 8.38319 -3.7837 3.83283
2 24 8.54608 -3.53998 3.20882 9.13492 -0.578711 1.08142
2 24 0 -9.25 -4.144 3.53998 -8.54608 -4.08566
2 24 3.53998 -8.54608 -4.08566 4.15035 -8.13815 -4.08567
2 24 8.14124 -4.14574 -3.90299 8.38319 -3.7837 -3.83283
2 24 5.198 -7.438 -4.05446 6.54068 -6.54068 -3.98132
2 24 6.54068 -6.54068 -3.98132 7.438 -5.198 -3.95854
2 24 8.38319 -3.7837 -3.83283 8.54608 -3.53998 -3.20882
2 24 8.54608 -3.53998 -3.20882 9.13492 -0.578711 -1.08142
2 24 -4.15035 -8.13815 4.08567 -3.53998 -8.54608 4.08427
2 24 -3.53998 -8.54608 4.08427 0 -9.25 4.144
2 24 -8.14124 -4.14574 3.90299 -8.38319 -3.7837 3.83283
2 24 -6.54068 -6.54068 3.97875 -7.438 -5.198 3.95854
2 24 -6.54068 -6.54068 3.97875 -5.198 -7.438 4.05446
2 24 -9.25 0 0 -9.13492 -0.578711 1.08142
2 24 -8.54608 -3.53998 3.20882 -9.13492 -0.578711 1.08142
2 24 -8.54608 -3.53998 3.20882 -8.38319 -3.7837 3.83283
2 24 -4.15035 -8.13815 -4.08567 -3.53998 -8.54608 -4.08566
2 24 -3.53998 -8.54608 -4.08566 0 -9.25 -4.144
2 24 -8.14124 -4.14574 -3.90299 -8.38319 -3.7837 -3.83283
2 24 -6.54068 -6.54068 -3.98132 -7.438 -5.198 -3.95854
2 24 -6.54068 -6.54068 -3.98132 -5.198 -7.438 -4.05446
2 24 -9.13492 -0.578711 -1.08142 -9.25 0 0
2 24 -8.54608 -3.53998 -3.20882 -9.13492 -0.578711 -1.08142
2 24 -8.38319 -3.7837 -3.83283 -8.54608 -3.53998 -3.20882
2 24 8.8947 -1.78679 1.93984 9.25 0 1.875
2 24 8.8947 -1.78679 1.93984 8.89677 -1.77635 1.93989
2 24 8.8947 -1.78679 -1.93984 9.25 0 -1.875
2 24 8.8947 -1.78679 -1.93984 8.89677 -1.77635 -1.93989
2 24 9.25 0 -1.875 9.25 0 1.875
2 24 -4.94133 -7.60953 4.05925 -4.15035 -8.13815 4.08567
2 24 -7.438 -5.198 3.95854 -8.14124 -4.14574 3.90299
2 24 -5.198 -7.438 4.05446 -4.94133 -7.60953 4.05925
2 24 4.15035 -8.13815 4.08567 4.94133 -7.60953 4.05925
2 24 4.94133 -7.60953 4.05925 5.198 -7.438 4.05446
2 24 7.438 -5.198 3.95854 8.14124 -4.14574 3.90299
2 24 -4.94133 -7.60953 -4.05925 -4.15035 -8.13815 -4.08567
2 24 -7.438 -5.198 -3.95854 -8.14124 -4.14574 -3.90299
2 24 -5.198 -7.438 -4.05446 -4.94133 -7.60953 -4.05925
2 24 4.15035 -8.13815 -4.08567 4.94133 -7.60953 -4.05925
2 24 4.94133 -7.60953 -4.05925 5.198 -7.438 -4.05446
2 24 7.438 -5.198 -3.95854 8.14124 -4.14574 -3.90299
2 24 -8.83427 -10.5804 1.22221 -8.77675 -10.5229 1.87243
2 24 -8.77675 -10.5229 1.87243 -8.652 -10.398 2.36958
2 24 -8.83427 -10.5804 -1.22221 -8.83427 -10.5804 1.22221
2 24 -8.77675 -10.5229 -1.87243 -8.83427 -10.5804 -1.22221
2 24 -8.652 -10.398 -2.36958 -8.77675 -10.5229 -1.87243
