0 ~Boat Section Bow  6 x  8 x  3.333 Deck
0 Name: 998.dat
0 Author: Michael Heidemann [mikeheide]
0 !LDRAW_ORG Part UPDATE 2013-01
0 !LICENSE Redistributable under CCAL version 2.0 : see CAreadme.txt

0 BFC CERTIFY CCW

0 !HISTORY 2013-07-21 [PTadmin] Official Update 2013-01

2 24 72 8 70 -72 8 70
2 24 72 12 70 -72 12 70
2 24 72 8 50 -72 8 50
2 24 72 0 50 -72 0 50
2 24 72 0 50 63 0 0
2 24 -72 0 50 -63 0 0
2 24 -72 12 50 -63 8 0
2 24 72 12 50 63 8 0
2 24 37 0 -45 63 0 0
2 24 -37 0 -45 -63 0 0
2 24 -37 4 -45 -63 8 0
2 24 37 4 -45 63 8 0
2 24 37 0 -45 0 0 -78
2 24 -37 0 -45 0 0 -78
2 24 -37 4 -45 0 0 -78
2 24 37 4 -45 0 0 -78
2 24 72 8 50 72 8 70
2 24 -72 8 50 -72 8 70
2 24 -72 12 50 -72 12 70
2 24 72 12 50 72 12 70
2 24 72 8 50 72 0 50
2 24 -72 8 50 -72 0 50
2 24 72 12 70 72 8 70
2 24 -72 12 70 -72 8 70
4 16 72 12 70 -72 12 70 -72 8 70 72 8 70
4 16 72 8 70 72 8 50 72 12 50 72 12 70
4 16 -72 12 70 -72 12 50 -72 8 50 -72 8 70
4 16 72 0 50 63 0 0 63 8 0 72 12 50
4 16 -72 12 50 -63 8 0 -63 0 0 -72 0 50
5 24 -72 12 50 -72 8 50 -63 8 0 -72 12 70
5 24 72 12 50 72 8 50 63 8 0 72 12 70
4 16 37 4 -45 63 8 0 63 0 0 37 0 -45
4 16 -37 0 -45 -63 0 0 -63 8 0 -37 4 -45
5 24 -63 0 0 -63 8 0 -37 0 -45 -72 0 50
5 24 63 0 0 63 8 0 37 0 -45 72 0 50
4 16 72 8 70 -72 8 70 -72 8 50 72 8 50
4 16 72 12 50 -72 12 50 -72 12 70 72 12 70
4 16 72 0 50 -72 0 50 -63 0 0 63 0 0
4 16 63 8 0 -63 8 0 -72 12 50 72 12 50
5 24 -72 12 50 72 12 50 0 8 0 0 12 70
4 16 63 0 0 -63 0 0 -37 0 -45 37 0 -45
4 16 37 4 -45 -37 4 -45 -63 8 0 63 8 0
5 24 -63 8 0 63 8 0 0 4 -45 0 12 50
3 16 37 0 -45 -37 0 -45 0 0 -78
3 16 0 0 -78 -37 4 -45 37 4 -45
5 24 -37 4 -45 37 4 -45 0 0 -78 0 0 0
3 16 0 0 -78 -37 0 -45 -37 4 -45
5 24 -37 0 -45 -37 4 -45 0 0 -78 -63 0 0
5 24 37 0 -45 37 4 -45 0 0 -78 63 0 0
3 16 37 4 -45 37 0 -45 0 0 -78
4 16 72 8 50 -72 8 50 -72 0 50 72 0 50
1 16 0 -5 -44 0 -7.5 0 0 0 -7.5 7.5 0 0 t02q3333.dat
1 16 0 -5 -51.5 0 0 -2.5 0 5 0 2.5 0 0 4-4cyli.dat
1 16 0 0 -51.5 0 0 -2.5 0 5 0 2.5 0 0 4-4edge.dat
1 16 0 0 -36.5 0 0 -2.5 0 5 0 2.5 0 0 4-4edge.dat
1 16 0 -5 -36.5 0 0 -2.5 0 5 0 2.5 0 0 4-4cyli.dat
1 16 0 8 60 0 0 -1 0 1 0 1 0 0 stug-6x1.dat
1 16 0 0 10 0 0 -1 0 1 0 1 0 0 stug-4x4.dat
1 16 -50 0 30 0 0 -1 0 1 0 1 0 0 stug-1x2.dat
1 16 50 0 30 0 0 -1 0 1 0 1 0 0 stug-1x2.dat
