0 Top Clip with Rounded Tips
0 Name: clip11.dat
0 Author: Owen Burgoyne [C3POwen]
0 !LDRAW_ORG Primitive UPDATE 2013-02
0 !LICENSE Redistributable under CCAL version 2.0 : see CAreadme.txt

0 BFC CERTIFY CCW

0 !HISTORY 2013-12-23 [PTadmin] Official Update 2013-02

4 16 9.5 0 4 -9.5 0 4 -4 -2 4 4 -2 4
4 16 -9.5 0 4 -7.8478 -8.1481 4 -4 -6 4 -4 -2 4
4 16 -7.8478 -8.1481 4 -6 -10 4 -4 -10 4 -4 -6 4
1 16 0 -6 4 0 0 -4 4 0 0 0 -1 0 5-16ndis.dat
1 16 0 -6 4 0 0 4 4 0 0 0 -1 0 5-16ndis.dat
4 16 4 -2 4 4 -6 4 7.8478 -8.1481 4 9.5 0 4
4 16 4 -6 4 4 -10 4 6 -10 4 7.8478 -8.1481 4
1 16 -6 -7 4 0 0 -2 -3 0 0 0 -1 0 3-16chrd.dat
1 16 6 -7 4 0 0 2 -3 0 0 0 -1 0 3-16chrd.dat
1 16 -8.6739 -4.07405 0 0.8261 0.980055 0 -4.07405 1 0 0 0 4 rect2p.dat
5 24 -7.8478 -8.1481 -4 -7.8478 -8.1481 4 -9.5 0 4 -7.4142 -9.1213 -4
1 16 -6 -7 -4 0 0 -2 -3 0 0 0 8 0 3-16cylo.dat
1 16 -5 -10 0 0 0 1 0 1 0 -4 0 0 rect3.dat
1 16 -3.84774 -8.76253 0 0.15226 -0.992515 0 1.23747 0.999992 0 0 0 4 rect2p.dat
2 24 -3.69548 -7.52506 -4 -3.69548 -7.52506 4
0 BFC INVERTNEXT
1 16 0 -5.99435 4 3.69552 0 1.53073 -1.53073 0 3.69552 0 -8 0 5-8cylo.dat
2 24 3.69552 -7.52508 4 3.69552 -7.52508 -4
1 16 3.84776 -8.76254 0 -0.15224 0.992517 0 1.23746 0.999992 0 0 0 -4 rect2p.dat
1 16 5 -10 0 0 0 -1 0 1 0 -4 0 0 rect3.dat
1 16 6 -7 4 0 0 2 -3 0 0 0 -8 0 3-16cylo.dat
5 24 7.8478 -8.1481 4 7.8478 -8.1481 -4 9.5 0 -4 7.4142 -9.1213 4
1 16 8.6739 -4.07405 0 -0.8261 -0.980055 0 -4.07405 1 0 0 0 -4 rect2p.dat
4 16 -9.5 0 -4 9.5 0 -4 4 -2 -4 -4 -2 -4
4 16 -4 -2 -4 -4 -6 -4 -7.8478 -8.1481 -4 -9.5 0 -4
4 16 -4 -6 -4 -4 -10 -4 -6 -10 -4 -7.8478 -8.1481 -4
1 16 0 -6 -4 0 0 -4 4 0 0 0 1 0 5-16ndis.dat
1 16 0 -6 -4 0 0 4 4 0 0 0 1 0 5-16ndis.dat
4 16 9.5 0 -4 7.8478 -8.1481 -4 4 -6 -4 4 -2 -4
4 16 7.8478 -8.1481 -4 6 -10 -4 4 -10 -4 4 -6 -4
1 16 -6 -7 -4 0 0 -2 -3 0 0 0 1 0 3-16chrd.dat
1 16 6 -7 -4 0 0 2 -3 0 0 0 1 0 3-16chrd.dat
