0 ~Figure Fabuland Monkey Eye  1
0 Name: s\u595s03.dat
0 Author: Philippe Hurbain [Philo]
0 !LDRAW_ORG Subpart UPDATE 2011-01
0 !LICENSE Redistributable under CCAL version 2.0 : see CAreadme.txt

0 BFC CERTIFY CCW

0 !HISTORY 2011-07-25 [PTadmin] Official Update 2011-01

3 0 13.7 -27.6 -18.2 10.5 -30.5 -19.4 11.6 -26.3 -20.1
3 15 7.8 -32.3 -20.093 8.055 -32.683 -19.86 7.8 -32.653 -19.965
4 15 8.055 -32.683 -19.86 7.8 -32.3 -20.093 8.2 -31.8 -20.126 8.2 -32.7 -19.8
3 15 8.272 -31.779 -20.107 8.2 -32.7 -19.8 8.2 -31.8 -20.126
3 0 8.473 -29.22 -20.96 8.305 -28.287 -21.36 8.6 -27.6 -21.5
4 0 7.945 -29.127 -21.188 8.305 -28.287 -21.36 8.473 -29.22 -20.96 8.2 -31.8 -20.126
3 0 8.473 -29.22 -20.96 8.272 -31.779 -20.107 8.2 -31.8 -20.126
3 0 7.125 -31.041 -20.798 7.945 -29.127 -21.188 8.2 -31.8 -20.126
4 0 7.125 -31.041 -20.798 8.2 -31.8 -20.126 7.8 -32.3 -20.093 6.7 -32.034 -20.595
4 0 6.5 -32.5 -20.5 6.7 -32.034 -20.595 7.8 -32.3 -20.093 7.8 -32.653 -19.965
3 0 8.305 -28.287 -21.36 8.201 -27.708 -21.596 8.6 -27.6 -21.5
4 0 8.201 -27.708 -21.596 8.305 -28.287 -21.36 7.945 -29.127 -21.188 7.821 -27.823 -21.685
4 0 6.5 -30.6 -21.163 6.5 -28.2 -22 7.821 -27.823 -21.685 7.125 -31.041 -20.798
3 0 7.821 -27.823 -21.685 7.945 -29.127 -21.188 7.125 -31.041 -20.798
4 0 6.7 -32.034 -20.595 6.5 -31.986 -20.679 6.5 -30.6 -21.163 7.125 -31.041 -20.798
3 0 6.7 -32.034 -20.595 6.5 -32.5 -20.5 6.5 -31.986 -20.679
3 0 10.5 -30.5 -19.4 8.6 -27.6 -21.5 11.6 -26.3 -20.1
4 15 8.272 -31.779 -20.107 8.9 -31.6 -19.84 8.82 -32.107 -19.692 8.2 -32.7 -19.8
3 15 8.82 -32.107 -19.692 8.9 -31.6 -19.84 9.165 -31.777 -19.632
3 0 9.165 -31.777 -19.632 8.9 -31.6 -19.84 10.5 -30.5 -19.4
4 0 8.9 -31.6 -19.84 8.473 -29.22 -20.96 8.6 -27.6 -21.5 10.5 -30.5 -19.4
3 0 8.272 -31.779 -20.107 8.473 -29.22 -20.96 8.9 -31.6 -19.84
3 16 15.9 -31.6 -14 14.3 -35.2 -13.4 12.8 -33 -16.4
3 16 15.9 -31.6 -14 12.8 -33 -16.4 14.2 -30.6 -16.5
4 16 12.8 -33 -16.4 14.3 -35.2 -13.4 11.1 -36.8 -14.7 11.5 -33.8 -16.791
4 0 9.7 -34.259 -17.853 9.8 -34.5 -17.58 9.727 -34.511 -17.63 9.6 -34.3 -17.9
4 0 11.247 -33.631 -17.128 11.5 -33.8 -16.791 9.8 -34.5 -17.58 9.7 -34.259 -17.853
3 0 11.5 -33.8 -16.791 11.247 -33.631 -17.128 12.8 -33 -16.4
3 16 9.727 -34.511 -17.63 9.8 -34.5 -17.58 9.794 -34.624 -17.486
4 16 9.8 -34.5 -17.58 11.5 -33.8 -16.791 11.1 -36.8 -14.7 9.794 -34.624 -17.486
3 0 9.6 -34.3 -17.9 9.6 -34.531 -17.716 9.436 -34.556 -17.788
4 16 9.436 -34.556 -17.788 9.6 -34.531 -17.716 9.6 -38.7 -14.4 7.1 -38.2 -16.2
3 0 8.495 -34.697 -18.214 9.6 -34.3 -17.9 9.436 -34.556 -17.788
4 16 7.1 -38.2 -16.2 6.8 -35.3 -18.7 8.495 -34.697 -18.214 9.436 -34.556 -17.788
3 0 9.6 -34.3 -17.9 9.727 -34.511 -17.63 9.6 -34.531 -17.716
4 16 9.6 -38.7 -14.4 9.6 -34.531 -17.716 9.727 -34.511 -17.63 9.794 -34.624 -17.486
3 16 9.6 -38.7 -14.4 9.794 -34.624 -17.486 11.1 -36.8 -14.7
4 0 13.6 -31.4 -16.569 12.8 -33 -16.4 11.829 -31.945 -17.666 13.735 -30.587 -16.864
4 0 10.975 -31.017 -18.78 11.701 -30.532 -18.458 13.735 -30.587 -16.864 11.829 -31.945 -17.666
3 0 11.701 -30.532 -18.458 10.975 -31.017 -18.78 10.5 -30.5 -19.4
3 16 12.8 -33 -16.4 13.6 -31.4 -16.569 14.2 -30.6 -16.5
3 16 13.6 -31.4 -16.569 13.735 -30.587 -16.864 14.2 -30.6 -16.5
4 0 13.735 -30.587 -16.864 11.701 -30.532 -18.458 13.939 -29.033 -17.388 13.967 -29.2 -17.293
4 0 13.939 -29.033 -17.388 11.701 -30.532 -18.458 10.5 -30.5 -19.4 13.7 -27.6 -18.2
3 16 13.735 -30.587 -16.864 13.967 -29.2 -17.293 14.2 -30.6 -16.5
3 0 9.6 -34.3 -17.9 9.642 -34.121 -17.97 9.7 -34.259 -17.853
4 0 9.961 -32.774 -18.502 11.247 -33.631 -17.128 9.7 -34.259 -17.853 9.642 -34.121 -17.97
4 0 9.961 -32.774 -18.502 10.026 -32.5 -18.611 11.829 -31.945 -17.666 11.247 -33.631 -17.128
3 0 11.829 -31.945 -17.666 12.8 -33 -16.4 11.247 -33.631 -17.128
4 0 10.266 -31.49 -19.009 10.975 -31.017 -18.78 11.829 -31.945 -17.666 10.026 -32.5 -18.611
3 0 10.975 -31.017 -18.78 10.266 -31.49 -19.009 10.5 -30.5 -19.4
3 15 8.82 -32.107 -19.692 8.646 -33.21 -19.195 8.2 -32.7 -19.8
4 15 8.722 -33.297 -19.092 9.5 -32 -19.268 9.7 -32.6 -18.787 8.84 -33.431 -18.931
3 15 9.3 -33.3 -18.678 8.84 -33.431 -18.931 9.7 -32.6 -18.787
4 15 8.646 -33.21 -19.195 8.82 -32.107 -19.692 9.165 -31.777 -19.632 8.722 -33.297 -19.092
3 15 9.5 -32 -19.268 8.722 -33.297 -19.092 9.165 -31.777 -19.632
4 0 9.6 -34.3 -17.9 8.84 -33.431 -18.931 9.3 -33.3 -18.678 9.642 -34.121 -17.97
4 0 9.3 -33.3 -18.678 9.7 -32.6 -18.787 9.961 -32.774 -18.502 9.642 -34.121 -17.97
3 0 10.026 -32.5 -18.611 9.961 -32.774 -18.502 9.7 -32.6 -18.787
4 0 9.7 -32.6 -18.787 9.5 -32 -19.268 10.266 -31.49 -19.009 10.026 -32.5 -18.611
4 0 9.5 -32 -19.268 9.165 -31.777 -19.632 10.5 -30.5 -19.4 10.266 -31.49 -19.009
3 16 11.4 -22.2 -21.4 13.7 -22.6 -19.6 11.5 -23.7 -20.7
4 0 11.9 -24.3 -20.334 12.458 -24.788 -19.896 11.6 -26.3 -20.1 11.521 -24.253 -20.572
3 16 11.9 -24.3 -20.334 11.521 -24.253 -20.572 11.5 -23.7 -20.7
4 16 11.9 -24.3 -20.334 11.5 -23.7 -20.7 13.7 -22.6 -19.6 12.458 -24.788 -19.896
3 0 7.136 -25.782 -22.345 7.9 -26 -22.1 7.789 -26.174 -22.092
4 0 5.79 -26.678 -22.507 6.404 -25.573 -22.581 7.136 -25.782 -22.345 5.973 -27.071 -22.376
4 0 7.136 -25.782 -22.345 7.789 -26.174 -22.092 7.48 -26.66 -22.07 5.973 -27.071 -22.376
4 0 6.762 -27.788 -22.019 6.434 -28.058 -22.047 5.973 -27.071 -22.376 7.48 -26.66 -22.07
3 0 6.762 -27.788 -22.019 6.5 -28.2 -22 6.434 -28.058 -22.047
3 16 6.404 -25.573 -22.581 5.79 -26.678 -22.507 5.1 -25.2 -23
4 0 7.9 -26 -22.1 7.136 -25.782 -22.345 6.5 -25.4 -22.57 7.463 -24.834 -22.343
3 0 7.136 -25.782 -22.345 6.404 -25.573 -22.581 6.5 -25.4 -22.57
3 16 6.5 -25.4 -22.57 6.404 -25.573 -22.581 5.1 -25.2 -23
4 16 6.5 -25.4 -22.57 5.1 -25.2 -23 7 -23.6 -22.6 7.463 -24.834 -22.343
3 0 9.047 -24.279 -21.718 8.392 -25.263 -21.936 8.2 -24.4 -22.061
4 0 7.463 -24.834 -22.343 8.2 -24.4 -22.061 8.392 -25.263 -21.936 7.9 -26 -22.1
3 16 8.2 -24.4 -22.061 7.463 -24.834 -22.343 7 -23.6 -22.6
4 16 8.2 -24.4 -22.061 7 -23.6 -22.6 9.7 -23.3 -21.5 9.047 -24.279 -21.718
3 15 9 -27.2 -21.379 8.6 -27.6 -21.5 9 -27.074 -21.416
3 0 8.6 -27.6 -21.5 9 -27.2 -21.379 11.6 -26.3 -20.1
4 0 10.5 -25.1 -21.1 11.6 -26.3 -20.1 9 -27.2 -21.379 9 -27.074 -21.416
3 16 9.7 -23.3 -21.5 11.4 -22.2 -21.4 11.5 -23.7 -20.7
3 0 11.139 -24.205 -20.844 10.714 -24.801 -21.014 10.3 -24.1 -21.215
4 0 10.3 -24.1 -21.215 10.714 -24.801 -21.014 10.5 -25.1 -21.1 10.168 -24.353 -21.266
3 0 10.168 -24.353 -21.266 10.07 -24.133 -21.315 10.3 -24.1 -21.215
3 16 10.3 -24.1 -21.215 10.07 -24.133 -21.315 9.7 -23.3 -21.5
4 16 10.3 -24.1 -21.215 9.7 -23.3 -21.5 11.5 -23.7 -20.7 11.139 -24.205 -20.844
4 0 11.6 -26.3 -20.1 12.7 -25 -19.659 13.6 -26.2 -18.665 13.7 -27.438 -18.246
3 0 13.6 -26.2 -18.665 13.7 -26.55 -18.494 13.7 -27.438 -18.246
3 0 12.458 -24.788 -19.896 12.7 -25 -19.659 11.6 -26.3 -20.1
3 0 11.6 -26.3 -20.1 13.7 -27.438 -18.246 13.7 -27.6 -18.2
3 16 12.7 -25 -19.659 12.458 -24.788 -19.896 13.7 -22.6 -19.6
4 16 13.6 -26.2 -18.665 12.7 -25 -19.659 13.7 -22.6 -19.6 13.7 -26.171 -18.6
3 16 13.7 -26.171 -18.6 13.7 -26.55 -18.494 13.6 -26.2 -18.665
4 0 10.714 -24.801 -21.014 11.139 -24.205 -20.844 11.521 -24.253 -20.572 11.6 -26.3 -20.1
3 0 10.5 -25.1 -21.1 10.714 -24.801 -21.014 11.6 -26.3 -20.1
3 16 11.521 -24.253 -20.572 11.139 -24.205 -20.844 11.5 -23.7 -20.7
3 15 8.018 -26.297 -21.992 8.6 -26.2 -21.751 8.161 -26.596 -21.877
4 15 9 -26.6 -21.501 9 -27.074 -21.416 8.6 -27.6 -21.5 8.6 -26.2 -21.751
3 15 8.6 -26.2 -21.751 8.6 -27.6 -21.5 8.161 -26.596 -21.877
4 0 9 -27.074 -21.416 9 -26.6 -21.501 9.622 -25.404 -21.438 10.5 -25.1 -21.1
4 0 9.622 -25.404 -21.438 9 -26.6 -21.501 8.6 -26.2 -21.751 8.509 -25.789 -21.866
4 0 7.9 -26 -22.1 8.509 -25.789 -21.866 8.6 -26.2 -21.751 8.018 -26.297 -21.992
4 15 8.6 -27.6 -21.5 8.201 -27.708 -21.596 7.8 -27.6 -21.746 7.6 -27.1 -21.927
4 15 7.6 -27.1 -21.927 7.7 -26.6 -22.017 8.018 -26.297 -21.992 8.161 -26.596 -21.877
3 15 8.161 -26.596 -21.877 8.6 -27.6 -21.5 7.6 -27.1 -21.927
3 0 7.9 -26 -22.1 8.018 -26.297 -21.992 7.789 -26.174 -22.092
4 0 8.018 -26.297 -21.992 7.7 -26.6 -22.017 7.48 -26.66 -22.07 7.789 -26.174 -22.092
4 0 7.8 -27.6 -21.746 8.201 -27.708 -21.596 7.821 -27.823 -21.685 6.5 -28.2 -22
4 0 7.7 -26.6 -22.017 7.6 -27.1 -21.927 6.762 -27.788 -22.019 7.48 -26.66 -22.07
4 0 6.762 -27.788 -22.019 7.6 -27.1 -21.927 7.8 -27.6 -21.746 6.5 -28.2 -22
3 0 10.5 -25.1 -21.1 9.622 -25.404 -21.438 10.168 -24.353 -21.266
4 0 8.392 -25.263 -21.936 9.047 -24.279 -21.718 10.07 -24.133 -21.315 8.509 -25.789 -21.866
4 0 10.07 -24.133 -21.315 10.168 -24.353 -21.266 9.622 -25.404 -21.438 8.509 -25.789 -21.866
3 0 8.509 -25.789 -21.866 7.9 -26 -22.1 8.392 -25.263 -21.936
3 16 10.07 -24.133 -21.315 9.047 -24.279 -21.718 9.7 -23.3 -21.5
3 16 14.2 -30.6 -16.5 16 -25.5 -16.9 17.3 -27.5 -14.3
3 16 17.3 -27.5 -14.3 15.9 -31.6 -14 14.2 -30.6 -16.5
3 0 13.967 -29.2 -17.293 13.939 -29.033 -17.388 14 -29 -17.344
4 0 14 -29 -17.344 13.939 -29.033 -17.388 13.7 -27.6 -18.2 14 -27.6 -17.918
3 0 13.812 -27.498 -18.137 13.938 -27.383 -18.066 14 -27.6 -17.918
3 0 13.812 -27.498 -18.137 14 -27.6 -17.918 13.7 -27.6 -18.2
4 16 14 -29 -17.344 16 -25.5 -16.9 14.2 -30.6 -16.5 13.967 -29.2 -17.293
3 16 14 -27.6 -17.918 13.938 -27.383 -18.066 16 -25.5 -16.9
3 16 16 -25.5 -16.9 14 -29 -17.344 14 -27.6 -17.918
4 0 13.7 -27.438 -18.246 13.7 -26.55 -18.494 13.938 -27.383 -18.066 13.812 -27.498 -18.137
3 0 13.7 -27.438 -18.246 13.812 -27.498 -18.137 13.7 -27.6 -18.2
3 16 16 -25.5 -16.9 13.7 -26.171 -18.6 13.7 -22.6 -19.6
4 16 16 -25.5 -16.9 13.938 -27.383 -18.066 13.7 -26.55 -18.494 13.7 -26.171 -18.6
3 0 5.089 -31.999 -21.001 6.5 -32.5 -20.5 5.704 -33.296 -20.283
4 16 5.704 -33.296 -20.283 4.3 -34.7 -19.9 3.4 -31.4 -21.6 5.089 -31.999 -21.001
4 15 8.101 -32.751 -19.803 8.14 -32.811 -19.753 7.954 -33.157 -19.607 7.802 -32.903 -19.811
3 15 8.2 -32.7 -19.8 8.14 -32.811 -19.753 8.101 -32.751 -19.803
4 0 7.802 -32.903 -19.811 7.954 -33.157 -19.607 7.296 -34.38 -19.089 6.191 -33.73 -19.852
4 16 7.296 -34.38 -19.089 6.8 -35.3 -18.7 4.3 -34.7 -19.9 6.191 -33.73 -19.852
4 15 7.8 -32.653 -19.965 8.055 -32.683 -19.86 8.101 -32.751 -19.803 7.802 -32.903 -19.811
3 15 8.2 -32.7 -19.8 8.101 -32.751 -19.803 8.055 -32.683 -19.86
4 0 5.704 -33.296 -20.283 6.5 -32.5 -20.5 7.8 -32.653 -19.965 5.8 -33.5 -20.125
4 0 5.8 -33.5 -20.125 7.8 -32.653 -19.965 7.802 -32.903 -19.811 6.191 -33.73 -19.852
3 16 5.8 -33.5 -20.125 6.191 -33.73 -19.852 4.3 -34.7 -19.9
3 16 5.704 -33.296 -20.283 5.8 -33.5 -20.125 4.3 -34.7 -19.9
3 0 5.2 -28.143 -22.283 6.273 -28.19 -22.049 4.8 -29.4 -21.959
4 0 5.119 -29.625 -21.822 4.8 -29.4 -21.959 6.273 -28.19 -22.049 6.5 -28.2 -22
3 0 5.119 -29.625 -21.822 4.824 -29.93 -21.784 4.8 -29.4 -21.959
4 16 4.8 -29.4 -21.959 4.824 -29.93 -21.784 3.4 -31.4 -21.6 4.2 -28.1 -22.5
3 16 5.2 -28.143 -22.283 4.8 -29.4 -21.959 4.2 -28.1 -22.5
4 0 5.2 -28.143 -22.283 5.5 -27.2 -22.476 6.392 -28.092 -22.051 6.273 -28.19 -22.049
3 0 6.392 -28.092 -22.051 6.5 -28.2 -22 6.273 -28.19 -22.049
4 16 5.5 -27.2 -22.476 5.2 -28.143 -22.283 4.2 -28.1 -22.5 4.4 -26.1 -23
3 0 5.119 -29.625 -21.822 6.5 -28.2 -22 6.5 -30.6 -21.163
4 0 4.9 -31.6 -21.184 4.824 -29.93 -21.784 5.119 -29.625 -21.822 6.5 -31.986 -20.679
3 0 5.119 -29.625 -21.822 6.5 -30.6 -21.163 6.5 -31.986 -20.679
4 0 5.089 -31.999 -21.001 4.9 -31.6 -21.184 6.5 -31.986 -20.679 6.5 -32.5 -20.5
3 16 4.9 -31.6 -21.184 5.089 -31.999 -21.001 3.4 -31.4 -21.6
3 16 4.824 -29.93 -21.784 4.9 -31.6 -21.184 3.4 -31.4 -21.6
4 15 8.6 -33.5 -19.012 8.1 -33.4 -19.354 7.954 -33.157 -19.607 8.14 -32.811 -19.753
4 15 8.646 -33.21 -19.195 8.6 -33.5 -19.012 8.14 -32.811 -19.753 8.2 -32.7 -19.8
3 15 8.84 -33.431 -18.931 8.6 -33.5 -19.012 8.722 -33.297 -19.092
3 15 8.722 -33.297 -19.092 8.6 -33.5 -19.012 8.646 -33.21 -19.195
4 0 7.5 -34.5 -18.893 8.1 -33.4 -19.354 8.6 -33.5 -19.012 8.495 -34.697 -18.214
4 0 8.495 -34.697 -18.214 8.6 -33.5 -19.012 8.84 -33.431 -18.931 9.6 -34.3 -17.9
4 0 8.1 -33.4 -19.354 7.5 -34.5 -18.893 7.296 -34.38 -19.089 7.954 -33.157 -19.607
3 16 7.5 -34.5 -18.893 8.495 -34.697 -18.214 6.8 -35.3 -18.7
3 16 7.296 -34.38 -19.089 7.5 -34.5 -18.893 6.8 -35.3 -18.7
3 0 5.79 -26.678 -22.507 5.973 -27.071 -22.376 5.5 -27.2 -22.476
4 0 6.392 -28.092 -22.051 5.5 -27.2 -22.476 5.973 -27.071 -22.376 6.434 -28.058 -22.047
3 0 6.434 -28.058 -22.047 6.5 -28.2 -22 6.392 -28.092 -22.051
4 16 5.5 -27.2 -22.476 4.4 -26.1 -23 5.1 -25.2 -23 5.79 -26.678 -22.507
5 24 11.6 -26.3 -20.1 13.7 -27.6 -18.2 10.5 -30.5 -19.4 13.7 -22.6 -19.6
5 24 13.7 -27.6 -18.2 10.5 -30.5 -19.4 11.6 -26.3 -20.1 14.2 -30.6 -16.5
5 24 10.5 -30.5 -19.4 11.6 -26.3 -20.1 13.7 -27.6 -18.2 8.6 -27.6 -21.5
5 24 6.5 -32.5 -20.5 8.6 -27.6 -21.5 8.2 -32.7 -19.8 6.5 -28.2 -22
5 24 8.6 -27.6 -21.5 8.2 -32.7 -19.8 6.5 -32.5 -20.5 10.5 -30.5 -19.4
5 24 8.2 -32.7 -19.8 6.5 -32.5 -20.5 8.6 -27.6 -21.5 4.3 -34.7 -19.9
5 24 6.5 -32.5 -20.5 6.5 -28.2 -22 8.6 -27.6 -21.5 3.4 -31.4 -21.6
5 24 6.5 -28.2 -22 8.6 -27.6 -21.5 6.5 -32.5 -20.5 7.9 -26 -22.1
5 24 8.6 -27.6 -21.5 11.6 -26.3 -20.1 10.5 -30.5 -19.4 10.5 -25.1 -21.1
5 24 10.5 -30.5 -19.4 8.6 -27.6 -21.5 11.6 -26.3 -20.1 8.2 -32.7 -19.8
5 24 10.5 -30.5 -19.4 8.2 -32.7 -19.8 8.6 -27.6 -21.5 9.6 -34.3 -17.9
5 24 12.8 -33 -16.4 15.9 -31.6 -14 14.3 -35.2 -13.4 14.2 -30.6 -16.5
5 24 14.3 -35.2 -13.4 12.8 -33 -16.4 15.9 -31.6 -14 11.1 -36.8 -14.7
5 24 12.8 -33 -16.4 14.2 -30.6 -16.5 15.9 -31.6 -14 10.5 -30.5 -19.4
5 24 14.2 -30.6 -16.5 15.9 -31.6 -14 12.8 -33 -16.4 17.3 -27.5 -14.3
5 24 9.6 -34.3 -17.9 12.8 -33 -16.4 11.1 -36.8 -14.7 10.5 -30.5 -19.4
5 24 11.1 -36.8 -14.7 9.6 -34.3 -17.9 12.8 -33 -16.4 9.6 -38.7 -14.4
5 24 7.1 -38.2 -16.2 9.6 -34.3 -17.9 9.6 -38.7 -14.4 6.8 -35.3 -18.7
5 24 9.6 -34.3 -17.9 9.6 -38.7 -14.4 7.1 -38.2 -16.2 11.1 -36.8 -14.7
5 24 6.8 -35.3 -18.7 9.6 -34.3 -17.9 7.1 -38.2 -16.2 8.2 -32.7 -19.8
5 24 10.5 -30.5 -19.4 14.2 -30.6 -16.5 12.8 -33 -16.4 13.7 -27.6 -18.2
5 24 12.8 -33 -16.4 10.5 -30.5 -19.4 14.2 -30.6 -16.5 9.6 -34.3 -17.9
5 24 13.7 -27.6 -18.2 14.2 -30.6 -16.5 10.5 -30.5 -19.4 16 -25.5 -16.9
5 24 9.6 -34.3 -17.9 10.5 -30.5 -19.4 12.8 -33 -16.4 8.2 -32.7 -19.8
5 24 9.6 -34.3 -17.9 8.2 -32.7 -19.8 10.5 -30.5 -19.4 6.8 -35.3 -18.7
5 24 13.7 -22.6 -19.6 11.5 -23.7 -20.7 11.4 -22.2 -21.4 11.6 -26.3 -20.1
5 24 11.5 -23.7 -20.7 11.4 -22.2 -21.4 13.7 -22.6 -19.6 9.7 -23.3 -21.5
5 24 11.6 -26.3 -20.1 11.5 -23.7 -20.7 13.7 -22.6 -19.6 10.5 -25.1 -21.1
5 24 13.7 -22.6 -19.6 11.6 -26.3 -20.1 11.5 -23.7 -20.7 13.7 -27.6 -18.2
5 24 7.9 -26 -22.1 6.5 -28.2 -22 5.1 -25.2 -23 8.6 -27.6 -21.5
5 24 6.5 -28.2 -22 5.1 -25.2 -23 7.9 -26 -22.1 4.4 -26.1 -23
5 24 5.1 -25.2 -23 7.9 -26 -22.1 6.5 -28.2 -22 7 -23.6 -22.6
5 24 7 -23.6 -22.6 7.9 -26 -22.1 5.1 -25.2 -23 9.7 -23.3 -21.5
5 24 9.7 -23.3 -21.5 7.9 -26 -22.1 7 -23.6 -22.6 10.5 -25.1 -21.1
5 24 8.6 -27.6 -21.5 10.5 -25.1 -21.1 11.6 -26.3 -20.1 7.9 -26 -22.1
5 24 10.5 -25.1 -21.1 11.6 -26.3 -20.1 8.6 -27.6 -21.5 11.5 -23.7 -20.7
5 24 11.5 -23.7 -20.7 9.7 -23.3 -21.5 11.4 -22.2 -21.4 10.5 -25.1 -21.1
5 24 11.5 -23.7 -20.7 10.5 -25.1 -21.1 9.7 -23.3 -21.5 11.6 -26.3 -20.1
5 24 10.5 -25.1 -21.1 9.7 -23.3 -21.5 11.5 -23.7 -20.7 7.9 -26 -22.1
5 24 13.7 -22.6 -19.6 13.7 -27.6 -18.2 11.6 -26.3 -20.1 16 -25.5 -16.9
5 24 7.9 -26 -22.1 10.5 -25.1 -21.1 8.6 -27.6 -21.5 9.7 -23.3 -21.5
5 24 8.6 -27.6 -21.5 7.9 -26 -22.1 10.5 -25.1 -21.1 6.5 -28.2 -22
5 24 17.3 -27.5 -14.3 14.2 -30.6 -16.5 16 -25.5 -16.9 15.9 -31.6 -14
5 24 14.2 -30.6 -16.5 16 -25.5 -16.9 17.3 -27.5 -14.3 13.7 -27.6 -18.2
5 24 13.7 -27.6 -18.2 16 -25.5 -16.9 14.2 -30.6 -16.5 13.7 -22.6 -19.6
5 24 6.5 -32.5 -20.5 4.3 -34.7 -19.9 3.4 -31.4 -21.6 8.2 -32.7 -19.8
5 24 3.4 -31.4 -21.6 6.5 -32.5 -20.5 4.3 -34.7 -19.9 6.5 -28.2 -22
5 24 4.3 -34.7 -19.9 8.2 -32.7 -19.8 6.8 -35.3 -18.7 6.5 -32.5 -20.5
5 24 8.2 -32.7 -19.8 6.8 -35.3 -18.7 4.3 -34.7 -19.9 9.6 -34.3 -17.9
5 24 4.2 -28.1 -22.5 6.5 -28.2 -22 3.4 -31.4 -21.6 4.4 -26.1 -23
5 24 6.5 -28.2 -22 3.4 -31.4 -21.6 4.2 -28.1 -22.5 6.5 -32.5 -20.5
5 24 4.4 -26.1 -23 6.5 -28.2 -22 4.2 -28.1 -22.5 5.1 -25.2 -23
