0 ~Motor Windup  2 x  6 x  2.333 Side Panel
0 Name: u9050.dat
0 Author: Chris Dee [cwdee]
0 !LDRAW_ORG Part UPDATE 2013-01
0 !LICENSE Redistributable under CCAL version 2.0 : see CAreadme.txt

0 BFC CERTIFY CW

0 !CATEGORY Brick

0 !HISTORY 2013-07-21 [PTadmin] Official Update 2013-01

0 // Needs Work: Inside assumed

1 16 0 23 0 0 -4 0 -23 0 0 0 0 -58 box4.dat
0 BFC INVERTNEXT
1 16 0 24 0 0 -4 0 0 0 7.5 7.5 0 0 4-4cyli.dat
0 BFC INVERTNEXT
1 16 0 24 -40 0 -4 0 0 0 6 6 0 0 4-4cyli.dat

1 16 0 24 0 0 -1 0 0 0 7.5 7.5 0 0 4-4ndis.dat
1 16 0 24 -40 0 -1 0 0 0 6 6 0 0 4-4ndis.dat
1 16 0 24 0 0 -1 0 0 0 7.5 7.5 0 0 4-4edge.dat
1 16 0 24 -40 0 -1 0 0 0 6 6 0 0 4-4edge.dat
3 16 0 31.5 7.5 0 46 58 0 31.5 -7.5
4 16 0 31.5 -7.5 0 46 58 0 46 -58 0 30 -34
3 16 0 30 -34 0 46 -58 0 30 -46
4 16 0 30 -46 0 46 -58 0 0 -58 0 18 -46
3 16 0 18 -46 0 0 -58 0 18 -34
4 16 0 18 -34 0 0 -58 0 0 58 0 16.5 -7.5
3 16 0 16.5 -7.5 0 0 58 0 16.5 7.5
4 16 0 16.5 7.5 0 0 58 0 46 58 0 31.5 7.5
4 16 0 31.5 -7.5 0 30 -34 0 18 -34 0 16.5 -7.5

1 16 -4 24 0 0 1 0 0 0 7.5 7.5 0 0 4-4ndis.dat
1 16 -4 24 -40 0 1 0 0 0 6 6 0 0 4-4ndis.dat
1 16 -4 24 0 0 1 0 0 0 7.5 7.5 0 0 4-4edge.dat
1 16 -4 24 -40 0 1 0 0 0 6 6 0 0 4-4edge.dat
4 16 -4 31.5 -7.5 -4 46 26 -4 40 26 -4 31.5 7.5
4 16 -4 44 -26 -4 44 -34 -4 46 -34 -4 46 -26
4 16 -4 40 -26 -4 46 -26 -4 46 26 -4 31.5 -7.5
4 16 -4 40 -26 -4 31.5 -7.5 -4 30 -34 -4 40 -34 
3 16 -4 46 -58 -4 46 -34 -4 40 -34
4 16 -4 30 -46 -4 46 -58 -4 40 -34 -4 30 -34
4 16 -4 18 -46 -4 0 -58 -4 46 -58 -4 30 -46
4 16 -4 18 -34 -4 6 -34 -4 0 -58 -4 18 -46
3 16 -4 0 -58 -4 6 -34 -4 0 -34
4 16 -4 6 -34 -4 18 -34 -4 16.5 -7.5 -4 6 -26
4 16 -4 16.5 -7.5 -4 0 26 -4 0 -26 -4 6 -26
4 16 -4 0 -26 -4 0 -34 -4 2 -34 -4 2 -26
4 16 -4 16.5 7.5 -4 6 26 -4 0 26 -4 16.5 -7.5
4 16 -4 0 34 -4 0 26 -4 2 26 -4 2 34
3 16 -4 6 34 -4 0 58 -4 0 34
4 16 -4 40 34 -4 46 58 -4 0 58 -4 6 34
3 16 -4 40 34 -4 46 34 -4 46 58
4 16 -4 44 34 -4 44 26 -4 46 26 -4 46 34
4 16 -4 40 34 -4 6 34 -4 6 26 -4 40 26
4 16 -4 31.5 7.5 -4 40 26 -4 6 26 -4 16.5 7.5
4 16 -4 16.5 -7.5 -4 18 -34 -4 30 -34 -4 31.5 -7.5

1 16 -10 -2 30 4 0 0 0 1 0 0 0 4 5-16edge.dat
1 16 -10 -2 30 4 0 0 0 1 0 0 0 -4 5-16edge.dat
1 16 -10 -2 30 4 0 0 0 4 0 0 0 4 5-16cyli.dat
1 16 -10 -2 30 4 0 0 0 4 0 0 0 -4 5-16cyli.dat
1 16 -10  2 30 4 0 0 0 1 0 0 0 4 4-4edge.dat
1 16 -10 -2 30 4 0 0 0 1 0 0 0 4 5-16chrd.dat
1 16 -10 -2 30 4 0 0 0 1 0 0 0 -4 5-16chrd.dat
3 16 -6 -2 30 -11.531 -2 26.304 -11.531 -2 33.696
2 24 -11.531 -2 26.304 -11.531 -2 33.696
1 16 -10 -0.766 30 -4 0 0 0 -2 0 0 0 4 3-16cyls.dat
1 16 -10 2 30 -4 0 0 0 -2.766 0 0 0 4 3-16cyli.dat
2 24 -14 -0.766 30 -13.696 -0.918 31.531
2 24 -13.696 -0.918 31.531 -12.828 -1.352 32.828
2 24 -12.828 -1.352 32.828 -11.531 -2.001 33.696
3 16 -11.531 -2 30 -14 -0.766 30 -13.696 -0.918 31.531
3 16 -11.531 -2 30 -13.696 -0.918 31.531 -12.828 -1.352 32.828
3 16 -11.531 -2 30 -12.828 -1.352 32.828 -11.531 -2.001 33.696
1 16 -10 -0.766 30 -4 0 0 0 -2 0 0 0 -4 3-16cyls.dat
1 16 -10 2 30 -4 0 0 0 -2.766 0 0 0 -4 3-16cyli.dat
2 24 -14 -0.766 30 -13.696 -0.918 28.469
2 24 -13.696 -0.918 28.469 -12.828 -1.352 27.172
2 24 -12.828 -1.352 27.172 -11.531 -2.001 26.304
3 16 -13.696 -0.918 28.469 -14 -0.766 30 -11.531 -2 30
3 16 -12.828 -1.352 27.172 -13.696 -0.918 28.469 -11.531 -2 30
3 16 -11.531 -2.001 26.304 -12.828 -1.352 27.172 -11.531 -2 30
1 16 -9 4 30 5 0 0 0 2 0 0 0 4 box.dat

1 16 -10 -2 -30 4 0 0 0 1 0 0 0 4 5-16edge.dat
1 16 -10 -2 -30 4 0 0 0 1 0 0 0 -4 5-16edge.dat
1 16 -10 -2 -30 4 0 0 0 4 0 0 0 4 5-16cyli.dat
1 16 -10 -2 -30 4 0 0 0 4 0 0 0 -4 5-16cyli.dat
1 16 -10 2 -30 4 0 0 0 1 0 0 0 4 4-4edge.dat
1 16 -10 -2 -30 4 0 0 0 1 0 0 0 4 5-16chrd.dat
1 16 -10 -2 -30 4 0 0 0 1 0 0 0 -4 5-16chrd.dat
3 16 -6 -2 -30 -11.531 -2 -33.696 -11.531 -2 -26.304
2 24 -11.531 -2 -33.696 -11.531 -2 -26.304
1 16 -10 -0.766 -30 -4 0 0 0 -2 0 0 0 4 3-16cyls.dat
1 16 -10 2 -30 -4 0 0 0 -2.766 0 0 0 4 3-16cyli.dat
2 24 -14 -0.766 -30 -13.696 -0.918 -28.469
2 24 -13.696 -0.918 -28.469 -12.828 -1.352 -27.172
2 24 -12.828 -1.352 -27.172 -11.531 -2.001 -26.304
3 16 -11.531 -2 -30 -14 -0.766 -30 -13.696 -0.918 -28.469
3 16 -11.531 -2 -30 -13.696 -0.918 -28.469 -12.828 -1.352 -27.172
3 16 -11.531 -2 -30 -12.828 -1.352 -27.172 -11.531 -2.001 -26.304
1 16 -10 -0.766 -30 -4 0 0 0 -2 0 0 0 -4 3-16cyls.dat
1 16 -10 2 -30 -4 0 0 0 -2.766 0 0 0 -4 3-16cyli.dat
2 24 -14 -0.766 -30 -13.696 -0.918 -31.531
2 24 -13.696 -0.918 -31.531 -12.828 -1.352 -32.828
2 24 -12.828 -1.352 -32.828 -11.531 -2.001 -33.696
3 16 -13.696 -0.918 -31.531 -14 -0.766 -30 -11.531 -2 -30
3 16 -12.828 -1.352 -32.828 -13.696 -0.918 -31.531 -11.531 -2 -30
3 16 -11.531 -2.001 -33.696 -12.828 -1.352 -32.828 -11.531 -2 -30
1 16 -9 4 -30 5 0 0 0 2 0 0 0 4 box.dat

1 16 -10 50 -30 4 0 0 0 -1 0 0 0 -4 5-16edge.dat
1 16 -10 50 -30 4 0 0 0 -1 0 0 0 4 5-16edge.dat
1 16 -10 50 -30 4 0 0 0 -6 0 0 0 -4 5-16cyli.dat
1 16 -10 50 -30 4 0 0 0 -6 0 0 0 4 5-16cyli.dat
1 16 -10 44 -30 4 0 0 0 -1 0 0 0 -4 4-4edge.dat
1 16 -10 50 -30 4 0 0 0 -1 0 0 0 -4 5-16chrd.dat
1 16 -10 50 -30 4 0 0 0 -1 0 0 0 4 5-16chrd.dat
3 16 -6 50 -30 -11.531 50 -26.304 -11.531 50 -33.696
2 24 -11.531 50 -26.304 -11.531 50 -33.696
1 16 -10 48.766 -30 -4 0 0 0 2 0 0 0 -4 3-16cyls.dat
1 16 -10 44 -30 -4 0 0 0 4.766 0 0 0 -4 3-16cyli.dat
2 24 -14 48.766 -30 -13.696 48.918 -31.531
2 24 -13.696 48.918 -31.531 -12.828 49.352 -32.828
2 24 -12.828 49.352 -32.828 -11.531 50.001 -33.696
3 16 -11.531 50 -30 -14 48.766 -30 -13.696 48.918 -31.531
3 16 -11.531 50 -30 -13.696 48.918 -31.531 -12.828 49.352 -32.828
3 16 -11.531 50 -30 -12.828 49.352 -32.828 -11.531 50.001 -33.696
1 16 -10 48.766 -30 -4 0 0 0 2 0 0 0 4 3-16cyls.dat
1 16 -10 44 -30 -4 0 0 0 4.766 0 0 0 4 3-16cyli.dat
2 24 -14 48.766 -30 -13.696 48.918 -28.469
2 24 -13.696 48.918 -28.469 -12.828 49.352 -27.172
2 24 -12.828 49.352 -27.172 -11.531 50.001 -26.304
3 16 -13.696 48.918 -28.469 -14 48.766 -30 -11.531 50 -30
3 16 -12.828 49.352 -27.172 -13.696 48.918 -28.469 -11.531 50 -30
3 16 -11.531 50.001 -26.304 -12.828 49.352 -27.172 -11.531 50 -30
1 16 -9 42 -30 5 0 0 0 -2 0 0 0 -4 box.dat

1 16 -10 50 30 4 0 0 0 -1 0 0 0 -4 5-16edge.dat
1 16 -10 50 30 4 0 0 0 -1 0 0 0 4 5-16edge.dat
1 16 -10 50 30 4 0 0 0 -6 0 0 0 -4 5-16cyli.dat
1 16 -10 50 30 4 0 0 0 -6 0 0 0 4 5-16cyli.dat
1 16 -10 44 30 4 0 0 0 -1 0 0 0 -4 4-4edge.dat
1 16 -10 50 30 4 0 0 0 -1 0 0 0 -4 5-16chrd.dat
1 16 -10 50 30 4 0 0 0 -1 0 0 0 4 5-16chrd.dat
3 16 -6 50 30 -11.531 50 33.696 -11.531 50 26.304
2 24 -11.531 50 33.696 -11.531 50 26.304
1 16 -10 48.766 30 -4 0 0 0 2 0 0 0 -4 3-16cyls.dat
1 16 -10 44 30 -4 0 0 0 4.766 0 0 0 -4 3-16cyli.dat
2 24 -14 48.766 30 -13.696 48.918 28.469
2 24 -13.696 48.918 28.469 -12.828 49.352 27.172
2 24 -12.828 49.352 27.172 -11.531 50.001 26.304
3 16 -11.531 50 30 -14 48.766 30 -13.696 48.918 28.469
3 16 -11.531 50 30 -13.696 48.918 28.469 -12.828 49.352 27.172
3 16 -11.531 50 30 -12.828 49.352 27.172 -11.531 50.001 26.304
1 16 -10 48.766 30 -4 0 0 0 2 0 0 0 4 3-16cyls.dat
1 16 -10 44 30 -4 0 0 0 4.766 0 0 0 4 3-16cyli.dat
2 24 -14 48.766 30 -13.696 48.918 31.531
2 24 -13.696 48.918 31.531 -12.828 49.352 32.828
2 24 -12.828 49.352 32.828 -11.531 50.001 33.696
3 16 -13.696 48.918 31.531 -14 48.766 30 -11.531 50 30
3 16 -12.828 49.352 32.828 -13.696 48.918 31.531 -11.531 50 30
3 16 -11.531 50.001 33.696 -12.828 49.352 32.828 -11.531 50 30
1 16 -9 42 30 5 0 0 0 -2 0 0 0 -4 box.dat
0
