0 ~Figure Fabuland Cat Nose and Whiskers  2
0 Name: s\u9108s03.dat
0 Author: Philippe Hurbain [Philo]
0 !LDRAW_ORG Subpart UPDATE 2010-03
0 !LICENSE Redistributable under CCAL version 2.0 : see CAreadme.txt

0 BFC CERTIFY CCW

0 !HISTORY 2010-12-31 [PTadmin] Official Update 2010-03

3 0 0 -17.7 -28.501 -0.789 -17.628 -28.39 0 -17.185 -28.722
4 16 0 -17.7 -28.501 0 -17.834 -28.444 -1.268 -17.898 -28.188 -0.789 -17.628 -28.39
3 16 -1.268 -17.898 -28.188 0 -17.834 -28.444 0 -18.608 -27.986
3 0 -2 -17.1 -28.263 -2.238 -16.76 -28.313 0 -17.185 -28.722
4 0 -1.1 -17.6 -28.323 -2 -17.1 -28.263 0 -17.185 -28.722 -0.789 -17.628 -28.39
3 16 -2 -17.1 -28.263 -2.85 -16.643 -28.201 -2.238 -16.76 -28.313
3 16 -0.789 -17.628 -28.39 -1.268 -17.898 -28.188 -1.1 -17.6 -28.323
4 16 -2 -17.1 -28.263 -1.1 -17.6 -28.323 -1.268 -17.898 -28.188 -2.85 -16.643 -28.201
4 0 -4.7 -12.504 -27.701 -4.7 -11.9 -27.681 -3.875 -11.871 -27.859 -3.966 -12.674 -27.866
3 0 -3.875 -11.871 -27.859 -3.237 -12.648 -28.024 -3.966 -12.674 -27.866
4 0 -5 -12.435 -27.633 -5 -12.1 -27.622 -4.7 -11.9 -27.681 -4.7 -12.504 -27.701
3 16 -3.04 -12.888 -28.075 -3.966 -12.674 -27.866 -3.237 -12.648 -28.024
3 16 -4.7 -11.9 -27.681 -4.803 -10.742 -27.62 -3.875 -11.871 -27.859
4 16 -4.7 -11.9 -27.681 -5 -12.1 -27.622 -5.768 -12.257 -27.461 -4.803 -10.742 -27.62
3 16 -5 -12.435 -27.633 -5.768 -12.257 -27.461 -5 -12.1 -27.622
3 16 -3.029 -10.292 -27.64 -4.803 -10.742 -27.62 -5.821 -10.067 -27.185
3 16 -3.029 -10.292 -27.64 -5.821 -10.067 -27.185 -2.436 -8.83 -26.903
3 16 -5.29 -8.198 -25.808 -5.821 -10.067 -27.185 -7.006 -9.481 -26.546
3 16 -4.803 -10.742 -27.62 -6.835 -10.404 -27.019 -5.821 -10.067 -27.185
3 16 -5.768 -12.257 -27.461 -6.835 -10.404 -27.019 -4.803 -10.742 -27.62
3 16 -5.821 -10.067 -27.185 -6.835 -10.404 -27.019 -7.006 -9.481 -26.546
3 16 -8.264 -10.137 -26.143 -7.006 -9.481 -26.546 -6.835 -10.404 -27.019
3 16 -6.835 -10.404 -27.019 -5.768 -12.257 -27.461 -7.653 -12.212 -26.58
3 16 -5.768 -12.257 -27.461 -6.868 -13.183 -26.822 -7.653 -12.212 -26.58
3 16 -7.653 -12.212 -26.58 -8.64 -10.951 -26.047 -6.835 -10.404 -27.019
3 16 -8.264 -10.137 -26.143 -6.835 -10.404 -27.019 -8.64 -10.951 -26.047
3 16 -9.126 -12.232 -25.54 -8.64 -10.951 -26.047 -7.653 -12.212 -26.58
3 16 -5.556 -13.522 -27.286 -6.868 -13.183 -26.822 -5.768 -12.257 -27.461
3 16 -5.556 -13.522 -27.286 -6.55 -14.113 -26.487 -6.868 -13.183 -26.822
3 16 -6.55 -14.113 -26.487 -7.652 -14.688 -25.24 -8.421 -13.243 -25.823
3 16 -6.868 -13.183 -26.822 -8.421 -13.243 -25.823 -7.653 -12.212 -26.58
3 16 -6.868 -13.183 -26.822 -6.55 -14.113 -26.487 -8.421 -13.243 -25.823
3 16 -8.421 -13.243 -25.823 -9.126 -12.232 -25.54 -7.653 -12.212 -26.58
3 16 -3.837 -15.598 -26.879 -7.652 -14.688 -25.24 -6.55 -14.113 -26.487
4 0 -2.703 -16.086 -28.143 -2.331 -14.582 -27.974 -1.163 -15.344 -28.632 -2.505 -16.378 -28.289
3 16 -2.505 -16.378 -28.289 -2.85 -16.643 -28.201 -2.703 -16.086 -28.143
3 0 -4.445 -13.887 -27.523 -3.689 -14.135 -27.684 -4.4 -14.2 -27.38
4 0 -4.4 -14.2 -27.38 -4.7 -14 -27.368 -4.774 -13.779 -27.453 -4.445 -13.887 -27.523
3 16 -3.352 -14.246 -27.756 -2.331 -14.582 -27.974 -3.837 -15.598 -26.879
4 16 -3.837 -15.598 -26.879 -4.4 -14.2 -27.38 -3.689 -14.135 -27.684 -3.352 -14.246 -27.756
4 16 -4.7 -14 -27.368 -4.4 -14.2 -27.38 -3.837 -15.598 -26.879 -5.556 -13.522 -27.286
3 16 -4.7 -14 -27.368 -5.556 -13.522 -27.286 -4.774 -13.779 -27.453
4 0 -4.445 -13.887 -27.523 -4.5 -13.5 -27.575 -3.5 -13.4 -27.862 -3.689 -14.135 -27.684
3 0 -3.5 -13.4 -27.862 -3.3 -14.1 -27.795 -3.689 -14.135 -27.684
4 0 -2.618 -13.895 -28.015 -3.3 -14.1 -27.795 -3.5 -13.4 -27.862 -2.895 -13.235 -28.054
4 0 -4.774 -13.779 -27.453 -4.8 -13.7 -27.459 -4.5 -13.5 -27.575 -4.445 -13.887 -27.523
4 16 -3.04 -12.888 -28.075 -2.895 -13.235 -28.054 -3.5 -13.4 -27.862 -3.974 -13.123 -27.782
4 16 -3.3 -14.1 -27.795 -2.618 -13.895 -28.015 -2.331 -14.582 -27.974 -3.352 -14.246 -27.756
3 16 -4.8 -13.7 -27.459 -5.556 -13.522 -27.286 -4.859 -13.346 -27.504
3 16 -3.689 -14.135 -27.684 -3.3 -14.1 -27.795 -3.352 -14.246 -27.756
3 16 -4.774 -13.779 -27.453 -5.556 -13.522 -27.286 -4.8 -13.7 -27.459
4 16 -3.5 -13.4 -27.862 -4.5 -13.5 -27.575 -4.557 -13.27 -27.599 -3.974 -13.123 -27.782
4 16 -4.557 -13.27 -27.599 -4.5 -13.5 -27.575 -4.8 -13.7 -27.459 -4.859 -13.346 -27.504
3 0 -2.703 -16.086 -28.143 -2.9 -15.2 -27.643 -2.331 -14.582 -27.974
3 16 -2.9 -15.2 -27.643 -3.837 -15.598 -26.879 -2.331 -14.582 -27.974
4 16 -2.9 -15.2 -27.643 -2.703 -16.086 -28.143 -2.85 -16.643 -28.201 -3.837 -15.598 -26.879
3 16 -3.837 -15.598 -26.879 -6.55 -14.113 -26.487 -5.556 -13.522 -27.286
4 0 -2.4 -13.1 -28.019 -2.3 -13.8 -27.993 -2.618 -13.895 -28.015 -2.895 -13.235 -28.054
4 0 -2.4 -13.1 -28.019 -1.6 -12.8 -27.965 -1.539 -13.015 -27.955 -2.3 -13.8 -27.993
3 0 -1.539 -13.015 -27.955 -1.862 -13.654 -27.963 -2.3 -13.8 -27.993
3 0 -1.449 -12.838 -27.953 -1.539 -13.015 -27.955 -1.6 -12.8 -27.965
3 0 -2.669 -12.627 -28.053 -1.9 -12.089 -28.008 -1.9 -12.6 -27.994
4 0 -1.9 -12.089 -28.008 -1.689 -11.941 -27.996 -1.6 -12 -27.987 -1.9 -12.6 -27.994
3 0 -1.6 -12 -27.987 -1.6 -12.3 -27.979 -1.9 -12.6 -27.994
4 16 -3.04 -12.888 -28.075 -2.669 -12.627 -28.053 -1.9 -12.6 -27.994 -2.895 -13.235 -28.054
4 16 -2.4 -13.1 -28.019 -2.895 -13.235 -28.054 -1.9 -12.6 -27.994 -1.6 -12.8 -27.965
3 16 -0.614 -11.187 -27.933 -1.6 -12 -27.987 -1.689 -11.941 -27.996
3 16 -0.614 -11.187 -27.933 -1.331 -12.605 -27.95 -1.6 -12 -27.987
3 16 -2.331 -14.582 -27.974 -2.3 -13.8 -27.993 -1.862 -13.654 -27.963
3 16 -2.331 -14.582 -27.974 -2.618 -13.895 -28.015 -2.3 -13.8 -27.993
4 16 -1.6 -12.3 -27.979 -1.6 -12 -27.987 -1.331 -12.605 -27.95 -1.36 -12.661 -27.95
4 16 -1.6 -12.8 -27.965 -1.9 -12.6 -27.994 -1.6 -12.3 -27.979 -1.449 -12.838 -27.953
3 16 -1.36 -12.661 -27.95 -1.449 -12.838 -27.953 -1.6 -12.3 -27.979
3 0 -4.7 -12.504 -27.701 -3.966 -12.674 -27.866 -4.7 -12.7 -27.665
4 0 -4.7 -12.7 -27.665 -5 -12.5 -27.622 -5 -12.435 -27.633 -4.7 -12.504 -27.701
4 16 -3.974 -13.123 -27.782 -4.7 -12.7 -27.665 -3.966 -12.674 -27.866 -3.04 -12.888 -28.075
4 16 -5 -12.5 -27.622 -4.859 -13.346 -27.504 -5.556 -13.522 -27.286 -5.768 -12.257 -27.461
3 16 -5 -12.5 -27.622 -5.768 -12.257 -27.461 -5 -12.435 -27.633
3 16 -4.557 -13.27 -27.599 -4.7 -12.7 -27.665 -3.974 -13.123 -27.782
4 16 -5 -12.5 -27.622 -4.7 -12.7 -27.665 -4.557 -13.27 -27.599 -4.859 -13.346 -27.504
4 0 -2.505 -16.378 -28.289 -1.163 -15.344 -28.632 0 -17.185 -28.722 -2.238 -16.76 -28.313
3 16 -2.238 -16.76 -28.313 -2.85 -16.643 -28.201 -2.505 -16.378 -28.289
3 0 -2.331 -14.582 -27.974 0 -13.28 -27.76 -1.163 -15.344 -28.632
4 0 -3.035 -11.841 -27.899 -1.9 -11.8 -27.96 -1.9 -12.089 -28.008 -3.039 -12.641 -28.033
3 0 -1.9 -12.089 -28.008 -2.669 -12.627 -28.053 -3.039 -12.641 -28.033
3 0 -1.689 -11.941 -27.996 -1.9 -12.089 -28.008 -1.9 -11.8 -27.96
3 16 -3.039 -12.641 -28.033 -2.669 -12.627 -28.053 -3.04 -12.888 -28.075
3 16 -3.035 -11.841 -27.899 -3.029 -10.292 -27.64 -1.9 -11.8 -27.96
4 16 -1.9 -11.8 -27.96 -3.029 -10.292 -27.64 -0.614 -11.187 -27.933 -1.689 -11.941 -27.996
4 0 -3.875 -11.871 -27.859 -3.035 -11.841 -27.899 -3.039 -12.641 -28.033 -3.237 -12.648 -28.024
3 16 -3.237 -12.648 -28.024 -3.039 -12.641 -28.033 -3.04 -12.888 -28.075
4 16 -3.035 -11.841 -27.899 -3.875 -11.871 -27.859 -4.803 -10.742 -27.62 -3.029 -10.292 -27.64
3 16 -2.436 -8.83 -26.903 -0.614 -11.187 -27.933 -3.029 -10.292 -27.64
3 0 0 -17.185 -28.722 -1.163 -15.344 -28.632 0 -15.418 -28.641
3 16 -2.436 -8.83 -26.903 -5.821 -10.067 -27.185 -5.29 -8.198 -25.808
3 0 0 -15.418 -28.641 -1.163 -15.344 -28.632 0 -13.28 -27.76
3 0 -1.862 -13.654 -27.963 -1.539 -13.015 -27.955 -1.4 -13.5 -27.915
4 0 -1.539 -13.015 -27.955 -1.449 -12.838 -27.953 -1.2 -12.9 -27.92 -1.4 -13.5 -27.915
3 0 -1.2 -12.9 -27.92 -1.1 -13.2 -27.894 -1.4 -13.5 -27.915
4 16 -1.2 -12.9 -27.92 -1.331 -12.605 -27.95 -0.614 -11.187 -27.933 0 -13.28 -27.76
4 16 -1.4 -13.5 -27.915 0 -13.28 -27.76 -2.331 -14.582 -27.974 -1.862 -13.654 -27.963
3 16 -1.331 -12.605 -27.95 -1.2 -12.9 -27.92 -1.36 -12.661 -27.95
3 16 -1.2 -12.9 -27.92 0 -13.28 -27.76 -1.1 -13.2 -27.894
3 16 -1.4 -13.5 -27.915 -1.1 -13.2 -27.894 0 -13.28 -27.76
3 16 -1.36 -12.661 -27.95 -1.2 -12.9 -27.92 -1.449 -12.838 -27.953
5 24 0 -17.834 -28.444 -1.268 -17.898 -28.188 0 -17.185 -28.722 0 -18.608 -27.986
5 24 -1.268 -17.898 -28.188 0 -17.185 -28.722 0 -17.834 -28.444 -2.85 -16.643 -28.201
5 24 -2.85 -16.643 -28.201 0 -17.185 -28.722 -1.268 -17.898 -28.188 -1.163 -15.344 -28.632
5 24 -4.803 -10.742 -27.62 -3.04 -12.888 -28.075 -5.768 -12.257 -27.461 -3.029 -10.292 -27.64
5 24 -3.04 -12.888 -28.075 -5.768 -12.257 -27.461 -4.803 -10.742 -27.62 -5.555 -13.522 -27.286
5 24 -5.768 -12.257 -27.461 -4.803 -10.742 -27.62 -3.04 -12.888 -28.075 -6.835 -10.404 -27.019
5 24 -5.821 -10.067 -27.185 -3.029 -10.292 -27.64 -4.803 -10.742 -27.62 -2.436 -8.83 -26.903
5 24 -3.029 -10.292 -27.64 -4.803 -10.742 -27.62 -5.821 -10.067 -27.185 -3.04 -12.888 -28.075
5 24 -4.803 -10.742 -27.62 -5.821 -10.067 -27.185 -3.029 -10.292 -27.64 -6.835 -10.404 -27.019
5 24 -2.436 -8.83 -26.903 -3.029 -10.292 -27.64 -5.821 -10.067 -27.185 -0.614 -11.187 -27.933
5 24 -5.821 -10.067 -27.185 -2.436 -8.83 -26.903 -3.029 -10.292 -27.64 -5.29 -8.198 -25.808
5 24 -5.29 -8.198 -25.808 -5.821 -10.067 -27.185 -7.006 -9.481 -26.546 -2.436 -8.83 -26.903
5 24 -5.821 -10.067 -27.185 -7.006 -9.481 -26.546 -5.29 -8.198 -25.808 -6.835 -10.404 -27.019
5 24 -4.803 -10.742 -27.62 -6.835 -10.404 -27.019 -5.821 -10.067 -27.185 -5.768 -12.257 -27.461
5 24 -6.835 -10.404 -27.019 -5.821 -10.067 -27.185 -4.803 -10.742 -27.62 -7.006 -9.481 -26.546
5 24 -5.768 -12.257 -27.461 -6.835 -10.404 -27.019 -4.803 -10.742 -27.62 -7.653 -12.212 -26.58
5 24 -6.835 -10.404 -27.019 -7.006 -9.481 -26.546 -5.821 -10.067 -27.185 -8.264 -10.137 -26.143
5 24 -6.835 -10.404 -27.019 -8.264 -10.137 -26.143 -7.006 -9.481 -26.546 -8.64 -10.951 -26.047
5 24 -7.653 -12.212 -26.58 -6.835 -10.404 -27.019 -5.768 -12.257 -27.461 -8.64 -10.951 -26.047
5 24 -5.768 -12.257 -27.461 -7.653 -12.212 -26.58 -6.835 -10.404 -27.019 -6.868 -13.183 -26.822
5 24 -5.768 -12.257 -27.461 -6.868 -13.183 -26.822 -7.653 -12.212 -26.58 -5.555 -13.522 -27.286
5 24 -6.868 -13.183 -26.822 -7.653 -12.212 -26.58 -5.768 -12.257 -27.461 -8.421 -13.243 -25.823
5 24 -7.653 -12.212 -26.58 -8.64 -10.951 -26.047 -6.835 -10.404 -27.019 -9.126 -12.232 -25.54
5 24 -8.64 -10.951 -26.047 -6.835 -10.404 -27.019 -7.653 -12.212 -26.58 -8.264 -10.137 -26.143
5 24 -7.653 -12.212 -26.58 -9.126 -12.232 -25.54 -8.64 -10.951 -26.047 -8.421 -13.243 -25.823
5 24 -5.768 -12.257 -27.461 -5.555 -13.522 -27.286 -6.868 -13.183 -26.822 -3.04 -12.888 -28.075
5 24 -5.555 -13.522 -27.286 -6.868 -13.183 -26.822 -5.768 -12.257 -27.461 -6.55 -14.113 -26.487
5 24 -5.555 -13.522 -27.286 -6.55 -14.113 -26.487 -6.868 -13.183 -26.822 -3.837 -15.598 -26.879
5 24 -6.55 -14.113 -26.487 -6.868 -13.183 -26.822 -5.555 -13.522 -27.286 -8.421 -13.243 -25.823
5 24 -8.421 -13.243 -25.823 -6.55 -14.113 -26.487 -7.652 -14.688 -25.24 -6.868 -13.183 -26.822
5 24 -6.55 -14.113 -26.487 -7.652 -14.688 -25.24 -8.421 -13.243 -25.823 -3.837 -15.598 -26.879
5 24 -6.868 -13.183 -26.822 -8.421 -13.243 -25.823 -7.653 -12.212 -26.58 -6.55 -14.113 -26.487
5 24 -8.421 -13.243 -25.823 -7.653 -12.212 -26.58 -6.868 -13.183 -26.822 -9.126 -12.232 -25.54
5 24 -6.55 -14.113 -26.487 -3.837 -15.598 -26.879 -7.652 -14.688 -25.24 -5.555 -13.522 -27.286
5 24 -1.163 -15.344 -28.632 -2.85 -16.643 -28.201 -2.331 -14.582 -27.974 0 -17.185 -28.722
5 24 -2.85 -16.643 -28.201 -2.331 -14.582 -27.974 -1.163 -15.344 -28.632 -3.837 -15.598 -26.879
5 24 -2.331 -14.582 -27.974 -1.163 -15.344 -28.632 -2.85 -16.643 -28.201 0 -13.28 -27.76
5 24 -5.555 -13.522 -27.286 -2.331 -14.582 -27.974 -3.837 -15.598 -26.879 -3.04 -12.888 -28.075
5 24 -3.837 -15.598 -26.879 -5.555 -13.522 -27.286 -2.331 -14.582 -27.974 -6.55 -14.113 -26.487
5 24 -3.04 -12.888 -28.075 -2.331 -14.582 -27.974 -5.555 -13.522 -27.286 -0.614 -11.187 -27.933
5 24 -3.04 -12.888 -28.075 -0.614 -11.187 -27.933 -2.331 -14.582 -27.974 -3.029 -10.292 -27.64
5 24 -0.614 -11.187 -27.933 -2.331 -14.582 -27.974 -3.04 -12.888 -28.075 0 -13.28 -27.76
5 24 -1.163 -15.344 -28.632 0 -17.185 -28.722 -2.85 -16.643 -28.201 0 -15.418 -28.641
5 24 0 -13.28 -27.76 -1.163 -15.344 -28.632 -2.331 -14.582 -27.974 0 -15.418 -28.641
5 24 -3.029 -10.292 -27.64 -0.614 -11.187 -27.933 -3.04 -12.888 -28.075 -2.436 -8.83 -26.903
5 24 -1.163 -15.344 -28.632 0 -15.418 -28.641 0 -17.185 -28.722 0 -13.28 -27.76
