0 ~Fabuland Hand Truck
0 Name: u9155.dat
0 Author: Philippe Hurbain [Philo]
0 !LDRAW_ORG Part UPDATE 2012-01
0 !LICENSE Redistributable under CCAL version 2.0 : see CAreadme.txt

0 BFC CERTIFY CCW

0 !CATEGORY Figure Accessory
0 !KEYWORDS Wheelbarrow

0 !HISTORY 2012-03-30 [PTadmin] Official Update 2012-01

1 16 0 0 10 0 0 -1 0 1 0 1 0 0 stug-2x2.dat
1 16 10 0 -20 0 0 -1 0 1 0 1 0 0 stud.dat
1 16 -10 0 -20 0 0 -1 0 1 0 1 0 0 stud.dat
1 16 30 4 -34 0 -60 0 -4 0 0 0 0 -4 3-4cyli.dat
4 16 -18.08 4 32 18.08 4 32 25.52 4 -30 -25.52 4 -30
4 16 -30 0 -34 30 0 -34 21.84 0 34 -21.84 0 34
2 24 25.52 4 -30 -25.52 4 -30
2 24 -21 4 32 21 4 32
2 24 -21 10 32 21 10 32
2 24 -21 10 36 21 10 36
2 24 -21 0 36 21 0 36
2 24 21.84 0 34 -21.84 0 34
1 16 0 84.097 41 25 0 -60.3554 -97.0966 0 -40.2187 0 10 0 48\1-8edge.dat
4 16 -21 -10 38.35 21 -10 38.35 21 0 36 -21 0 36
4 16 -21 0 36 21 0 36 21 10 36 -21 10 36
4 16 -21 10 36 21 10 36 21 10 32 -21 10 32
4 16 -21 10 32 21 10 32 21 4 32 -21 4 32
1 16 0 77.63 17.757 21 0 -50.6985 -87.6297 0 -36.2974 20.593 -1 8.52989 48\1-8chrd.dat
1 16 0 84.097 14.237 25.84 0 -62.3833 -97.0966 0 -40.2187 22.8177 10 9.45139 48\1-8edge.dat
1 16 0 84.097 14.237 25.84 0 -62.3833 -97.0966 0 -40.2187 22.8177 10 9.45139 48\1-8chrd.dat
4 16 -25.84 0 34 25.84 0 34 25.84 -13 37.055 -25.84 -13 37.055
5 24 0 -21.002 38.935 0 -21.002 41 -8.528 -20.098 41 8.814 -20.097 38.723
1 16 0 77.63 41 21 0 -50.6985 -87.6297 0 -36.2974 0 10 0 48\1-8edge.dat
1 16 0 77.63 17.757 21 0 -50.6985 -87.6297 0 -36.2974 20.593 10 8.52989 48\1-8edge.dat
5 24 0 -17.222 40.047 0 -17.222 41 7.163 -16.405 41 -7.163 -16.406 39.856
0 // clip
4 16 25 13.5 29.5 25 13.5 34.5 25 4 41 25 4 23
4 16 25 16 29.5 25 13.5 29.5 25 4 23 25 20 26
4 16 25 16.957 29.69 25 16 29.5 25 20 26 25 20 30
4 16 21 16 29.5 21 16.957 29.69 21 20 30 21 20 26
4 16 25 13.5 34.5 25 16 34.5 25 20 38 25 4 41
4 16 21 13.5 29.5 21 16 29.5 21 20 26 21 4 23
4 16 21 16 34.5 21 13.5 34.5 21 4 41 21 20 38
4 16 25 16 34.5 25 16.957 34.31 25 20 34 25 20 38
4 16 21 13.5 34.5 21 13.5 29.5 21 4 23 21 4 41
4 16 21 16.957 34.31 21 16 34.5 21 20 38 21 20 34
2 24 25 4 41 25 20 38
2 24 21 8 40.25 21 20 38
4 16 25 4 41 25 20 38 21 20 38 21 8 40.25
2 24 25 4 23 25 20 26
2 24 21 4 23 21 20 26
4 16 21 4 23 21 20 26 25 20 26 25 4 23
1 16 25 16 32 0 -1 0 0.957 0 -2.31 -2.31 0 -0.957 5-8edge.dat
1 16 25 16 32 0 -1 0 0 0 -2.5 -2.5 0 0 2-4ndis.dat
1 16 21 16 32.001 0 1 0 0 0 -2.5 2.5 0 0 2-4ndis.dat
0 BFC INVERTNEXT
1 16 25 16 32 0 -4 0 0.957 0 -2.31 -2.31 0 -0.957 5-8cyli.dat
1 16 23 18.478 34.155 0 0 2 1.522 0.101 0 -0.155 1 0 rect2p.dat
1 16 23 18.478 29.845 0 0 -2 1.522 0.101 0 0.155 -1 0 rect2p.dat
1 16 21 16 32.001 0 -1 0 0.957 0 -2.31 -2.31 0 -0.957 5-8edge.dat
1 16 25 20 36 0 -4 0 0 0 2 2 0 0 2-4cylc.dat
1 16 25 20 28 0 -4 0 0 0 2 2 0 0 2-4cylc.dat
1 16 21 20 28 0 1 0 0 0 2 2 0 0 2-4disc.dat
1 16 21 20 36 0 1 0 0 0 2 2 0 0 2-4disc.dat
0 // clip end
1 16 30 4 -84 4 0 0 0 0 -4 0 50 0 4-4cyli.dat
1 16 30 4 -84 4 0 0 0 0 -4 0 1 0 4-4edge.dat
1 16 30 4 -34 4 0 0 0 0 4 0 1 -4 3-8edge.dat
1 16 30 4 -34 0 1 -4 0 0 4 4 0 0 3-8edge.dat
1 16 30 4 -34 0 0 -4 -4 0 0 0 1 -4 3-8edge.dat
1 16 30 4 -84 4 0 0 0 0 -4 0 1 0 4-4disc.dat
1 16 30 4 -34 4 0 0 0 30 0 0 0 4 4-4cyli.dat
1 16 30 34 -34 4 0 0 0 -1 0 0 0 4 4-4edge.dat
1 16 30 34 -34 4 0 0 0 -1 0 0 0 4 4-4disc.dat
1 16 21 4 41 0 -0.12 4 4 0 0 0 1 0 1-4edge.dat
1 16 21 4 41 0 0.12 4 4 0 0 0 -1 0 1-4disc.dat
1 16 22.08 4 32 -4 -0.12 0 0 0 4 0 1 0 1-4edge.dat
1 16 30 4 -34 4 -8.16 0 0 0 -4 0 68 0 1-4cyli.dat
1 16 21.84 4 34 4 -8.16 0 0 0 -4 0 68 0 1-4edge.dat
1 16 21.84 4 34 4 -8.16 0 0 0 -4 0 68 0 1-4ndis.dat
1 16 30 4 -34 -4.48 1 0 0 0 4 4 0 0 3-16edge.dat
5 24 34 4 -34 33.696 2.469 -34 33.696 2.469 -84 25.536 2.469 34
5 24 33.696 2.469 -34 32.828 1.172 -34 32.828 1.172 -84 24.668 1.172 34
5 24 32.828 1.172 -34 31.531 0.304 -34 31.531 0.304 -84 23.371 0.304 34
5 24 31.531 0.304 -34 30 0 -34 30 0 -84 21.84 0 34
2 24 30 7.905 -30 31.077 7.696 -30.214
2 24 29.531 8 -30.093 30 7.905 -30
2 24 31.531 7.399 -30.304 32.459 6.828 -30.925
2 24 31.077 7.696 -30.214 31.531 7.399 -30.304
2 24 33.472 5.531 -32.134 32.828 6.321 -31.172
2 24 32.828 6.321 -31.172 32.459 6.828 -30.925
2 24 34 4 -34 33.696 4.607 -32.469
2 24 33.696 4.607 -32.469 33.472 5.531 -32.134
2 24 26 4 -34 26.19 5.531 -33.045
2 24 26.304 5.806 -32.469 26.884 6.828 -31.602
2 24 26.19 5.531 -33.045 26.304 5.806 -32.469
2 24 27.172 7.055 -31.172 28.059 7.696 -30.579
2 24 26.884 6.828 -31.602 27.172 7.055 -31.172
2 24 28.469 7.784 -30.304 29.531 8 -30.093
2 24 28.059 7.696 -30.579 28.469 7.784 -30.304
1 16 30 4 -74 6 0 0 0 0 -6 0 2 0 4-4cylo.dat
1 16 30 4 -74 4 0 0 0 0 -4 0 2 0 4-4edge.dat
1 16 30 4 -74 2 0 0 0 0 -2 0 2 0 4-4ring2.dat
1 16 30 4 -72 2 0 0 0 0 -2 0 -2 0 4-4ring2.dat
1 16 30 4 -54 6 0 0 0 0 -6 0 2 0 4-4cylo.dat
1 16 30 4 -54 4 0 0 0 0 -4 0 2 0 4-4edge.dat
1 16 30 4 -52 4 0 0 0 0 -4 0 2 0 4-4edge.dat
1 16 30 4 -54 2 0 0 0 0 -2 0 2 0 4-4ring2.dat
1 16 30 4 -52 2 0 0 0 0 -2 0 -2 0 4-4ring2.dat
1 16 30 4 -72 4 0 0 0 0 -4 0 2 0 4-4edge.dat
2 24 18.08 4 32 25.52 4 -30
2 24 21 4 32 21 10 32
2 24 21 10 36 21 10 32
2 24 21 0 36 21 10 36
2 24 25.84 0 34 25.84 4 34
2 24 25 4 41 25 -13 41
2 24 21 8 41 21 -10 41
2 24 21 -10 41 21 -10 38.35
4 16 25 4 41 21 4 41 21 -10 41 25 -13 41
4 16 25 -13 41 21 -10 41 14.203 -13.983 41 16.909 -17.413 41
4 16 16.909 -17.413 41 14.203 -13.983 41 7.163 -16.405 41 8.528 -20.097 41
4 16 8.528 -20.097 41 7.163 -16.405 41 0 -17.222 41 0 -21.002 41
4 16 21 4 41 21 4 36 21 0 36 21 -10 38.35
2 24 21 0 36 21 -10 38.35
2 24 25.84 0 34 25.84 -13 37.055
4 16 0 -21.002 41 0 -21.002 38.935 8.814 -20.097 38.723 8.528 -20.097 41
3 16 8.528 -20.097 41 8.814 -20.097 38.723 17.477 -17.413 38.092
3 16 8.528 -20.097 41 17.477 -17.413 38.092 16.909 -17.413 41
4 16 16.909 -17.413 41 17.477 -17.413 38.092 25.84 -13 37.055 25 -13 41
3 16 25 -13 41 25.84 -13 37.055 25.84 0 34
4 16 25 -13 41 25.84 0 34 25.84 4 34 25 4 41
5 24 8.814 -20.097 38.723 8.528 -20.097 41 -0.001 -21.002 41 17.477 -17.413 38.092
5 24 8.528 -20.097 41 17.477 -17.413 38.092 8.814 -20.097 38.723 16.909 -17.413 41
5 24 17.477 -17.413 38.092 16.909 -17.413 41 8.528 -20.097 41 25.84 -13 37.055
2 24 25.84 -13 37.055 25 -13 41
5 24 25 -13 41 25.84 0 34 25.84 -13 37.055 25.84 4 34
4 16 21 -10 41 21 -10 38.35 14.203 -13.983 39.286 14.203 -13.983 41
4 16 14.203 -13.983 41 14.203 -13.983 39.286 7.163 -16.405 39.855 7.163 -16.405 41
4 16 7.163 -16.405 41 7.163 -16.405 39.855 0 -17.222 40.047 0 -17.222 41
5 24 14.203 -13.983 39.286 14.203 -13.983 41 21 -10 41 7.163 -16.405 39.855
5 24 7.163 -16.405 39.855 7.163 -16.405 41 14.203 -13.983 41 0 -17.222 40.047
1 16 21 16 32 0 -1 0 0.957 0 -2.31 -2.31 0 -0.957 5-8edge.dat
3 16 21 8 41 21 8 40.25 21 4 41
3 16 21 4 41 21 -10 38.35 21 -10 41
1 16 30 4 -34 0 -9 4 4 0 0 0 75 0 1-4cyli.dat
1 16 30 4 -34 -4 -7.92 0 0 0 4 0 66 0 1-4cyli.dat
2 24 21.09 8 40.25 22.614 7.696 40.307
2 24 23.07 8 23.75 24.608 7.696 23.693
2 24 25 7.437 23.645 25 6.828 31.237
2 24 22.614 7.696 40.307 23.892 6.828 40.47
2 24 24.608 7.696 23.693 25 7.437 23.645
2 24 25 6.828 31.237 25 5.531 38.463
2 24 24.73 5.531 40.713 23.892 6.828 40.47
2 24 25 5.531 38.463 25 4 41
2 24 25 4 41 24.73 5.531 40.713
2 24 21 7.325 23.624 21 7.696 28.243
2 24 21 7.325 23.624 21.546 7.696 23.693
2 24 21.546 7.696 23.693 23.07 8 23.75
2 24 21 7.696 28.243 21 7.785 32
2 24 21 8 41 21 8 40.25
2 24 21.09 8 40.25 21 8 40.25
3 16 21.09 8 40.25 21 8 40.25 21 8 41
0 // clip
4 16 -25 4 23 -25 4 41 -25 13.5 34.5 -25 13.5 29.5
4 16 -25 20 26 -25 4 23 -25 13.5 29.5 -25 16 29.5
4 16 -25 20 30 -25 20 26 -25 16 29.5 -25 16.957 29.69
4 16 -21 20 26 -21 20 30 -21 16.957 29.69 -21 16 29.5
4 16 -25 4 41 -25 20 38 -25 16 34.5 -25 13.5 34.5
4 16 -21 4 23 -21 20 26 -21 16 29.5 -21 13.5 29.5
4 16 -21 20 38 -21 4 41 -21 13.5 34.5 -21 16 34.5
4 16 -25 20 38 -25 20 34 -25 16.957 34.31 -25 16 34.5
4 16 -21 4 41 -21 4 23 -21 13.5 29.5 -21 13.5 34.5
4 16 -21 20 34 -21 20 38 -21 16 34.5 -21 16.957 34.31
2 24 -25 4 41 -25 20 38
2 24 -21 8 40.25 -21 20 38
4 16 -21 8 40.25 -21 20 38 -25 20 38 -25 4 41
2 24 -25 4 23 -25 20 26
2 24 -21 4 23 -21 20 26
4 16 -25 4 23 -25 20 26 -21 20 26 -21 4 23
1 16 -25 16 32 0 1 0 0.957 0 -2.31 -2.31 0 -0.957 5-8edge.dat
1 16 -25 16 32 0 1 0 0 0 -2.5 -2.5 0 0 2-4ndis.dat
1 16 -21 16 32.001 0 -1 0 0 0 -2.5 2.5 0 0 2-4ndis.dat
0 BFC INVERTNEXT
1 16 -25 16 32 0 4 0 0.957 0 -2.31 -2.31 0 -0.957 5-8cyli.dat
1 16 -23 18.478 34.155 0 0 -2 1.522 0.101 0 -0.155 1 0 rect2p.dat
1 16 -23 18.478 29.845 0 0 2 1.522 0.101 0 0.155 -1 0 rect2p.dat
1 16 -21 16 32.001 0 1 0 0.957 0 -2.31 -2.31 0 -0.957 5-8edge.dat
1 16 -25 20 36 0 4 0 0 0 2 2 0 0 2-4cylc.dat
1 16 -25 20 28 0 4 0 0 0 2 2 0 0 2-4cylc.dat
1 16 -21 20 28 0 -1 0 0 0 2 2 0 0 2-4disc.dat
1 16 -21 20 36 0 -1 0 0 0 2 2 0 0 2-4disc.dat
0 // clip end
1 16 -30 4 -84 -4 0 0 0 0 -4 0 50 0 4-4cyli.dat
1 16 -30 4 -84 -4 0 0 0 0 -4 0 1 0 4-4edge.dat
1 16 -30 4 -34 -4 0 0 0 0 4 0 1 -4 3-8edge.dat
1 16 -30 4 -34 0 -1 4 0 0 4 4 0 0 3-8edge.dat
1 16 -30 4 -34 0 0 4 -4 0 0 0 1 -4 3-8edge.dat
1 16 -30 4 -84 -4 0 0 0 0 -4 0 1 0 4-4disc.dat
1 16 -30 4 -34 -4 0 0 0 30 0 0 0 4 4-4cyli.dat
1 16 -30 34 -34 -4 0 0 0 -1 0 0 0 4 4-4edge.dat
1 16 -30 34 -34 -4 0 0 0 -1 0 0 0 4 4-4disc.dat
1 16 -21 4 41 0 0.12 -4 4 0 0 0 1 0 1-4edge.dat
1 16 -21 4 41 0 -0.12 -4 4 0 0 0 -1 0 1-4disc.dat
1 16 -22.08 4 32 4 0.12 0 0 0 4 0 1 0 1-4edge.dat
1 16 -30 4 -34 -4 8.16 0 0 0 -4 0 68 0 1-4cyli.dat
1 16 -21.84 4 34 -4 8.16 0 0 0 -4 0 68 0 1-4edge.dat
1 16 -21.84 4 34 -4 8.16 0 0 0 -4 0 68 0 1-4ndis.dat
1 16 -30 4 -34 4.48 -1 0 0 0 4 4 0 0 3-16edge.dat
5 24 -34 4 -34 -33.696 2.469 -34 -33.696 2.469 -84 -25.536 2.469 34
5 24 -33.696 2.469 -34 -32.828 1.172 -34 -32.828 1.172 -84 -24.668 1.172 34
5 24 -32.828 1.172 -34 -31.531 0.304 -34 -31.531 0.304 -84 -23.371 0.304 34
5 24 -31.531 0.304 -34 -30 0 -34 -30 0 -84 -21.84 0 34
2 24 -30 7.905 -30 -31.077 7.696 -30.214
2 24 -29.531 8 -30.093 -30 7.905 -30
2 24 -31.531 7.399 -30.304 -32.459 6.828 -30.925
2 24 -31.077 7.696 -30.214 -31.531 7.399 -30.304
2 24 -33.472 5.531 -32.134 -32.828 6.321 -31.172
2 24 -32.828 6.321 -31.172 -32.459 6.828 -30.925
2 24 -34 4 -34 -33.696 4.607 -32.469
2 24 -33.696 4.607 -32.469 -33.472 5.531 -32.134
2 24 -26 4 -34 -26.19 5.531 -33.045
2 24 -26.304 5.806 -32.469 -26.884 6.828 -31.602
2 24 -26.19 5.531 -33.045 -26.304 5.806 -32.469
2 24 -27.172 7.055 -31.172 -28.059 7.696 -30.579
2 24 -26.884 6.828 -31.602 -27.172 7.055 -31.172
2 24 -28.469 7.784 -30.304 -29.531 8 -30.093
2 24 -28.059 7.696 -30.579 -28.469 7.784 -30.304
1 16 -30 4 -74 -6 0 0 0 0 -6 0 2 0 4-4cylo.dat
1 16 -30 4 -74 -4 0 0 0 0 -4 0 2 0 4-4edge.dat
1 16 -30 4 -74 -2 0 0 0 0 -2 0 2 0 4-4ring2.dat
1 16 -30 4 -72 -2 0 0 0 0 -2 0 -2 0 4-4ring2.dat
1 16 -30 4 -54 -6 0 0 0 0 -6 0 2 0 4-4cylo.dat
1 16 -30 4 -54 -4 0 0 0 0 -4 0 2 0 4-4edge.dat
1 16 -30 4 -52 -4 0 0 0 0 -4 0 2 0 4-4edge.dat
1 16 -30 4 -54 -2 0 0 0 0 -2 0 2 0 4-4ring2.dat
1 16 -30 4 -52 -2 0 0 0 0 -2 0 -2 0 4-4ring2.dat
1 16 -30 4 -72 -4 0 0 0 0 -4 0 2 0 4-4edge.dat
2 24 -18.08 4 32 -25.52 4 -30
2 24 -21 4 32 -21 10 32
2 24 -21 10 36 -21 10 32
2 24 -21 0 36 -21 10 36
2 24 -25.84 0 34 -25.84 4 34
2 24 -25 4 41 -25 -13 41
2 24 -21 8 41 -21 -10 41
2 24 -21 -10 41 -21 -10 38.35
4 16 -25 -13 41 -21 -10 41 -21 4 41 -25 4 41
4 16 -16.909 -17.413 41 -14.203 -13.983 41 -21 -10 41 -25 -13 41
4 16 -8.528 -20.097 41 -7.163 -16.405 41 -14.203 -13.983 41 -16.909 -17.413 41
4 16 0 -21.002 41 0 -17.222 41 -7.163 -16.405 41 -8.528 -20.097 41
4 16 -21 -10 38.35 -21 0 36 -21 4 36 -21 4 41
2 24 -21 0 36 -21 -10 38.35
2 24 -25.84 0 34 -25.84 -13 37.055
4 16 -8.814 -20.097 38.723 0 -21.002 38.935 0 -21.002 41 -8.528 -20.097 41
3 16 -17.477 -17.413 38.092 -8.814 -20.097 38.723 -8.528 -20.097 41
3 16 -16.909 -17.413 41 -17.477 -17.413 38.092 -8.528 -20.097 41
4 16 -25.84 -13 37.055 -17.477 -17.413 38.092 -16.909 -17.413 41 -25 -13 41
3 16 -25.84 0 34 -25.84 -13 37.055 -25 -13 41
4 16 -25 4 41 -25.84 4 34 -25.84 0 34 -25 -13 41
5 24 -8.814 -20.097 38.723 -8.528 -20.097 41 0.001 -21.002 41 -17.477 -17.413 38.092
5 24 -8.528 -20.097 41 -17.477 -17.413 38.092 -8.814 -20.097 38.723 -16.909 -17.413 41
5 24 -17.477 -17.413 38.092 -16.909 -17.413 41 -8.528 -20.097 41 -25.84 -13 37.055
2 24 -25.84 -13 37.055 -25 -13 41
5 24 -25 -13 41 -25.84 0 34 -25.84 -13 37.055 -25.84 4 34
4 16 -14.203 -13.983 41 -14.203 -13.983 39.286 -21 -10 38.35 -21 -10 41
4 16 -7.163 -16.405 41 -7.163 -16.405 39.855 -14.203 -13.983 39.286 -14.203 -13.983 41
4 16 0 -17.222 41 0 -17.222 40.047 -7.163 -16.405 39.855 -7.163 -16.405 41
5 24 -14.203 -13.983 39.286 -14.203 -13.983 41 -21 -10 41 -7.163 -16.405 39.855
5 24 -7.163 -16.405 39.855 -7.163 -16.405 41 -14.203 -13.983 41 0 -17.222 40.047
1 16 -21 16 32 0 1 0 0.957 0 -2.31 -2.31 0 -0.957 5-8edge.dat
3 16 -21 4 41 -21 8 40.25 -21 8 41
3 16 -21 -10 41 -21 -10 38.35 -21 4 41
1 16 -30 4 -34 0 9 -4 4 0 0 0 75 0 1-4cyli.dat
1 16 -30 4 -34 4 7.92 0 0 0 4 0 66 0 1-4cyli.dat
2 24 -21.09 8 40.25 -22.614 7.696 40.307
2 24 -23.07 8 23.75 -24.608 7.696 23.693
2 24 -25 7.437 23.645 -25 6.828 31.237
2 24 -22.614 7.696 40.307 -23.892 6.828 40.47
2 24 -24.608 7.696 23.693 -25 7.437 23.645
2 24 -25 6.828 31.237 -25 5.531 38.463
2 24 -24.73 5.531 40.713 -23.892 6.828 40.47
2 24 -25 5.531 38.463 -25 4 41
2 24 -25 4 41 -24.73 5.531 40.713
2 24 -21 7.325 23.624 -21 7.696 28.243
2 24 -21 7.325 23.624 -21.546 7.696 23.693
2 24 -21.546 7.696 23.693 -23.07 8 23.75
2 24 -21 7.696 28.243 -21 7.785 32
2 24 -21 8 41 -21 8 40.25
2 24 -21.09 8 40.25 -21 8 40.25
3 16 -21 8 41 -21 8 40.25 -21.09 8 40.25
