0 Znap Between Pegholes 3a
0 Name: znap3a.dat
0 Author: Thomas Woelk [t.woelk]
0 !LDRAW_ORG Primitive UPDATE 2011-01
0 !LICENSE Redistributable under CCAL version 2.0 : see CAreadme.txt

0 BFC CERTIFY CCW

0 !HISTORY 2005-08-03 [mikeheide] added details and BFC'ed
0 !HISTORY 2010-04-08 [mikeheide] Added edgelines
0 !HISTORY 2011-07-25 [PTadmin] Official Update 2011-01

4 16 -6.36 -2 10 -3.64 -2 10 6.36 -2 20 -6.36 -2 20
4 16 -6.36 2 20 6.36 2 20 -3.64 2 10 -6.36 2 10
4 16 -6.36 -10 10 -6.36 -2 10 -6.36 -2 20 -6.36 -10 20
4 16 -6.36 10 20 -6.36 2 20 -6.36 2 10 -6.36 10 10
4 16 -9 -10 10 -8.315 -10 10 -8.315 -10 20 -9 -10 20
4 16 -8.315 -10 10 -6.36 -10 10 -6.36 -10 20 -8.315 -10 20
4 16 -9 10 20 -8.315 10 20 -8.315 10 10 -9 10 10
4 16 -8.315 10 20 -6.36 10 20 -6.36 10 10 -8.315 10 10
4 16 10 -10 18.492 6.36 -10 20 -3.64 -10 10 1.508 -10 10
4 16 1.508 10 10 -3.64 10 10 6.36 10 20 10 10 18.492
2 24 1.508 -10 10 10 -10 18.492
2 24 1.508 10 10 10 10 18.492
4 16 1.508 10 10 10 10 18.492 10 -10 18.492 1.508 -10 10
4 16 -9 -10 20 -10 -10 20 -10 -10 10 -9 -10 10
2 24 1.508 -10 10 1.508 10 10
4 16 -9 10 10 -10 10 10 -10 10 20 -9 10 20
3 16 10 -10 20 6.36 -10 20 10 -10 18.492
2 24 10 -10 18.492 10 -10 20
4 16 10 10 18.492 10 10 20 10 -10 20 10 -10 18.492
2 24 10 -10 18.492 10 10 18.492
2 24 10 10 18.492 10 10 20
3 16 10 10 18.492 6.36 10 20 10 10 20
2 24 -6.36 10 20 -6.36 10 10
2 24 -6.36 2 20 -6.36 2 10
2 24 -6.36 -2 20 -6.36 -2 10
2 24 -6.36 -10 20 -6.36 -10 10
2 24 6.36 -10 20 -3.64 -10 10
4 16 6.36 -2 20 -3.64 -2 10 -3.64 -10 10 6.36 -10 20
2 24 6.36 -2 20 6.36 -10 20
2 24 6.36 2 20 6.36 10 20
4 16 6.36 10 20 -3.64 10 10 -3.64 2 10 6.36 2 20
2 24 6.36 -2 20 -3.64 -2 10
2 24 6.36 2 20 -3.64 2 10
2 24 6.36 10 20 -3.64 10 10
2 24 -6.36 -10 10 -6.36 -2 10
2 24 -6.36 10 10 -6.36 2 10
2 24 -3.64 -10 10 -3.64 -2 10
2 24 -3.64 10 10 -3.64 2 10
2 24 -3.64 -10 10 -6.36 -10 10
2 24 -3.64 -2 10 -6.36 -2 10
2 24 -3.64 2 10 -6.36 2 10
2 24 -3.64 10 10 -6.36 10 10
4 16 -3.64 -2 10 -6.36 -2 10 -6.36 -10 10 -3.64 -10 10
4 16 -3.64 10 10 -6.36 10 10 -6.36 2 10 -3.64 2 10
0 //
