0 ~Animal Bird Crow - Half
0 Name: s\13665s01.dat
0 Author: Stan Isachenko [angmarec]
0 !LDRAW_ORG Subpart UPDATE 2014-01
0 !LICENSE Redistributable under CCAL version 2.0 : see CAreadme.txt

0 BFC CERTIFY CCW

0 !HISTORY 2014-06-21 [PTadmin] Official Update 2014-01

3 16 0 -15.646 3.617 0 -15.337 2 -1.126 -15.645 3.273
3 16 -1.126 -15.645 3.273 0 -15.337 2 -0.765 -15.375 1.848
3 16 -1.126 -15.645 3.273 -0.765 -15.375 1.848 -1.414 -15.483 1.414
3 16 -1.126 -15.645 3.273 -1.414 -15.483 1.414 -2.424 -15.524 2.504
3 16 -2.424 -15.524 2.504 -1.414 -15.483 1.414 -2.787 -15.651 1.209
3 16 -2.787 -15.651 1.209 -1.414 -15.483 1.414 -1.848 -15.646 0.765
3 16 -2.787 -15.651 1.209 -1.848 -15.646 0.765 -2 -15.837 0
3 16 -2.787 -15.651 1.209 -2 -15.837 0 -2.642 -16.38 -1.142
3 16 -2.642 -16.38 -1.142 -2 -15.837 0 -1.848 -16.028 -0.765
3 16 -2.642 -16.38 -1.142 -1.848 -16.028 -0.765 -1.414 -16.191 -1.414
3 16 -2.642 -16.38 -1.142 -1.414 -16.191 -1.414 -2.088 -16.717 -2.026
3 16 -2.088 -16.717 -2.026 -1.414 -16.191 -1.414 -0.765 -16.299 -1.848
3 16 -2.088 -16.717 -2.026 -0.765 -16.299 -1.848 0 -16.337 -2
3 16 -2.088 -16.717 -2.026 0 -16.337 -2 0 -17.041 -3.113
5 24 0 -15.337 2 -1.126 -15.645 3.273 0 -15.646 3.617 -0.765 -15.375 1.848
5 24 -1.126 -15.645 3.273 -0.765 -15.375 1.848 0 -15.337 2 -1.414 -15.483 1.414
5 24 -1.126 -15.645 3.273 -1.414 -15.483 1.414 -0.765 -15.375 1.848 -2.424 -15.524 2.504
5 24 -1.414 -15.483 1.414 -2.424 -15.524 2.504 -1.126 -15.645 3.273 -2.787 -15.651 1.209
5 24 -1.414 -15.483 1.414 -2.787 -15.651 1.209 -2.424 -15.524 2.504 -1.848 -15.646 0.765
5 24 -2.787 -15.651 1.209 -1.848 -15.646 0.765 -1.414 -15.483 1.414 -2 -15.837 0
5 24 -2.787 -15.651 1.209 -2 -15.837 0 -1.848 -15.646 0.765 -2.642 -16.38 -1.142
5 24 -2 -15.837 0 -2.642 -16.38 -1.142 -2.787 -15.651 1.209 -1.848 -16.028 -0.765
5 24 -2.642 -16.38 -1.142 -1.848 -16.028 -0.765 -2 -15.837 0 -1.414 -16.191 -1.414
5 24 -2.642 -16.38 -1.142 -1.414 -16.191 -1.414 -1.848 -16.028 -0.765 -2.088 -16.717 -2.026
5 24 -1.414 -16.191 -1.414 -2.088 -16.717 -2.026 -2.642 -16.38 -1.142 -0.765 -16.299 -1.848
5 24 -2.088 -16.717 -2.026 -0.765 -16.299 -1.848 -1.414 -16.191 -1.414 0 -16.337 -2
5 24 -2.088 -16.717 -2.026 0 -16.337 -2 -0.765 -16.299 -1.848 0 -17.041 -3.113
0 // ///
2 24 0 -15.337 2 -0.765 -15.375 1.848
2 24 -0.765 -15.375 1.848 -1.414 -15.483 1.414
2 24 -1.414 -15.483 1.414 -1.848 -15.646 0.765
2 24 -1.848 -15.646 0.765 -2 -15.837 0
2 24 -2 -15.837 0 -1.848 -16.028 -0.765
2 24 -1.848 -16.028 -0.765 -1.414 -16.191 -1.414
2 24 -1.414 -16.191 -1.414 -0.765 -16.299 -1.848
2 24 -0.765 -16.299 -1.848 0 -16.337 -2
0 // Added lines/Condlines
5 24 -1.126 -15.645 3.273 0 -15.646 3.617 0 -15.337 2 -2.578 -14.395 5.658
5 24 0 -15.646 3.617 0 -15.337 2 -1.126 -15.645 3.273 1.126 -15.645 3.273
5 24 -2.424 -15.524 2.504 -1.126 -15.645 3.273 -1.414 -15.483 1.414 -2.578 -14.395 5.658
5 24 -2.787 -15.651 1.209 -2.424 -15.524 2.504 -1.414 -15.483 1.414 -3.553 -15.186 1.676
5 24 -2.642 -16.38 -1.142 -2.787 -15.651 1.209 -2 -15.837 0 -3.553 -15.186 1.676
5 24 -2.088 -16.717 -2.026 -2.642 -16.38 -1.142 -1.414 -16.191 -1.414 -3.35 -16.125 -1.535
5 24 0 -17.041 -3.113 -2.088 -16.717 -2.026 0 -16.337 -2 -1.532 -16.767 -3.64
5 24 0 -16.337 -2 0 -17.041 -3.113 -2.088 -16.717 -2.026 2.088 -16.717 -2.026
0 // ///
3 16 0 -1.369 19.855 -0.575 -0.528 20.423 0 -0.419 20.532
3 16 -0.996 -0.826 20.125 -0.575 -0.528 20.423 0 -1.369 19.855
3 16 0 -1.369 19.855 -0.575 -1.937 19.015 -0.996 -1.639 19.312
3 16 0 -2.046 18.906 -0.575 -1.937 19.015 0 -1.369 19.855
3 16 -0.996 -1.639 19.312 -0.996 -0.826 20.125 0 -1.369 19.855
3 16 -1.534 -2.425 17.199 0 -2.046 18.906 0 -2.774 16.838
3 16 -1.534 -2.425 17.199 -0.575 -1.937 19.015 0 -2.046 18.906
4 16 -0.575 -0.528 20.423 -1.61 1.39 20.935 0 1.654 21.217 0 -0.419 20.532
3 16 -1.61 1.39 20.935 -0.575 -0.528 20.423 -0.996 -0.826 20.125
3 16 -0.996 -0.826 20.125 -2.56 0.413 20.163 -1.61 1.39 20.935
4 16 -2.56 0.413 20.163 -0.996 -0.826 20.125 -0.996 -1.639 19.312 -2.56 -1.677 18.073
3 16 -1.534 -2.425 17.199 -2.56 -1.677 18.073 -0.575 -1.937 19.015
3 16 -0.575 -1.937 19.015 -2.56 -1.677 18.073 -0.996 -1.639 19.312
3 16 -2.578 -14.395 5.658 -0.91 -12.718 10.074 0 -14.427 6.925
3 16 -0.91 -12.718 10.074 0 -12.654 10.373 0 -14.427 6.925
3 16 -3.853 -7.175 1.45 -3.033 -7.214 5.576 -3.553 -15.186 1.676
3 16 -3.553 -15.186 1.676 -3.033 -7.214 5.576 -2.578 -14.395 5.658
3 16 0 -12.654 10.373 -0.91 -12.718 10.074 0 -5.447 10.601
3 16 -0.987 -5.75 10.291 0 -5.447 10.601 -0.91 -12.718 10.074
4 16 0 -16.872 -4.08 0 -7.171 -4.609 -1.662 -7.176 -4.149 -1.532 -16.767 -3.64
3 16 -2.893 -7.141 -3.13 -1.532 -16.767 -3.64 -1.662 -7.176 -4.149
3 16 -2.893 -7.141 -3.13 -2.667 -16.502 -2.668 -1.532 -16.767 -3.64
3 16 -3.634 -7.114 -1.929 -2.667 -16.502 -2.668 -2.893 -7.141 -3.13
3 16 -3.634 -7.114 -1.929 -3.35 -16.125 -1.535 -2.667 -16.502 -2.668
4 16 -3.35 -16.125 -1.535 -3.634 -7.114 -1.929 -3.853 -7.175 1.45 -3.553 -15.186 1.676
3 16 -0.987 -5.75 10.291 -0.91 -12.718 10.074 -2.578 -14.395 5.658
3 16 -3.033 -7.214 5.576 -0.987 -5.75 10.291 -2.578 -14.395 5.658
3 16 -2.578 -14.395 5.658 0 -14.427 6.925 0 -15.646 3.617
3 16 -2.578 -14.395 5.658 0 -15.646 3.617 -1.126 -15.645 3.273
3 16 -2.424 -15.524 2.504 -2.787 -15.651 1.209 -3.553 -15.186 1.676
3 16 -2.424 -15.524 2.504 -3.553 -15.186 1.676 -2.578 -14.395 5.658
3 16 -2.424 -15.524 2.504 -2.578 -14.395 5.658 -1.126 -15.645 3.273
3 16 -3.553 -15.186 1.676 -2.787 -15.651 1.209 -2.642 -16.38 -1.142
3 16 -3.35 -16.125 -1.535 -3.553 -15.186 1.676 -2.642 -16.38 -1.142
3 16 -2.088 -16.717 -2.026 -2.667 -16.502 -2.668 -3.35 -16.125 -1.535
3 16 -2.642 -16.38 -1.142 -2.088 -16.717 -2.026 -3.35 -16.125 -1.535
3 16 0 -17.041 -3.113 0 -16.872 -4.08 -1.532 -16.767 -3.64
3 16 -2.088 -16.717 -2.026 0 -17.041 -3.113 -1.532 -16.767 -3.64
3 16 -2.088 -16.717 -2.026 -1.532 -16.767 -3.64 -2.667 -16.502 -2.668
3 16 -4.126 -6.981 6.183 -3.033 -7.214 5.576 -3.853 -7.175 1.45
3 16 -5.334 -7.081 1.763 -4.126 -6.981 6.183 -3.853 -7.175 1.45
4 16 0 -7.171 -4.609 0 -7.102 -6.009 -2.114 -7.083 -5.538 -1.662 -7.176 -4.149
4 16 -1.662 -7.176 -4.149 -2.114 -7.083 -5.538 -3.66 -7.054 -4.351 -2.893 -7.141 -3.13
3 16 -4.638 -7.074 -2.626 -2.893 -7.141 -3.13 -3.66 -7.054 -4.351
3 16 -4.638 -7.074 -2.626 -3.634 -7.114 -1.929 -2.893 -7.141 -3.13
3 16 -5.334 -7.081 1.763 -3.634 -7.114 -1.929 -4.638 -7.074 -2.626
3 16 -5.334 -7.081 1.763 -3.853 -7.175 1.45 -3.634 -7.114 -1.929
3 16 -0.987 -5.75 10.291 0 -4.631 12.506 0 -5.447 10.601
3 16 -3.33 -6.157 10.996 0 -4.631 12.506 -0.987 -5.75 10.291
3 16 -3.33 -6.157 10.996 -3.033 -7.214 5.576 -4.126 -6.981 6.183
3 16 -3.033 -7.214 5.576 -3.33 -6.157 10.996 -0.987 -5.75 10.291
3 16 -4.478 -4.351 15.419 0 -2.774 16.838 0 -3.591 15.487
3 16 -4.478 -4.351 15.419 -1.534 -2.425 17.199 0 -2.774 16.838
3 16 -2.56 -1.677 18.073 -4.478 -4.351 15.419 -5.064 -2.128 18.023
3 16 -4.478 -4.351 15.419 -2.56 -1.677 18.073 -1.534 -2.425 17.199
3 16 0 -3.591 15.487 -3.33 -6.157 10.996 -4.478 -4.351 15.419
3 16 0 -3.591 15.487 0 -4.631 12.506 -3.33 -6.157 10.996
3 16 -2.56 0.413 20.163 -5.064 -2.128 18.023 -5.702 0.117 20.297
3 16 -2.56 0.413 20.163 -2.56 -1.677 18.073 -5.064 -2.128 18.023
3 16 -1.61 1.39 20.935 0 3.838 22.96 0 1.654 21.217
4 16 -5.103 3.284 23.125 0 3.838 22.96 -1.61 1.39 20.935 -2.56 0.413 20.163
3 16 -5.103 3.284 23.125 -2.56 0.413 20.163 -5.702 0.117 20.297
3 16 -6.307 2.313 22.502 -5.103 3.284 23.125 -5.702 0.117 20.297
4 16 0 -7.102 -6.009 0 -8.451 -7.447 -3.141 -8.863 -7.192 -2.114 -7.083 -5.538
3 16 -2.114 -7.083 -5.538 -3.141 -8.863 -7.192 -3.66 -7.054 -4.351
3 16 -3.66 -7.054 -4.351 -3.141 -8.863 -7.192 -4.638 -7.074 -2.626
3 16 -3.141 -8.863 -7.192 0 -8.451 -7.447 -2.942 -10.731 -10.328
3 16 0 -10.038 -10.532 -2.942 -10.731 -10.328 0 -8.451 -7.447
3 16 -2.942 -10.731 -10.328 0 -10.038 -10.532 -2.601 -10.417 -13.308
3 16 0 -9.688 -13.529 -2.601 -10.417 -13.308 0 -10.038 -10.532
3 16 -2.148 -9.61 -16.185 0 -8.978 -16.213 -1.398 -8.996 -17.531
3 16 0 -8.978 -16.213 0 -8.782 -17.339 -1.398 -8.996 -17.531
3 16 -2.601 -10.417 -13.308 0 -9.688 -13.529 -2.148 -9.61 -16.185
3 16 0 -9.688 -13.529 0 -8.978 -16.213 -2.148 -9.61 -16.185
4 16 -1.333 -7.54 -19.845 0 -8.782 -17.339 0 -7.379 -19.676 -0.801 -5.995 -22.227
3 16 0 -8.782 -17.339 -1.333 -7.54 -19.845 -1.398 -8.996 -17.531
3 16 -2.279 -8.929 -21.112 -2.895 -10.878 -19.258 -1.398 -8.996 -17.531
3 16 -1.398 -8.996 -17.531 -1.333 -7.54 -19.845 -2.279 -8.929 -21.112
3 16 -2.895 -10.878 -19.258 -3.963 -12.131 -18.093 -2.148 -9.61 -16.185
3 16 -2.148 -9.61 -16.185 -1.398 -8.996 -17.531 -2.895 -10.878 -19.258
3 16 -7.045 -13.671 -4.485 -3.141 -8.863 -7.192 -5.395 -15.123 -6.811
3 16 -4.638 -7.074 -2.626 -3.141 -8.863 -7.192 -7.045 -13.671 -4.485
3 16 -8.703 -14.225 -4.393 -9.255 -12.3 -0.888 -4.638 -7.074 -2.626
3 16 -8.703 -14.225 -4.393 -4.638 -7.074 -2.626 -7.045 -13.671 -4.485
3 16 -4.62 -14.873 -10.688 -5.395 -15.123 -6.811 -3.141 -8.863 -7.192
3 16 -3.141 -8.863 -7.192 -2.942 -10.731 -10.328 -4.62 -14.873 -10.688
3 16 -3.963 -12.131 -18.093 -4.571 -14.05 -14.911 -2.601 -10.417 -13.308
3 16 -2.601 -10.417 -13.308 -2.148 -9.61 -16.185 -3.963 -12.131 -18.093
3 16 -4.571 -14.05 -14.911 -4.62 -14.873 -10.688 -2.942 -10.731 -10.328
3 16 -2.601 -10.417 -13.308 -4.571 -14.05 -14.911 -2.942 -10.731 -10.328
3 16 -6.447 -8.696 8.435 -4.126 -6.981 6.183 -5.334 -7.081 1.763
3 16 -9.65 -10.317 3.576 -8.396 -9.001 8.601 -6.447 -8.696 8.435
3 16 -6.447 -8.696 8.435 -5.334 -7.081 1.763 -9.65 -10.317 3.576
3 16 -5.334 -7.081 1.763 -4.638 -7.074 -2.626 -9.255 -12.3 -0.888
3 16 -9.65 -10.317 3.576 -5.334 -7.081 1.763 -9.255 -12.3 -0.888
3 16 -3.33 -6.157 10.996 -4.126 -6.981 6.183 -6.447 -8.696 8.435
3 16 -5.092 -7.31 12.397 -3.33 -6.157 10.996 -6.447 -8.696 8.435
3 16 -4.478 -4.351 15.419 -3.33 -6.157 10.996 -5.092 -7.31 12.397
3 16 -8.121 -16.509 -5.457 -8.703 -14.225 -4.393 -7.045 -13.671 -4.485
3 16 -6.309 -15.841 -5.588 -8.121 -16.509 -5.457 -7.045 -13.671 -4.485
3 16 -13.035 -8.776 3.552 -13.009 -7.226 7.886 -11.077 -8.437 7.586
3 16 -11.077 -8.437 7.586 -8.396 -9.001 8.601 -9.65 -10.317 3.576
3 16 -9.65 -10.317 3.576 -13.035 -8.776 3.552 -11.077 -8.437 7.586
3 16 -12.684 -11.072 -1.09 -13.035 -8.776 3.552 -9.65 -10.317 3.576
3 16 -9.255 -12.3 -0.888 -12.684 -11.072 -1.09 -9.65 -10.317 3.576
3 16 -11.94 -14.686 -6.54 -12.684 -11.072 -1.09 -9.255 -12.3 -0.888
3 16 -9.255 -12.3 -0.888 -8.703 -14.225 -4.393 -11.94 -14.686 -6.54
3 16 -8.703 -14.225 -4.393 -8.121 -16.509 -5.457 -11.848 -16.419 -7.316
3 16 -8.703 -14.225 -4.393 -11.848 -16.419 -7.316 -11.94 -14.686 -6.54
3 16 -7.045 -13.671 -4.485 -5.395 -15.123 -6.811 -6.309 -15.841 -5.588
3 16 -14.731 -15.956 -6.887 -14.114 -13.266 -5.902 -11.94 -14.686 -6.54
3 16 -14.731 -15.956 -6.887 -11.94 -14.686 -6.54 -11.848 -16.419 -7.316
3 16 -12.684 -11.072 -1.09 -11.94 -14.686 -6.54 -14.114 -13.266 -5.902
4 16 -13.035 -8.776 3.552 -16.424 -10.473 -4.414 -17.74 -8.24 -3.051 -18.329 -3.795 2.884
3 16 -12.684 -11.072 -1.09 -16.424 -10.473 -4.414 -13.035 -8.776 3.552
3 16 -12.684 -11.072 -1.09 -14.114 -13.266 -5.902 -16.424 -10.473 -4.414
3 16 -14.921 -5.608 7.561 -18.329 -3.795 2.884 -19.59 -0.257 7.045
3 16 -14.921 -5.608 7.561 -13.035 -8.776 3.552 -18.329 -3.795 2.884
3 16 -13.035 -8.776 3.552 -14.921 -5.608 7.561 -13.009 -7.226 7.886
3 16 -17.74 -8.24 -3.051 -23.599 -2.007 1.941 -21.587 -0.519 2.257
3 16 -17.74 -8.24 -3.051 -19.688 -8.99 -3.037 -23.599 -2.007 1.941
3 16 -16.424 -10.473 -4.414 -14.731 -15.956 -6.887 -19.688 -8.99 -3.037
3 16 -16.424 -10.473 -4.414 -14.114 -13.266 -5.902 -14.731 -15.956 -6.887
3 16 -17.74 -8.24 -3.051 -16.424 -10.473 -4.414 -19.688 -8.99 -3.037
3 16 -26.081 3.947 6.84 -21.587 -0.519 2.257 -23.599 -2.007 1.941
3 16 -24.258 5.093 6.53 -21.587 -0.519 2.257 -26.081 3.947 6.84
3 16 -18.526 -0.729 9.165 -14.921 -5.608 7.561 -19.59 -0.257 7.045
3 16 -18.526 -0.729 9.165 -16.951 -2.529 9.562 -14.921 -5.608 7.561
4 16 -18.526 -0.729 9.165 -19.59 -0.257 7.045 -22.099 3.424 8.213 -20.77 2.24 9.432
3 16 -23.338 4.788 8.003 -22.099 3.424 8.213 -24.258 5.093 6.53
4 16 -24.258 5.093 6.53 -22.099 3.424 8.213 -19.59 -0.257 7.045 -21.587 -0.519 2.257
3 16 -18.329 -3.795 2.884 -21.587 -0.519 2.257 -19.59 -0.257 7.045
3 16 -21.587 -0.519 2.257 -18.329 -3.795 2.884 -17.74 -8.24 -3.051
3 16 -8.121 -16.509 -5.457 -8.94 -18.302 -4.213 -12.578 -17.824 -6.712
3 16 -11.848 -16.419 -7.316 -8.121 -16.509 -5.457 -12.578 -17.824 -6.712
3 16 -14.731 -15.956 -6.887 -11.848 -16.419 -7.316 -12.578 -17.824 -6.712
4 16 -22.796 -2.119 3.507 -25.122 3.866 8.846 -26.081 3.947 6.84 -23.599 -2.007 1.941
4 16 -23.176 1.901 9.389 -21.958 -2.438 4.296 -21.815 -3.955 4.272 -23.018 0.309 9.373
4 16 -20.259 -5.535 4.03 -22.31 0.224 10.315 -23.018 0.309 9.373 -21.815 -3.955 4.272
3 16 -19.561 -2.339 9.862 -19.109 -6.033 4.903 -18.948 -7.777 4.785
3 16 -19.457 -4.31 9.669 -19.561 -2.339 9.862 -18.948 -7.777 4.785
4 16 -18.948 -7.777 4.785 -16.994 -9.633 4.187 -18.509 -4.571 10.383 -19.457 -4.31 9.669
3 16 -20.259 -5.535 4.03 -19.109 -6.033 4.903 -22.31 0.224 10.315
3 16 -22.31 0.224 10.315 -19.109 -6.033 4.903 -19.561 -2.339 9.862
3 16 -22.796 -2.119 3.507 -21.958 -2.438 4.296 -25.122 3.866 8.846
3 16 -25.122 3.866 8.846 -21.958 -2.438 4.296 -23.176 1.901 9.389
3 16 -23.018 0.309 9.373 -22.31 0.224 10.315 -23.176 1.901 9.389
3 16 -22.272 1.049 10.362 -23.176 1.901 9.389 -22.31 0.224 10.315
3 16 -19.561 -2.339 9.862 -18.183 -3.896 10.5 -18.526 -0.729 9.165
3 16 -18.183 -3.896 10.5 -16.951 -2.529 9.562 -18.526 -0.729 9.165
3 16 -18.526 -0.729 9.165 -22.272 1.049 10.362 -19.561 -2.339 9.862
3 16 -20.77 2.24 9.432 -22.272 1.049 10.362 -18.526 -0.729 9.165
3 16 -19.561 -2.339 9.862 -22.272 1.049 10.362 -22.31 0.224 10.315
3 16 -18.509 -4.571 10.383 -17.518 -5.394 10.301 -18.183 -3.896 10.5
3 16 -19.457 -4.31 9.669 -18.509 -4.571 10.383 -19.561 -2.339 9.862
3 16 -19.561 -2.339 9.862 -18.509 -4.571 10.383 -18.183 -3.896 10.5
3 16 -15.505 -10.342 4.713 -15.319 -11.27 4.761 -15.563 -7.781 8.628
3 16 -15.563 -7.781 8.628 -15.319 -11.27 4.761 -15.376 -9.252 8.508
4 16 -13.401 -12.927 4.029 -11.387 -13.33 4.972 -13.696 -9.905 8.742 -15.376 -9.252 8.508
3 16 -11.938 -10.84 8.411 -13.696 -9.905 8.742 -11.387 -13.33 4.972
3 16 -10.844 -14.052 5.31 -11.177 -11.593 8.926 -11.938 -10.84 8.411
3 16 -11.938 -10.84 8.411 -11.387 -13.33 4.972 -10.844 -14.052 5.31
3 16 -6.877 -12.096 10.537 -11.177 -11.593 8.926 -8.523 -14.625 5.344
3 16 -6.433 -14.824 6.908 -6.877 -12.096 10.537 -8.523 -14.625 5.344
3 16 -10.844 -14.052 5.31 -8.523 -14.625 5.344 -11.177 -11.593 8.926
3 16 -13.401 -12.927 4.029 -15.376 -9.252 8.508 -15.319 -11.27 4.761
3 16 -10.903 -10.885 9.282 -11.177 -11.593 8.926 -6.877 -12.096 10.537
3 16 -24.258 5.093 6.53 -25.122 3.866 8.846 -23.338 4.788 8.003
3 16 -26.081 3.947 6.84 -25.122 3.866 8.846 -24.258 5.093 6.53
3 16 -23.338 4.788 8.003 -23.176 1.901 9.389 -22.099 3.424 8.213
3 16 -25.122 3.866 8.846 -23.176 1.901 9.389 -23.338 4.788 8.003
3 16 -22.272 1.049 10.362 -22.099 3.424 8.213 -23.176 1.901 9.389
3 16 -22.272 1.049 10.362 -20.77 2.24 9.432 -22.099 3.424 8.213
3 16 -14.921 -5.608 7.561 -17.518 -5.394 10.301 -15.563 -7.781 8.628
3 16 -17.518 -5.394 10.301 -16.951 -2.529 9.562 -18.183 -3.896 10.5
3 16 -17.518 -5.394 10.301 -14.921 -5.608 7.561 -16.951 -2.529 9.562
3 16 -13.696 -9.905 8.742 -15.563 -7.781 8.628 -15.376 -9.252 8.508
3 16 -13.696 -9.905 8.742 -13.398 -9.296 8.825 -15.563 -7.781 8.628
3 16 -11.872 -10.463 8.462 -13.009 -7.226 7.886 -13.398 -9.296 8.825
3 16 -11.872 -10.463 8.462 -11.077 -8.437 7.586 -13.009 -7.226 7.886
3 16 -13.398 -9.296 8.825 -14.921 -5.608 7.561 -15.563 -7.781 8.628
3 16 -13.398 -9.296 8.825 -13.009 -7.226 7.886 -14.921 -5.608 7.561
3 16 -6.877 -12.096 10.537 -8.396 -9.001 8.601 -10.903 -10.885 9.282
3 16 -8.396 -9.001 8.601 -6.877 -12.096 10.537 -6.447 -8.696 8.435
3 16 -11.872 -10.463 8.462 -13.696 -9.905 8.742 -11.938 -10.84 8.411
3 16 -11.872 -10.463 8.462 -13.398 -9.296 8.825 -13.696 -9.905 8.742
3 16 -22.148 -4.275 3.842 -22.796 -2.119 3.507 -23.599 -2.007 1.941
3 16 -22.148 -4.275 3.842 -21.958 -2.438 4.296 -22.796 -2.119 3.507
3 16 -22.148 -4.275 3.842 -21.815 -3.955 4.272 -21.958 -2.438 4.296
3 16 -20.259 -5.535 4.03 -22.148 -4.275 3.842 -20.567 -6.759 3.476
3 16 -20.259 -5.535 4.03 -21.815 -3.955 4.272 -22.148 -4.275 3.842
3 16 -19.917 -7.387 4.008 -18.948 -7.777 4.785 -19.109 -6.033 4.903
3 16 -18.948 -7.777 4.785 -19.917 -7.387 4.008 -19.107 -8.207 4.337
3 16 -17.57 -10.186 3.573 -18.948 -7.777 4.785 -19.107 -8.207 4.337
3 16 -18.948 -7.777 4.785 -17.57 -10.186 3.573 -16.994 -9.633 4.187
3 16 -20.259 -5.535 4.03 -19.917 -7.387 4.008 -19.109 -6.033 4.903
3 16 -20.259 -5.535 4.03 -20.567 -6.759 3.476 -19.917 -7.387 4.008
3 16 -15.319 -11.27 4.761 -16.994 -9.633 4.187 -17.57 -10.186 3.573
3 16 -15.319 -11.27 4.761 -17.57 -10.186 3.573 -15.479 -11.578 4.581
3 16 -15.505 -10.342 4.713 -16.994 -9.633 4.187 -15.319 -11.27 4.761
3 16 -13.72 -13.345 3.686 -15.319 -11.27 4.761 -15.479 -11.578 4.581
3 16 -15.319 -11.27 4.761 -13.72 -13.345 3.686 -13.401 -12.927 4.029
3 16 -8.523 -14.625 5.344 -10.983 -14.47 5.003 -8.464 -15.332 4.85
3 16 -8.523 -14.625 5.344 -10.844 -14.052 5.31 -10.983 -14.47 5.003
3 16 -6.286 -15.288 6.357 -8.523 -14.625 5.344 -8.464 -15.332 4.85
3 16 -6.433 -14.824 6.908 -8.523 -14.625 5.344 -6.286 -15.288 6.357
3 16 -10.844 -14.052 5.31 -13.72 -13.345 3.686 -10.983 -14.47 5.003
3 16 -13.401 -12.927 4.029 -13.72 -13.345 3.686 -10.844 -14.052 5.31
3 16 -10.844 -14.052 5.31 -11.387 -13.33 4.972 -13.401 -12.927 4.029
3 16 -8.464 -15.332 4.85 -5.121 -17.858 -0.248 -6.286 -15.288 6.357
3 16 -9.392 -17.483 -1.143 -8.464 -15.332 4.85 -10.983 -14.47 5.003
3 16 -9.392 -17.483 -1.143 -5.121 -17.858 -0.248 -8.464 -15.332 4.85
3 16 -19.688 -8.99 -3.037 -22.148 -4.275 3.842 -23.599 -2.007 1.941
3 16 -19.688 -8.99 -3.037 -20.567 -6.759 3.476 -22.148 -4.275 3.842
3 16 -17.246 -11.711 0.721 -20.567 -6.759 3.476 -19.688 -8.99 -3.037
3 16 -17.246 -11.711 0.721 -19.917 -7.387 4.008 -20.567 -6.759 3.476
3 16 -17.246 -11.711 0.721 -19.107 -8.207 4.337 -19.917 -7.387 4.008
3 16 -17.57 -10.186 3.573 -19.107 -8.207 4.337 -17.246 -11.711 0.721
4 16 -13.72 -13.345 3.686 -15.479 -11.578 4.581 -17.246 -11.711 0.721 -13.118 -16.607 -3.079
3 16 -17.57 -10.186 3.573 -17.246 -11.711 0.721 -15.479 -11.578 4.581
3 16 -10.983 -14.47 5.003 -13.72 -13.345 3.686 -9.392 -17.483 -1.143
3 16 -9.392 -17.483 -1.143 -13.72 -13.345 3.686 -13.118 -16.607 -3.079
3 16 -13.118 -16.607 -3.079 -17.246 -11.711 0.721 -15.563 -14.949 -4.357
3 16 -4.483 -18.163 -3.332 -5.121 -17.858 -0.248 -9.392 -17.483 -1.143
3 16 -4.483 -18.163 -3.332 -9.392 -17.483 -1.143 -8.94 -18.302 -4.213
3 16 -13.118 -16.607 -3.079 -12.578 -17.824 -6.712 -8.94 -18.302 -4.213
3 16 -8.94 -18.302 -4.213 -9.392 -17.483 -1.143 -13.118 -16.607 -3.079
3 16 -11.177 -11.593 8.926 -10.903 -10.885 9.282 -11.872 -10.463 8.462
3 16 -11.938 -10.84 8.411 -11.177 -11.593 8.926 -11.872 -10.463 8.462
3 16 -10.903 -10.885 9.282 -8.396 -9.001 8.601 -11.077 -8.437 7.586
3 16 -10.903 -10.885 9.282 -11.077 -8.437 7.586 -11.872 -10.463 8.462
3 16 -5.103 3.284 23.125 -5.027 3.809 23.826 -2.253 4.672 24.218
3 16 -5.103 3.284 23.125 -2.253 4.672 24.218 0 3.838 22.96
4 16 0 5.26 24.947 0 3.838 22.96 -2.253 4.672 24.218 -1.977 5.182 24.9
3 16 -5.194 -7.492 16.435 -5.679 -4.37 19.277 -4.478 -4.351 15.419
3 16 -5.679 -4.37 19.277 -5.064 -2.128 18.023 -4.478 -4.351 15.419
3 16 -6.434 -1.491 21.871 -6.631 0.794 24.064 -5.702 0.117 20.297
3 16 -6.307 2.313 22.502 -5.702 0.117 20.297 -6.631 0.794 24.064
3 16 -5.679 -4.37 19.277 -6.434 -1.491 21.871 -5.064 -2.128 18.023
3 16 -6.434 -1.491 21.871 -5.702 0.117 20.297 -5.064 -2.128 18.023
3 16 -2.253 4.672 24.218 -5.027 3.809 23.826 -2.38 2.565 26.72
3 16 -5.027 3.809 23.826 -5.155 1.844 25.879 -2.38 2.565 26.72
3 16 -5.027 3.809 23.826 -5.103 3.284 23.125 -5.155 1.844 25.879
3 16 -5.341 1.434 24.97 -5.155 1.844 25.879 -5.103 3.284 23.125
3 16 -5.103 3.284 23.125 -6.307 2.313 22.502 -5.341 1.434 24.97
3 16 -6.307 2.313 22.502 -6.631 0.794 24.064 -5.341 1.434 24.97
3 16 -6.877 -12.096 10.537 -5.616 -9.921 14.053 -6.447 -8.696 8.435
3 16 -5.092 -7.31 12.397 -6.447 -8.696 8.435 -5.616 -9.921 14.053
3 16 -4.478 -4.351 15.419 -5.092 -7.31 12.397 -5.194 -7.492 16.435
3 16 -5.194 -7.492 16.435 -5.092 -7.31 12.397 -5.616 -9.921 14.053
3 16 -1.977 5.182 24.9 -2.253 4.672 24.218 -1.959 2.725 27.267
3 16 -2.38 2.565 26.72 -1.959 2.725 27.267 -2.253 4.672 24.218
3 16 0 5.26 24.947 -1.977 5.182 24.9 0 2.849 27.372
3 16 -1.977 5.182 24.9 -1.959 2.725 27.267 0 2.849 27.372
3 16 -5.194 -7.492 16.435 -4.158 -7.391 17.388 -5.679 -4.37 19.277
3 16 -4.346 -4.304 19.826 -5.679 -4.37 19.277 -4.158 -7.391 17.388
3 16 -5.341 1.434 24.97 -6.631 0.794 24.064 -4.925 -1.38 22.425
3 16 -4.925 -1.38 22.425 -6.631 0.794 24.064 -6.434 -1.491 21.871
3 16 -4.925 -1.38 22.425 -6.434 -1.491 21.871 -4.346 -4.304 19.826
3 16 -4.346 -4.304 19.826 -6.434 -1.491 21.871 -5.679 -4.37 19.277
3 16 -5.155 1.844 25.879 -5.341 1.434 24.97 -4.717 -1.481 22.953
3 16 -4.717 -1.481 22.953 -5.341 1.434 24.97 -4.925 -1.38 22.425
3 16 -4.717 -1.481 22.953 -4.925 -1.38 22.425 -4.134 -4.419 20.199
3 16 -4.134 -4.419 20.199 -4.925 -1.38 22.425 -4.346 -4.304 19.826
3 16 -4.134 -4.419 20.199 -4.346 -4.304 19.826 -3.908 -7.642 17.582
3 16 -3.908 -7.642 17.582 -4.346 -4.304 19.826 -4.158 -7.391 17.388
3 16 -2.38 2.565 26.72 -5.155 1.844 25.879 -2.077 -1.249 23.548
3 16 -2.077 -1.249 23.548 -5.155 1.844 25.879 -4.717 -1.481 22.953
3 16 -2.077 -1.249 23.548 -4.717 -1.481 22.953 -1.813 -4.214 20.841
3 16 -1.813 -4.214 20.841 -4.717 -1.481 22.953 -4.134 -4.419 20.199
3 16 -3.908 -7.642 17.582 -1.75 -7.049 18.646 -4.134 -4.419 20.199
3 16 -1.813 -4.214 20.841 -4.134 -4.419 20.199 -1.75 -7.049 18.646
3 16 -1.959 2.725 27.267 -2.38 2.565 26.72 -1.762 -1.342 23.971
3 16 -1.762 -1.342 23.971 -2.38 2.565 26.72 -2.077 -1.249 23.548
3 16 -1.762 -1.342 23.971 -2.077 -1.249 23.548 -1.508 -4.266 21.193
3 16 -1.508 -4.266 21.193 -2.077 -1.249 23.548 -1.813 -4.214 20.841
3 16 -1.508 -4.266 21.193 -1.813 -4.214 20.841 -1.443 -7.3 18.719
3 16 -1.443 -7.3 18.719 -1.813 -4.214 20.841 -1.75 -7.049 18.646
3 16 -1.762 -1.342 23.971 0 -1.022 24.312 -1.959 2.725 27.267
3 16 0 2.849 27.372 -1.959 2.725 27.267 0 -1.022 24.312
3 16 0 -1.022 24.312 -1.762 -1.342 23.971 0 -4.052 21.381
3 16 0 -4.052 21.381 -1.762 -1.342 23.971 -1.508 -4.266 21.193
4 16 0 -7.41 18.652 0 -4.052 21.381 -1.508 -4.266 21.193 -1.443 -7.3 18.719
3 16 -3.908 -7.642 17.582 -5.194 -7.492 16.435 -3.954 -8.121 17.42
3 16 -3.908 -7.642 17.582 -4.158 -7.391 17.388 -5.194 -7.492 16.435
3 16 -2.749 -8.191 18.118 -3.908 -7.642 17.582 -3.954 -8.121 17.42
3 16 -2.749 -8.191 18.118 -1.75 -7.049 18.646 -3.908 -7.642 17.582
3 16 -1.691 -7.946 18.563 -1.75 -7.049 18.646 -2.749 -8.191 18.118
3 16 -1.691 -7.946 18.563 -1.443 -7.3 18.719 -1.75 -7.049 18.646
3 16 0 -8.082 18.637 -1.443 -7.3 18.719 -1.691 -7.946 18.563
3 16 0 -8.082 18.637 0 -7.41 18.652 -1.443 -7.3 18.719
3 16 -6.433 -14.824 6.908 -2.519 -14.485 12.348 -6.877 -12.096 10.537
3 16 -6.433 -14.824 6.908 -2.832 -17.962 5.611 -2.519 -14.485 12.348
3 16 -6.433 -14.824 6.908 -6.286 -15.288 6.357 -2.832 -17.962 5.611
4 16 -6.286 -15.288 6.357 -5.121 -17.858 -0.248 -2.706 -19.566 -0.181 -2.832 -17.962 5.611
3 16 -5.616 -9.921 14.053 -6.877 -12.096 10.537 -2.519 -14.485 12.348
3 16 -2.521 -11.266 15.632 -5.616 -9.921 14.053 -2.519 -14.485 12.348
3 16 -3.954 -8.121 17.42 -5.194 -7.492 16.435 -5.616 -9.921 14.053
3 16 -3.954 -8.121 17.42 -5.616 -9.921 14.053 -2.521 -11.266 15.632
3 16 -2.749 -8.191 18.118 -3.954 -8.121 17.42 -2.521 -11.266 15.632
3 16 0 -11.303 16.058 0 -8.082 18.637 -1.691 -7.946 18.563
3 16 -2.521 -11.266 15.632 0 -11.303 16.058 -1.691 -7.946 18.563
3 16 -2.749 -8.191 18.118 -2.521 -11.266 15.632 -1.691 -7.946 18.563
4 16 0 -14.662 12.679 0 -11.303 16.058 -2.521 -11.266 15.632 -2.519 -14.485 12.348
3 16 0 -14.662 12.679 -2.519 -14.485 12.348 0 -18.377 5.768
3 16 0 -18.377 5.768 -2.519 -14.485 12.348 -2.832 -17.962 5.611
4 16 0 -20.033 -0.28 0 -18.377 5.768 -2.832 -17.962 5.611 -2.706 -19.566 -0.181
3 16 -3.963 -12.131 -18.093 -1.333 -12.781 -20.451 -1.729 -14.895 -20.052
3 16 -1.333 -12.781 -20.451 -3.963 -12.131 -18.093 -2.895 -10.878 -19.258
3 16 -2.592 -18.888 -10.483 -5.395 -15.123 -6.811 -4.62 -14.873 -10.688
3 16 -5.395 -15.123 -6.811 -2.65 -19.634 -5.435 -4.483 -18.163 -3.332
3 16 -5.395 -15.123 -6.811 -2.592 -18.888 -10.483 -2.65 -19.634 -5.435
3 16 -4.483 -18.163 -3.332 -2.706 -19.566 -0.181 -5.121 -17.858 -0.248
3 16 -4.483 -18.163 -3.332 -2.65 -19.634 -5.435 -2.706 -19.566 -0.181
3 16 -4.571 -14.05 -14.911 -1.729 -14.895 -20.052 -2.827 -18.312 -15.918
3 16 -1.729 -14.895 -20.052 -4.571 -14.05 -14.911 -3.963 -12.131 -18.093
3 16 -4.62 -14.873 -10.688 -2.827 -18.312 -15.918 -2.592 -18.888 -10.483
3 16 -2.827 -18.312 -15.918 -4.62 -14.873 -10.688 -4.571 -14.05 -14.911
3 16 -1.729 -14.895 -20.052 0 -12.886 -20.475 0 -15.22 -20.115
3 16 0 -12.886 -20.475 -1.729 -14.895 -20.052 -1.333 -12.781 -20.451
3 16 0 -19.175 -10.465 -2.65 -19.634 -5.435 -2.592 -18.888 -10.483
3 16 0 -20.091 -5.446 -2.65 -19.634 -5.435 0 -19.175 -10.465
4 16 -2.706 -19.566 -0.181 -2.65 -19.634 -5.435 0 -20.091 -5.446 0 -20.033 -0.28
3 16 -2.827 -18.312 -15.918 -1.729 -14.895 -20.052 0 -15.22 -20.115
3 16 -2.827 -18.312 -15.918 0 -15.22 -20.115 0 -18.74 -15.929
3 16 -2.592 -18.888 -10.483 -2.827 -18.312 -15.918 0 -18.74 -15.929
3 16 0 -19.175 -10.465 -2.592 -18.888 -10.483 0 -18.74 -15.929
4 16 -1.156 -10.01 -22.104 -1.333 -12.781 -20.451 -2.895 -10.878 -19.258 -2.279 -8.929 -21.112
3 16 0 -12.886 -20.475 -1.333 -12.781 -20.451 0 -10.106 -22.26
3 16 -1.156 -10.01 -22.104 0 -10.106 -22.26 -1.333 -12.781 -20.451
3 16 -5.395 -15.123 -6.811 -4.483 -18.163 -3.332 -6.309 -15.841 -5.588
4 16 -8.94 -18.302 -4.213 -8.121 -16.509 -5.457 -6.309 -15.841 -5.588 -4.483 -18.163 -3.332
3 16 -16.994 -9.633 4.187 -17.518 -5.394 10.301 -18.509 -4.571 10.383
3 16 -15.505 -10.342 4.713 -17.518 -5.394 10.301 -16.994 -9.633 4.187
3 16 -15.563 -7.781 8.628 -17.518 -5.394 10.301 -15.505 -10.342 4.713
3 16 -15.563 -14.949 -4.357 -19.688 -8.99 -3.037 -14.731 -15.956 -6.887
3 16 -15.563 -14.949 -4.357 -17.246 -11.711 0.721 -19.688 -8.99 -3.037
3 16 -0.753 -6.373 -22.822 0 -5.941 -22.258 0 -6.272 -22.888
3 16 0 -5.941 -22.258 -0.753 -6.373 -22.822 -0.801 -5.995 -22.227
3 16 -0.673 -6.911 -23.148 -1.241 -6.621 -22.725 -0.753 -6.373 -22.822
4 16 0 -6.272 -22.888 0 -6.885 -23.254 -0.673 -6.911 -23.148 -0.753 -6.373 -22.822
3 16 -0.753 -6.373 -22.822 -1.241 -6.621 -22.725 -0.801 -5.995 -22.227
4 16 -1.156 -10.01 -22.104 -0.673 -6.911 -23.148 0 -6.885 -23.254 0 -10.106 -22.26
3 16 -1.156 -10.01 -22.104 -2.279 -8.929 -21.112 -0.673 -6.911 -23.148
3 16 -0.673 -6.911 -23.148 -2.279 -8.929 -21.112 -1.241 -6.621 -22.725
3 16 -2.279 -8.929 -21.112 -1.333 -7.54 -19.845 -1.241 -6.621 -22.725
3 16 -1.241 -6.621 -22.725 -1.333 -7.54 -19.845 -0.801 -5.995 -22.227
3 16 0 -5.941 -22.258 -0.801 -5.995 -22.227 0 -7.379 -19.676
3 16 -12.578 -17.824 -6.712 -13.118 -16.607 -3.079 -15.563 -14.949 -4.357
3 16 -14.731 -15.956 -6.887 -12.578 -17.824 -6.712 -15.563 -14.949 -4.357
5 24 0 -0.419 20.532 0 -1.369 19.855 -0.575 -0.528 20.423 0.575 -0.528 20.423
5 24 0 -1.369 19.855 -0.575 -0.528 20.423 0 -0.419 20.532 -0.996 -0.826 20.125
5 24 -0.575 -0.528 20.423 0 -0.419 20.532 0 -1.369 19.855 0 1.654 21.217
5 24 0 -1.369 19.855 -0.996 -0.826 20.125 -0.575 -0.528 20.423 -0.996 -1.639 19.312
5 24 -0.996 -0.826 20.125 -0.575 -0.528 20.423 0 -1.369 19.855 -1.61 1.39 20.935
5 24 -0.996 -1.639 19.312 0 -1.369 19.855 -0.575 -1.937 19.015 -0.996 -0.826 20.125
5 24 0 -1.369 19.855 -0.575 -1.937 19.015 -0.996 -1.639 19.312 0 -2.046 18.906
5 24 -0.575 -1.937 19.015 -0.996 -1.639 19.312 0 -1.369 19.855 -2.56 -1.677 18.073
5 24 0 -1.369 19.855 0 -2.046 18.906 -0.575 -1.937 19.015 0.575 -1.937 19.015
5 24 0 -2.046 18.906 -0.575 -1.937 19.015 0 -1.369 19.855 -1.534 -2.425 17.199
5 24 -0.996 -1.639 19.312 -0.996 -0.826 20.125 0 -1.369 19.855 -2.56 0.413 20.163
2 24 0 -2.774 16.838 -1.534 -2.425 17.199
5 24 -1.534 -2.425 17.199 0 -2.046 18.906 0 -2.774 16.838 -0.575 -1.937 19.015
5 24 0 -2.046 18.906 0 -2.774 16.838 -1.534 -2.425 17.199 1.534 -2.425 17.199
5 24 -1.534 -2.425 17.199 -0.575 -1.937 19.015 0 -2.046 18.906 -2.56 -1.677 18.073
2 24 -1.61 1.39 20.935 0 1.654 21.217
5 24 -0.575 -0.528 20.423 -1.61 1.39 20.935 0 1.654 21.217 -0.996 -0.826 20.125
5 24 0 1.654 21.217 0 -0.419 20.532 -0.575 -0.528 20.423 0.575 -0.528 20.423
5 24 -0.996 -0.826 20.125 -1.61 1.39 20.935 -0.575 -0.528 20.423 -2.56 0.413 20.163
2 24 -2.56 0.413 20.163 -1.61 1.39 20.935
5 24 -0.996 -0.826 20.125 -2.56 0.413 20.163 -1.61 1.39 20.935 -0.996 -1.639 19.312
2 24 -2.56 -1.677 18.073 -2.56 0.413 20.163
5 24 -0.996 -1.639 19.312 -2.56 -1.677 18.073 -2.56 0.413 20.163 -0.575 -1.937 19.015
2 24 -1.534 -2.425 17.199 -2.56 -1.677 18.073
5 24 -2.56 -1.677 18.073 -0.575 -1.937 19.015 -1.534 -2.425 17.199 -0.996 -1.639 19.312
2 24 -2.578 -14.395 5.658 -0.91 -12.718 10.074
5 24 -0.91 -12.718 10.074 0 -14.427 6.925 -2.578 -14.395 5.658 0 -12.654 10.373
5 24 0 -14.427 6.925 -2.578 -14.395 5.658 -0.91 -12.718 10.074 0 -15.646 3.617
2 24 -0.91 -12.718 10.074 0 -12.654 10.373
5 24 0 -12.654 10.373 0 -14.427 6.925 -0.91 -12.718 10.074 0.91 -12.718 10.074
2 24 -3.853 -7.175 1.45 -3.033 -7.214 5.576
5 24 -3.033 -7.214 5.576 -3.553 -15.186 1.676 -3.853 -7.175 1.45 -2.578 -14.395 5.658
5 24 -3.553 -15.186 1.676 -3.853 -7.175 1.45 -3.033 -7.214 5.576 -3.35 -16.125 -1.535
5 24 -3.033 -7.214 5.576 -2.578 -14.395 5.658 -3.553 -15.186 1.676 -0.987 -5.75 10.291
2 24 -2.578 -14.395 5.658 -3.553 -15.186 1.676
5 24 -0.91 -12.718 10.074 0 -5.447 10.601 0 -12.654 10.373 -0.987 -5.75 10.291
5 24 0 -5.447 10.601 0 -12.654 10.373 -0.91 -12.718 10.074 0.91 -12.718 10.074
2 24 -0.987 -5.75 10.291 0 -5.447 10.601
5 24 -0.91 -12.718 10.074 -0.987 -5.75 10.291 0 -5.447 10.601 -2.578 -14.395 5.658
2 24 0 -7.171 -4.609 -1.662 -7.176 -4.149
5 24 0 -16.872 -4.08 0 -7.171 -4.609 -1.662 -7.176 -4.149 1.662 -7.176 -4.149
5 24 -1.662 -7.176 -4.149 -1.532 -16.767 -3.64 0 -16.872 -4.08 -2.893 -7.141 -3.13
2 24 -1.532 -16.767 -3.64 0 -16.872 -4.08
2 24 -1.662 -7.176 -4.149 -2.893 -7.141 -3.13
5 24 -2.893 -7.141 -3.13 -1.532 -16.767 -3.64 -1.662 -7.176 -4.149 -2.667 -16.502 -2.668
5 24 -2.893 -7.141 -3.13 -2.667 -16.502 -2.668 -1.532 -16.767 -3.64 -3.634 -7.114 -1.929
2 24 -2.667 -16.502 -2.668 -1.532 -16.767 -3.64
2 24 -2.893 -7.141 -3.13 -3.634 -7.114 -1.929
5 24 -3.634 -7.114 -1.929 -2.667 -16.502 -2.668 -2.893 -7.141 -3.13 -3.35 -16.125 -1.535
5 24 -3.634 -7.114 -1.929 -3.35 -16.125 -1.535 -2.667 -16.502 -2.668 -3.853 -7.175 1.45
2 24 -3.35 -16.125 -1.535 -2.667 -16.502 -2.668
2 24 -3.634 -7.114 -1.929 -3.853 -7.175 1.45
2 24 -3.553 -15.186 1.676 -3.35 -16.125 -1.535
5 24 -2.578 -14.395 5.658 -0.987 -5.75 10.291 -0.91 -12.718 10.074 -3.033 -7.214 5.576
2 24 -3.033 -7.214 5.576 -0.987 -5.75 10.291
5 24 0 -14.427 6.925 0 -15.646 3.617 -2.578 -14.395 5.658 2.578 -14.395 5.658
5 24 0 -15.646 3.617 -2.578 -14.395 5.658 0 -14.427 6.925 -1.126 -15.645 3.273
5 24 -1.126 -15.645 3.273 -2.578 -14.395 5.658 0 -15.646 3.617 -2.424 -15.524 2.504
5 24 -2.787 -15.651 1.209 -3.553 -15.186 1.676 -2.424 -15.524 2.504 -2.642 -16.38 -1.142
5 24 -3.553 -15.186 1.676 -2.424 -15.524 2.504 -2.787 -15.651 1.209 -2.578 -14.395 5.658
5 24 -2.578 -14.395 5.658 -2.424 -15.524 2.504 -3.553 -15.186 1.676 -1.126 -15.645 3.273
5 24 -2.642 -16.38 -1.142 -3.553 -15.186 1.676 -2.787 -15.651 1.209 -3.35 -16.125 -1.535
5 24 -2.642 -16.38 -1.142 -3.35 -16.125 -1.535 -3.553 -15.186 1.676 -2.088 -16.717 -2.026
5 24 -3.35 -16.125 -1.535 -2.088 -16.717 -2.026 -2.667 -16.502 -2.668 -2.642 -16.38 -1.142
5 24 -2.088 -16.717 -2.026 -2.667 -16.502 -2.668 -3.35 -16.125 -1.535 -1.532 -16.767 -3.64
5 24 -1.532 -16.767 -3.64 0 -17.041 -3.113 0 -16.872 -4.08 -2.088 -16.717 -2.026
5 24 0 -17.041 -3.113 0 -16.872 -4.08 -1.532 -16.767 -3.64 1.532 -16.767 -3.64
5 24 -1.532 -16.767 -3.64 -2.088 -16.717 -2.026 0 -17.041 -3.113 -2.667 -16.502 -2.668
5 24 -3.853 -7.175 1.45 -4.126 -6.981 6.183 -3.033 -7.214 5.576 -5.334 -7.081 1.763
5 24 -4.126 -6.981 6.183 -3.033 -7.214 5.576 -3.853 -7.175 1.45 -3.33 -6.157 10.996
5 24 -3.853 -7.175 1.45 -5.334 -7.081 1.763 -4.126 -6.981 6.183 -3.634 -7.114 -1.929
2 24 -5.334 -7.081 1.763 -4.126 -6.981 6.183
2 24 0 -7.102 -6.009 -2.114 -7.083 -5.538
5 24 0 -7.171 -4.609 0 -7.102 -6.009 -2.114 -7.083 -5.538 2.114 -7.083 -5.538
5 24 -2.114 -7.083 -5.538 -1.662 -7.176 -4.149 0 -7.171 -4.609 -3.66 -7.054 -4.351
2 24 -2.114 -7.083 -5.538 -3.66 -7.054 -4.351
5 24 -3.66 -7.054 -4.351 -2.893 -7.141 -3.13 -1.662 -7.176 -4.149 -4.638 -7.074 -2.626
2 24 -3.66 -7.054 -4.351 -4.638 -7.074 -2.626
5 24 -4.638 -7.074 -2.626 -2.893 -7.141 -3.13 -3.66 -7.054 -4.351 -3.634 -7.114 -1.929
5 24 -4.638 -7.074 -2.626 -3.634 -7.114 -1.929 -2.893 -7.141 -3.13 -5.334 -7.081 1.763
2 24 -4.638 -7.074 -2.626 -5.334 -7.081 1.763
5 24 -5.334 -7.081 1.763 -3.634 -7.114 -1.929 -4.638 -7.074 -2.626 -3.853 -7.175 1.45
5 24 -0.987 -5.75 10.291 0 -4.631 12.506 0 -5.447 10.601 -3.33 -6.157 10.996
5 24 0 -4.631 12.506 0 -5.447 10.601 -0.987 -5.75 10.291 0.987 -5.749 10.291
5 24 -0.987 -5.75 10.291 -3.33 -6.157 10.996 0 -4.631 12.506 -3.033 -7.214 5.576
5 24 -3.33 -6.157 10.996 0 -4.631 12.506 -0.987 -5.75 10.291 0 -3.591 15.487
2 24 -4.126 -6.981 6.183 -3.33 -6.157 10.996
5 24 -3.33 -6.157 10.996 -3.033 -7.214 5.576 -4.126 -6.981 6.183 -0.987 -5.75 10.291
5 24 0 -3.591 15.487 -4.478 -4.351 15.419 0 -2.774 16.838 -3.33 -6.157 10.996
5 24 -4.478 -4.351 15.419 0 -2.774 16.838 0 -3.591 15.487 -1.534 -2.425 17.199
5 24 0 -2.774 16.838 0 -3.591 15.487 -4.478 -4.351 15.419 4.478 -4.351 15.419
5 24 -4.478 -4.351 15.419 -1.534 -2.425 17.199 0 -2.774 16.838 -2.56 -1.677 18.073
5 24 -5.064 -2.128 18.023 -2.56 -1.677 18.073 -4.478 -4.351 15.419 -2.56 0.413 20.163
5 24 -2.56 -1.677 18.073 -4.478 -4.351 15.419 -5.064 -2.128 18.023 -1.534 -2.425 17.199
2 24 -4.478 -4.351 15.419 -5.064 -2.128 18.023
5 24 0 -3.591 15.487 -3.33 -6.157 10.996 -4.478 -4.351 15.419 0 -4.631 12.506
2 24 -3.33 -6.157 10.996 -4.478 -4.351 15.419
5 24 0 -3.591 15.487 0 -4.631 12.506 -3.33 -6.157 10.996 3.33 -6.157 10.996
5 24 -5.702 0.117 20.297 -2.56 0.413 20.163 -5.064 -2.128 18.023 -5.103 3.284 23.125
5 24 -2.56 0.413 20.163 -5.064 -2.128 18.023 -5.702 0.117 20.297 -2.56 -1.677 18.073
2 24 -5.064 -2.128 18.023 -5.702 0.117 20.297
5 24 -1.61 1.39 20.935 0 3.838 22.96 0 1.654 21.217 -5.103 3.284 23.125
5 24 0 3.838 22.96 0 1.654 21.217 -1.61 1.39 20.935 1.611 1.39 20.935
5 24 -5.103 3.284 23.125 0 3.838 22.96 -1.61 1.39 20.935 -2.253 4.672 24.218
5 24 -2.56 0.413 20.163 -5.103 3.284 23.125 -1.61 1.39 20.935 -5.702 0.117 20.297
5 24 -5.702 0.117 20.297 -5.103 3.284 23.125 -2.56 0.413 20.163 -6.307 2.313 22.502
2 24 -5.702 0.117 20.297 -6.307 2.313 22.502
2 24 -6.307 2.313 22.502 -5.103 3.284 23.125
5 24 0 -8.451 -7.447 -3.141 -8.863 -7.192 0 -7.102 -6.009 -2.942 -10.731 -10.328
5 24 0 -7.102 -6.009 0 -8.451 -7.447 -3.141 -8.863 -7.192 3.141 -8.863 -7.192
5 24 -3.141 -8.863 -7.192 -2.114 -7.083 -5.538 0 -7.102 -6.009 -3.66 -7.054 -4.351
5 24 -3.141 -8.863 -7.192 -3.66 -7.054 -4.351 -2.114 -7.083 -5.538 -4.638 -7.074 -2.626
2 24 -3.141 -8.863 -7.192 -4.638 -7.074 -2.626
5 24 0 -8.451 -7.447 -2.942 -10.731 -10.328 -3.141 -8.863 -7.192 0 -10.038 -10.532
2 24 -2.942 -10.731 -10.328 -3.141 -8.863 -7.192
5 24 0 -10.038 -10.532 -2.942 -10.731 -10.328 0 -8.451 -7.447 -2.601 -10.417 -13.308
5 24 0 -8.451 -7.447 0 -10.038 -10.532 -2.942 -10.731 -10.328 2.942 -10.731 -10.328
5 24 0 -10.038 -10.532 -2.601 -10.417 -13.308 -2.942 -10.731 -10.328 0 -9.688 -13.529
2 24 -2.601 -10.417 -13.308 -2.942 -10.731 -10.328
5 24 0 -9.688 -13.529 -2.601 -10.417 -13.308 0 -10.038 -10.532 -2.148 -9.61 -16.185
5 24 0 -10.038 -10.532 0 -9.688 -13.529 -2.601 -10.417 -13.308 2.601 -10.417 -13.308
5 24 -2.148 -9.61 -16.185 0 -8.978 -16.213 -1.398 -8.996 -17.531 0 -9.688 -13.529
5 24 0 -8.978 -16.213 -1.398 -8.996 -17.531 -2.148 -9.61 -16.185 0 -8.782 -17.339
2 24 -1.398 -8.996 -17.531 -2.148 -9.61 -16.185
5 24 0 -8.978 -16.213 0 -8.782 -17.339 -1.398 -8.996 -17.531 1.398 -8.996 -17.531
2 24 0 -8.782 -17.339 -1.398 -8.996 -17.531
5 24 0 -9.688 -13.529 -2.148 -9.61 -16.185 -2.601 -10.417 -13.308 0 -8.978 -16.213
2 24 -2.148 -9.61 -16.185 -2.601 -10.417 -13.308
5 24 0 -9.688 -13.529 0 -8.978 -16.213 -2.148 -9.61 -16.185 2.148 -9.61 -16.185
5 24 -1.333 -7.54 -19.845 0 -8.782 -17.339 0 -7.379 -19.676 -1.398 -8.996 -17.531
5 24 0 -8.782 -17.339 0 -7.379 -19.676 -1.333 -7.54 -19.845 1.333 -7.54 -19.845
2 24 -1.333 -7.54 -19.845 -1.398 -8.996 -17.531
2 24 -2.895 -10.878 -19.258 -1.398 -8.996 -17.531
5 24 -1.398 -8.996 -17.531 -2.279 -8.929 -21.112 -2.895 -10.878 -19.258 -1.333 -7.54 -19.845
2 24 -2.279 -8.929 -21.112 -2.895 -10.878 -19.258
5 24 -1.333 -7.54 -19.845 -2.279 -8.929 -21.112 -1.398 -8.996 -17.531 -1.241 -6.621 -22.725
5 24 -3.963 -12.131 -18.093 -2.148 -9.61 -16.185 -2.895 -10.878 -19.258 -2.601 -10.417 -13.308
5 24 -2.148 -9.61 -16.185 -2.895 -10.878 -19.258 -3.963 -12.131 -18.093 -1.398 -8.996 -17.531
2 24 -2.895 -10.878 -19.258 -3.963 -12.131 -18.093
5 24 -3.141 -8.863 -7.192 -5.395 -15.123 -6.811 -7.045 -13.671 -4.485 -4.62 -14.873 -10.688
5 24 -5.395 -15.123 -6.811 -7.045 -13.671 -4.485 -3.141 -8.863 -7.192 -6.309 -15.841 -5.588
5 24 -7.045 -13.671 -4.485 -3.141 -8.863 -7.192 -5.395 -15.123 -6.811 -4.638 -7.074 -2.626
5 24 -7.045 -13.671 -4.485 -4.638 -7.074 -2.626 -3.141 -8.863 -7.192 -8.703 -14.225 -4.393
5 24 -9.255 -12.3 -0.888 -4.638 -7.074 -2.626 -8.703 -14.225 -4.393 -5.334 -7.081 1.763
5 24 -4.638 -7.074 -2.626 -8.703 -14.225 -4.393 -9.255 -12.3 -0.888 -7.045 -13.671 -4.485
5 24 -8.703 -14.225 -4.393 -9.255 -12.3 -0.888 -4.638 -7.074 -2.626 -11.94 -14.686 -6.54
2 24 -7.045 -13.671 -4.485 -8.703 -14.225 -4.393
5 24 -3.141 -8.863 -7.192 -4.62 -14.873 -10.688 -5.395 -15.123 -6.811 -2.942 -10.731 -10.328
2 24 -4.62 -14.873 -10.688 -5.395 -15.123 -6.811
5 24 -2.942 -10.731 -10.328 -4.62 -14.873 -10.688 -3.141 -8.863 -7.192 -4.571 -14.05 -14.911
5 24 -4.571 -14.05 -14.911 -2.601 -10.417 -13.308 -3.963 -12.131 -18.093 -2.942 -10.731 -10.328
5 24 -2.601 -10.417 -13.308 -3.963 -12.131 -18.093 -4.571 -14.05 -14.911 -2.148 -9.61 -16.185
2 24 -3.963 -12.131 -18.093 -4.571 -14.05 -14.911
5 24 -2.942 -10.731 -10.328 -4.571 -14.05 -14.911 -4.62 -14.873 -10.688 -2.601 -10.417 -13.308
2 24 -4.571 -14.05 -14.911 -4.62 -14.873 -10.688
5 24 -5.334 -7.081 1.763 -6.447 -8.696 8.435 -4.126 -6.981 6.183 -9.65 -10.317 3.576
5 24 -6.447 -8.696 8.435 -4.126 -6.981 6.183 -5.334 -7.081 1.763 -3.33 -6.157 10.996
2 24 -8.396 -9.001 8.601 -6.447 -8.696 8.435
5 24 -6.447 -8.696 8.435 -9.65 -10.317 3.576 -8.396 -9.001 8.601 -5.334 -7.081 1.763
5 24 -9.65 -10.317 3.576 -8.396 -9.001 8.601 -6.447 -8.696 8.435 -11.077 -8.437 7.586
5 24 -5.334 -7.081 1.763 -9.65 -10.317 3.576 -6.447 -8.696 8.435 -9.255 -12.3 -0.888
5 24 -9.255 -12.3 -0.888 -5.334 -7.081 1.763 -4.638 -7.074 -2.626 -9.65 -10.317 3.576
5 24 -9.255 -12.3 -0.888 -9.65 -10.317 3.576 -5.334 -7.081 1.763 -12.684 -11.072 -1.09
5 24 -6.447 -8.696 8.435 -3.33 -6.157 10.996 -4.126 -6.981 6.183 -5.092 -7.31 12.397
2 24 -6.447 -8.696 8.435 -5.092 -7.31 12.397
5 24 -5.092 -7.31 12.397 -3.33 -6.157 10.996 -6.447 -8.696 8.435 -4.478 -4.351 15.419
2 24 -5.092 -7.31 12.397 -4.478 -4.351 15.419
5 24 -7.045 -13.671 -4.485 -8.121 -16.509 -5.457 -8.703 -14.225 -4.393 -6.309 -15.841 -5.588
5 24 -8.121 -16.509 -5.457 -8.703 -14.225 -4.393 -7.045 -13.671 -4.485 -11.848 -16.419 -7.316
5 24 -7.045 -13.671 -4.485 -6.309 -15.841 -5.588 -8.121 -16.509 -5.457 -5.395 -15.123 -6.811
2 24 -6.309 -15.841 -5.588 -8.121 -16.509 -5.457
2 24 -13.009 -7.226 7.886 -11.077 -8.437 7.586
5 24 -11.077 -8.437 7.586 -13.035 -8.776 3.552 -13.009 -7.226 7.886 -9.65 -10.317 3.576
5 24 -13.035 -8.776 3.552 -13.009 -7.226 7.886 -11.077 -8.437 7.586 -14.921 -5.608 7.561
5 24 -9.65 -10.317 3.576 -11.077 -8.437 7.586 -8.396 -9.001 8.601 -13.035 -8.776 3.552
2 24 -11.077 -8.437 7.586 -8.396 -9.001 8.601
5 24 -9.65 -10.317 3.576 -13.035 -8.776 3.552 -11.077 -8.437 7.586 -12.684 -11.072 -1.09
5 24 -9.65 -10.317 3.576 -12.684 -11.072 -1.09 -13.035 -8.776 3.552 -9.255 -12.3 -0.888
5 24 -12.684 -11.072 -1.09 -13.035 -8.776 3.552 -9.65 -10.317 3.576 -16.424 -10.473 -4.414
5 24 -9.255 -12.3 -0.888 -12.684 -11.072 -1.09 -9.65 -10.317 3.576 -11.94 -14.686 -6.54
5 24 -9.255 -12.3 -0.888 -11.94 -14.686 -6.54 -12.684 -11.072 -1.09 -8.703 -14.225 -4.393
5 24 -11.94 -14.686 -6.54 -12.684 -11.072 -1.09 -9.255 -12.3 -0.888 -14.114 -13.266 -5.902
2 24 -8.703 -14.225 -4.393 -11.94 -14.686 -6.54
2 24 -8.121 -16.509 -5.457 -11.848 -16.419 -7.316
5 24 -11.848 -16.419 -7.316 -8.703 -14.225 -4.393 -8.121 -16.509 -5.457 -11.94 -14.686 -6.54
5 24 -11.848 -16.419 -7.316 -11.94 -14.686 -6.54 -8.703 -14.225 -4.393 -14.731 -15.956 -6.887
2 24 -5.395 -15.123 -6.811 -6.309 -15.841 -5.588
2 24 -14.114 -13.266 -5.902 -11.94 -14.686 -6.54
5 24 -11.94 -14.686 -6.54 -14.731 -15.956 -6.887 -14.114 -13.266 -5.902 -11.848 -16.419 -7.316
5 24 -14.731 -15.956 -6.887 -14.114 -13.266 -5.902 -11.94 -14.686 -6.54 -16.424 -10.473 -4.414
2 24 -11.848 -16.419 -7.316 -14.731 -15.956 -6.887
5 24 -14.114 -13.266 -5.902 -12.684 -11.072 -1.09 -11.94 -14.686 -6.54 -16.424 -10.473 -4.414
5 24 -13.035 -8.776 3.552 -16.424 -10.473 -4.414 -17.74 -8.24 -3.051 -12.684 -11.072 -1.09
2 24 -16.424 -10.473 -4.414 -17.74 -8.24 -3.051
5 24 -12.684 -11.072 -1.09 -16.424 -10.473 -4.414 -13.035 -8.776 3.552 -14.114 -13.266 -5.902
2 24 -14.114 -13.266 -5.902 -16.424 -10.473 -4.414
5 24 -19.59 -0.257 7.045 -14.921 -5.608 7.561 -18.329 -3.795 2.884 -18.526 -0.729 9.165
5 24 -14.921 -5.608 7.561 -18.329 -3.795 2.884 -19.59 -0.257 7.045 -13.035 -8.776 3.552
5 24 -18.329 -3.795 2.884 -19.59 -0.257 7.045 -14.921 -5.608 7.561 -21.587 -0.519 2.257
5 24 -14.921 -5.608 7.561 -13.035 -8.776 3.552 -18.329 -3.795 2.884 -13.009 -7.226 7.886
5 24 -13.035 -8.776 3.552 -18.329 -3.795 2.884 -14.921 -5.608 7.561 -17.74 -8.24 -3.051
2 24 -14.921 -5.608 7.561 -13.009 -7.226 7.886
2 24 -21.587 -0.519 2.257 -17.74 -8.24 -3.051
5 24 -17.74 -8.24 -3.051 -23.599 -2.007 1.941 -21.587 -0.519 2.257 -19.688 -8.99 -3.037
5 24 -23.599 -2.007 1.941 -21.587 -0.519 2.257 -17.74 -8.24 -3.051 -26.081 3.947 6.84
5 24 -17.74 -8.24 -3.051 -19.688 -8.99 -3.037 -23.599 -2.007 1.941 -16.424 -10.473 -4.414
2 24 -19.688 -8.99 -3.037 -23.599 -2.007 1.941
5 24 -19.688 -8.99 -3.037 -16.424 -10.473 -4.414 -14.731 -15.956 -6.887 -17.74 -8.24 -3.051
5 24 -16.424 -10.473 -4.414 -14.731 -15.956 -6.887 -19.688 -8.99 -3.037 -14.114 -13.266 -5.902
2 24 -14.731 -15.956 -6.887 -19.688 -8.99 -3.037
2 24 -23.599 -2.007 1.941 -26.081 3.947 6.84
5 24 -26.081 3.947 6.84 -21.587 -0.519 2.257 -23.599 -2.007 1.941 -24.258 5.093 6.53
2 24 -26.081 3.947 6.84 -24.258 5.093 6.53
2 24 -24.258 5.093 6.53 -21.587 -0.519 2.257
5 24 -19.59 -0.257 7.045 -18.526 -0.729 9.165 -14.921 -5.608 7.561 -22.099 3.424 8.213
5 24 -18.526 -0.729 9.165 -14.921 -5.608 7.561 -19.59 -0.257 7.045 -16.951 -2.529 9.562
2 24 -18.526 -0.729 9.165 -16.951 -2.529 9.562
2 24 -16.951 -2.529 9.562 -14.921 -5.608 7.561
5 24 -19.59 -0.257 7.045 -22.099 3.424 8.213 -18.526 -0.729 9.165 -24.258 5.093 6.53
2 24 -23.338 4.788 8.003 -22.099 3.424 8.213
5 24 -22.099 3.424 8.213 -24.258 5.093 6.53 -23.338 4.788 8.003 -19.59 -0.257 7.045
2 24 -24.258 5.093 6.53 -23.338 4.788 8.003
2 24 -22.099 3.424 8.213 -20.77 2.24 9.432
2 24 -20.77 2.24 9.432 -18.526 -0.729 9.165
5 24 -19.59 -0.257 7.045 -21.587 -0.519 2.257 -24.258 5.093 6.53 -18.329 -3.795 2.884
5 24 -18.329 -3.795 2.884 -21.587 -0.519 2.257 -19.59 -0.257 7.045 -17.74 -8.24 -3.051
5 24 -17.74 -8.24 -3.051 -18.329 -3.795 2.884 -13.035 -8.776 3.552 -21.587 -0.519 2.257
2 24 -8.94 -18.302 -4.213 -12.578 -17.824 -6.712
5 24 -12.578 -17.824 -6.712 -8.121 -16.509 -5.457 -8.94 -18.302 -4.213 -11.848 -16.419 -7.316
5 24 -8.121 -16.509 -5.457 -8.94 -18.302 -4.213 -12.578 -17.824 -6.712 -6.309 -15.841 -5.588
5 24 -12.578 -17.824 -6.712 -11.848 -16.419 -7.316 -8.121 -16.509 -5.457 -14.731 -15.956 -6.887
2 24 -12.578 -17.824 -6.712 -14.731 -15.956 -6.887
2 24 -25.122 3.866 8.846 -26.081 3.947 6.84
5 24 -22.796 -2.119 3.507 -25.122 3.866 8.846 -26.081 3.947 6.84 -21.958 -2.438 4.296
2 24 -23.599 -2.007 1.941 -22.796 -2.119 3.507
2 24 -21.958 -2.438 4.296 -21.815 -3.955 4.272
2 24 -23.176 1.901 9.389 -21.958 -2.438 4.296
2 24 -21.815 -3.955 4.272 -23.018 0.309 9.373
2 24 -23.018 0.309 9.373 -23.176 1.901 9.389
2 24 -22.31 0.224 10.315 -23.018 0.309 9.373
5 24 -20.259 -5.535 4.03 -22.31 0.224 10.315 -23.018 0.309 9.373 -19.109 -6.033 4.903
2 24 -21.815 -3.955 4.272 -20.259 -5.535 4.03
2 24 -19.109 -6.033 4.903 -18.948 -7.777 4.785
5 24 -18.948 -7.777 4.785 -19.561 -2.339 9.862 -19.109 -6.033 4.903 -19.457 -4.31 9.669
2 24 -19.561 -2.339 9.862 -19.109 -6.033 4.903
2 24 -18.948 -7.777 4.785 -19.457 -4.31 9.669
2 24 -19.457 -4.31 9.669 -19.561 -2.339 9.862
5 24 -16.994 -9.633 4.187 -18.509 -4.571 10.383 -18.948 -7.777 4.785 -17.518 -5.394 10.301
2 24 -18.948 -7.777 4.785 -16.994 -9.633 4.187
2 24 -18.509 -4.571 10.383 -19.457 -4.31 9.669
2 24 -20.259 -5.535 4.03 -19.109 -6.033 4.903
5 24 -19.109 -6.033 4.903 -22.31 0.224 10.315 -20.259 -5.535 4.03 -19.561 -2.339 9.862
2 24 -19.561 -2.339 9.862 -22.31 0.224 10.315
2 24 -22.796 -2.119 3.507 -21.958 -2.438 4.296
5 24 -21.958 -2.438 4.296 -25.122 3.866 8.846 -22.796 -2.119 3.507 -23.176 1.901 9.389
2 24 -23.176 1.901 9.389 -25.122 3.866 8.846
5 24 -22.31 0.224 10.315 -23.176 1.901 9.389 -23.018 0.309 9.373 -22.272 1.049 10.362
2 24 -22.272 1.049 10.362 -23.176 1.901 9.389
2 24 -22.31 0.224 10.315 -22.272 1.049 10.362
2 24 -19.561 -2.339 9.862 -18.183 -3.896 10.5
5 24 -18.183 -3.896 10.5 -18.526 -0.729 9.165 -19.561 -2.339 9.862 -16.951 -2.529 9.562
5 24 -18.526 -0.729 9.165 -19.561 -2.339 9.862 -18.183 -3.896 10.5 -22.272 1.049 10.362
2 24 -18.183 -3.896 10.5 -16.951 -2.529 9.562
5 24 -18.526 -0.729 9.165 -22.272 1.049 10.362 -19.561 -2.339 9.862 -20.77 2.24 9.432
5 24 -22.272 1.049 10.362 -19.561 -2.339 9.862 -18.526 -0.729 9.165 -22.31 0.224 10.315
2 24 -20.77 2.24 9.432 -22.272 1.049 10.362
2 24 -18.509 -4.571 10.383 -17.518 -5.394 10.301
2 24 -17.518 -5.394 10.301 -18.183 -3.896 10.5
5 24 -18.183 -3.896 10.5 -18.509 -4.571 10.383 -17.518 -5.394 10.301 -19.561 -2.339 9.862
5 24 -18.509 -4.571 10.383 -19.561 -2.339 9.862 -19.457 -4.31 9.669 -18.183 -3.896 10.5
2 24 -15.505 -10.342 4.713 -15.319 -11.27 4.761
5 24 -15.319 -11.27 4.761 -15.563 -7.781 8.628 -15.505 -10.342 4.713 -15.376 -9.252 8.508
2 24 -15.563 -7.781 8.628 -15.505 -10.342 4.713
2 24 -15.319 -11.27 4.761 -15.376 -9.252 8.508
2 24 -15.376 -9.252 8.508 -15.563 -7.781 8.628
2 24 -13.401 -12.927 4.029 -11.387 -13.33 4.972
5 24 -11.387 -13.33 4.972 -13.696 -9.905 8.742 -13.401 -12.927 4.029 -11.938 -10.84 8.411
2 24 -11.387 -13.33 4.972 -11.938 -10.84 8.411
2 24 -11.938 -10.84 8.411 -13.696 -9.905 8.742
2 24 -11.177 -11.593 8.926 -11.938 -10.84 8.411
5 24 -11.938 -10.84 8.411 -10.844 -14.052 5.31 -11.177 -11.593 8.926 -11.387 -13.33 4.972
2 24 -10.844 -14.052 5.31 -11.177 -11.593 8.926
2 24 -11.387 -13.33 4.972 -10.844 -14.052 5.31
5 24 -11.177 -11.593 8.926 -8.523 -14.625 5.344 -6.877 -12.096 10.537 -10.844 -14.052 5.31
5 24 -8.523 -14.625 5.344 -6.877 -12.096 10.537 -11.177 -11.593 8.926 -6.433 -14.824 6.908
2 24 -6.877 -12.096 10.537 -11.177 -11.593 8.926
2 24 -8.523 -14.625 5.344 -6.433 -14.824 6.908
2 24 -6.433 -14.824 6.908 -6.877 -12.096 10.537
2 24 -10.844 -14.052 5.31 -8.523 -14.625 5.344
2 24 -13.696 -9.905 8.742 -15.376 -9.252 8.508
5 24 -15.376 -9.252 8.508 -13.401 -12.927 4.029 -13.696 -9.905 8.742 -15.319 -11.27 4.761
2 24 -15.319 -11.27 4.761 -13.401 -12.927 4.029
2 24 -6.877 -12.096 10.537 -10.903 -10.885 9.282
5 24 -10.903 -10.885 9.282 -11.177 -11.593 8.926 -6.877 -12.096 10.537 -11.872 -10.463 8.462
5 24 -24.258 5.093 6.53 -25.122 3.866 8.846 -23.338 4.788 8.003 -26.081 3.947 6.84
2 24 -25.122 3.866 8.846 -23.338 4.788 8.003
5 24 -23.338 4.788 8.003 -23.176 1.901 9.389 -22.099 3.424 8.213 -25.122 3.866 8.846
5 24 -23.176 1.901 9.389 -22.099 3.424 8.213 -23.338 4.788 8.003 -22.272 1.049 10.362
5 24 -22.272 1.049 10.362 -22.099 3.424 8.213 -23.176 1.901 9.389 -20.77 2.24 9.432
2 24 -15.563 -7.781 8.628 -14.921 -5.608 7.561
5 24 -14.921 -5.608 7.561 -17.518 -5.394 10.301 -15.563 -7.781 8.628 -16.951 -2.529 9.562
2 24 -17.518 -5.394 10.301 -15.563 -7.781 8.628
5 24 -17.518 -5.394 10.301 -16.951 -2.529 9.562 -18.183 -3.896 10.5 -14.921 -5.608 7.561
5 24 -13.696 -9.905 8.742 -15.563 -7.781 8.628 -15.376 -9.252 8.508 -13.398 -9.296 8.825
5 24 -13.696 -9.905 8.742 -13.398 -9.296 8.825 -15.563 -7.781 8.628 -11.872 -10.463 8.462
2 24 -13.398 -9.296 8.825 -15.563 -7.781 8.628
2 24 -13.398 -9.296 8.825 -11.872 -10.463 8.462
5 24 -11.872 -10.463 8.462 -13.009 -7.226 7.886 -13.398 -9.296 8.825 -11.077 -8.437 7.586
5 24 -13.009 -7.226 7.886 -13.398 -9.296 8.825 -11.872 -10.463 8.462 -14.921 -5.608 7.561
2 24 -11.872 -10.463 8.462 -11.077 -8.437 7.586
5 24 -13.398 -9.296 8.825 -14.921 -5.608 7.561 -15.563 -7.781 8.628 -13.009 -7.226 7.886
5 24 -6.877 -12.096 10.537 -8.396 -9.001 8.601 -10.903 -10.885 9.282 -6.447 -8.696 8.435
5 24 -8.396 -9.001 8.601 -10.903 -10.885 9.282 -6.877 -12.096 10.537 -11.077 -8.437 7.586
2 24 -6.877 -12.096 10.537 -6.447 -8.696 8.435
2 24 -11.938 -10.84 8.411 -11.872 -10.463 8.462
5 24 -11.872 -10.463 8.462 -13.696 -9.905 8.742 -11.938 -10.84 8.411 -13.398 -9.296 8.825
2 24 -23.599 -2.007 1.941 -22.148 -4.275 3.842
5 24 -22.148 -4.275 3.842 -22.796 -2.119 3.507 -23.599 -2.007 1.941 -21.958 -2.438 4.296
5 24 -22.148 -4.275 3.842 -21.958 -2.438 4.296 -22.796 -2.119 3.507 -21.815 -3.955 4.272
2 24 -22.148 -4.275 3.842 -21.815 -3.955 4.272
2 24 -20.567 -6.759 3.476 -20.259 -5.535 4.03
5 24 -20.259 -5.535 4.03 -22.148 -4.275 3.842 -20.567 -6.759 3.476 -21.815 -3.955 4.272
2 24 -22.148 -4.275 3.842 -20.567 -6.759 3.476
2 24 -19.109 -6.033 4.903 -19.917 -7.387 4.008
5 24 -19.917 -7.387 4.008 -18.948 -7.777 4.785 -19.109 -6.033 4.903 -19.107 -8.207 4.337
2 24 -19.107 -8.207 4.337 -18.948 -7.777 4.785
2 24 -19.917 -7.387 4.008 -19.107 -8.207 4.337
2 24 -19.107 -8.207 4.337 -17.57 -10.186 3.573
5 24 -17.57 -10.186 3.573 -18.948 -7.777 4.785 -19.107 -8.207 4.337 -16.994 -9.633 4.187
2 24 -17.57 -10.186 3.573 -16.994 -9.633 4.187
5 24 -20.259 -5.535 4.03 -19.917 -7.387 4.008 -19.109 -6.033 4.903 -20.567 -6.759 3.476
2 24 -20.567 -6.759 3.476 -19.917 -7.387 4.008
5 24 -17.57 -10.186 3.573 -15.319 -11.27 4.761 -16.994 -9.633 4.187 -15.479 -11.578 4.581
5 24 -15.319 -11.27 4.761 -16.994 -9.633 4.187 -17.57 -10.186 3.573 -15.505 -10.342 4.713
5 24 -15.479 -11.578 4.581 -15.319 -11.27 4.761 -17.57 -10.186 3.573 -13.72 -13.345 3.686
2 24 -17.57 -10.186 3.573 -15.479 -11.578 4.581
2 24 -15.505 -10.342 4.713 -16.994 -9.633 4.187
2 24 -15.479 -11.578 4.581 -13.72 -13.345 3.686
5 24 -13.72 -13.345 3.686 -15.319 -11.27 4.761 -15.479 -11.578 4.581 -13.401 -12.927 4.029
2 24 -13.72 -13.345 3.686 -13.401 -12.927 4.029
2 24 -8.464 -15.332 4.85 -8.523 -14.625 5.344
5 24 -8.523 -14.625 5.344 -10.983 -14.47 5.003 -8.464 -15.332 4.85 -10.844 -14.052 5.31
2 24 -10.983 -14.47 5.003 -8.464 -15.332 4.85
2 24 -10.844 -14.052 5.31 -10.983 -14.47 5.003
2 24 -8.464 -15.332 4.85 -6.286 -15.288 6.357
5 24 -6.286 -15.288 6.357 -8.523 -14.625 5.344 -8.464 -15.332 4.85 -6.433 -14.824 6.908
2 24 -6.286 -15.288 6.357 -6.433 -14.824 6.908
5 24 -10.844 -14.052 5.31 -13.72 -13.345 3.686 -10.983 -14.47 5.003 -13.401 -12.927 4.029
2 24 -13.72 -13.345 3.686 -10.983 -14.47 5.003
5 24 -10.844 -14.052 5.31 -13.401 -12.927 4.029 -13.72 -13.345 3.686 -11.387 -13.33 4.972
5 24 -8.464 -15.332 4.85 -5.121 -17.858 -0.248 -6.286 -15.288 6.357 -9.392 -17.483 -1.143
2 24 -5.121 -17.858 -0.248 -6.286 -15.288 6.357
5 24 -10.983 -14.47 5.003 -9.392 -17.483 -1.143 -8.464 -15.332 4.85 -13.72 -13.345 3.686
5 24 -9.392 -17.483 -1.143 -8.464 -15.332 4.85 -10.983 -14.47 5.003 -5.121 -17.858 -0.248
5 24 -9.392 -17.483 -1.143 -5.121 -17.858 -0.248 -8.464 -15.332 4.85 -4.483 -18.163 -3.332
5 24 -19.688 -8.99 -3.037 -22.148 -4.275 3.842 -23.599 -2.007 1.941 -20.567 -6.759 3.476
5 24 -19.688 -8.99 -3.037 -20.567 -6.759 3.476 -22.148 -4.275 3.842 -17.246 -11.711 0.721
5 24 -19.688 -8.99 -3.037 -17.246 -11.711 0.721 -20.567 -6.759 3.476 -15.563 -14.949 -4.357
5 24 -17.246 -11.711 0.721 -20.567 -6.759 3.476 -19.688 -8.99 -3.037 -19.917 -7.387 4.008
5 24 -17.246 -11.711 0.721 -19.917 -7.387 4.008 -20.567 -6.759 3.476 -19.107 -8.207 4.337
5 24 -17.246 -11.711 0.721 -19.107 -8.207 4.337 -19.917 -7.387 4.008 -17.57 -10.186 3.573
5 24 -17.246 -11.711 0.721 -17.57 -10.186 3.573 -19.107 -8.207 4.337 -15.479 -11.578 4.581
5 24 -15.479 -11.578 4.581 -17.246 -11.711 0.721 -13.72 -13.345 3.686 -17.57 -10.186 3.573
5 24 -13.72 -13.345 3.686 -9.392 -17.483 -1.143 -10.983 -14.47 5.003 -13.118 -16.607 -3.079
5 24 -13.72 -13.345 3.686 -13.118 -16.607 -3.079 -9.392 -17.483 -1.143 -17.246 -11.711 0.721
5 24 -13.118 -16.607 -3.079 -9.392 -17.483 -1.143 -13.72 -13.345 3.686 -8.94 -18.302 -4.213
5 24 -17.246 -11.711 0.721 -13.118 -16.607 -3.079 -13.72 -13.345 3.686 -15.563 -14.949 -4.357
5 24 -17.246 -11.711 0.721 -15.563 -14.949 -4.357 -13.118 -16.607 -3.079 -19.688 -8.99 -3.037
5 24 -15.563 -14.949 -4.357 -13.118 -16.607 -3.079 -17.246 -11.711 0.721 -12.578 -17.824 -6.712
5 24 -9.392 -17.483 -1.143 -4.483 -18.163 -3.332 -5.121 -17.858 -0.248 -8.94 -18.302 -4.213
2 24 -4.483 -18.163 -3.332 -5.121 -17.858 -0.248
5 24 -9.392 -17.483 -1.143 -8.94 -18.302 -4.213 -4.483 -18.163 -3.332 -13.118 -16.607 -3.079
2 24 -8.94 -18.302 -4.213 -4.483 -18.163 -3.332
5 24 -8.94 -18.302 -4.213 -13.118 -16.607 -3.079 -12.578 -17.824 -6.712 -9.392 -17.483 -1.143
5 24 -13.118 -16.607 -3.079 -12.578 -17.824 -6.712 -8.94 -18.302 -4.213 -15.563 -14.949 -4.357
2 24 -10.903 -10.885 9.282 -11.872 -10.463 8.462
5 24 -11.872 -10.463 8.462 -11.177 -11.593 8.926 -10.903 -10.885 9.282 -11.938 -10.84 8.411
5 24 -11.077 -8.437 7.586 -10.903 -10.885 9.282 -8.396 -9.001 8.601 -11.872 -10.463 8.462
2 24 -5.027 3.809 23.826 -2.253 4.672 24.218
5 24 -2.253 4.672 24.218 -5.103 3.284 23.125 -5.027 3.809 23.826 0 3.838 22.96
2 24 -5.103 3.284 23.125 -5.027 3.809 23.826
5 24 -2.253 4.672 24.218 0 3.838 22.96 -5.103 3.284 23.125 0 5.26 24.947
5 24 0 5.26 24.947 0 3.838 22.96 -2.253 4.672 24.218 2.253 4.672 24.218
2 24 -2.253 4.672 24.218 -1.977 5.182 24.9
2 24 -1.977 5.182 24.9 0 5.26 24.947
2 24 -5.194 -7.492 16.435 -5.679 -4.37 19.277
5 24 -5.679 -4.37 19.277 -4.478 -4.351 15.419 -5.194 -7.492 16.435 -5.064 -2.128 18.023
5 24 -4.478 -4.351 15.419 -5.194 -7.492 16.435 -5.679 -4.37 19.277 -5.092 -7.31 12.397
5 24 -5.679 -4.37 19.277 -5.064 -2.128 18.023 -4.478 -4.351 15.419 -6.434 -1.491 21.871
2 24 -6.434 -1.491 21.871 -6.631 0.794 24.064
5 24 -6.631 0.794 24.064 -5.702 0.117 20.297 -6.434 -1.491 21.871 -6.307 2.313 22.502
5 24 -5.702 0.117 20.297 -6.434 -1.491 21.871 -6.631 0.794 24.064 -5.064 -2.128 18.023
2 24 -6.631 0.794 24.064 -6.307 2.313 22.502
2 24 -5.679 -4.37 19.277 -6.434 -1.491 21.871
5 24 -6.434 -1.491 21.871 -5.064 -2.128 18.023 -5.679 -4.37 19.277 -5.702 0.117 20.297
5 24 -5.027 3.809 23.826 -2.38 2.565 26.72 -2.253 4.672 24.218 -5.155 1.844 25.879
2 24 -2.38 2.565 26.72 -2.253 4.672 24.218
2 24 -5.027 3.809 23.826 -5.155 1.844 25.879
2 24 -5.155 1.844 25.879 -2.38 2.565 26.72
5 24 -5.103 3.284 23.125 -5.155 1.844 25.879 -5.027 3.809 23.826 -5.341 1.434 24.97
2 24 -5.341 1.434 24.97 -5.155 1.844 25.879
2 24 -5.103 3.284 23.125 -5.341 1.434 24.97
5 24 -6.307 2.313 22.502 -5.341 1.434 24.97 -5.103 3.284 23.125 -6.631 0.794 24.064
2 24 -6.631 0.794 24.064 -5.341 1.434 24.97
2 24 -6.877 -12.096 10.537 -5.616 -9.921 14.053
5 24 -5.616 -9.921 14.053 -6.447 -8.696 8.435 -6.877 -12.096 10.537 -5.092 -7.31 12.397
5 24 -5.616 -9.921 14.053 -5.092 -7.31 12.397 -6.447 -8.696 8.435 -5.194 -7.492 16.435
5 24 -5.092 -7.31 12.397 -5.194 -7.492 16.435 -4.478 -4.351 15.419 -5.616 -9.921 14.053
2 24 -5.616 -9.921 14.053 -5.194 -7.492 16.435
5 24 -2.253 4.672 24.218 -1.959 2.725 27.267 -1.977 5.182 24.9 -2.38 2.565 26.72
2 24 -1.959 2.725 27.267 -1.977 5.182 24.9
2 24 -2.38 2.565 26.72 -1.959 2.725 27.267
5 24 -1.977 5.182 24.9 0 2.849 27.372 0 5.26 24.947 -1.959 2.725 27.267
5 24 0 2.849 27.372 0 5.26 24.947 -1.977 5.182 24.9 1.977 5.182 24.9
2 24 -1.959 2.725 27.267 0 2.849 27.372
2 24 -5.194 -7.492 16.435 -4.158 -7.391 17.388
5 24 -4.158 -7.391 17.388 -5.679 -4.37 19.277 -5.194 -7.492 16.435 -4.346 -4.304 19.826
5 24 -4.346 -4.304 19.826 -5.679 -4.37 19.277 -4.158 -7.391 17.388 -6.434 -1.491 21.871
2 24 -4.158 -7.391 17.388 -4.346 -4.304 19.826
5 24 -6.631 0.794 24.064 -4.925 -1.38 22.425 -5.341 1.434 24.97 -6.434 -1.491 21.871
2 24 -4.925 -1.38 22.425 -5.341 1.434 24.97
5 24 -6.434 -1.491 21.871 -4.925 -1.38 22.425 -6.631 0.794 24.064 -4.346 -4.304 19.826
5 24 -6.434 -1.491 21.871 -4.346 -4.304 19.826 -4.925 -1.38 22.425 -5.679 -4.37 19.277
2 24 -4.346 -4.304 19.826 -4.925 -1.38 22.425
5 24 -5.341 1.434 24.97 -4.717 -1.481 22.953 -5.155 1.844 25.879 -4.925 -1.38 22.425
2 24 -4.717 -1.481 22.953 -5.155 1.844 25.879
5 24 -4.925 -1.38 22.425 -4.717 -1.481 22.953 -5.341 1.434 24.97 -4.134 -4.419 20.199
5 24 -4.925 -1.38 22.425 -4.134 -4.419 20.199 -4.717 -1.481 22.953 -4.346 -4.304 19.826
2 24 -4.134 -4.419 20.199 -4.717 -1.481 22.953
5 24 -4.346 -4.304 19.826 -4.134 -4.419 20.199 -4.925 -1.38 22.425 -3.908 -7.642 17.582
5 24 -4.346 -4.304 19.826 -3.908 -7.642 17.582 -4.134 -4.419 20.199 -4.158 -7.391 17.388
2 24 -3.908 -7.642 17.582 -4.134 -4.419 20.199
2 24 -4.158 -7.391 17.388 -3.908 -7.642 17.582
5 24 -5.155 1.844 25.879 -2.077 -1.249 23.548 -2.38 2.565 26.72 -4.717 -1.481 22.953
2 24 -2.077 -1.249 23.548 -2.38 2.565 26.72
5 24 -4.717 -1.481 22.953 -2.077 -1.249 23.548 -5.155 1.844 25.879 -1.813 -4.214 20.841
5 24 -4.717 -1.481 22.953 -1.813 -4.214 20.841 -2.077 -1.249 23.548 -4.134 -4.419 20.199
2 24 -1.813 -4.214 20.841 -2.077 -1.249 23.548
5 24 -4.134 -4.419 20.199 -1.813 -4.214 20.841 -4.717 -1.481 22.953 -1.75 -7.049 18.646
2 24 -3.908 -7.642 17.582 -1.75 -7.049 18.646
5 24 -1.75 -7.049 18.646 -4.134 -4.419 20.199 -3.908 -7.642 17.582 -1.813 -4.214 20.841
2 24 -1.75 -7.049 18.646 -1.813 -4.214 20.841
5 24 -2.38 2.565 26.72 -1.762 -1.342 23.971 -1.959 2.725 27.267 -2.077 -1.249 23.548
2 24 -1.762 -1.342 23.971 -1.959 2.725 27.267
5 24 -2.077 -1.249 23.548 -1.762 -1.342 23.971 -2.38 2.565 26.72 -1.508 -4.266 21.193
5 24 -2.077 -1.249 23.548 -1.508 -4.266 21.193 -1.762 -1.342 23.971 -1.813 -4.214 20.841
2 24 -1.508 -4.266 21.193 -1.762 -1.342 23.971
5 24 -1.813 -4.214 20.841 -1.508 -4.266 21.193 -2.077 -1.249 23.548 -1.443 -7.3 18.719
5 24 -1.813 -4.214 20.841 -1.443 -7.3 18.719 -1.508 -4.266 21.193 -1.75 -7.049 18.646
2 24 -1.443 -7.3 18.719 -1.508 -4.266 21.193
2 24 -1.75 -7.049 18.646 -1.443 -7.3 18.719
5 24 -1.762 -1.342 23.971 0 -1.022 24.312 -1.959 2.725 27.267 0 -4.052 21.381
5 24 0 -1.022 24.312 -1.959 2.725 27.267 -1.762 -1.342 23.971 0 2.849 27.372
5 24 0 -1.022 24.312 0 2.849 27.372 -1.959 2.725 27.267 1.959 2.725 27.267
5 24 -1.762 -1.342 23.971 0 -4.052 21.381 0 -1.022 24.312 -1.508 -4.266 21.193
5 24 0 -4.052 21.381 0 -1.022 24.312 -1.762 -1.342 23.971 1.762 -1.342 23.972
5 24 -1.508 -4.266 21.193 0 -4.052 21.381 -1.762 -1.342 23.971 0 -7.41 18.652
5 24 0 -7.41 18.652 0 -4.052 21.381 -1.508 -4.266 21.193 1.508 -4.266 21.193
2 24 -1.443 -7.3 18.719 0 -7.41 18.652
5 24 -3.954 -8.121 17.42 -3.908 -7.642 17.582 -5.194 -7.492 16.435 -2.749 -8.191 18.118
5 24 -3.908 -7.642 17.582 -5.194 -7.492 16.435 -3.954 -8.121 17.42 -4.158 -7.391 17.388
2 24 -5.194 -7.492 16.435 -3.954 -8.121 17.42
2 24 -3.954 -8.121 17.42 -2.749 -8.191 18.118
5 24 -2.749 -8.191 18.118 -3.908 -7.642 17.582 -3.954 -8.121 17.42 -1.75 -7.049 18.646
5 24 -2.749 -8.191 18.118 -1.75 -7.049 18.646 -3.908 -7.642 17.582 -1.691 -7.946 18.563
2 24 -2.749 -8.191 18.118 -1.691 -7.946 18.563
5 24 -1.691 -7.946 18.563 -1.75 -7.049 18.646 -2.749 -8.191 18.118 -1.443 -7.3 18.719
5 24 -1.691 -7.946 18.563 -1.443 -7.3 18.719 -1.75 -7.049 18.646 0 -8.082 18.637
2 24 -1.691 -7.946 18.563 0 -8.082 18.637
5 24 0 -8.082 18.637 -1.443 -7.3 18.719 -1.691 -7.946 18.563 0 -7.41 18.652
5 24 0 -8.082 18.637 0 -7.41 18.652 -1.443 -7.3 18.719 1.443 -7.3 18.719
5 24 -6.433 -14.824 6.908 -2.519 -14.485 12.348 -6.877 -12.096 10.537 -2.832 -17.962 5.611
5 24 -2.519 -14.485 12.348 -6.877 -12.096 10.537 -6.433 -14.824 6.908 -5.616 -9.921 14.053
5 24 -6.433 -14.824 6.908 -2.832 -17.962 5.611 -2.519 -14.485 12.348 -6.286 -15.288 6.357
5 24 -2.832 -17.962 5.611 -2.519 -14.485 12.348 -6.433 -14.824 6.908 0 -18.377 5.768
5 24 -6.286 -15.288 6.357 -2.832 -17.962 5.611 -6.433 -14.824 6.908 -2.706 -19.566 -0.181
5 24 -5.121 -17.858 -0.248 -2.706 -19.566 -0.181 -6.286 -15.288 6.357 -4.483 -18.163 -3.332
2 24 -2.706 -19.566 -0.181 -2.832 -17.962 5.611
5 24 -2.519 -14.485 12.348 -5.616 -9.921 14.053 -6.877 -12.096 10.537 -2.521 -11.266 15.632
5 24 -2.519 -14.485 12.348 -2.521 -11.266 15.632 -5.616 -9.921 14.053 0 -14.662 12.679
5 24 -2.521 -11.266 15.632 -5.616 -9.921 14.053 -2.519 -14.485 12.348 -3.954 -8.121 17.42
5 24 -5.616 -9.921 14.053 -3.954 -8.121 17.42 -5.194 -7.492 16.435 -2.521 -11.266 15.632
5 24 -2.521 -11.266 15.632 -3.954 -8.121 17.42 -5.616 -9.921 14.053 -2.749 -8.191 18.118
5 24 -2.521 -11.266 15.632 -2.749 -8.191 18.118 -3.954 -8.121 17.42 -1.691 -7.946 18.563
5 24 -1.691 -7.946 18.563 0 -11.303 16.058 0 -8.082 18.637 -2.521 -11.266 15.632
5 24 0 -11.303 16.058 0 -8.082 18.637 -1.691 -7.946 18.563 1.691 -7.946 18.563
5 24 -1.691 -7.946 18.563 -2.521 -11.266 15.632 0 -11.303 16.058 -2.749 -8.191 18.118
5 24 -2.521 -11.266 15.632 0 -11.303 16.058 -1.691 -7.946 18.563 0 -14.662 12.679
5 24 0 -14.662 12.679 0 -11.303 16.058 -2.521 -11.266 15.632 2.521 -11.266 15.633
5 24 -2.519 -14.485 12.348 0 -14.662 12.679 -2.521 -11.266 15.632 0 -18.377 5.768
5 24 -2.519 -14.485 12.348 0 -18.377 5.768 0 -14.662 12.679 -2.832 -17.962 5.611
5 24 0 -18.377 5.768 0 -14.662 12.679 -2.519 -14.485 12.348 2.519 -14.485 12.348
5 24 -2.832 -17.962 5.611 0 -18.377 5.768 -2.519 -14.485 12.348 0 -20.033 -0.28
5 24 0 -20.033 -0.28 0 -18.377 5.768 -2.832 -17.962 5.611 2.832 -17.961 5.611
5 24 -2.706 -19.566 -0.181 0 -20.033 -0.28 -2.832 -17.962 5.611 0 -20.091 -5.446
5 24 -1.729 -14.895 -20.052 -3.963 -12.131 -18.093 -1.333 -12.781 -20.451 -4.571 -14.05 -14.911
5 24 -3.963 -12.131 -18.093 -1.333 -12.781 -20.451 -1.729 -14.895 -20.052 -2.895 -10.878 -19.258
2 24 -1.333 -12.781 -20.451 -1.729 -14.895 -20.052
2 24 -2.895 -10.878 -19.258 -1.333 -12.781 -20.451
5 24 -4.62 -14.873 -10.688 -2.592 -18.888 -10.483 -5.395 -15.123 -6.811 -2.827 -18.312 -15.918
5 24 -2.592 -18.888 -10.483 -5.395 -15.123 -6.811 -4.62 -14.873 -10.688 -2.65 -19.634 -5.435
2 24 -4.483 -18.163 -3.332 -5.395 -15.123 -6.811
5 24 -5.395 -15.123 -6.811 -2.65 -19.634 -5.435 -4.483 -18.163 -3.332 -2.592 -18.888 -10.483
5 24 -2.65 -19.634 -5.435 -4.483 -18.163 -3.332 -5.395 -15.123 -6.811 -2.706 -19.566 -0.181
2 24 -2.592 -18.888 -10.483 -2.65 -19.634 -5.435
5 24 -4.483 -18.163 -3.332 -2.706 -19.566 -0.181 -5.121 -17.858 -0.248 -2.65 -19.634 -5.435
2 24 -2.65 -19.634 -5.435 -2.706 -19.566 -0.181
5 24 -2.827 -18.312 -15.918 -4.571 -14.05 -14.911 -1.729 -14.895 -20.052 -4.62 -14.873 -10.688
5 24 -4.571 -14.05 -14.911 -1.729 -14.895 -20.052 -2.827 -18.312 -15.918 -3.963 -12.131 -18.093
2 24 -1.729 -14.895 -20.052 -2.827 -18.312 -15.918
5 24 -4.62 -14.873 -10.688 -2.827 -18.312 -15.918 -2.592 -18.888 -10.483 -4.571 -14.05 -14.911
2 24 -2.827 -18.312 -15.918 -2.592 -18.888 -10.483
5 24 0 -15.22 -20.115 -1.729 -14.895 -20.052 0 -12.886 -20.475 -2.827 -18.312 -15.918
5 24 -1.729 -14.895 -20.052 0 -12.886 -20.475 0 -15.22 -20.115 -1.333 -12.781 -20.451
5 24 0 -12.886 -20.475 0 -15.22 -20.115 -1.729 -14.895 -20.052 1.729 -14.895 -20.052
2 24 -1.333 -12.781 -20.451 0 -12.886 -20.475
5 24 -2.592 -18.888 -10.483 0 -19.175 -10.465 -2.65 -19.634 -5.435 0 -18.74 -15.929
5 24 0 -19.175 -10.465 -2.65 -19.634 -5.435 -2.592 -18.888 -10.483 0 -20.091 -5.446
5 24 0 -19.175 -10.465 0 -20.091 -5.446 -2.65 -19.634 -5.435 2.65 -19.634 -5.435
5 24 0 -20.091 -5.446 -2.65 -19.634 -5.435 0 -19.175 -10.465 -2.706 -19.566 -0.181
5 24 0 -20.091 -5.446 0 -20.033 -0.28 -2.706 -19.566 -0.181 2.706 -19.566 -0.181
5 24 0 -15.22 -20.115 -2.827 -18.312 -15.918 -1.729 -14.895 -20.052 0 -18.74 -15.929
5 24 0 -15.22 -20.115 0 -18.74 -15.929 -2.827 -18.312 -15.918 2.827 -18.312 -15.918
5 24 0 -18.74 -15.929 -2.827 -18.312 -15.918 0 -15.22 -20.115 -2.592 -18.888 -10.483
5 24 0 -18.74 -15.929 -2.592 -18.888 -10.483 -2.827 -18.312 -15.918 0 -19.175 -10.465
5 24 0 -18.74 -15.929 0 -19.175 -10.465 -2.592 -18.888 -10.483 2.592 -18.888 -10.483
2 24 -1.156 -10.01 -22.104 -1.333 -12.781 -20.451
5 24 -2.279 -8.929 -21.112 -1.156 -10.01 -22.104 -2.895 -10.878 -19.258 -0.673 -6.911 -23.148
5 24 -1.333 -12.781 -20.451 0 -10.106 -22.26 0 -12.886 -20.475 -1.156 -10.01 -22.104
5 24 0 -10.106 -22.26 0 -12.886 -20.475 -1.333 -12.781 -20.451 1.333 -12.781 -20.451
5 24 -1.156 -10.01 -22.104 0 -10.106 -22.26 -1.333 -12.781 -20.451 0 -6.885 -23.254
5 24 -4.483 -18.163 -3.332 -6.309 -15.841 -5.588 -5.395 -15.123 -6.811 -8.94 -18.302 -4.213
5 24 -16.994 -9.633 4.187 -17.518 -5.394 10.301 -18.509 -4.571 10.383 -15.505 -10.342 4.713
5 24 -15.505 -10.342 4.713 -17.518 -5.394 10.301 -16.994 -9.633 4.187 -15.563 -7.781 8.628
5 24 -14.731 -15.956 -6.887 -15.563 -14.949 -4.357 -19.688 -8.99 -3.037 -12.578 -17.824 -6.712
5 24 -15.563 -14.949 -4.357 -19.688 -8.99 -3.037 -14.731 -15.956 -6.887 -17.246 -11.711 0.721
5 24 0 -6.272 -22.888 -0.753 -6.373 -22.822 0 -5.941 -22.258 -0.673 -6.911 -23.148
5 24 -0.753 -6.373 -22.822 0 -5.941 -22.258 0 -6.272 -22.888 -0.801 -5.995 -22.227
5 24 0 -5.941 -22.258 0 -6.272 -22.888 -0.753 -6.373 -22.822 0.753 -6.372 -22.822
2 24 -0.801 -5.995 -22.227 0 -5.941 -22.258
5 24 -0.753 -6.373 -22.822 -0.801 -5.995 -22.227 0 -5.941 -22.258 -1.241 -6.621 -22.725
5 24 -0.753 -6.373 -22.822 -0.673 -6.911 -23.148 -1.241 -6.621 -22.725 0 -6.272 -22.888
2 24 -0.673 -6.911 -23.148 -1.241 -6.621 -22.725
5 24 -1.241 -6.621 -22.725 -0.753 -6.373 -22.822 -0.673 -6.911 -23.148 -0.801 -5.995 -22.227
2 24 0 -6.885 -23.254 -0.673 -6.911 -23.148
5 24 0 -6.272 -22.888 0 -6.885 -23.254 -0.673 -6.911 -23.148 0.673 -6.911 -23.148
2 24 -1.241 -6.621 -22.725 -0.801 -5.995 -22.227
2 24 -1.156 -10.01 -22.104 -0.673 -6.911 -23.148
5 24 0 -6.885 -23.254 0 -10.106 -22.26 -1.156 -10.01 -22.104 1.156 -10.01 -22.104
5 24 -2.279 -8.929 -21.112 -0.673 -6.911 -23.148 -1.156 -10.01 -22.104 -1.241 -6.621 -22.725
2 24 -2.279 -8.929 -21.112 -1.241 -6.621 -22.725
5 24 -1.333 -7.54 -19.845 -1.241 -6.621 -22.725 -2.279 -8.929 -21.112 -0.801 -5.995 -22.227
2 24 -1.333 -7.54 -19.845 -0.801 -5.995 -22.227
5 24 0 -7.379 -19.676 -0.801 -5.995 -22.227 -1.333 -7.54 -19.845 0 -5.941 -22.258
5 24 0 -7.379 -19.676 0 -5.941 -22.258 -0.801 -5.995 -22.227 0.801 -5.995 -22.227
5 24 -15.563 -14.949 -4.357 -12.578 -17.824 -6.712 -13.118 -16.607 -3.079 -14.731 -15.956 -6.887
