0 ~Wheel Rim 34 x 56 with  6 Spokes and  6 Pegholes Spoke Half
0 Name: s\15038s01.dat
0 Author: Philippe Hurbain [Philo]
0 !LDRAW_ORG Subpart UPDATE 2014-01
0 !LICENSE Redistributable under CCAL version 2.0 : see CAreadme.txt

0 BFC CERTIFY CCW

0 !HISTORY 2014-06-21 [PTadmin] Official Update 2014-01

2 24 0 29 -17.12 3.4443 28.3151 -17.2727
2 24 3.4443 28.3151 -17.2727 6.3639 26.3639 -17.0183
2 24 8.3 24.5 -16.69 6.3639 26.3639 -17.0183
2 24 8.3 24.5 -16.69 9.9 22.2 -16.206
2 24 11.9634 20.7212 -15.9983 9.9 22.2 -16.206
4 16 3.4443 28.3151 -17.2727 0 29 -17.12 0 33 -18.24 4.9751 32.0107 -18.4605
4 16 6.3639 26.3639 -17.0183 3.4443 28.3151 -17.2727 4.9751 32.0107 -18.4605 8.8 29.7 -18.196
4 16 12.6 25 -17.26 8.3 24.5 -16.69 6.3639 26.3639 -17.0183 8.8 29.7 -18.196
4 16 11.9634 20.7212 -15.9983 9.9 22.2 -16.206 8.3 24.5 -16.69 12.6 25 -17.26
3 16 11.9634 20.7212 -15.9983 12.6 25 -17.26 13.799 23.9006 -17.0721
2 24 0 33 -16.24 4.9751 32.0107 -16.4605
2 24 4.9751 32.0107 -16.4605 8.8 29.7 -16.196
2 24 0 62 -26.36 8.091 61.4668 -27.0198
2 24 5.7751 56.2107 -23.3165 0 56.7 -22.876
3 16 8.8 29.7 -16.196 4.9751 32.0107 -16.4605 5.7751 56.2107 -23.3165
4 16 5.7751 56.2107 -23.3165 4.9751 32.0107 -16.4605 0 33 -16.24 0 56.7 -22.876
4 16 5.7751 56.2107 -25.3165 8.091 61.4668 -27.0198 12.6 25 -17.26 8.8 29.7 -18.196
4 16 0 62 -26.36 8.091 61.4668 -27.0198 5.7751 56.2107 -25.3165 0 56.7 -24.876
2 24 5.7751 56.2107 -25.3165 0 56.7 -24.876
2 24 0 33 -18.24 4.9751 32.0107 -18.4605
2 24 4.9751 32.0107 -18.4605 8.8 29.7 -18.196
4 16 0 56.7 -24.876 5.7751 56.2107 -25.3165 5.7751 56.2107 -23.3165 0 56.7 -22.876
1 16 7.2876 42.9554 -20.7563 1.51245 1 0 -13.2554 0 0 3.56025 0 1 rect.dat
4 16 8.8 29.7 -18.196 4.9751 32.0107 -18.4605 4.9751 32.0107 -16.4605 8.8 29.7 -16.196
4 16 4.9751 32.0107 -18.4605 0 33 -18.24 0 33 -16.24 4.9751 32.0107 -16.4605
5 24 4.9751 32.0107 -18.4605 4.9751 32.0107 -16.4605 0 33 -18.24 8.8 29.7 -18.196
2 24 12.6 25 -17.26 8.091 61.4668 -27.0198
3 16 12.6 25 -17.26 8.091 61.4668 -27.0198 12.6 25 -10.94
4 16 9.3806 51.0371 -17.92 12.6 25 -10.94 8.091 61.4668 -27.0198 8.091 61.4668 -24.32
2 24 8.091 61.4668 -27.0198 8.091 61.4668 -24.32
2 24 8.091 61.4668 -24.32 9.3806 51.0371 -17.92
4 16 0 29 -17.12 3.4443 28.3151 -17.2727 3.4443 28.3151 -13 0 29 -13
4 16 3.4443 28.3151 -17.2727 6.3639 26.3639 -17.0183 6.3639 26.3639 -13 3.4443 28.3151 -13
4 16 6.3639 26.3639 -17.0183 8.3 24.5 -16.69 8.3 24.5 -13 6.3639 26.3639 -13
4 16 8.3 24.5 -16.69 9.9 22.2 -16.206 9.9 22.2 -13 8.3 24.5 -13
4 16 9.9 22.2 -16.206 11.9634 20.7212 -15.9983 11.9634 20.7212 -13 9.9 22.2 -13
5 24 3.4443 28.3151 -17.2727 3.4443 28.3151 -13 6.3639 26.3639 -17.0183 0 29 -17.12
5 24 6.3639 26.3639 -17.0183 6.3639 26.3639 -13 8.3 24.5 -16.69 3.4443 28.3151 -17.2727
5 24 8.3 24.5 -16.69 8.3 24.5 -13 9.9 22.2 -16.206 6.3639 26.3639 -17.0183
5 24 9.9 22.2 -16.206 9.9 22.2 -13 11.9634 20.7212 -15.9983 8.3 24.5 -16.69
3 16 0 11 -3 0 8.4 -3 4.2334 7.3325 -3
4 16 0 11 -3 4.2334 7.3325 -3 7.4957 12.9829 -3 6.3639 13.6361 -3
4 16 8.3151 16.5557 6 6.3639 13.6361 6 7.4957 12.9829 6 9.2477 16.0174 6
1 16 8.7814 16.2865 -2 0 0 -0.4663 0 -1 0.26915 -8 0 0 rect3.dat
1 16 6.9298 13.3095 1.5 0 0 -0.5659 0 1 0.3266 4.5 0 0 rect3.dat
4 16 4.9751 32.0107 -10 0 33 -10 0 29 -10 3.4443 28.3151 -10
4 16 8.8 29.7 -10 4.9751 32.0107 -10 3.4443 28.3151 -10 6.3639 26.3639 -10
4 16 8.8 29.7 -10 6.3639 26.3639 -10 8.3151 23.4443 -10 12.6 25 -10
4 16 13.799 23.9006 -10 12.6 25 -10 8.3151 23.4443 -10 9 20 -10
4 16 13.799 23.9006 -10 9 20 -10 8.3151 16.5557 -10 9.2477 16.0174 -10
2 24 0 33 -10 4.9751 32.0107 -10
2 24 4.9751 32.0107 -10 8.8 29.7 -10
2 24 12.6 25 -10 8.8 29.7 -10
2 24 4.9751 32.0107 -12.677 0 33 -12.84
2 24 8.8 29.7 -12.1321 4.9751 32.0107 -12.677
2 24 12.6 25 -10.94 8.8 29.7 -12.1321
4 16 4.9751 32.0107 -10 4.9751 32.0107 -12.677 0 33 -12.84 0 33 -10
4 16 8.8 29.7 -10 8.8 29.7 -12.1321 4.9751 32.0107 -12.677 4.9751 32.0107 -10
4 16 12.6 25 -10 12.6 25 -10.94 8.8 29.7 -12.1321 8.8 29.7 -10
5 24 4.9751 32.0107 -12.677 4.9751 32.0107 -10 0 33 -10 8.8 29.7 -12.1321
5 24 8.8 29.7 -12.1321 8.8 29.7 -10 4.9751 32.0107 -10 12.6 25 -10.94
2 24 9.3806 51.0371 -17.92 12.6 25 -10.94
3 16 0 33 -12.84 6.786 51.5528 -17.92 0 52 -17.92
3 16 0 33 -12.84 9.3806 51.0371 -17.92 6.786 51.5528 -17.92
3 16 0 33 -12.84 12.6 25 -10.94 9.3806 51.0371 -17.92
5 24 0 33 -12.84 6.786 51.5528 -17.92 0 52 -17.92 9.3806 51.0371 -17.92
5 24 0 33 -12.84 9.3806 51.0371 -17.92 6.786 51.5528 -17.92 12.6 25 -10.94
2 24 13.799 23.9006 -17.0721 12.6 25 -17.26
2 24 13.799 23.9006 -10 12.6 25 -10
4 16 12.6 25 -17.26 12.6 25 -10.94 13.799 23.9006 -10 13.799 23.9006 -17.0721
3 16 13.799 23.9006 -10 12.6 25 -10.94 12.6 25 -10
2 24 2 55.4 11.8 0 55.4 11.8
2 24 0 29 4.9556 2 28.6023 4.8525
2 24 0 60.4696 16.8696 2 60.3263 16.7263
4 16 0 55.4 11.8 0 29 4.9556 2 28.6023 4.8525 2 55.4 11.8
4 16 0 55.4 11.8 2 55.4 11.8 2 60.3263 16.7263 0 60.4696 16.8696
2 24 2 28.6023 4.8525 2 55.4 11.8
2 24 2 60.3263 16.7263 2 55.4 11.8
4 16 2 59.8682 11 2 60.3263 16.7263 2 55.4 11.8 2 56.8682 8
3 16 2 51.8682 8 2 56.8682 8 2 55.4 11.8
4 16 2 51.8682 8 2 55.4 11.8 2 28.6023 4.8525 2 28.6023 -10
3 16 2 32.6023 -10 2 51.8682 8 2 28.6023 -10
4 16 2 51.8682 8 2 32.6023 -10 2 32.6023 -12.7745 2 51.8682 -17.92
2 24 2 38.468 -14.3372 2 51.8682 -17.92
2 24 2 36.8456 -13.9231 2 38.468 -14.3372
2 24 2 32.6023 -12.7745 2 36.8456 -13.9231
2 24 2 28.6023 -10 2 28.6023 4.8525
2 24 2 28.6023 -10 2 32.6023 -10
2 24 2 32.6023 -12.7745 2 32.6023 -10
2 24 2 59.8682 11 2 60.3263 16.7263
2 24 2 51.8682 8 2 56.8682 8
2 24 2 56.8682 8 2 59.8682 11
2 24 2 51.8682 -17.92 2 51.8682 8
1 16 0 20 -3 0 0 9 -9 0 0 0 10 0 2-4cyli.dat
1 16 0 20 7 0 0 9 -9 0 0 0 1 0 2-4edge.dat
1 16 0 20 6 6.36396 0 6.36396 -6.36396 0 6.36396 0 1 0 1-16edge.dat
4 16 6.3639 13.6361 -6 7.7707 13.4592 -6 4.2334 7.3325 -6 0 11 -6
2 24 7.7707 13.4592 -6 6.3639 13.6361 -6
2 24 8.3 24.5 -13 6.3639 26.3639 -13
2 24 8.3 24.5 -13 9.9 22.2 -13
2 24 11.9634 20.7212 -13 9.9 22.2 -13
4 16 8.3152 23.4442 -13 6.364 26.364 -13 8.3 24.5 -13 9.9 22.2 -13
3 16 8.9999 20 -13 8.3152 23.4442 -13 9.9 22.2 -13
4 16 8.9999 20 -13 9.9 22.2 -13 11.9634 20.7212 -13 8.3152 16.5558 -13
4 16 8.3152 16.5558 -13 11.9634 20.7212 -13 7.7707 13.4592 -13 6.3639 13.6361 -13
1 16 0 20 -3 0 0 9 -9 0 0 0 1 0 1-8edge.dat
1 16 0 20 -10 0 0 9 9 0 0 0 1 0 5-16edge.dat
1 16 0 20 -10 0 0 9 9 0 0 0 7 0 5-16cyli.dat
3 16 0 8.4 -6 0 11 -6 4.2334 7.3325 -6
2 24 7.7707 13.4592 -13 6.3639 13.6361 -13
4 16 6.3639 13.6361 -6 6.3639 13.6361 -13 7.7707 13.4592 -13 7.7707 13.4592 -6
1 16 0 20 -13 0 0 9 -9 0 0 0 7 0 1-8cylo.dat
2 24 0 29 -13 3.4443 28.3151 -13
2 24 3.4443 28.3151 -13 6.3639 26.3639 -13
5 24 12.6 25 -10.94 12.6 25 -17.26 8.091 61.4668 -27.0198 13.799 23.9006 -10
5 24 12.6 25 -10 12.6 25 -10.94 8.8 29.7 -12.1321 13.799 23.9006 -10
5 24 6.3639 13.6361 -6 6.3639 13.6361 -13 7.7707 13.4592 -13 3.4443 11.6849 -13
5 24 0 29 -17.12 0 33 -18.24 3.4443 28.3151 -17.2727 -3.4443 28.3151 -17.2727
5 24 13.799 23.9006 -17.0721 11.9634 20.7212 -15.9983 12.6 25 -17.26 15.3506 23.4119 -17.26
5 24 0 33 -16.24 0 56.7 -22.876 5.7751 56.2107 -23.3165 -4.9751 32.0107 -16.4605
5 24 0 56.7 -24.876 0 62 -26.36 5.7751 56.2107 -25.3165 -5.7751 56.2107 -25.3165
5 24 0 56.7 -22.876 0 56.7 -24.876 5.7751 56.2107 -25.3165 -5.7751 56.2107 -23.3165
5 24 0 33 -18.24 0 33 -16.24 4.9751 32.0107 -18.4605 -4.9751 32.0107 -18.4605
5 24 0 29 -13 0 29 -17.12 3.4443 28.3151 -17.2727 -3.4443 28.3151 -13
5 24 11.9634 20.7212 -15.9983 11.9634 20.7212 -13 9.9 22.2 -16.206 14.2758 19.6736 -16.206
5 24 0 33 -12.84 0 33 -10 4.9751 32.0107 -10 -4.9751 32.0107 -12.677
5 24 0 52 -17.92 0 33 -12.84 6.786 51.5528 -17.92 -6.786 51.5528 -17.92
5 24 13.799 23.9006 -10 13.799 23.9006 -17.0721 12.6 25 -17.26 15.3506 23.4119 -10.94
5 24 7.7707 13.4592 -13 7.7707 13.4592 -6 6.3639 13.6361 -6 8.6273 12.3293 -13
1 16 14.106 52.643 9 0.3882 0 1.4489 1.4489 0 -0.3882 0 -1 0 4-4cylc.dat
