0 ~Minifig Head Simpsons Marge Simpson Eyes Looking Right Pattern
0 Name: s\15522p01s01.dat
0 Author: Philippe Hurbain [Philo]
0 !LDRAW_ORG Subpart UPDATE 2015-01
0 !LICENSE Redistributable under CCAL version 2.0 : see CAreadme.txt

0 BFC CERTIFY CCW

0 !HISTORY 2015-10-11 [PTadmin] Official Update 2015-01

5 24 3.5567 -21.8584 -14.2216 4.8315 -22.5599 -14.0916 4.0219 -23.0572 -13.4574 4.8122 -21.3198 -14.9649
5 24 4.8315 -22.5599 -14.0916 4.0219 -23.0572 -13.4574 3.5567 -21.8584 -14.2216 5.067 -23.4354 -13.2842
5 24 4.0219 -23.0572 -13.4574 3.5567 -21.8584 -14.2216 4.8315 -22.5599 -14.0916 3.1078 -22.5345 -13.529
5 24 7.1004 -22.3556 -13.9073 5.9818 -22.766 -13.8418 5.88 -21.9672 -14.5734 6.2452 -23.5138 -13.1187
5 24 5.9818 -22.766 -13.8418 5.88 -21.9672 -14.5734 7.1004 -22.3556 -13.9073 4.8315 -22.5599 -14.0916
5 24 5.067 -23.4354 -13.2842 5.9818 -22.766 -13.8418 6.2452 -23.5138 -13.1187 4.8315 -22.5599 -14.0916
5 24 5.9818 -22.766 -13.8418 6.2452 -23.5138 -13.1187 5.067 -23.4354 -13.2842 7.1004 -22.3556 -13.9073
5 24 3.5567 -21.8584 -14.2216 4.8122 -21.3198 -14.9649 4.8315 -22.5599 -14.0916 3.7378 -20.4464 -14.9822
5 24 4.8122 -21.3198 -14.9649 4.8315 -22.5599 -14.0916 3.5567 -21.8584 -14.2216 5.88 -21.9672 -14.5734
5 24 5.067 -23.4354 -13.2842 4.8315 -22.5599 -14.0916 5.9818 -22.766 -13.8418 4.0219 -23.0572 -13.4574
5 24 3.5567 -21.8584 -14.2216 2.5518 -20.7881 -14.2681 3.7378 -20.4464 -14.9822 2.3625 -21.8502 -13.5913
5 24 2.5518 -20.7881 -14.2681 3.7378 -20.4464 -14.9822 3.5567 -21.8584 -14.2216 3.0224 -20.043 -14.7863
5 24 3.7378 -20.4464 -14.9822 3.5567 -21.8584 -14.2216 2.5518 -20.7881 -14.2681 4.8122 -21.3198 -14.9649
5 24 2.4181 -18.2631 -14.9259 2.4801 -19.5477 -14.7029 1.4674 -19.0254 -14.1336 3.4468 -19.2138 -15.3042
5 24 2.4801 -19.5477 -14.7029 1.4674 -19.0254 -14.1336 2.4181 -18.2631 -14.9259 1.5268 -20.0624 -13.8137
5 24 1.4674 -19.0254 -14.1336 2.4181 -18.2631 -14.9259 2.4801 -19.5477 -14.7029 1.6901 -17.6422 -14.598
5 24 2.4181 -18.2631 -14.9259 3.4468 -19.2138 -15.3042 2.4801 -19.5477 -14.7029 3.5641 -17.4687 -15.469
5 24 3.4468 -19.2138 -15.3042 2.4801 -19.5477 -14.7029 2.4181 -18.2631 -14.9259 3.0224 -20.043 -14.7863
5 24 3.7378 -20.4464 -14.9822 4.8122 -21.3198 -14.9649 3.5567 -21.8584 -14.2216 5.3334 -19.2701 -15.6547
5 24 2.3625 -21.8502 -13.5913 3.5567 -21.8584 -14.2216 3.1078 -22.5345 -13.529 2.5518 -20.7881 -14.2681
5 24 3.5567 -21.8584 -14.2216 3.1078 -22.5345 -13.529 2.3625 -21.8502 -13.5913 4.0219 -23.0572 -13.4574
5 24 2.4801 -19.5477 -14.7029 3.0224 -20.043 -14.7863 2.5518 -20.7881 -14.2681 3.4468 -19.2138 -15.3042
5 24 3.0224 -20.043 -14.7863 2.5518 -20.7881 -14.2681 2.4801 -19.5477 -14.7029 3.7378 -20.4464 -14.9822
5 24 2.5518 -20.7881 -14.2681 2.4801 -19.5477 -14.7029 3.0224 -20.043 -14.7863 1.5268 -20.0624 -13.8137
5 24 3.7378 -20.4464 -14.9822 3.0224 -20.043 -14.7863 3.4468 -19.2138 -15.3042 2.5518 -20.7881 -14.2681
5 24 3.0224 -20.043 -14.7863 3.4468 -19.2138 -15.3042 3.7378 -20.4464 -14.9822 2.4801 -19.5477 -14.7029
5 24 3.4468 -19.2138 -15.3042 3.7378 -20.4464 -14.9822 3.0224 -20.043 -14.7863 5.3334 -19.2701 -15.6547
5 24 3.5641 -17.4687 -15.469 2.4181 -18.2631 -14.9259 2.2931 -16.6218 -15.045 3.4468 -19.2138 -15.3042
5 24 2.4181 -18.2631 -14.9259 2.2931 -16.6218 -15.045 3.5641 -17.4687 -15.469 1.6901 -17.6422 -14.598
5 24 2.2931 -16.6218 -15.045 3.5641 -17.4687 -15.469 2.4181 -18.2631 -14.9259 2.8629 -15.7884 -15.0951
5 24 2.4801 -19.5477 -14.7029 1.5268 -20.0624 -13.8137 1.4674 -19.0254 -14.1336 2.5518 -20.7881 -14.2681
5 24 4.4485 -16.4457 -15.3961 4.8072 -17.7411 -15.644 3.5641 -17.4687 -15.469 5.4251 -17.1742 -15.633
5 24 4.8072 -17.7411 -15.644 3.5641 -17.4687 -15.469 4.4485 -16.4457 -15.3961 4.7952 -18.6613 -15.7173
5 24 3.5641 -17.4687 -15.469 4.4485 -16.4457 -15.3961 4.8072 -17.7411 -15.644 2.8629 -15.7884 -15.0951
5 24 3.5641 -17.4687 -15.469 3.4468 -19.2138 -15.3042 2.4181 -18.2631 -14.9259 4.7952 -18.6613 -15.7173
5 24 3.5641 -17.4687 -15.469 4.7952 -18.6613 -15.7173 3.4468 -19.2138 -15.3042 4.8072 -17.7411 -15.644
5 24 4.7952 -18.6613 -15.7173 3.4468 -19.2138 -15.3042 3.5641 -17.4687 -15.469 5.3334 -19.2701 -15.6547
5 24 4.8214 -15.3841 -15.0561 4.4485 -16.4457 -15.3961 3.3544 -14.9218 -14.8914 6.1648 -17.1783 -15.6093
5 24 4.4485 -16.4457 -15.3961 3.3544 -14.9218 -14.8914 4.8214 -15.3841 -15.0561 2.8629 -15.7884 -15.0951
5 24 3.3544 -14.9218 -14.8914 4.8214 -15.3841 -15.0561 4.4485 -16.4457 -15.3961 3.9263 -14.0457 -14.5475
5 24 6.1095 -14.6368 -14.5763 4.8214 -15.3841 -15.0561 3.9263 -14.0457 -14.5475 6.1648 -17.1783 -15.6093
5 24 4.8214 -15.3841 -15.0561 3.9263 -14.0457 -14.5475 6.1095 -14.6368 -14.5763 3.3544 -14.9218 -14.8914
5 24 3.9263 -14.0457 -14.5475 6.1095 -14.6368 -14.5763 4.8214 -15.3841 -15.0561 4.8678 -13.4708 -14.1348
5 24 4.8214 -15.3841 -15.0561 6.1648 -17.1783 -15.6093 4.4485 -16.4457 -15.3961 6.1095 -14.6368 -14.5763
5 24 6.1648 -17.1783 -15.6093 4.4485 -16.4457 -15.3961 4.8214 -15.3841 -15.0561 5.4251 -17.1742 -15.633
5 24 3.5641 -17.4687 -15.469 2.8629 -15.7884 -15.0951 4.4485 -16.4457 -15.3961 2.2931 -16.6218 -15.045
5 24 2.8629 -15.7884 -15.0951 4.4485 -16.4457 -15.3961 3.5641 -17.4687 -15.469 3.3544 -14.9218 -14.8914
5 24 4.4485 -16.4457 -15.3961 5.4251 -17.1742 -15.633 4.8072 -17.7411 -15.644 6.1648 -17.1783 -15.6093
5 24 5.9664 -20.8685 -15.2387 7.3662 -20.885 -14.8882 6.5778 -21.5623 -14.7506 6.0617 -19.3281 -15.6939
5 24 7.3662 -20.885 -14.8882 6.5778 -21.5623 -14.7506 5.9664 -20.8685 -15.2387 7.1004 -22.3556 -13.9073
5 24 6.5778 -21.5623 -14.7506 5.9664 -20.8685 -15.2387 7.3662 -20.885 -14.8882 5.88 -21.9672 -14.5734
5 24 7.3662 -20.885 -14.8882 7.1004 -22.3556 -13.9073 6.5778 -21.5623 -14.7506 8.3602 -21.5672 -13.8017
5 24 7.1004 -22.3556 -13.9073 6.5778 -21.5623 -14.7506 7.3662 -20.885 -14.8882 5.88 -21.9672 -14.5734
5 24 7.3662 -20.885 -14.8882 8.3602 -21.5672 -13.8017 7.1004 -22.3556 -13.9073 8.8729 -20.1491 -14.2042
5 24 8.3602 -21.5672 -13.8017 7.1004 -22.3556 -13.9073 7.3662 -20.885 -14.8882 8.6579 -22.7141 -12.4469
5 24 8.3602 -21.5672 -13.8017 8.6579 -22.7141 -12.4469 7.1004 -22.3556 -13.9073 9.3716 -21.3004 -12.9955
5 24 8.6579 -22.7141 -12.4469 7.1004 -22.3556 -13.9073 8.3602 -21.5672 -13.8017 7.4543 -23.2377 -12.8515
5 24 7.1004 -22.3556 -13.9073 7.4543 -23.2377 -12.8515 6.2452 -23.5138 -13.1187 8.6579 -22.7141 -12.4469
5 24 6.2452 -23.5138 -13.1187 7.1004 -22.3556 -13.9073 7.4543 -23.2377 -12.8515 5.9818 -22.766 -13.8418
5 24 7.3662 -20.885 -14.8882 8.8729 -20.1491 -14.2042 8.3602 -21.5672 -13.8017 7.8789 -19.2621 -15.1005
5 24 8.8729 -20.1491 -14.2042 8.3602 -21.5672 -13.8017 7.3662 -20.885 -14.8882 9.3716 -21.3004 -12.9955
5 24 7.3662 -20.885 -14.8882 7.8789 -19.2621 -15.1005 8.8729 -20.1491 -14.2042 6.0617 -19.3281 -15.6939
5 24 7.8789 -19.2621 -15.1005 8.8729 -20.1491 -14.2042 7.3662 -20.885 -14.8882 9.1239 -18.5485 -14.3024
5 24 5.9664 -20.8685 -15.2387 6.0617 -19.3281 -15.6939 7.3662 -20.885 -14.8882 5.3334 -19.2701 -15.6547
5 24 6.0617 -19.3281 -15.6939 7.3662 -20.885 -14.8882 5.9664 -20.8685 -15.2387 7.8789 -19.2621 -15.1005
5 24 6.0617 -19.3281 -15.6939 7.8789 -19.2621 -15.1005 7.3662 -20.885 -14.8882 6.8455 -18.7219 -15.6234
5 24 6.8455 -18.7219 -15.6234 7.8789 -19.2621 -15.1005 6.0617 -19.3281 -15.6939 8.0856 -17.5775 -14.8967
5 24 8.0856 -17.5775 -14.8967 9.7624 -16.6981 -13.5139 9.1239 -18.5485 -14.3024 8.1027 -15.5243 -14.2814
5 24 9.7624 -16.6981 -13.5139 9.1239 -18.5485 -14.3024 8.0856 -17.5775 -14.8967 10.2253 -18.7471 -13.1982
5 24 9.1239 -18.5485 -14.3024 8.0856 -17.5775 -14.8967 9.7624 -16.6981 -13.5139 7.8789 -19.2621 -15.1005
5 24 8.0856 -17.5775 -14.8967 7.8789 -19.2621 -15.1005 6.8455 -18.7219 -15.6234 9.1239 -18.5485 -14.3024
5 24 6.8116 -17.7156 -15.5776 7.1617 -16.4779 -15.1388 8.0856 -17.5775 -14.8967 6.1648 -17.1783 -15.6093
5 24 7.1617 -16.4779 -15.1388 8.0856 -17.5775 -14.8967 6.8116 -17.7156 -15.5776 8.1027 -15.5243 -14.2814
5 24 8.0856 -17.5775 -14.8967 6.8116 -17.7156 -15.5776 7.1617 -16.4779 -15.1388 6.8455 -18.7219 -15.6234
5 24 8.1027 -15.5243 -14.2814 8.0856 -17.5775 -14.8967 7.1617 -16.4779 -15.1388 9.7624 -16.6981 -13.5139
5 24 7.1617 -16.4779 -15.1388 8.1027 -15.5243 -14.2814 8.0856 -17.5775 -14.8967 6.1095 -14.6368 -14.5763
5 24 9.1765 -15.6901 -13.5883 9.7624 -16.6981 -13.5139 8.1027 -15.5243 -14.2814 9.9157 -15.677 -12.6417
5 24 9.7624 -16.6981 -13.5139 8.1027 -15.5243 -14.2814 9.1765 -15.6901 -13.5883 8.0856 -17.5775 -14.8967
5 24 8.1027 -15.5243 -14.2814 9.1765 -15.6901 -13.5883 9.7624 -16.6981 -13.5139 7.2284 -12.8367 -12.816
5 24 9.1239 -18.5485 -14.3024 7.8789 -19.2621 -15.1005 8.0856 -17.5775 -14.8967 8.8729 -20.1491 -14.2042
5 24 6.1095 -14.6368 -14.5763 8.1027 -15.5243 -14.2814 7.1617 -16.4779 -15.1388 5.9568 -12.946 -13.6125
5 24 7.1617 -16.4779 -15.1388 6.1095 -14.6368 -14.5763 8.1027 -15.5243 -14.2814 6.1648 -17.1783 -15.6093
5 24 8.1027 -15.5243 -14.2814 7.2284 -12.8367 -12.816 9.1765 -15.6901 -13.5883 5.9568 -12.946 -13.6125
5 24 8.1027 -15.5243 -14.2814 5.9568 -12.946 -13.6125 7.2284 -12.8367 -12.816 6.1095 -14.6368 -14.5763
5 24 4.8678 -13.4708 -14.1348 6.1095 -14.6368 -14.5763 3.9263 -14.0457 -14.5475 5.9568 -12.946 -13.6125
5 24 5.9568 -12.946 -13.6125 6.1095 -14.6368 -14.5763 4.8678 -13.4708 -14.1348 8.1027 -15.5243 -14.2814
5 24 5.9664 -20.8685 -15.2387 5.3334 -19.2701 -15.6547 6.0617 -19.3281 -15.6939 4.8122 -21.3198 -14.9649
5 24 6.5778 -21.5623 -14.7506 5.88 -21.9672 -14.5734 5.9664 -20.8685 -15.2387 7.1004 -22.3556 -13.9073
5 24 5.88 -21.9672 -14.5734 5.9664 -20.8685 -15.2387 6.5778 -21.5623 -14.7506 4.8122 -21.3198 -14.9649
5 24 5.3334 -19.2701 -15.6547 3.4468 -19.2138 -15.3042 4.7952 -18.6613 -15.7173 3.7378 -20.4464 -14.9822
5 24 5.3334 -19.2701 -15.6547 3.7378 -20.4464 -14.9822 3.4468 -19.2138 -15.3042 4.8122 -21.3198 -14.9649
5 24 1.6901 -17.6422 -14.598 2.4181 -18.2631 -14.9259 1.4674 -19.0254 -14.1336 2.2931 -16.6218 -15.045
5 24 2.5518 -20.7881 -14.2681 1.5268 -20.0624 -13.8137 2.4801 -19.5477 -14.7029 1.9004 -21.0236 -13.6353
5 24 5.3334 -19.2701 -15.6547 4.8122 -21.3198 -14.9649 3.7378 -20.4464 -14.9822 5.9664 -20.8685 -15.2387
5 24 5.9664 -20.8685 -15.2387 4.8122 -21.3198 -14.9649 5.3334 -19.2701 -15.6547 5.88 -21.9672 -14.5734
5 24 5.88 -21.9672 -14.5734 4.8122 -21.3198 -14.9649 5.9664 -20.8685 -15.2387 4.8315 -22.5599 -14.0916
5 24 5.88 -21.9672 -14.5734 4.8315 -22.5599 -14.0916 4.8122 -21.3198 -14.9649 5.9818 -22.766 -13.8418
5 24 2.3625 -21.8502 -13.5913 2.5518 -20.7881 -14.2681 3.5567 -21.8584 -14.2216 1.9004 -21.0236 -13.6353
5 24 6.1648 -17.1783 -15.6093 7.1617 -16.4779 -15.1388 6.8116 -17.7156 -15.5776 6.1095 -14.6368 -14.5763
5 24 6.1648 -17.1783 -15.6093 6.1095 -14.6368 -14.5763 7.1617 -16.4779 -15.1388 4.8214 -15.3841 -15.0561
5 24 9.998 -13.87 -10.9254 9.9157 -15.677 -12.6417 8.562 -12.9243 -11.8369 10.852 -15.4349 -10.5878
5 24 9.9157 -15.677 -12.6417 8.562 -12.9243 -11.8369 9.998 -13.87 -10.9254 9.1765 -15.6901 -13.5883
5 24 8.562 -12.9243 -11.8369 9.1765 -15.6901 -13.5883 7.2284 -12.8367 -12.816 9.9157 -15.677 -12.6417
5 24 10.852 -15.4349 -10.5878 9.7624 -16.6981 -13.5139 9.9157 -15.677 -12.6417 10.2253 -18.7471 -13.1982
5 24 9.7624 -16.6981 -13.5139 9.9157 -15.677 -12.6417 10.852 -15.4349 -10.5878 9.1765 -15.6901 -13.5883
5 24 9.9157 -15.677 -12.6417 10.852 -15.4349 -10.5878 9.7624 -16.6981 -13.5139 9.998 -13.87 -10.9254
5 24 9.9157 -15.677 -12.6417 9.1765 -15.6901 -13.5883 8.562 -12.9243 -11.8369 9.7624 -16.6981 -13.5139
5 24 10.852 -15.4349 -10.5878 10.2253 -18.7471 -13.1982 9.7624 -16.6981 -13.5139 11.0063 -17.2651 -11.0574
5 24 10.2253 -18.7471 -13.1982 9.7624 -16.6981 -13.5139 10.852 -15.4349 -10.5878 9.1239 -18.5485 -14.3024
5 24 10.2253 -18.7471 -13.1982 9.1239 -18.5485 -14.3024 9.7624 -16.6981 -13.5139 8.8729 -20.1491 -14.2042
5 24 11.1001 -16.729 -10.3333 11.0063 -17.2651 -11.0574 10.852 -15.4349 -10.5878 11.2997 -18.2644 -10.3878
5 24 11.0063 -17.2651 -11.0574 10.852 -15.4349 -10.5878 11.1001 -16.729 -10.3333 10.2253 -18.7471 -13.1982
5 24 11.0063 -17.2651 -11.0574 10.2253 -18.7471 -13.1982 10.852 -15.4349 -10.5878 11.2997 -18.2644 -10.3878
5 24 11.2997 -18.2644 -10.3878 10.2253 -18.7471 -13.1982 11.0063 -17.2651 -11.0574 11.0863 -19.5634 -10.5928
5 24 11.0063 -17.2651 -11.0574 11.2997 -18.2644 -10.3878 10.2253 -18.7471 -13.1982 11.1001 -16.729 -10.3333
5 24 11.0863 -19.5634 -10.5928 10.2253 -18.7471 -13.1982 11.2997 -18.2644 -10.3878 10.6613 -20.8667 -11.2637
5 24 10.6613 -20.8667 -11.2637 10.2253 -18.7471 -13.1982 11.0863 -19.5634 -10.5928 9.3716 -21.3004 -12.9955
5 24 9.1239 -18.5485 -14.3024 8.8729 -20.1491 -14.2042 7.8789 -19.2621 -15.1005 10.2253 -18.7471 -13.1982
5 24 10.2253 -18.7471 -13.1982 8.8729 -20.1491 -14.2042 9.1239 -18.5485 -14.3024 9.3716 -21.3004 -12.9955
5 24 9.3716 -21.3004 -12.9955 8.8729 -20.1491 -14.2042 10.2253 -18.7471 -13.1982 8.3602 -21.5672 -13.8017
5 24 10.2253 -18.7471 -13.1982 9.3716 -21.3004 -12.9955 8.8729 -20.1491 -14.2042 10.6613 -20.8667 -11.2637
5 24 9.3716 -21.3004 -12.9955 9.7509 -21.9088 -11.9131 8.6579 -22.7141 -12.4469 10.6613 -20.8667 -11.2637
5 24 8.6579 -22.7141 -12.4469 9.3716 -21.3004 -12.9955 9.7509 -21.9088 -11.9131 8.3602 -21.5672 -13.8017
5 24 10.6613 -20.8667 -11.2637 9.3716 -21.3004 -12.9955 10.2253 -18.7471 -13.1982 9.7509 -21.9088 -11.9131
5 24 8.3602 -21.5672 -13.8017 9.3716 -21.3004 -12.9955 8.6579 -22.7141 -12.4469 8.8729 -20.1491 -14.2042
2 24 6.2452 -23.5138 -13.1187 5.067 -23.4354 -13.2842
2 24 3.1078 -22.5345 -13.529 2.3625 -21.8502 -13.5913
2 24 1.5268 -20.0624 -13.8137 1.4674 -19.0254 -14.1336
2 24 2.8628 -15.7884 -15.0951 3.3544 -14.9218 -14.8914
2 24 7.4543 -23.2377 -12.8515 6.2452 -23.5138 -13.1187
2 24 8.6579 -22.7141 -12.4469 7.4543 -23.2377 -12.8515
2 24 5.9568 -12.946 -13.6125 7.2284 -12.8367 -12.816
2 24 3.9263 -14.0457 -14.5475 4.8678 -13.4708 -14.1348
2 24 4.8678 -13.4708 -14.1348 5.9568 -12.946 -13.6125
2 24 2.2931 -16.6218 -15.045 2.8628 -15.7884 -15.0951
2 24 1.4674 -19.0254 -14.1336 1.6901 -17.6422 -14.598
2 24 1.6901 -17.6422 -14.598 2.2931 -16.6218 -15.045
2 24 4.0219 -23.0572 -13.4574 3.1078 -22.5345 -13.529
2 24 5.067 -23.4354 -13.2842 4.0219 -23.0572 -13.4574
2 24 1.9004 -21.0236 -13.6353 1.5268 -20.0624 -13.8137
2 24 2.3625 -21.8502 -13.5913 1.9004 -21.0236 -13.6353
2 24 3.3544 -14.9218 -14.8914 3.9263 -14.0457 -14.5475
2 24 8.562 -12.9243 -11.8369 9.998 -13.87 -10.9254
2 24 7.2284 -12.8367 -12.816 8.562 -12.9243 -11.8369
2 24 9.998 -13.87 -10.9254 10.852 -15.4349 -10.5878
2 24 10.852 -15.4349 -10.5878 11.1001 -16.729 -10.3333
2 24 11.1001 -16.729 -10.3333 11.2997 -18.2644 -10.3878
2 24 11.2997 -18.2644 -10.3878 11.0863 -19.5634 -10.5928
2 24 11.0863 -19.5634 -10.5928 10.6613 -20.8667 -11.2637
2 24 9.7509 -21.9088 -11.9131 8.6579 -22.7141 -12.4469
2 24 10.6613 -20.8667 -11.2637 9.7509 -21.9088 -11.9131
5 24 5.4251 -17.1742 -15.633 4.7952 -18.6613 -15.7173 4.8072 -17.7411 -15.644 5.5309 -18.6079 -15.7946
5 24 6.1625 -18.1286 -15.7712 6.0617 -19.3281 -15.6939 5.5309 -18.6079 -15.7946 6.8455 -18.7219 -15.6234
5 24 6.0617 -19.3281 -15.6939 5.5309 -18.6079 -15.7946 6.1625 -18.1286 -15.7712 5.3334 -19.2701 -15.6547
5 24 5.5309 -18.6079 -15.7946 6.1625 -18.1286 -15.7712 6.0617 -19.3281 -15.6939 5.4251 -17.1742 -15.633
5 24 6.8455 -18.7219 -15.6234 6.1625 -18.1286 -15.7712 6.8116 -17.7156 -15.5776 6.0617 -19.3281 -15.6939
5 24 6.1625 -18.1286 -15.7712 6.8116 -17.7156 -15.5776 6.8455 -18.7219 -15.6234 6.1648 -17.1783 -15.6093
5 24 5.5309 -18.6079 -15.7946 5.4251 -17.1742 -15.633 6.1625 -18.1286 -15.7712 4.7952 -18.6613 -15.7173
5 24 5.4251 -17.1742 -15.633 6.1625 -18.1286 -15.7712 5.5309 -18.6079 -15.7946 6.1648 -17.1783 -15.6093
5 24 5.5309 -18.6079 -15.7946 4.7952 -18.6613 -15.7173 5.4251 -17.1742 -15.633 5.3334 -19.2701 -15.6547
5 24 5.5309 -18.6079 -15.7946 5.3334 -19.2701 -15.6547 4.7952 -18.6613 -15.7173 6.0617 -19.3281 -15.6939
5 24 6.1648 -17.1783 -15.6093 6.1625 -18.1286 -15.7712 5.4251 -17.1742 -15.633 6.8116 -17.7156 -15.5776
5 24 5.4251 -17.1742 -15.633 4.8072 -17.7411 -15.644 4.4485 -16.4457 -15.3961 4.7952 -18.6613 -15.7173
5 24 6.1648 -17.1783 -15.6093 5.4251 -17.1742 -15.633 4.4485 -16.4457 -15.3961 6.1625 -18.1286 -15.7712
5 24 6.0617 -19.3281 -15.6939 6.8455 -18.7219 -15.6234 7.8789 -19.2621 -15.1005 6.1625 -18.1286 -15.7712
5 24 6.8455 -18.7219 -15.6234 6.8116 -17.7156 -15.5776 8.0856 -17.5775 -14.8967 6.1625 -18.1286 -15.7712
5 24 4.8072 -17.7411 -15.644 4.7952 -18.6613 -15.7173 3.5641 -17.4687 -15.469 5.4251 -17.1742 -15.633
5 24 5.3334 -19.2701 -15.6547 6.0617 -19.3281 -15.6939 5.9664 -20.8685 -15.2387 5.5309 -18.6079 -15.7946
5 24 4.7952 -18.6613 -15.7173 5.3334 -19.2701 -15.6547 3.4468 -19.2138 -15.3042 5.5309 -18.6079 -15.7946
5 24 6.8116 -17.7156 -15.5776 6.1648 -17.1783 -15.6093 7.1617 -16.4779 -15.1388 6.1625 -18.1286 -15.7712
5 24 -3.5567 -21.8584 -14.2216 -4.8315 -22.5599 -14.0916 -4.0219 -23.0572 -13.4574 -4.8122 -21.3198 -14.9649
5 24 -4.8315 -22.5599 -14.0916 -4.0219 -23.0572 -13.4574 -3.5567 -21.8584 -14.2216 -5.067 -23.4354 -13.2842
5 24 -4.0219 -23.0572 -13.4574 -3.5567 -21.8584 -14.2216 -4.8315 -22.5599 -14.0916 -3.1078 -22.5345 -13.529
5 24 -7.1004 -22.3556 -13.9073 -5.9818 -22.766 -13.8418 -5.88 -21.9672 -14.5734 -6.2452 -23.5138 -13.1187
5 24 -5.9818 -22.766 -13.8418 -5.88 -21.9672 -14.5734 -7.1004 -22.3556 -13.9073 -4.8315 -22.5599 -14.0916
5 24 -5.067 -23.4354 -13.2842 -5.9818 -22.766 -13.8418 -6.2452 -23.5138 -13.1187 -4.8315 -22.5599 -14.0916
5 24 -5.9818 -22.766 -13.8418 -6.2452 -23.5138 -13.1187 -5.067 -23.4354 -13.2842 -7.1004 -22.3556 -13.9073
5 24 -3.5567 -21.8584 -14.2216 -4.8122 -21.3198 -14.9649 -4.8315 -22.5599 -14.0916 -3.7378 -20.4464 -14.9822
5 24 -4.8122 -21.3198 -14.9649 -4.8315 -22.5599 -14.0916 -3.5567 -21.8584 -14.2216 -5.88 -21.9672 -14.5734
5 24 -5.067 -23.4354 -13.2842 -4.8315 -22.5599 -14.0916 -5.9818 -22.766 -13.8418 -4.0219 -23.0572 -13.4574
5 24 -3.5567 -21.8584 -14.2216 -2.5518 -20.7881 -14.2681 -3.7378 -20.4464 -14.9822 -2.3625 -21.8502 -13.5913
5 24 -2.5518 -20.7881 -14.2681 -3.7378 -20.4464 -14.9822 -3.5567 -21.8584 -14.2216 -3.0224 -20.043 -14.7863
5 24 -3.7378 -20.4464 -14.9822 -3.5567 -21.8584 -14.2216 -2.5518 -20.7881 -14.2681 -4.8122 -21.3198 -14.9649
5 24 -2.4181 -18.2631 -14.9259 -2.4801 -19.5477 -14.7029 -1.4674 -19.0254 -14.1336 -3.4468 -19.2138 -15.3042
5 24 -2.4801 -19.5477 -14.7029 -1.4674 -19.0254 -14.1336 -2.4181 -18.2631 -14.9259 -1.5268 -20.0624 -13.8137
5 24 -1.4674 -19.0254 -14.1336 -2.4181 -18.2631 -14.9259 -2.4801 -19.5477 -14.7029 -1.6901 -17.6422 -14.598
5 24 -2.4181 -18.2631 -14.9259 -3.4468 -19.2138 -15.3042 -2.4801 -19.5477 -14.7029 -3.5641 -17.4687 -15.469
5 24 -3.4468 -19.2138 -15.3042 -2.4801 -19.5477 -14.7029 -2.4181 -18.2631 -14.9259 -3.0224 -20.043 -14.7863
5 24 -3.7378 -20.4464 -14.9822 -4.8122 -21.3198 -14.9649 -3.5567 -21.8584 -14.2216 -5.3334 -19.2701 -15.6547
5 24 -2.3625 -21.8502 -13.5913 -3.5567 -21.8584 -14.2216 -3.1078 -22.5345 -13.529 -2.5518 -20.7881 -14.2681
5 24 -3.5567 -21.8584 -14.2216 -3.1078 -22.5345 -13.529 -2.3625 -21.8502 -13.5913 -4.0219 -23.0572 -13.4574
5 24 -2.4801 -19.5477 -14.7029 -3.0224 -20.043 -14.7863 -2.5518 -20.7881 -14.2681 -3.4468 -19.2138 -15.3042
5 24 -3.0224 -20.043 -14.7863 -2.5518 -20.7881 -14.2681 -2.4801 -19.5477 -14.7029 -3.7378 -20.4464 -14.9822
5 24 -2.5518 -20.7881 -14.2681 -2.4801 -19.5477 -14.7029 -3.0224 -20.043 -14.7863 -1.5268 -20.0624 -13.8137
5 24 -3.7378 -20.4464 -14.9822 -3.0224 -20.043 -14.7863 -3.4468 -19.2138 -15.3042 -2.5518 -20.7881 -14.2681
5 24 -3.0224 -20.043 -14.7863 -3.4468 -19.2138 -15.3042 -3.7378 -20.4464 -14.9822 -2.4801 -19.5477 -14.7029
5 24 -3.4468 -19.2138 -15.3042 -3.7378 -20.4464 -14.9822 -3.0224 -20.043 -14.7863 -5.3334 -19.2701 -15.6547
5 24 -3.5641 -17.4687 -15.469 -2.4181 -18.2631 -14.9259 -2.2931 -16.6218 -15.045 -3.4468 -19.2138 -15.3042
5 24 -2.4181 -18.2631 -14.9259 -2.2931 -16.6218 -15.045 -3.5641 -17.4687 -15.469 -1.6901 -17.6422 -14.598
5 24 -2.2931 -16.6218 -15.045 -3.5641 -17.4687 -15.469 -2.4181 -18.2631 -14.9259 -2.8629 -15.7884 -15.0951
5 24 -2.4801 -19.5477 -14.7029 -1.5268 -20.0624 -13.8137 -1.4674 -19.0254 -14.1336 -2.5518 -20.7881 -14.2681
5 24 -4.4485 -16.4457 -15.3961 -4.8072 -17.7411 -15.644 -3.5641 -17.4687 -15.469 -5.4251 -17.1742 -15.633
5 24 -4.8072 -17.7411 -15.644 -3.5641 -17.4687 -15.469 -4.4485 -16.4457 -15.3961 -4.7952 -18.6613 -15.7173
5 24 -3.5641 -17.4687 -15.469 -4.4485 -16.4457 -15.3961 -4.8072 -17.7411 -15.644 -2.8629 -15.7884 -15.0951
5 24 -3.5641 -17.4687 -15.469 -3.4468 -19.2138 -15.3042 -2.4181 -18.2631 -14.9259 -4.7952 -18.6613 -15.7173
5 24 -3.5641 -17.4687 -15.469 -4.7952 -18.6613 -15.7173 -3.4468 -19.2138 -15.3042 -4.8072 -17.7411 -15.644
5 24 -4.7952 -18.6613 -15.7173 -3.4468 -19.2138 -15.3042 -3.5641 -17.4687 -15.469 -5.3334 -19.2701 -15.6547
5 24 -4.8214 -15.3841 -15.0561 -4.4485 -16.4457 -15.3961 -3.3544 -14.9218 -14.8914 -6.1648 -17.1783 -15.6093
5 24 -4.4485 -16.4457 -15.3961 -3.3544 -14.9218 -14.8914 -4.8214 -15.3841 -15.0561 -2.8629 -15.7884 -15.0951
5 24 -3.3544 -14.9218 -14.8914 -4.8214 -15.3841 -15.0561 -4.4485 -16.4457 -15.3961 -3.9263 -14.0457 -14.5475
5 24 -6.1095 -14.6368 -14.5763 -4.8214 -15.3841 -15.0561 -3.9263 -14.0457 -14.5475 -6.1648 -17.1783 -15.6093
5 24 -4.8214 -15.3841 -15.0561 -3.9263 -14.0457 -14.5475 -6.1095 -14.6368 -14.5763 -3.3544 -14.9218 -14.8914
5 24 -3.9263 -14.0457 -14.5475 -6.1095 -14.6368 -14.5763 -4.8214 -15.3841 -15.0561 -4.8678 -13.4708 -14.1348
5 24 -4.8214 -15.3841 -15.0561 -6.1648 -17.1783 -15.6093 -4.4485 -16.4457 -15.3961 -6.1095 -14.6368 -14.5763
5 24 -6.1648 -17.1783 -15.6093 -4.4485 -16.4457 -15.3961 -4.8214 -15.3841 -15.0561 -5.4251 -17.1742 -15.633
5 24 -3.5641 -17.4687 -15.469 -2.8629 -15.7884 -15.0951 -4.4485 -16.4457 -15.3961 -2.2931 -16.6218 -15.045
5 24 -2.8629 -15.7884 -15.0951 -4.4485 -16.4457 -15.3961 -3.5641 -17.4687 -15.469 -3.3544 -14.9218 -14.8914
5 24 -4.4485 -16.4457 -15.3961 -5.4251 -17.1742 -15.633 -4.8072 -17.7411 -15.644 -6.1648 -17.1783 -15.6093
5 24 -5.9664 -20.8685 -15.2387 -7.3662 -20.885 -14.8882 -6.5778 -21.5623 -14.7506 -6.0617 -19.3281 -15.6939
5 24 -7.3662 -20.885 -14.8882 -6.5778 -21.5623 -14.7506 -5.9664 -20.8685 -15.2387 -7.1004 -22.3556 -13.9073
5 24 -6.5778 -21.5623 -14.7506 -5.9664 -20.8685 -15.2387 -7.3662 -20.885 -14.8882 -5.88 -21.9672 -14.5734
5 24 -7.3662 -20.885 -14.8882 -7.1004 -22.3556 -13.9073 -6.5778 -21.5623 -14.7506 -8.3602 -21.5672 -13.8017
5 24 -7.1004 -22.3556 -13.9073 -6.5778 -21.5623 -14.7506 -7.3662 -20.885 -14.8882 -5.88 -21.9672 -14.5734
5 24 -7.3662 -20.885 -14.8882 -8.3602 -21.5672 -13.8017 -7.1004 -22.3556 -13.9073 -8.8729 -20.1491 -14.2042
5 24 -8.3602 -21.5672 -13.8017 -7.1004 -22.3556 -13.9073 -7.3662 -20.885 -14.8882 -8.6579 -22.7141 -12.4469
5 24 -8.3602 -21.5672 -13.8017 -8.6579 -22.7141 -12.4469 -7.1004 -22.3556 -13.9073 -9.3716 -21.3004 -12.9955
5 24 -8.6579 -22.7141 -12.4469 -7.1004 -22.3556 -13.9073 -8.3602 -21.5672 -13.8017 -7.4543 -23.2377 -12.8515
5 24 -7.1004 -22.3556 -13.9073 -7.4543 -23.2377 -12.8515 -6.2452 -23.5138 -13.1187 -8.6579 -22.7141 -12.4469
5 24 -6.2452 -23.5138 -13.1187 -7.1004 -22.3556 -13.9073 -7.4543 -23.2377 -12.8515 -5.9818 -22.766 -13.8418
5 24 -7.3662 -20.885 -14.8882 -8.8729 -20.1491 -14.2042 -8.3602 -21.5672 -13.8017 -7.8789 -19.2621 -15.1005
5 24 -8.8729 -20.1491 -14.2042 -8.3602 -21.5672 -13.8017 -7.3662 -20.885 -14.8882 -9.3716 -21.3004 -12.9955
5 24 -7.3662 -20.885 -14.8882 -7.8789 -19.2621 -15.1005 -8.8729 -20.1491 -14.2042 -6.0617 -19.3281 -15.6939
5 24 -7.8789 -19.2621 -15.1005 -8.8729 -20.1491 -14.2042 -7.3662 -20.885 -14.8882 -9.1239 -18.5485 -14.3024
5 24 -5.9664 -20.8685 -15.2387 -6.0617 -19.3281 -15.6939 -7.3662 -20.885 -14.8882 -5.3334 -19.2701 -15.6547
5 24 -6.0617 -19.3281 -15.6939 -7.3662 -20.885 -14.8882 -5.9664 -20.8685 -15.2387 -7.8789 -19.2621 -15.1005
5 24 -6.0617 -19.3281 -15.6939 -7.8789 -19.2621 -15.1005 -7.3662 -20.885 -14.8882 -6.8455 -18.7219 -15.6234
5 24 -6.8455 -18.7219 -15.6234 -7.8789 -19.2621 -15.1005 -6.0617 -19.3281 -15.6939 -8.0856 -17.5775 -14.8967
5 24 -8.0856 -17.5775 -14.8967 -9.7624 -16.6981 -13.5139 -9.1239 -18.5485 -14.3024 -8.1027 -15.5243 -14.2814
5 24 -9.7624 -16.6981 -13.5139 -9.1239 -18.5485 -14.3024 -8.0856 -17.5775 -14.8967 -10.2253 -18.7471 -13.1982
5 24 -9.1239 -18.5485 -14.3024 -8.0856 -17.5775 -14.8967 -9.7624 -16.6981 -13.5139 -7.8789 -19.2621 -15.1005
5 24 -8.0856 -17.5775 -14.8967 -7.8789 -19.2621 -15.1005 -6.8455 -18.7219 -15.6234 -9.1239 -18.5485 -14.3024
5 24 -6.8116 -17.7156 -15.5776 -7.1617 -16.4779 -15.1388 -8.0856 -17.5775 -14.8967 -6.1648 -17.1783 -15.6093
5 24 -7.1617 -16.4779 -15.1388 -8.0856 -17.5775 -14.8967 -6.8116 -17.7156 -15.5776 -8.1027 -15.5243 -14.2814
5 24 -8.0856 -17.5775 -14.8967 -6.8116 -17.7156 -15.5776 -7.1617 -16.4779 -15.1388 -6.8455 -18.7219 -15.6234
5 24 -8.1027 -15.5243 -14.2814 -8.0856 -17.5775 -14.8967 -7.1617 -16.4779 -15.1388 -9.7624 -16.6981 -13.5139
5 24 -7.1617 -16.4779 -15.1388 -8.1027 -15.5243 -14.2814 -8.0856 -17.5775 -14.8967 -6.1095 -14.6368 -14.5763
5 24 -9.1765 -15.6901 -13.5883 -9.7624 -16.6981 -13.5139 -8.1027 -15.5243 -14.2814 -9.9157 -15.677 -12.6417
5 24 -9.7624 -16.6981 -13.5139 -8.1027 -15.5243 -14.2814 -9.1765 -15.6901 -13.5883 -8.0856 -17.5775 -14.8967
5 24 -8.1027 -15.5243 -14.2814 -9.1765 -15.6901 -13.5883 -9.7624 -16.6981 -13.5139 -7.2284 -12.8367 -12.816
5 24 -9.1239 -18.5485 -14.3024 -7.8789 -19.2621 -15.1005 -8.0856 -17.5775 -14.8967 -8.8729 -20.1491 -14.2042
5 24 -6.1095 -14.6368 -14.5763 -8.1027 -15.5243 -14.2814 -7.1617 -16.4779 -15.1388 -5.9568 -12.946 -13.6125
5 24 -7.1617 -16.4779 -15.1388 -6.1095 -14.6368 -14.5763 -8.1027 -15.5243 -14.2814 -6.1648 -17.1783 -15.6093
5 24 -8.1027 -15.5243 -14.2814 -7.2284 -12.8367 -12.816 -9.1765 -15.6901 -13.5883 -5.9568 -12.946 -13.6125
5 24 -8.1027 -15.5243 -14.2814 -5.9568 -12.946 -13.6125 -7.2284 -12.8367 -12.816 -6.1095 -14.6368 -14.5763
5 24 -4.8678 -13.4708 -14.1348 -6.1095 -14.6368 -14.5763 -3.9263 -14.0457 -14.5475 -5.9568 -12.946 -13.6125
5 24 -5.9568 -12.946 -13.6125 -6.1095 -14.6368 -14.5763 -4.8678 -13.4708 -14.1348 -8.1027 -15.5243 -14.2814
5 24 -5.9664 -20.8685 -15.2387 -5.3334 -19.2701 -15.6547 -6.0617 -19.3281 -15.6939 -4.8122 -21.3198 -14.9649
5 24 -6.5778 -21.5623 -14.7506 -5.88 -21.9672 -14.5734 -5.9664 -20.8685 -15.2387 -7.1004 -22.3556 -13.9073
5 24 -5.88 -21.9672 -14.5734 -5.9664 -20.8685 -15.2387 -6.5778 -21.5623 -14.7506 -4.8122 -21.3198 -14.9649
5 24 -5.3334 -19.2701 -15.6547 -3.4468 -19.2138 -15.3042 -4.7952 -18.6613 -15.7173 -3.7378 -20.4464 -14.9822
5 24 -5.3334 -19.2701 -15.6547 -3.7378 -20.4464 -14.9822 -3.4468 -19.2138 -15.3042 -4.8122 -21.3198 -14.9649
5 24 -1.6901 -17.6422 -14.598 -2.4181 -18.2631 -14.9259 -1.4674 -19.0254 -14.1336 -2.2931 -16.6218 -15.045
5 24 -2.5518 -20.7881 -14.2681 -1.5268 -20.0624 -13.8137 -2.4801 -19.5477 -14.7029 -1.9004 -21.0236 -13.6353
5 24 -5.3334 -19.2701 -15.6547 -4.8122 -21.3198 -14.9649 -3.7378 -20.4464 -14.9822 -5.9664 -20.8685 -15.2387
5 24 -5.9664 -20.8685 -15.2387 -4.8122 -21.3198 -14.9649 -5.3334 -19.2701 -15.6547 -5.88 -21.9672 -14.5734
5 24 -5.88 -21.9672 -14.5734 -4.8122 -21.3198 -14.9649 -5.9664 -20.8685 -15.2387 -4.8315 -22.5599 -14.0916
5 24 -5.88 -21.9672 -14.5734 -4.8315 -22.5599 -14.0916 -4.8122 -21.3198 -14.9649 -5.9818 -22.766 -13.8418
5 24 -2.3625 -21.8502 -13.5913 -2.5518 -20.7881 -14.2681 -3.5567 -21.8584 -14.2216 -1.9004 -21.0236 -13.6353
5 24 -6.1648 -17.1783 -15.6093 -7.1617 -16.4779 -15.1388 -6.8116 -17.7156 -15.5776 -6.1095 -14.6368 -14.5763
5 24 -6.1648 -17.1783 -15.6093 -6.1095 -14.6368 -14.5763 -7.1617 -16.4779 -15.1388 -4.8214 -15.3841 -15.0561
5 24 -9.998 -13.87 -10.9254 -9.9157 -15.677 -12.6417 -8.562 -12.9243 -11.8369 -10.852 -15.4349 -10.5878
5 24 -9.9157 -15.677 -12.6417 -8.562 -12.9243 -11.8369 -9.998 -13.87 -10.9254 -9.1765 -15.6901 -13.5883
5 24 -8.562 -12.9243 -11.8369 -9.1765 -15.6901 -13.5883 -7.2284 -12.8367 -12.816 -9.9157 -15.677 -12.6417
5 24 -10.852 -15.4349 -10.5878 -9.7624 -16.6981 -13.5139 -9.9157 -15.677 -12.6417 -10.2253 -18.7471 -13.1982
5 24 -9.7624 -16.6981 -13.5139 -9.9157 -15.677 -12.6417 -10.852 -15.4349 -10.5878 -9.1765 -15.6901 -13.5883
5 24 -9.9157 -15.677 -12.6417 -10.852 -15.4349 -10.5878 -9.7624 -16.6981 -13.5139 -9.998 -13.87 -10.9254
5 24 -9.9157 -15.677 -12.6417 -9.1765 -15.6901 -13.5883 -8.562 -12.9243 -11.8369 -9.7624 -16.6981 -13.5139
5 24 -10.852 -15.4349 -10.5878 -10.2253 -18.7471 -13.1982 -9.7624 -16.6981 -13.5139 -11.0063 -17.2651 -11.0574
5 24 -10.2253 -18.7471 -13.1982 -9.7624 -16.6981 -13.5139 -10.852 -15.4349 -10.5878 -9.1239 -18.5485 -14.3024
5 24 -10.2253 -18.7471 -13.1982 -9.1239 -18.5485 -14.3024 -9.7624 -16.6981 -13.5139 -8.8729 -20.1491 -14.2042
5 24 -11.1001 -16.729 -10.3333 -11.0063 -17.2651 -11.0574 -10.852 -15.4349 -10.5878 -11.2997 -18.2644 -10.3878
5 24 -11.0063 -17.2651 -11.0574 -10.852 -15.4349 -10.5878 -11.1001 -16.729 -10.3333 -10.2253 -18.7471 -13.1982
5 24 -11.0063 -17.2651 -11.0574 -10.2253 -18.7471 -13.1982 -10.852 -15.4349 -10.5878 -11.2997 -18.2644 -10.3878
5 24 -11.2997 -18.2644 -10.3878 -10.2253 -18.7471 -13.1982 -11.0063 -17.2651 -11.0574 -11.0863 -19.5634 -10.5928
5 24 -11.0063 -17.2651 -11.0574 -11.2997 -18.2644 -10.3878 -10.2253 -18.7471 -13.1982 -11.1001 -16.729 -10.3333
5 24 -11.0863 -19.5634 -10.5928 -10.2253 -18.7471 -13.1982 -11.2997 -18.2644 -10.3878 -10.6613 -20.8667 -11.2637
5 24 -10.6613 -20.8667 -11.2637 -10.2253 -18.7471 -13.1982 -11.0863 -19.5634 -10.5928 -9.3716 -21.3004 -12.9955
5 24 -9.1239 -18.5485 -14.3024 -8.8729 -20.1491 -14.2042 -7.8789 -19.2621 -15.1005 -10.2253 -18.7471 -13.1982
5 24 -10.2253 -18.7471 -13.1982 -8.8729 -20.1491 -14.2042 -9.1239 -18.5485 -14.3024 -9.3716 -21.3004 -12.9955
5 24 -9.3716 -21.3004 -12.9955 -8.8729 -20.1491 -14.2042 -10.2253 -18.7471 -13.1982 -8.3602 -21.5672 -13.8017
5 24 -10.2253 -18.7471 -13.1982 -9.3716 -21.3004 -12.9955 -8.8729 -20.1491 -14.2042 -10.6613 -20.8667 -11.2637
5 24 -9.3716 -21.3004 -12.9955 -9.7509 -21.9088 -11.9131 -8.6579 -22.7141 -12.4469 -10.6613 -20.8667 -11.2637
5 24 -8.6579 -22.7141 -12.4469 -9.3716 -21.3004 -12.9955 -9.7509 -21.9088 -11.9131 -8.3602 -21.5672 -13.8017
5 24 -10.6613 -20.8667 -11.2637 -9.3716 -21.3004 -12.9955 -10.2253 -18.7471 -13.1982 -9.7509 -21.9088 -11.9131
5 24 -8.3602 -21.5672 -13.8017 -9.3716 -21.3004 -12.9955 -8.6579 -22.7141 -12.4469 -8.8729 -20.1491 -14.2042
2 24 -6.2452 -23.5138 -13.1187 -5.067 -23.4354 -13.2842
2 24 -3.1078 -22.5345 -13.529 -2.3625 -21.8502 -13.5913
2 24 -1.5268 -20.0624 -13.8137 -1.4674 -19.0254 -14.1336
2 24 -2.8628 -15.7884 -15.0951 -3.3544 -14.9218 -14.8914
2 24 -7.4543 -23.2377 -12.8515 -6.2452 -23.5138 -13.1187
2 24 -8.6579 -22.7141 -12.4469 -7.4543 -23.2377 -12.8515
2 24 -5.9568 -12.946 -13.6125 -7.2284 -12.8367 -12.816
2 24 -3.9263 -14.0457 -14.5475 -4.8678 -13.4708 -14.1348
2 24 -4.8678 -13.4708 -14.1348 -5.9568 -12.946 -13.6125
2 24 -2.2931 -16.6218 -15.045 -2.8628 -15.7884 -15.0951
2 24 -1.4674 -19.0254 -14.1336 -1.6901 -17.6422 -14.598
2 24 -1.6901 -17.6422 -14.598 -2.2931 -16.6218 -15.045
2 24 -4.0219 -23.0572 -13.4574 -3.1078 -22.5345 -13.529
2 24 -5.067 -23.4354 -13.2842 -4.0219 -23.0572 -13.4574
2 24 -1.9004 -21.0236 -13.6353 -1.5268 -20.0624 -13.8137
2 24 -2.3625 -21.8502 -13.5913 -1.9004 -21.0236 -13.6353
2 24 -3.3544 -14.9218 -14.8914 -3.9263 -14.0457 -14.5475
2 24 -8.562 -12.9243 -11.8369 -9.998 -13.87 -10.9254
2 24 -7.2284 -12.8367 -12.816 -8.562 -12.9243 -11.8369
2 24 -9.998 -13.87 -10.9254 -10.852 -15.4349 -10.5878
2 24 -10.852 -15.4349 -10.5878 -11.1001 -16.729 -10.3333
2 24 -11.1001 -16.729 -10.3333 -11.2997 -18.2644 -10.3878
2 24 -11.2997 -18.2644 -10.3878 -11.0863 -19.5634 -10.5928
2 24 -11.0863 -19.5634 -10.5928 -10.6613 -20.8667 -11.2637
2 24 -9.7509 -21.9088 -11.9131 -8.6579 -22.7141 -12.4469
2 24 -10.6613 -20.8667 -11.2637 -9.7509 -21.9088 -11.9131
5 24 -5.4251 -17.1742 -15.633 -4.7952 -18.6613 -15.7173 -4.8072 -17.7411 -15.644 -5.5309 -18.6079 -15.7946
5 24 -6.1625 -18.1286 -15.7712 -6.0617 -19.3281 -15.6939 -5.5309 -18.6079 -15.7946 -6.8455 -18.7219 -15.6234
5 24 -6.0617 -19.3281 -15.6939 -5.5309 -18.6079 -15.7946 -6.1625 -18.1286 -15.7712 -5.3334 -19.2701 -15.6547
5 24 -5.5309 -18.6079 -15.7946 -6.1625 -18.1286 -15.7712 -6.0617 -19.3281 -15.6939 -5.4251 -17.1742 -15.633
5 24 -6.8455 -18.7219 -15.6234 -6.1625 -18.1286 -15.7712 -6.8116 -17.7156 -15.5776 -6.0617 -19.3281 -15.6939
5 24 -6.1625 -18.1286 -15.7712 -6.8116 -17.7156 -15.5776 -6.8455 -18.7219 -15.6234 -6.1648 -17.1783 -15.6093
5 24 -5.5309 -18.6079 -15.7946 -5.4251 -17.1742 -15.633 -6.1625 -18.1286 -15.7712 -4.7952 -18.6613 -15.7173
5 24 -5.4251 -17.1742 -15.633 -6.1625 -18.1286 -15.7712 -5.5309 -18.6079 -15.7946 -6.1648 -17.1783 -15.6093
5 24 -5.5309 -18.6079 -15.7946 -4.7952 -18.6613 -15.7173 -5.4251 -17.1742 -15.633 -5.3334 -19.2701 -15.6547
5 24 -5.5309 -18.6079 -15.7946 -5.3334 -19.2701 -15.6547 -4.7952 -18.6613 -15.7173 -6.0617 -19.3281 -15.6939
5 24 -6.1648 -17.1783 -15.6093 -6.1625 -18.1286 -15.7712 -5.4251 -17.1742 -15.633 -6.8116 -17.7156 -15.5776
5 24 -5.4251 -17.1742 -15.633 -4.8072 -17.7411 -15.644 -4.4485 -16.4457 -15.3961 -4.7952 -18.6613 -15.7173
5 24 -6.1648 -17.1783 -15.6093 -5.4251 -17.1742 -15.633 -4.4485 -16.4457 -15.3961 -6.1625 -18.1286 -15.7712
5 24 -6.0617 -19.3281 -15.6939 -6.8455 -18.7219 -15.6234 -7.8789 -19.2621 -15.1005 -6.1625 -18.1286 -15.7712
5 24 -6.8455 -18.7219 -15.6234 -6.8116 -17.7156 -15.5776 -8.0856 -17.5775 -14.8967 -6.1625 -18.1286 -15.7712
5 24 -4.8072 -17.7411 -15.644 -4.7952 -18.6613 -15.7173 -3.5641 -17.4687 -15.469 -5.4251 -17.1742 -15.633
5 24 -5.3334 -19.2701 -15.6547 -6.0617 -19.3281 -15.6939 -5.9664 -20.8685 -15.2387 -5.5309 -18.6079 -15.7946
5 24 -4.7952 -18.6613 -15.7173 -5.3334 -19.2701 -15.6547 -3.4468 -19.2138 -15.3042 -5.5309 -18.6079 -15.7946
5 24 -6.8116 -17.7156 -15.5776 -6.1648 -17.1783 -15.6093 -7.1617 -16.4779 -15.1388 -6.1625 -18.1286 -15.7712
3 16 4.0219 -23.0572 -13.4574 3.5567 -21.8584 -14.2216 4.8315 -22.5599 -14.0916
4 16 5.9818 -22.766 -13.8418 5.88 -21.9672 -14.5734 6.5778 -21.5623 -14.7506 7.1004 -22.3556 -13.9073
3 16 6.2452 -23.5138 -13.1187 5.067 -23.4354 -13.2842 5.9818 -22.766 -13.8418
3 16 4.8315 -22.5599 -14.0916 3.5567 -21.8584 -14.2216 4.8122 -21.3198 -14.9649
4 16 4.8315 -22.5599 -14.0916 5.88 -21.9672 -14.5734 5.9818 -22.766 -13.8418 5.067 -23.4354 -13.2842
3 16 3.5567 -21.8584 -14.2216 2.5518 -20.7881 -14.2681 3.7378 -20.4464 -14.9822
3 0 2.4801 -19.5477 -14.7029 1.4674 -19.0254 -14.1336 2.4556 -19.0407 -14.7909
3 15 2.4556 -19.0407 -14.7909 1.4674 -19.0254 -14.1336 2.4181 -18.2631 -14.9259
4 0 3.4468 -19.2138 -15.3042 2.4801 -19.5477 -14.7029 2.4556 -19.0407 -14.7909 3.04 -19.04 -15.1141
3 0 3.4468 -19.2138 -15.3042 3.04 -19.04 -15.1141 2.792 -18.6087 -15.0634
4 15 2.4556 -19.0407 -14.7909 2.4181 -18.2631 -14.9259 2.792 -18.6087 -15.0634 3.04 -19.04 -15.1141
3 16 3.5567 -21.8584 -14.2216 3.7378 -20.4464 -14.9822 4.8122 -21.3198 -14.9649
3 16 3.1078 -22.5345 -13.529 2.3625 -21.8502 -13.5913 3.5567 -21.8584 -14.2216
4 16 2.5518 -20.7881 -14.2681 2.489 -19.7024 -14.6487 2.6381 -19.692 -14.7272 3.0224 -20.043 -14.7863
3 0 2.489 -19.7024 -14.6487 2.4801 -19.5477 -14.7029 2.6381 -19.692 -14.7272
4 16 3.0224 -20.043 -14.7863 3.1882 -19.7191 -14.9886 3.5665 -19.7208 -15.1718 3.7378 -20.4464 -14.9822
3 0 3.5665 -19.7208 -15.1718 3.1882 -19.7191 -14.9886 3.4468 -19.2138 -15.3042
4 0 3.5641 -17.4687 -15.469 2.7904 -18.005 -15.1023 3.06 -17.54 -15.2588 3.3357 -17.3165 -15.3928
3 15 3.06 -17.54 -15.2588 2.2931 -16.6218 -15.045 3.3357 -17.3165 -15.3928
4 15 2.2931 -16.6218 -15.045 3.06 -17.54 -15.2588 2.7904 -18.005 -15.1023 2.4181 -18.2631 -14.9259
3 16 3.0224 -20.043 -14.7863 2.6381 -19.692 -14.7272 3.1882 -19.7191 -14.9886
4 0 2.6381 -19.692 -14.7272 2.4801 -19.5477 -14.7029 3.4468 -19.2138 -15.3042 3.1882 -19.7191 -14.9886
3 16 1.5268 -20.0624 -13.8137 1.5061 -19.7014 -13.9251 2.2192 -19.6885 -14.4596
4 0 2.2192 -19.6885 -14.4596 1.5061 -19.7014 -13.9251 1.4674 -19.0254 -14.1336 2.4801 -19.5477 -14.7029
4 0 3.5641 -17.4687 -15.469 3.8072 -17.1876 -15.449 4.24 -17.27 -15.5079 4.58 -17.45 -15.5729
3 0 4.8072 -17.7411 -15.644 3.5641 -17.4687 -15.469 4.58 -17.45 -15.5729
3 15 4.8072 -17.7411 -15.644 4.58 -17.45 -15.5729 4.4485 -16.4457 -15.3961
3 15 4.58 -17.45 -15.5729 4.24 -17.27 -15.5079 4.4485 -16.4457 -15.3961
3 15 4.24 -17.27 -15.5079 3.8072 -17.1876 -15.449 4.4485 -16.4457 -15.3961
4 0 3.4468 -19.2138 -15.3042 2.792 -18.6087 -15.0634 2.7904 -18.005 -15.1023 3.5641 -17.4687 -15.469
3 15 2.792 -18.6087 -15.0634 2.4181 -18.2631 -14.9259 2.7904 -18.005 -15.1023
3 0 3.4468 -19.2138 -15.3042 3.5641 -17.4687 -15.469 4.7952 -18.6613 -15.7173
3 15 4.4485 -16.4457 -15.3961 3.3544 -14.9218 -14.8914 4.8214 -15.3841 -15.0561
3 15 4.8214 -15.3841 -15.0561 3.9263 -14.0457 -14.5475 6.1095 -14.6368 -14.5763
3 15 6.1648 -17.1783 -15.6093 4.4485 -16.4457 -15.3961 4.8214 -15.3841 -15.0561
3 0 3.5641 -17.4687 -15.469 3.4789 -17.2646 -15.4236 3.8072 -17.1876 -15.449
4 15 2.8629 -15.7884 -15.0951 4.4485 -16.4457 -15.3961 3.8072 -17.1876 -15.449 3.4789 -17.2646 -15.4236
3 15 4.8072 -17.7411 -15.644 4.4485 -16.4457 -15.3961 5.4251 -17.1742 -15.633
3 15 4.4485 -16.4457 -15.3961 2.8629 -15.7884 -15.0951 3.3544 -14.9218 -14.8914
3 15 6.1648 -17.1783 -15.6093 5.4251 -17.1742 -15.633 4.4485 -16.4457 -15.3961
4 16 6.5778 -21.5623 -14.7506 5.9664 -20.8685 -15.2387 7.19 -20.8829 -14.9323 7.2417 -20.992 -14.8665
3 0 7.2417 -20.992 -14.8665 7.19 -20.8829 -14.9323 7.3662 -20.885 -14.8882
4 16 6.5778 -21.5623 -14.7506 7.2417 -20.992 -14.8665 7.3225 -21.1268 -14.7269 7.1004 -22.3556 -13.9073
3 0 7.3225 -21.1268 -14.7269 7.2417 -20.992 -14.8665 7.3662 -20.885 -14.8882
3 16 7.1004 -22.3556 -13.9073 7.3225 -21.1268 -14.7269 7.53 -21.35 -14.438
4 16 7.1004 -22.3556 -13.9073 7.53 -21.35 -14.438 7.68 -21.34 -14.3609 8.3602 -21.5672 -13.8017
3 16 8.3602 -21.5672 -13.8017 7.68 -21.34 -14.3609 7.7393 -21.1411 -14.4804
4 0 7.3225 -21.1268 -14.7269 7.3662 -20.885 -14.8882 7.7393 -21.1411 -14.4804 7.53 -21.35 -14.438
3 0 7.53 -21.35 -14.438 7.7393 -21.1411 -14.4804 7.68 -21.34 -14.3609
3 16 8.6579 -22.7141 -12.4469 7.1004 -22.3556 -13.9073 8.3602 -21.5672 -13.8017
3 16 6.2452 -23.5138 -13.1187 7.1004 -22.3556 -13.9073 7.4543 -23.2377 -12.8515
3 16 7.4543 -23.2377 -12.8515 7.1004 -22.3556 -13.9073 8.6579 -22.7141 -12.4469
4 16 8.8729 -20.1491 -14.2042 8.3602 -21.5672 -13.8017 7.7393 -21.1411 -14.4804 7.737 -20.7039 -14.7199
3 0 7.7393 -21.1411 -14.4804 7.3662 -20.885 -14.8882 7.737 -20.7039 -14.7199
4 16 8.1158 -19.4735 -14.8869 8.8729 -20.1491 -14.2042 7.737 -20.7039 -14.7199 7.5939 -20.1644 -14.9825
3 16 7.5939 -20.1644 -14.9825 7.7919 -19.5375 -15.0645 8.1158 -19.4735 -14.8869
3 0 7.3662 -20.885 -14.8882 7.5939 -20.1644 -14.9825 7.737 -20.7039 -14.7199
3 0 7.7919 -19.5375 -15.0645 7.8789 -19.2621 -15.1005 8.1158 -19.4735 -14.8869
4 16 5.9664 -20.8685 -15.2387 6.0418 -19.6495 -15.5989 6.3127 -19.6277 -15.5389 7.1013 -20.5689 -15.0518
3 16 7.19 -20.8829 -14.9323 5.9664 -20.8685 -15.2387 7.1013 -20.5689 -15.0518
3 0 6.0418 -19.6495 -15.5989 6.0617 -19.3281 -15.6939 6.3127 -19.6277 -15.5389
3 0 7.3662 -20.885 -14.8882 7.19 -20.8829 -14.9323 7.1013 -20.5689 -15.0518
4 16 6.3127 -19.6277 -15.5389 6.61 -19.62 -15.4411 6.84 -19.98 -15.2788 7.1013 -20.5689 -15.0518
3 16 7.5939 -20.1644 -14.9825 7.34 -19.57 -15.2082 7.7919 -19.5375 -15.0645
4 0 6.61 -19.62 -15.4411 6.3127 -19.6277 -15.5389 6.0617 -19.3281 -15.6939 7.34 -19.57 -15.2082
4 0 7.34 -19.57 -15.2082 6.0617 -19.3281 -15.6939 7.8789 -19.2621 -15.1005 7.7919 -19.5375 -15.0645
4 0 7.34 -19.57 -15.2082 7.5939 -20.1644 -14.9825 6.84 -19.98 -15.2788 6.61 -19.62 -15.4411
4 0 7.1013 -20.5689 -15.0518 6.84 -19.98 -15.2788 7.5939 -20.1644 -14.9825 7.3662 -20.885 -14.8882
4 0 6.0617 -19.3281 -15.6939 6.4822 -19.0029 -15.6561 7.2606 -18.9389 -15.4134 7.8789 -19.2621 -15.1005
3 15 6.4822 -19.0029 -15.6561 6.8455 -18.7219 -15.6234 7.2606 -18.9389 -15.4134
3 15 9.1239 -18.5485 -14.3024 8.0856 -17.5775 -14.8967 9.7624 -16.6981 -13.5139
4 15 6.8455 -18.7219 -15.6234 6.8116 -17.7156 -15.5776 8.0856 -17.5775 -14.8967 7.9335 -18.8167 -15.0466
3 0 7.8789 -19.2621 -15.1005 7.2606 -18.9389 -15.4134 7.9335 -18.8167 -15.0466
3 15 7.2606 -18.9389 -15.4134 6.8455 -18.7219 -15.6234 7.9335 -18.8167 -15.0466
3 15 6.8116 -17.7156 -15.5776 7.1617 -16.4779 -15.1388 8.0856 -17.5775 -14.8967
3 15 8.0856 -17.5775 -14.8967 7.1617 -16.4779 -15.1388 8.1027 -15.5243 -14.2814
3 15 9.7624 -16.6981 -13.5139 8.1027 -15.5243 -14.2814 9.1765 -15.6901 -13.5883
3 15 8.0856 -17.5775 -14.8967 8.1027 -15.5243 -14.2814 9.7624 -16.6981 -13.5139
3 0 7.8789 -19.2621 -15.1005 8.42 -18.74 -14.744 9.1239 -18.5485 -14.3024
3 0 7.8789 -19.2621 -15.1005 7.9335 -18.8167 -15.0466 8.42 -18.74 -14.744
4 15 8.42 -18.74 -14.744 7.9335 -18.8167 -15.0466 8.0856 -17.5775 -14.8967 9.1239 -18.5485 -14.3024
3 15 7.1617 -16.4779 -15.1388 6.1095 -14.6368 -14.5763 8.1027 -15.5243 -14.2814
4 15 7.2284 -12.8367 -12.816 8.562 -12.9243 -11.8369 9.1765 -15.6901 -13.5883 8.1027 -15.5243 -14.2814
3 15 8.1027 -15.5243 -14.2814 5.9568 -12.946 -13.6125 7.2284 -12.8367 -12.816
3 15 6.1095 -14.6368 -14.5763 3.9263 -14.0457 -14.5475 4.8678 -13.4708 -14.1348
3 15 6.1095 -14.6368 -14.5763 4.8678 -13.4708 -14.1348 5.9568 -12.946 -13.6125
3 15 8.1027 -15.5243 -14.2814 6.1095 -14.6368 -14.5763 5.9568 -12.946 -13.6125
3 0 3.5641 -17.4687 -15.469 3.3357 -17.3165 -15.3928 3.4789 -17.2646 -15.4236
4 15 2.8629 -15.7884 -15.0951 3.4789 -17.2646 -15.4236 3.3357 -17.3165 -15.3928 2.2931 -16.6218 -15.045
3 0 4.7952 -18.6613 -15.7173 3.5641 -17.4687 -15.469 4.8072 -17.7411 -15.644
3 16 5.9664 -20.8685 -15.2387 5.5032 -19.6988 -15.5431 6.0418 -19.6495 -15.5989
4 0 5.5032 -19.6988 -15.5431 5.3334 -19.2701 -15.6547 6.0617 -19.3281 -15.6939 6.0418 -19.6495 -15.5989
3 16 5.88 -21.9672 -14.5734 5.9664 -20.8685 -15.2387 6.5778 -21.5623 -14.7506
4 0 4.7952 -18.6613 -15.7173 4.9617 -18.8497 -15.6979 4.87 -19.05 -15.6252 3.4468 -19.2138 -15.3042
4 0 5.3334 -19.2701 -15.6547 3.4468 -19.2138 -15.3042 4.87 -19.05 -15.6252 5.1531 -19.0661 -15.6757
3 15 5.1531 -19.0661 -15.6757 4.87 -19.05 -15.6252 4.9617 -18.8497 -15.6979
4 16 4.4926 -19.8899 -15.3003 3.7378 -20.4464 -14.9822 3.5665 -19.7208 -15.1718 4.41 -19.7 -15.3426
4 0 4.41 -19.7 -15.3426 3.5665 -19.7208 -15.1718 3.4468 -19.2138 -15.3042 5.3334 -19.2701 -15.6547
3 0 4.4926 -19.8899 -15.3003 4.41 -19.7 -15.3426 5.3334 -19.2701 -15.6547
3 15 1.4674 -19.0254 -14.1336 1.6901 -17.6422 -14.598 2.4181 -18.2631 -14.9259
3 15 2.4181 -18.2631 -14.9259 1.6901 -17.6422 -14.598 2.2931 -16.6218 -15.045
4 16 2.5518 -20.7881 -14.2681 1.5268 -20.0624 -13.8137 2.2192 -19.6885 -14.4596 2.489 -19.7024 -14.6487
3 0 2.489 -19.7024 -14.6487 2.2192 -19.6885 -14.4596 2.4801 -19.5477 -14.7029
4 16 4.8122 -21.3198 -14.9649 3.7378 -20.4464 -14.9822 4.4926 -19.8899 -15.3003 4.9716 -20.6928 -15.1759
3 16 4.9716 -20.6928 -15.1759 4.4926 -19.8899 -15.3003 4.81 -20.32 -15.2467
4 0 4.4926 -19.8899 -15.3003 5.3334 -19.2701 -15.6547 5.2226 -19.7057 -15.5081 4.81 -20.32 -15.2467
3 0 4.9716 -20.6928 -15.1759 4.81 -20.32 -15.2467 5.2226 -19.7057 -15.5081
3 16 4.8122 -21.3198 -14.9649 4.9716 -20.6928 -15.1759 5.1892 -21.1724 -15.0543
4 16 5.9664 -20.8685 -15.2387 5.6907 -20.9763 -15.1733 5.54 -20.44 -15.3201 5.5032 -19.6988 -15.5431
3 16 5.54 -20.44 -15.3201 5.2226 -19.7057 -15.5081 5.5032 -19.6988 -15.5431
4 0 4.9716 -20.6928 -15.1759 5.2226 -19.7057 -15.5081 5.54 -20.44 -15.3201 5.1892 -21.1724 -15.0543
3 0 5.1892 -21.1724 -15.0543 5.54 -20.44 -15.3201 5.6907 -20.9763 -15.1733
3 0 5.2226 -19.7057 -15.5081 5.3334 -19.2701 -15.6547 5.5032 -19.6988 -15.5431
3 16 5.34 -21.42 -14.9045 4.8122 -21.3198 -14.9649 5.1892 -21.1724 -15.0543
4 16 4.8122 -21.3198 -14.9649 5.34 -21.42 -14.9045 5.51 -21.58 -14.8077 5.88 -21.9672 -14.5734
3 16 5.88 -21.9672 -14.5734 5.51 -21.58 -14.8077 5.64 -21.58 -14.8077
3 16 5.88 -21.9672 -14.5734 5.64 -21.58 -14.8077 5.71 -21.44 -14.8925
4 16 5.9664 -20.8685 -15.2387 5.88 -21.9672 -14.5734 5.71 -21.44 -14.8925 5.6907 -20.9763 -15.1733
4 0 5.34 -21.42 -14.9045 5.1892 -21.1724 -15.0543 5.6907 -20.9763 -15.1733 5.51 -21.58 -14.8077
4 0 5.64 -21.58 -14.8077 5.51 -21.58 -14.8077 5.6907 -20.9763 -15.1733 5.71 -21.44 -14.8925
3 16 4.8315 -22.5599 -14.0916 4.8122 -21.3198 -14.9649 5.88 -21.9672 -14.5734
3 16 4.0219 -23.0572 -13.4574 3.1078 -22.5345 -13.529 3.5567 -21.8584 -14.2216
3 16 5.067 -23.4354 -13.2842 4.0219 -23.0572 -13.4574 4.8315 -22.5599 -14.0916
4 16 2.5518 -20.7881 -14.2681 2.3625 -21.8502 -13.5913 1.9004 -21.0236 -13.6353 1.5268 -20.0624 -13.8137
3 16 3.5567 -21.8584 -14.2216 2.3625 -21.8502 -13.5913 2.5518 -20.7881 -14.2681
3 16 6.2452 -23.5138 -13.1187 5.9818 -22.766 -13.8418 7.1004 -22.3556 -13.9073
3 15 6.8116 -17.7156 -15.5776 6.1648 -17.1783 -15.6093 7.1617 -16.4779 -15.1388
3 15 6.1648 -17.1783 -15.6093 6.1095 -14.6368 -14.5763 7.1617 -16.4779 -15.1388
3 15 6.1648 -17.1783 -15.6093 4.8214 -15.3841 -15.0561 6.1095 -14.6368 -14.5763
3 15 4.8214 -15.3841 -15.0561 3.3544 -14.9218 -14.8914 3.9263 -14.0457 -14.5475
3 16 2.5518 -20.7881 -14.2681 3.0224 -20.043 -14.7863 3.7378 -20.4464 -14.9822
3 15 9.9157 -15.677 -12.6417 8.562 -12.9243 -11.8369 9.998 -13.87 -10.9254
3 15 9.7624 -16.6981 -13.5139 9.9157 -15.677 -12.6417 10.852 -15.4349 -10.5878
3 15 9.1765 -15.6901 -13.5883 8.562 -12.9243 -11.8369 9.9157 -15.677 -12.6417
3 15 9.7624 -16.6981 -13.5139 9.1765 -15.6901 -13.5883 9.9157 -15.677 -12.6417
4 15 9.7624 -16.6981 -13.5139 10.852 -15.4349 -10.5878 10.3369 -18.1575 -12.7334 10.1172 -18.2684 -13.2719
3 0 10.2253 -18.7471 -13.1982 10.1172 -18.2684 -13.2719 10.3369 -18.1575 -12.7334
3 15 9.1239 -18.5485 -14.3024 9.7624 -16.6981 -13.5139 10.1172 -18.2684 -13.2719
3 0 10.2253 -18.7471 -13.1982 9.1239 -18.5485 -14.3024 10.1172 -18.2684 -13.2719
3 15 9.9157 -15.677 -12.6417 9.998 -13.87 -10.9254 10.852 -15.4349 -10.5878
3 15 11.0063 -17.2651 -11.0574 10.852 -15.4349 -10.5878 11.1001 -16.729 -10.3333
4 15 10.6131 -18.0111 -12.1352 10.3369 -18.1575 -12.7334 10.852 -15.4349 -10.5878 11.0063 -17.2651 -11.0574
3 0 10.2253 -18.7471 -13.1982 10.3369 -18.1575 -12.7334 10.6131 -18.0111 -12.1352
3 15 10.6131 -18.0111 -12.1352 11.0063 -17.2651 -11.0574 11.1337 -17.6989 -10.7666
4 0 10.6131 -18.0111 -12.1352 11.1337 -17.6989 -10.7666 11.2997 -18.2644 -10.3878 10.2253 -18.7471 -13.1982
4 15 11.0063 -17.2651 -11.0574 11.1001 -16.729 -10.3333 11.2165 -17.6244 -10.3651 11.1337 -17.6989 -10.7666
3 0 11.2997 -18.2644 -10.3878 11.1337 -17.6989 -10.7666 11.2165 -17.6244 -10.3651
4 16 11.2997 -18.2644 -10.3878 11.0863 -19.5634 -10.5928 10.8248 -19.3155 -11.3841 10.87 -18.61 -11.467
3 16 10.6094 -19.1112 -12.0359 10.353 -18.8682 -12.8118 10.64 -18.74 -12.0608
4 0 10.64 -18.74 -12.0608 10.353 -18.8682 -12.8118 10.2253 -18.7471 -13.1982 10.87 -18.61 -11.467
3 0 10.2253 -18.7471 -13.1982 11.2997 -18.2644 -10.3878 10.87 -18.61 -11.467
4 0 10.64 -18.74 -12.0608 10.87 -18.61 -11.467 10.8248 -19.3155 -11.3841 10.6094 -19.1112 -12.0359
4 16 10.6094 -19.1112 -12.0359 10.61 -19.69 -11.8256 10.2589 -18.9102 -13.0492 10.353 -18.8682 -12.8118
4 16 10.2589 -18.9102 -13.0492 10.61 -19.69 -11.8256 10.69 -20.08 -11.4703 10.6613 -20.8667 -11.2637
3 16 10.6613 -20.8667 -11.2637 10.69 -20.08 -11.4703 10.78 -20.13 -11.2107
4 16 11.0863 -19.5634 -10.5928 10.6613 -20.8667 -11.2637 10.78 -20.13 -11.2107 10.82 -19.94 -11.1718
3 16 10.82 -19.94 -11.1718 10.8248 -19.3155 -11.3841 11.0863 -19.5634 -10.5928
3 0 10.2589 -18.9102 -13.0492 10.2253 -18.7471 -13.1982 10.353 -18.8682 -12.8118
4 0 10.61 -19.69 -11.8256 10.6094 -19.1112 -12.0359 10.8248 -19.3155 -11.3841 10.82 -19.94 -11.1718
4 0 10.69 -20.08 -11.4703 10.61 -19.69 -11.8256 10.82 -19.94 -11.1718 10.78 -20.13 -11.2107
4 16 8.8729 -20.1491 -14.2042 8.1158 -19.4735 -14.8869 8.79 -19.29 -14.4186 8.9621 -19.5803 -14.2391
3 0 8.9621 -19.5803 -14.2391 8.79 -19.29 -14.4186 9.1239 -18.5485 -14.3024
4 0 9.1239 -18.5485 -14.3024 8.79 -19.29 -14.4186 8.1158 -19.4735 -14.8869 7.8789 -19.2621 -15.1005
3 16 8.8729 -20.1491 -14.2042 8.9621 -19.5803 -14.2391 9.1163 -19.8968 -14.0232
3 16 9.4947 -19.5045 -13.7417 9.36 -19.21 -13.9341 9.9759 -19.0057 -13.3837
4 0 9.1163 -19.8968 -14.0232 8.9621 -19.5803 -14.2391 9.36 -19.21 -13.9341 9.4947 -19.5045 -13.7417
3 0 8.9621 -19.5803 -14.2391 9.1239 -18.5485 -14.3024 9.36 -19.21 -13.9341
4 0 9.1239 -18.5485 -14.3024 10.2253 -18.7471 -13.1982 9.9759 -19.0057 -13.3837 9.36 -19.21 -13.9341
4 16 8.8729 -20.1491 -14.2042 9.1163 -19.8968 -14.0232 9.2 -20.31 -13.7098 9.25 -20.69 -13.4558
3 16 9.3716 -21.3004 -12.9955 8.8729 -20.1491 -14.2042 9.25 -20.69 -13.4558
4 16 9.9759 -19.0057 -13.3837 10.1597 -18.9432 -13.1827 9.5952 -20.6317 -13.0486 9.59 -19.97 -13.3874
3 16 9.59 -19.97 -13.3874 9.4947 -19.5045 -13.7417 9.9759 -19.0057 -13.3837
3 16 9.3716 -21.3004 -12.9955 9.25 -20.69 -13.4558 9.41 -20.88 -13.1581
3 16 9.3716 -21.3004 -12.9955 9.41 -20.88 -13.1581 9.528 -20.8327 -13.0326
4 0 9.1163 -19.8968 -14.0232 9.4947 -19.5045 -13.7417 9.59 -19.97 -13.3874 9.2 -20.31 -13.7098
4 0 9.2 -20.31 -13.7098 9.59 -19.97 -13.3874 9.5952 -20.6317 -13.0486 9.25 -20.69 -13.4558
4 0 9.25 -20.69 -13.4558 9.5952 -20.6317 -13.0486 9.528 -20.8327 -13.0326 9.41 -20.88 -13.1581
3 0 9.9759 -19.0057 -13.3837 10.2253 -18.7471 -13.1982 10.1597 -18.9432 -13.1827
3 16 8.6579 -22.7141 -12.4469 9.3716 -21.3004 -12.9955 9.7509 -21.9088 -11.9131
3 16 9.3716 -21.3004 -12.9955 9.528 -20.8327 -13.0326 10.6613 -20.8667 -11.2637
3 16 10.6613 -20.8667 -11.2637 9.528 -20.8327 -13.0326 9.5952 -20.6317 -13.0486
4 16 10.6613 -20.8667 -11.2637 9.5952 -20.6317 -13.0486 10.1597 -18.9432 -13.1827 10.2589 -18.9102 -13.0492
3 0 10.1597 -18.9432 -13.1827 10.2253 -18.7471 -13.1982 10.2589 -18.9102 -13.0492
3 16 9.7509 -21.9088 -11.9131 9.3716 -21.3004 -12.9955 10.6613 -20.8667 -11.2637
3 16 8.6579 -22.7141 -12.4469 8.3602 -21.5672 -13.8017 9.3716 -21.3004 -12.9955
3 16 8.3602 -21.5672 -13.8017 8.8729 -20.1491 -14.2042 9.3716 -21.3004 -12.9955
3 15 4.9977 -18.1833 -15.6902 4.8072 -17.7411 -15.644 5.4251 -17.1742 -15.633
3 0 4.7952 -18.6613 -15.7173 4.8072 -17.7411 -15.644 4.9977 -18.1833 -15.6902
4 15 6.0858 -19.0405 -15.7124 5.8496 -19.0403 -15.7341 5.5309 -18.6079 -15.7946 6.1625 -18.1286 -15.7712
3 0 6.0617 -19.3281 -15.6939 5.8496 -19.0403 -15.7341 6.0858 -19.0405 -15.7124
3 15 6.8455 -18.7219 -15.6234 6.1625 -18.1286 -15.7712 6.8116 -17.7156 -15.5776
3 0 6.0617 -19.3281 -15.6939 6.0858 -19.0405 -15.7124 6.4822 -19.0029 -15.6561
4 15 6.1625 -18.1286 -15.7712 6.8455 -18.7219 -15.6234 6.4822 -19.0029 -15.6561 6.0858 -19.0405 -15.7124
3 15 5.5309 -18.6079 -15.7946 5.4251 -17.1742 -15.633 6.1625 -18.1286 -15.7712
4 15 5.5309 -18.6079 -15.7946 4.9898 -18.6472 -15.7377 4.9977 -18.1833 -15.6902 5.4251 -17.1742 -15.633
3 0 4.7952 -18.6613 -15.7173 4.9977 -18.1833 -15.6902 4.9898 -18.6472 -15.7377
3 0 5.3334 -19.2701 -15.6547 5.1531 -19.0661 -15.6757 5.4019 -19.0406 -15.7032
4 15 5.4019 -19.0406 -15.7032 5.1531 -19.0661 -15.6757 4.9617 -18.8497 -15.6979 5.5309 -18.6079 -15.7946
3 15 4.9617 -18.8497 -15.6979 4.9898 -18.6472 -15.7377 5.5309 -18.6079 -15.7946
3 0 4.9617 -18.8497 -15.6979 4.7952 -18.6613 -15.7173 4.9898 -18.6472 -15.7377
4 0 5.3334 -19.2701 -15.6547 5.4019 -19.0406 -15.7032 5.8496 -19.0403 -15.7341 6.0617 -19.3281 -15.6939
3 15 5.4019 -19.0406 -15.7032 5.5309 -18.6079 -15.7946 5.8496 -19.0403 -15.7341
3 15 6.1625 -18.1286 -15.7712 5.4251 -17.1742 -15.633 6.1648 -17.1783 -15.6093
3 15 6.1625 -18.1286 -15.7712 6.1648 -17.1783 -15.6093 6.8116 -17.7156 -15.5776
3 16 -4.0219 -23.0572 -13.4574 -4.8315 -22.5599 -14.0916 -3.5567 -21.8584 -14.2216
4 16 -7.1004 -22.3556 -13.9073 -6.5778 -21.5623 -14.7506 -5.88 -21.9672 -14.5734 -5.9818 -22.766 -13.8418
3 16 -6.2452 -23.5138 -13.1187 -5.9818 -22.766 -13.8418 -5.067 -23.4354 -13.2842
3 16 -4.8315 -22.5599 -14.0916 -4.8122 -21.3198 -14.9649 -3.5567 -21.8584 -14.2216
4 16 -5.9818 -22.766 -13.8418 -5.88 -21.9672 -14.5734 -4.8315 -22.5599 -14.0916 -5.067 -23.4354 -13.2842
3 16 -3.5567 -21.8584 -14.2216 -3.7378 -20.4464 -14.9822 -2.5518 -20.7881 -14.2681
3 0 -2.4801 -19.5477 -14.7029 -2.4556 -19.0407 -14.7909 -1.4674 -19.0254 -14.1336
3 15 -2.4556 -19.0407 -14.7909 -2.4181 -18.2631 -14.9259 -1.4674 -19.0254 -14.1336
4 0 -2.4556 -19.0407 -14.7909 -2.4801 -19.5477 -14.7029 -3.4468 -19.2138 -15.3042 -3.2229 -19.0069 -15.2219
3 15 -2.4556 -19.0407 -14.7909 -3.2229 -19.0069 -15.2219 -2.4181 -18.2631 -14.9259
3 16 -3.5567 -21.8584 -14.2216 -4.8122 -21.3198 -14.9649 -3.7378 -20.4464 -14.9822
3 16 -3.1078 -22.5345 -13.529 -3.5567 -21.8584 -14.2216 -2.3625 -21.8502 -13.5913
4 16 -2.6381 -19.692 -14.7272 -2.489 -19.7024 -14.6487 -2.5518 -20.7881 -14.2681 -3.0224 -20.043 -14.7863
3 0 -2.489 -19.7024 -14.6487 -2.6381 -19.692 -14.7272 -2.4801 -19.5477 -14.7029
4 16 -3.5665 -19.7208 -15.1718 -3.1882 -19.7191 -14.9886 -3.0224 -20.043 -14.7863 -3.7378 -20.4464 -14.9822
3 0 -3.5665 -19.7208 -15.1718 -3.4468 -19.2138 -15.3042 -3.1882 -19.7191 -14.9886
3 15 -2.4181 -18.2631 -14.9259 -3.5641 -17.4687 -15.469 -2.2931 -16.6218 -15.045
3 16 -3.0224 -20.043 -14.7863 -3.1882 -19.7191 -14.9886 -2.6381 -19.692 -14.7272
4 0 -3.4468 -19.2138 -15.3042 -2.4801 -19.5477 -14.7029 -2.6381 -19.692 -14.7272 -3.1882 -19.7191 -14.9886
3 16 -1.5268 -20.0624 -13.8137 -2.2192 -19.6885 -14.4596 -1.5061 -19.7014 -13.9251
4 0 -1.4674 -19.0254 -14.1336 -1.5061 -19.7014 -13.9251 -2.2192 -19.6885 -14.4596 -2.4801 -19.5477 -14.7029
3 15 -4.8072 -17.7411 -15.644 -4.4485 -16.4457 -15.3961 -3.5641 -17.4687 -15.469
3 0 -3.4468 -19.2138 -15.3042 -3.4605 -19.01 -15.3235 -3.2229 -19.0069 -15.2219
4 15 -3.5641 -17.4687 -15.469 -2.4181 -18.2631 -14.9259 -3.2229 -19.0069 -15.2219 -3.4605 -19.01 -15.3235
3 0 -3.4468 -19.2138 -15.3042 -3.927 -19.0171 -15.4513 -3.4605 -19.01 -15.3235
4 15 -3.4605 -19.01 -15.3235 -3.927 -19.0171 -15.4513 -4.7952 -18.6613 -15.7173 -3.5641 -17.4687 -15.469
3 15 -4.4485 -16.4457 -15.3961 -4.8214 -15.3841 -15.0561 -3.3544 -14.9218 -14.8914
3 15 -4.8214 -15.3841 -15.0561 -6.1095 -14.6368 -14.5763 -3.9263 -14.0457 -14.5475
3 15 -6.1648 -17.1783 -15.6093 -4.8214 -15.3841 -15.0561 -4.4485 -16.4457 -15.3961
3 15 -3.5641 -17.4687 -15.469 -4.4485 -16.4457 -15.3961 -2.8629 -15.7884 -15.0951
3 15 -4.8072 -17.7411 -15.644 -5.4251 -17.1742 -15.633 -4.4485 -16.4457 -15.3961
3 15 -4.4485 -16.4457 -15.3961 -3.3544 -14.9218 -14.8914 -2.8629 -15.7884 -15.0951
3 15 -6.1648 -17.1783 -15.6093 -4.4485 -16.4457 -15.3961 -5.4251 -17.1742 -15.633
4 16 -7.19 -20.8829 -14.9323 -5.9664 -20.8685 -15.2387 -6.5778 -21.5623 -14.7506 -7.2417 -20.992 -14.8665
3 0 -7.2417 -20.992 -14.8665 -7.3662 -20.885 -14.8882 -7.19 -20.8829 -14.9323
4 16 -7.3225 -21.1268 -14.7269 -7.2417 -20.992 -14.8665 -6.5778 -21.5623 -14.7506 -7.1004 -22.3556 -13.9073
3 0 -7.3225 -21.1268 -14.7269 -7.3662 -20.885 -14.8882 -7.2417 -20.992 -14.8665
3 16 -7.1004 -22.3556 -13.9073 -7.53 -21.35 -14.438 -7.3225 -21.1268 -14.7269
4 16 -7.68 -21.34 -14.3609 -7.53 -21.35 -14.438 -7.1004 -22.3556 -13.9073 -8.3602 -21.5672 -13.8017
3 16 -8.3602 -21.5672 -13.8017 -7.7393 -21.1411 -14.4804 -7.68 -21.34 -14.3609
4 0 -7.7393 -21.1411 -14.4804 -7.3662 -20.885 -14.8882 -7.3225 -21.1268 -14.7269 -7.53 -21.35 -14.438
3 0 -7.53 -21.35 -14.438 -7.68 -21.34 -14.3609 -7.7393 -21.1411 -14.4804
3 16 -8.6579 -22.7141 -12.4469 -8.3602 -21.5672 -13.8017 -7.1004 -22.3556 -13.9073
3 16 -6.2452 -23.5138 -13.1187 -7.4543 -23.2377 -12.8515 -7.1004 -22.3556 -13.9073
3 16 -7.4543 -23.2377 -12.8515 -8.6579 -22.7141 -12.4469 -7.1004 -22.3556 -13.9073
4 16 -7.7393 -21.1411 -14.4804 -8.3602 -21.5672 -13.8017 -8.8729 -20.1491 -14.2042 -7.737 -20.7039 -14.7199
3 0 -7.7393 -21.1411 -14.4804 -7.737 -20.7039 -14.7199 -7.3662 -20.885 -14.8882
4 16 -7.737 -20.7039 -14.7199 -8.8729 -20.1491 -14.2042 -8.1158 -19.4735 -14.8869 -7.5939 -20.1644 -14.9825
3 16 -7.5939 -20.1644 -14.9825 -8.1158 -19.4735 -14.8869 -7.7919 -19.5375 -15.0645
3 0 -7.3662 -20.885 -14.8882 -7.737 -20.7039 -14.7199 -7.5939 -20.1644 -14.9825
3 0 -7.7919 -19.5375 -15.0645 -8.1158 -19.4735 -14.8869 -7.8789 -19.2621 -15.1005
4 16 -6.3127 -19.6277 -15.5389 -6.0418 -19.6495 -15.5989 -5.9664 -20.8685 -15.2387 -7.1013 -20.5689 -15.0518
3 16 -7.19 -20.8829 -14.9323 -7.1013 -20.5689 -15.0518 -5.9664 -20.8685 -15.2387
3 0 -6.0418 -19.6495 -15.5989 -6.3127 -19.6277 -15.5389 -6.0617 -19.3281 -15.6939
3 0 -7.3662 -20.885 -14.8882 -7.1013 -20.5689 -15.0518 -7.19 -20.8829 -14.9323
4 16 -6.84 -19.98 -15.2788 -6.61 -19.62 -15.4411 -6.3127 -19.6277 -15.5389 -7.1013 -20.5689 -15.0518
3 16 -7.5939 -20.1644 -14.9825 -7.7919 -19.5375 -15.0645 -7.34 -19.57 -15.2082
4 0 -6.0617 -19.3281 -15.6939 -6.3127 -19.6277 -15.5389 -6.61 -19.62 -15.4411 -7.34 -19.57 -15.2082
4 0 -7.8789 -19.2621 -15.1005 -6.0617 -19.3281 -15.6939 -7.34 -19.57 -15.2082 -7.7919 -19.5375 -15.0645
4 0 -6.84 -19.98 -15.2788 -7.5939 -20.1644 -14.9825 -7.34 -19.57 -15.2082 -6.61 -19.62 -15.4411
4 0 -7.5939 -20.1644 -14.9825 -6.84 -19.98 -15.2788 -7.1013 -20.5689 -15.0518 -7.3662 -20.885 -14.8882
4 0 -6.0617 -19.3281 -15.6939 -7.8789 -19.2621 -15.1005 -7.2606 -18.9389 -15.4134 -6.4822 -19.0029 -15.6561
3 15 -6.4822 -19.0029 -15.6561 -7.2606 -18.9389 -15.4134 -6.8455 -18.7219 -15.6234
3 0 -9.1239 -18.5485 -14.3024 -9.7624 -16.6981 -13.5139 -8.0856 -17.5775 -14.8967
3 0 -7.8789 -19.2621 -15.1005 -7.9335 -18.8167 -15.0466 -7.2606 -18.9389 -15.4134
4 15 -7.2606 -18.9389 -15.4134 -7.9335 -18.8167 -15.0466 -8.0856 -17.5775 -14.8967 -6.8116 -17.7156 -15.5776
3 15 -7.2606 -18.9389 -15.4134 -6.8116 -17.7156 -15.5776 -6.8455 -18.7219 -15.6234
3 15 -6.8116 -17.7156 -15.5776 -8.0856 -17.5775 -14.8967 -7.1617 -16.4779 -15.1388
3 15 -8.0856 -17.5775 -14.8967 -8.1027 -15.5243 -14.2814 -7.1617 -16.4779 -15.1388
3 15 -9.7624 -16.6981 -13.5139 -9.1765 -15.6901 -13.5883 -8.1027 -15.5243 -14.2814
4 0 -8.28 -17.13 -14.6348 -8.0856 -17.5775 -14.8967 -9.7624 -16.6981 -13.5139 -8.89 -16.66 -14.0876
3 0 -9.7624 -16.6981 -13.5139 -9.34 -16.58 -13.7624 -8.89 -16.66 -14.0876
3 15 -8.28 -17.13 -14.6348 -8.89 -16.66 -14.0876 -8.1027 -15.5243 -14.2814
3 15 -8.0856 -17.5775 -14.8967 -8.28 -17.13 -14.6348 -8.1027 -15.5243 -14.2814
3 15 -8.89 -16.66 -14.0876 -9.34 -16.58 -13.7624 -8.1027 -15.5243 -14.2814
3 15 -9.7624 -16.6981 -13.5139 -8.1027 -15.5243 -14.2814 -9.34 -16.58 -13.7624
3 0 -7.8789 -19.2621 -15.1005 -9.1239 -18.5485 -14.3024 -8.48 -18.73 -14.7066
3 0 -7.8789 -19.2621 -15.1005 -8.48 -18.73 -14.7066 -7.9335 -18.8167 -15.0466
4 0 -9.1239 -18.5485 -14.3024 -8.0856 -17.5775 -14.8967 -8.11 -18.1 -14.9055 -8.48 -18.73 -14.7066
3 15 -7.9335 -18.8167 -15.0466 -8.48 -18.73 -14.7066 -8.11 -18.1 -14.9055
3 15 -7.9335 -18.8167 -15.0466 -8.11 -18.1 -14.9055 -8.0856 -17.5775 -14.8967
3 15 -7.1617 -16.4779 -15.1388 -8.1027 -15.5243 -14.2814 -6.1095 -14.6368 -14.5763
4 15 -8.1027 -15.5243 -14.2814 -9.1765 -15.6901 -13.5883 -8.562 -12.9243 -11.8369 -7.2284 -12.8367 -12.816
3 15 -8.1027 -15.5243 -14.2814 -7.2284 -12.8367 -12.816 -5.9568 -12.946 -13.6125
3 15 -6.1095 -14.6368 -14.5763 -4.8678 -13.4708 -14.1348 -3.9263 -14.0457 -14.5475
3 15 -6.1095 -14.6368 -14.5763 -5.9568 -12.946 -13.6125 -4.8678 -13.4708 -14.1348
3 15 -8.1027 -15.5243 -14.2814 -5.9568 -12.946 -13.6125 -6.1095 -14.6368 -14.5763
3 15 -3.5641 -17.4687 -15.469 -2.8629 -15.7884 -15.0951 -2.2931 -16.6218 -15.045
3 15 -4.7952 -18.6613 -15.7173 -4.8072 -17.7411 -15.644 -3.5641 -17.4687 -15.469
3 16 -5.9664 -20.8685 -15.2387 -6.0418 -19.6495 -15.5989 -5.5032 -19.6988 -15.5431
4 0 -6.0617 -19.3281 -15.6939 -5.3334 -19.2701 -15.6547 -5.5032 -19.6988 -15.5431 -6.0418 -19.6495 -15.5989
3 16 -5.88 -21.9672 -14.5734 -6.5778 -21.5623 -14.7506 -5.9664 -20.8685 -15.2387
4 0 -5.3334 -19.2701 -15.6547 -5.1262 -19.0357 -15.6788 -3.927 -19.0171 -15.4513 -3.4468 -19.2138 -15.3042
3 15 -5.1262 -19.0357 -15.6788 -4.7952 -18.6613 -15.7173 -3.927 -19.0171 -15.4513
4 16 -3.5665 -19.7208 -15.1718 -3.7378 -20.4464 -14.9822 -4.4926 -19.8899 -15.3003 -4.41 -19.7 -15.3426
4 0 -3.4468 -19.2138 -15.3042 -3.5665 -19.7208 -15.1718 -4.41 -19.7 -15.3426 -5.3334 -19.2701 -15.6547
3 0 -4.4926 -19.8899 -15.3003 -5.3334 -19.2701 -15.6547 -4.41 -19.7 -15.3426
3 15 -1.4674 -19.0254 -14.1336 -2.4181 -18.2631 -14.9259 -1.6901 -17.6422 -14.598
3 15 -2.4181 -18.2631 -14.9259 -2.2931 -16.6218 -15.045 -1.6901 -17.6422 -14.598
4 16 -2.2192 -19.6885 -14.4596 -1.5268 -20.0624 -13.8137 -2.5518 -20.7881 -14.2681 -2.489 -19.7024 -14.6487
3 0 -2.489 -19.7024 -14.6487 -2.4801 -19.5477 -14.7029 -2.2192 -19.6885 -14.4596
4 16 -4.4926 -19.8899 -15.3003 -3.7378 -20.4464 -14.9822 -4.8122 -21.3198 -14.9649 -4.9716 -20.6928 -15.1759
3 16 -4.9716 -20.6928 -15.1759 -4.81 -20.32 -15.2467 -4.4926 -19.8899 -15.3003
4 0 -5.2226 -19.7057 -15.5081 -5.3334 -19.2701 -15.6547 -4.4926 -19.8899 -15.3003 -4.81 -20.32 -15.2467
3 0 -4.9716 -20.6928 -15.1759 -5.2226 -19.7057 -15.5081 -4.81 -20.32 -15.2467
3 16 -4.8122 -21.3198 -14.9649 -5.1892 -21.1724 -15.0543 -4.9716 -20.6928 -15.1759
4 16 -5.54 -20.44 -15.3201 -5.6907 -20.9763 -15.1733 -5.9664 -20.8685 -15.2387 -5.5032 -19.6988 -15.5431
3 16 -5.54 -20.44 -15.3201 -5.5032 -19.6988 -15.5431 -5.2226 -19.7057 -15.5081
4 0 -5.54 -20.44 -15.3201 -5.2226 -19.7057 -15.5081 -4.9716 -20.6928 -15.1759 -5.1892 -21.1724 -15.0543
3 0 -5.1892 -21.1724 -15.0543 -5.6907 -20.9763 -15.1733 -5.54 -20.44 -15.3201
3 0 -5.2226 -19.7057 -15.5081 -5.5032 -19.6988 -15.5431 -5.3334 -19.2701 -15.6547
3 16 -5.34 -21.42 -14.9045 -5.1892 -21.1724 -15.0543 -4.8122 -21.3198 -14.9649
4 16 -5.51 -21.58 -14.8077 -5.34 -21.42 -14.9045 -4.8122 -21.3198 -14.9649 -5.88 -21.9672 -14.5734
3 16 -5.88 -21.9672 -14.5734 -5.64 -21.58 -14.8077 -5.51 -21.58 -14.8077
3 16 -5.88 -21.9672 -14.5734 -5.71 -21.44 -14.8925 -5.64 -21.58 -14.8077
4 16 -5.71 -21.44 -14.8925 -5.88 -21.9672 -14.5734 -5.9664 -20.8685 -15.2387 -5.6907 -20.9763 -15.1733
4 0 -5.6907 -20.9763 -15.1733 -5.1892 -21.1724 -15.0543 -5.34 -21.42 -14.9045 -5.51 -21.58 -14.8077
4 0 -5.6907 -20.9763 -15.1733 -5.51 -21.58 -14.8077 -5.64 -21.58 -14.8077 -5.71 -21.44 -14.8925
3 16 -4.8315 -22.5599 -14.0916 -5.88 -21.9672 -14.5734 -4.8122 -21.3198 -14.9649
3 16 -4.0219 -23.0572 -13.4574 -3.5567 -21.8584 -14.2216 -3.1078 -22.5345 -13.529
3 16 -5.067 -23.4354 -13.2842 -4.8315 -22.5599 -14.0916 -4.0219 -23.0572 -13.4574
3 16 -2.3625 -21.8502 -13.5913 -1.9652 -21.0002 -13.6982 -1.9004 -21.0236 -13.6353
3 16 -1.9004 -21.0236 -13.6353 -1.9652 -21.0002 -13.6982 -1.5268 -20.0624 -13.8137
3 16 -2.3625 -21.8502 -13.5913 -2.5518 -20.7881 -14.2681 -1.9652 -21.0002 -13.6982
3 16 -1.9652 -21.0002 -13.6982 -2.5518 -20.7881 -14.2681 -1.5268 -20.0624 -13.8137
3 16 -3.5567 -21.8584 -14.2216 -2.5518 -20.7881 -14.2681 -2.3625 -21.8502 -13.5913
3 16 -6.2452 -23.5138 -13.1187 -7.1004 -22.3556 -13.9073 -5.9818 -22.766 -13.8418
3 15 -6.8116 -17.7156 -15.5776 -7.1617 -16.4779 -15.1388 -6.1648 -17.1783 -15.6093
3 15 -6.1648 -17.1783 -15.6093 -7.1617 -16.4779 -15.1388 -6.1095 -14.6368 -14.5763
3 15 -6.1648 -17.1783 -15.6093 -6.1095 -14.6368 -14.5763 -4.8214 -15.3841 -15.0561
3 15 -4.8214 -15.3841 -15.0561 -3.9263 -14.0457 -14.5475 -3.3544 -14.9218 -14.8914
3 16 -2.5518 -20.7881 -14.2681 -3.7378 -20.4464 -14.9822 -3.0224 -20.043 -14.7863
3 15 -9.9157 -15.677 -12.6417 -9.998 -13.87 -10.9254 -8.562 -12.9243 -11.8369
3 15 -9.7624 -16.6981 -13.5139 -10.852 -15.4349 -10.5878 -9.9157 -15.677 -12.6417
3 15 -9.1765 -15.6901 -13.5883 -9.9157 -15.677 -12.6417 -8.562 -12.9243 -11.8369
3 15 -9.7624 -16.6981 -13.5139 -9.9157 -15.677 -12.6417 -9.1765 -15.6901 -13.5883
3 0 -10.2253 -18.7471 -13.1982 -10.3369 -18.1575 -12.7334 -10.24 -18.21 -12.9722
4 0 -9.7624 -16.6981 -13.5139 -10.2253 -18.7471 -13.1982 -10.24 -18.21 -12.9722 -10.24 -17.73 -12.8
3 0 -10.24 -17.73 -12.8 -10.08 -17.16 -12.9587 -9.7624 -16.6981 -13.5139
3 15 -10.08 -17.16 -12.9587 -10.852 -15.4349 -10.5878 -9.7624 -16.6981 -13.5139
3 15 -10.24 -17.73 -12.8 -10.852 -15.4349 -10.5878 -10.08 -17.16 -12.9587
4 15 -10.3369 -18.1575 -12.7334 -10.852 -15.4349 -10.5878 -10.24 -17.73 -12.8 -10.24 -18.21 -12.9722
3 0 -10.2253 -18.7471 -13.1982 -9.7624 -16.6981 -13.5139 -9.1239 -18.5485 -14.3024
3 15 -9.9157 -15.677 -12.6417 -10.852 -15.4349 -10.5878 -9.998 -13.87 -10.9254
3 15 -11.0063 -17.2651 -11.0574 -11.1001 -16.729 -10.3333 -10.852 -15.4349 -10.5878
4 15 -10.852 -15.4349 -10.5878 -10.3369 -18.1575 -12.7334 -10.6131 -18.0111 -12.1352 -11.0063 -17.2651 -11.0574
3 0 -10.2253 -18.7471 -13.1982 -10.6131 -18.0111 -12.1352 -10.3369 -18.1575 -12.7334
3 15 -10.6131 -18.0111 -12.1352 -11.1337 -17.6989 -10.7666 -11.0063 -17.2651 -11.0574
4 0 -11.2997 -18.2644 -10.3878 -11.1337 -17.6989 -10.7666 -10.6131 -18.0111 -12.1352 -10.2253 -18.7471 -13.1982
4 15 -11.2165 -17.6244 -10.3651 -11.1001 -16.729 -10.3333 -11.0063 -17.2651 -11.0574 -11.1337 -17.6989 -10.7666
3 0 -11.2997 -18.2644 -10.3878 -11.2165 -17.6244 -10.3651 -11.1337 -17.6989 -10.7666
4 16 -10.8248 -19.3155 -11.3841 -11.0863 -19.5634 -10.5928 -11.2997 -18.2644 -10.3878 -10.87 -18.61 -11.467
3 16 -10.6094 -19.1112 -12.0359 -10.64 -18.74 -12.0608 -10.353 -18.8682 -12.8118
4 0 -10.2253 -18.7471 -13.1982 -10.353 -18.8682 -12.8118 -10.64 -18.74 -12.0608 -10.87 -18.61 -11.467
3 0 -10.2253 -18.7471 -13.1982 -10.87 -18.61 -11.467 -11.2997 -18.2644 -10.3878
4 0 -10.8248 -19.3155 -11.3841 -10.87 -18.61 -11.467 -10.64 -18.74 -12.0608 -10.6094 -19.1112 -12.0359
4 16 -10.2589 -18.9102 -13.0492 -10.61 -19.69 -11.8256 -10.6094 -19.1112 -12.0359 -10.353 -18.8682 -12.8118
4 16 -10.69 -20.08 -11.4703 -10.61 -19.69 -11.8256 -10.2589 -18.9102 -13.0492 -10.6613 -20.8667 -11.2637
3 16 -10.6613 -20.8667 -11.2637 -10.78 -20.13 -11.2107 -10.69 -20.08 -11.4703
4 16 -10.78 -20.13 -11.2107 -10.6613 -20.8667 -11.2637 -11.0863 -19.5634 -10.5928 -10.82 -19.94 -11.1718
3 16 -10.82 -19.94 -11.1718 -11.0863 -19.5634 -10.5928 -10.8248 -19.3155 -11.3841
3 0 -10.2589 -18.9102 -13.0492 -10.353 -18.8682 -12.8118 -10.2253 -18.7471 -13.1982
4 0 -10.8248 -19.3155 -11.3841 -10.6094 -19.1112 -12.0359 -10.61 -19.69 -11.8256 -10.82 -19.94 -11.1718
4 0 -10.82 -19.94 -11.1718 -10.61 -19.69 -11.8256 -10.69 -20.08 -11.4703 -10.78 -20.13 -11.2107
4 16 -8.79 -19.29 -14.4186 -8.1158 -19.4735 -14.8869 -8.8729 -20.1491 -14.2042 -8.9621 -19.5803 -14.2391
3 0 -8.9621 -19.5803 -14.2391 -9.1239 -18.5485 -14.3024 -8.79 -19.29 -14.4186
4 0 -8.1158 -19.4735 -14.8869 -8.79 -19.29 -14.4186 -9.1239 -18.5485 -14.3024 -7.8789 -19.2621 -15.1005
3 16 -8.8729 -20.1491 -14.2042 -9.1163 -19.8968 -14.0232 -8.9621 -19.5803 -14.2391
3 16 -9.4947 -19.5045 -13.7417 -9.9759 -19.0057 -13.3837 -9.36 -19.21 -13.9341
4 0 -9.36 -19.21 -13.9341 -8.9621 -19.5803 -14.2391 -9.1163 -19.8968 -14.0232 -9.4947 -19.5045 -13.7417
3 0 -8.9621 -19.5803 -14.2391 -9.36 -19.21 -13.9341 -9.1239 -18.5485 -14.3024
4 0 -9.9759 -19.0057 -13.3837 -10.2253 -18.7471 -13.1982 -9.1239 -18.5485 -14.3024 -9.36 -19.21 -13.9341
4 16 -9.2 -20.31 -13.7098 -9.1163 -19.8968 -14.0232 -8.8729 -20.1491 -14.2042 -9.25 -20.69 -13.4558
3 16 -9.3716 -21.3004 -12.9955 -9.25 -20.69 -13.4558 -8.8729 -20.1491 -14.2042
4 16 -9.5952 -20.6317 -13.0486 -10.1597 -18.9432 -13.1827 -9.9759 -19.0057 -13.3837 -9.59 -19.97 -13.3874
3 16 -9.59 -19.97 -13.3874 -9.9759 -19.0057 -13.3837 -9.4947 -19.5045 -13.7417
3 16 -9.3716 -21.3004 -12.9955 -9.41 -20.88 -13.1581 -9.25 -20.69 -13.4558
3 16 -9.3716 -21.3004 -12.9955 -9.528 -20.8327 -13.0326 -9.41 -20.88 -13.1581
4 0 -9.59 -19.97 -13.3874 -9.4947 -19.5045 -13.7417 -9.1163 -19.8968 -14.0232 -9.2 -20.31 -13.7098
4 0 -9.5952 -20.6317 -13.0486 -9.59 -19.97 -13.3874 -9.2 -20.31 -13.7098 -9.25 -20.69 -13.4558
4 0 -9.528 -20.8327 -13.0326 -9.5952 -20.6317 -13.0486 -9.25 -20.69 -13.4558 -9.41 -20.88 -13.1581
3 0 -9.9759 -19.0057 -13.3837 -10.1597 -18.9432 -13.1827 -10.2253 -18.7471 -13.1982
3 16 -8.6579 -22.7141 -12.4469 -9.7509 -21.9088 -11.9131 -9.3716 -21.3004 -12.9955
3 16 -9.3716 -21.3004 -12.9955 -10.6613 -20.8667 -11.2637 -9.528 -20.8327 -13.0326
3 16 -10.6613 -20.8667 -11.2637 -9.5952 -20.6317 -13.0486 -9.528 -20.8327 -13.0326
4 16 -10.1597 -18.9432 -13.1827 -9.5952 -20.6317 -13.0486 -10.6613 -20.8667 -11.2637 -10.2589 -18.9102 -13.0492
3 0 -10.1597 -18.9432 -13.1827 -10.2589 -18.9102 -13.0492 -10.2253 -18.7471 -13.1982
3 16 -9.7509 -21.9088 -11.9131 -10.6613 -20.8667 -11.2637 -9.3716 -21.3004 -12.9955
3 16 -8.6579 -22.7141 -12.4469 -9.3716 -21.3004 -12.9955 -8.3602 -21.5672 -13.8017
3 16 -8.3602 -21.5672 -13.8017 -9.3716 -21.3004 -12.9955 -8.8729 -20.1491 -14.2042
3 15 -4.7952 -18.6613 -15.7173 -5.4251 -17.1742 -15.633 -4.8072 -17.7411 -15.644
3 0 -6.0617 -19.3281 -15.6939 -6.0858 -19.0405 -15.7124 -5.8496 -19.0403 -15.7341
4 15 -5.5309 -18.6079 -15.7946 -5.8496 -19.0403 -15.7341 -6.0858 -19.0405 -15.7124 -6.1625 -18.1286 -15.7712
3 15 -6.8455 -18.7219 -15.6234 -6.8116 -17.7156 -15.5776 -6.1625 -18.1286 -15.7712
4 15 -6.4822 -19.0029 -15.6561 -6.8455 -18.7219 -15.6234 -6.1625 -18.1286 -15.7712 -6.0858 -19.0405 -15.7124
3 0 -6.0617 -19.3281 -15.6939 -6.4822 -19.0029 -15.6561 -6.0858 -19.0405 -15.7124
3 15 -5.5309 -18.6079 -15.7946 -6.1625 -18.1286 -15.7712 -5.4251 -17.1742 -15.633
3 15 -4.7952 -18.6613 -15.7173 -5.5309 -18.6079 -15.7946 -5.4251 -17.1742 -15.633
3 0 -5.3334 -19.2701 -15.6547 -5.4019 -19.0406 -15.7032 -5.1262 -19.0357 -15.6788
4 15 -5.4019 -19.0406 -15.7032 -5.5309 -18.6079 -15.7946 -4.7952 -18.6613 -15.7173 -5.1262 -19.0357 -15.6788
3 15 -5.4019 -19.0406 -15.7032 -5.8496 -19.0403 -15.7341 -5.5309 -18.6079 -15.7946
4 0 -5.8496 -19.0403 -15.7341 -5.4019 -19.0406 -15.7032 -5.3334 -19.2701 -15.6547 -6.0617 -19.3281 -15.6939
3 15 -6.1625 -18.1286 -15.7712 -6.1648 -17.1783 -15.6093 -5.4251 -17.1742 -15.633
3 15 -6.1625 -18.1286 -15.7712 -6.8116 -17.7156 -15.5776 -6.1648 -17.1783 -15.6093
