0 ~Crane Basket  2 x  3 x  2 without Back Panel
0 Name: s\2424s01.dat
0 Author: Greg Teft [gregteft]
0 !LDRAW_ORG Subpart UPDATE 2012-02
0 !LICENSE Redistributable under CCAL version 2.0 : see CAreadme.txt

0 BFC CERTIFY CCW

0 !HISTORY 2012-08-09 [PTadmin] Official Update 2012-02

1 16 0 0 0 0 0 1 0 1 0 -1 0 0 stug-2x1.dat
1 16 0 3 0 1 0 0 0 -1.25 0 0 0 1 stug4-1x2.dat

0 // inside bottom and edge
1 16 0 8 0 30 0 0 0 1 0 0 0 20 recte4.dat
0 BFC INVERTNEXT
1 16 0 8 0 26 0 0 0 -5 0 0 0 16 box5.dat
4 16 -30 8 -20 -26 8 -16 26 8 -16 30 8 -20
4 16 30 8 -20 26 8 -16 26 8 16 30 8 20
4 16 30 8 20 26 8 16 -26 8 16 -30 8 20
4 16 -30 8 20 -26 8 16 -26 8 -16 -30 8 -20

0 // inside corners and top of 2 x 3 plate
1 16 0 0 14 26 0 0 0 1 0 0 0 2 rect3.dat
2 24 26 0 -12 26 0 -16
2 24 26 0 -16 22 0 -16
2 24 -26 0 -12 -26 0 -16
2 24 -26 0 -16 -22 0 -16
3 16 22 0 -16 26 0 -16 26 0 -12
3 16 -26 0 -12 -26 0 -16 -22 0 -16
4 16 -26 0 -12 -22 0 -16 22 0 -16 26 0 -12
4 16 -26 0 12 -26 0 -12 26 0 -12 26 0 12

0 // inside frame
0 BFC INVERTNEXT
1 16 0 -16 -20 22 0 0 0 0 -16 0 4 0 box4o4a.dat
0 BFC INVERTNEXT
1 16 30 -16 0 0 -4 0 0 0 -16 12 0 0 box4o4a.dat
0 BFC INVERTNEXT
1 16 -30 -16 0 0 4 0 0 0 -16 -12 0 0 box4o4a.dat
1 16 0 -16 -16 22 0 0 0 0 -16 0 1 0 recte3.dat
1 16 26 -16 0 0 -1 0 0 0 -16 12 0 0 recte3.dat
1 16 -26 -16 0 0 1 0 0 0 -16 -12 0 0 recte3.dat
2 24 26 0 16 26 -40 16
2 24 26 0 -16 26 -40 -16
2 24 -26 0 16 -26 -40 16
2 24 -26 0 -16 -26 -40 -16
4 16 26 -40 16 26 0 16 26 0 12 26 -32 12
4 16 26 -40 16 26 -32 12 26 -32 -12 26 -40 -16
4 16 26 -32 -12 26 0 -12 26 0 -16 26 -40 -16
4 16 26 -40 -16 26 0 -16 22 0 -16 22 -32 -16
4 16 26 -40 -16 22 -32 -16 -22 -32 -16 -26 -40 -16
4 16 -22 -32 -16 -22 0 -16 -26 0 -16 -26 -40 -16
4 16 -26 -40 -16 -26 0 -16 -26 0 -12 -26 -32 -12
4 16 -26 -40 -16 -26 -32 -12 -26 -32 12 -26 -40 16
4 16 -26 -32 12 -26 0 12 -26 0 16 -26 -40 16

0 // outside frame
2 24 30 8 20 30 -40 20
2 24 30 8 -20 30 -40 -20
2 24 -30 8 20 -30 -40 20
2 24 -30 8 -20 -30 -40 -20
4 16 30 -40 -20 30 -32 -12 30 -32 12 30 -40 20
4 16 30 -40 20 30 -32 12 30 0 12 30 8 20
4 16 30 8 20 30 0 12 30 0 -12 30 8 -20
4 16 30 8 -20 30 0 -12 30 -32 -12 30 -40 -20
4 16 -30 -40 -20 -22 -32 -20 22 -32 -20 30 -40 -20
4 16 30 -40 -20 22 -32 -20 22 0 -20 30 8 -20
4 16 30 8 -20 22 0 -20 -22 0 -20 -30 8 -20
4 16 -30 8 -20 -22 0 -20 -22 -32 -20 -30 -40 -20
4 16 -30 -40 20 -30 -32 12 -30 -32 -12 -30 -40 -20
4 16 -30 -40 -20 -30 -32 -12 -30 0 -12 -30 8 -20
4 16 -30 8 -20 -30 0 -12 -30 0 12 -30 8 20
4 16 -30 8 20 -30 0 12 -30 -32 12 -30 -40 20

0 // top edge
1 16 0 -40 0 26 0 0 0 1 0 0 0 -16 recte3.dat
1 16 0 -40 0 30 0 0 0 1 0 0 0 -20 recte3.dat
4 16 30 -40 20 26 -40 16 26 -40 -16 30 -40 -20
4 16 30 -40 -20 26 -40 -16 -26 -40 -16 -30 -40 -20
4 16 -30 -40 -20 -26 -40 -16 -26 -40 16 -30 -40 20
0
