0 ~Animal Horse Barding - Half
0 Name: s\2490s03.dat
0 Author: Andy Westrate [westrate]
0 !LDRAW_ORG Subpart UPDATE 2010-03
0 !LICENSE Redistributable under CCAL version 2.0 : see CAreadme.txt

0 BFC CERTIFY CCW

0 !HISTORY 2010-12-31 [PTadmin] Official Update 2010-03

4 16 10 -25.58 -53.25 10 -29.36 -49.45 10 -27.32 -45.76 10 -25.07 -48.85
4 16 10 -33.31 -42.94 10 -34.93 -37.07 10 -31.36 -35.47 10 -30.43 -39.12
4 16 10 -30.4 -28.01 10 -31.36 -35.47 10 -34.93 -37.07 10 -34.4 -27.9
4 16 10 -32.3 -16 10 -26.46 -16 10 -30.4 -28.01 10 -34.4 -27.9
4 16 10 -29.36 -49.45 10 -33.31 -42.94 10 -30.43 -39.12 10 -27.32 -45.76
4 16 25.25 -7 -16 25.25 -19.25 0.06 25.25 -23.62 -1.11 25.25 -26.83 -4.31
4 16 25.25 -28 -10 25.25 -28 -16 25.25 -7 -16 25.25 -26.83 -4.31
4 16 25.25 -4.5 0 25.25 -19.25 0.06 25.25 -7 -16 25.25 3.82 -9.75
4 16 25.25 -4.55 24 25.25 -16.5 24 25.25 -14.5 23.5 25.25 -6.5 23.5
4 16 25.25 -14.5 10.75 25.25 -14.5 23.5 25.25 -16.5 24 25.25 -22.46 19
4 16 25.25 -22.46 19 25.25 -29.47 19 25.25 -29.47 10 25.25 -14.5 10.75
3 16 25.25 -4.5 10 25.25 0.5 15.25 25.25 -4.55 24
4 16 25.25 -6.5 23.5 25.25 -6.5 10.75 25.25 -4.5 10 25.25 -4.55 24
4 16 25.25 -4.5 0 25.25 3.82 -9.75 25.25 0.5 15.25 25.25 -4.5 10
4 16 25.25 3.82 -9.75 25.25 8 -9.75 25.25 8 15.25 25.25 0.5 15.25
3 16 25.25 -14.5 10.75 25.25 -4.5 10 25.25 -6.5 10.75
3 16 25.25 -29.47 10 25.25 -4.5 10 25.25 -14.5 10.75
4 16 20 38.54 -49.6 20 35.48 -48.77 23.25 35.48 -48.77 23.25 38.54 -49.6
4 16 23.25 35.48 -48.77 20 35.48 -48.77 20 33.54 -48.26 23.25 33.54 -48.26
4 16 20 35.48 -41.02 20 38.54 -40.2 23.25 38.54 -40.2 23.25 35.48 -41.02
4 16 23.25 33.54 -41.54 20 33.54 -41.54 20 35.48 -41.02 23.25 35.48 -41.02
4 16 20 38.54 -29.6 20 35.48 -28.77 23.25 35.48 -28.77 23.25 38.54 -29.6
4 16 23.25 35.48 -28.77 20 35.48 -28.77 20 33.54 -28.26 23.25 33.54 -28.26
4 16 20 35.48 -21.02 20 38.54 -20.2 23.25 38.54 -20.2 23.25 35.48 -21.02
4 16 23.25 33.54 -21.54 20 33.54 -21.54 20 35.48 -21.02 23.25 35.48 -21.02
4 16 20 38.54 -9.6 20 35.48 -8.78 23.25 35.48 -8.78 23.25 38.54 -9.6
4 16 23.25 35.48 -8.78 20 35.48 -8.78 20 33.54 -8.26 23.25 33.54 -8.26
4 16 20 35.48 -1.03 20 38.54 -0.2 23.25 38.54 -0.2 23.25 35.48 -1.03
4 16 23.25 33.54 -1.54 20 33.54 -1.54 20 35.48 -1.03 23.25 35.48 -1.03
4 16 20 38.54 10.4 20 35.48 11.22 23.25 35.48 11.22 23.25 38.54 10.4
4 16 23.25 35.48 11.22 20 35.48 11.22 20 33.54 11.74 23.25 33.54 11.74
4 16 20 35.48 18.97 20 38.54 19.8 23.25 38.54 19.8 23.25 35.48 18.97
4 16 23.25 33.54 18.46 20 33.54 18.46 20 35.48 18.97 23.25 35.48 18.97
4 16 20 38.54 30.4 20 35.48 31.22 23.25 35.48 31.22 23.25 38.54 30.4
4 16 23.25 35.48 31.22 20 35.48 31.22 20 33.54 31.74 23.25 33.54 31.74
4 16 20 35.48 38.97 20 38.54 39.8 23.25 38.54 39.8 23.25 35.48 38.97
4 16 23.25 33.54 38.46 20 33.54 38.46 20 35.48 38.97 23.25 35.48 38.97
4 16 20 38.54 50.4 20 35.48 51.22 23.25 35.48 51.22 23.25 38.54 50.4
4 16 23.25 35.48 51.22 20 35.48 51.22 20 33.54 51.74 23.25 33.54 51.74
4 16 20 35.48 58.97 20 38.54 59.8 23.25 38.54 59.8 23.25 35.48 58.97
4 16 23.25 33.54 58.46 20 33.54 58.46 20 35.48 58.97 23.25 35.48 58.97
3 16 20 -10.5 14.63 20 -8.8 15.42 20 -4.5 10
3 16 20 -8 17.12 20 -4.5 10 20 -8.8 15.42
4 16 20 -26.46 41.08 20 -23.98 48.66 20 -10.5 19.63 20 -12.21 18.83
4 16 20 -26.75 34.24 20 -26.46 41.08 20 -12.21 18.83 20 -13 17.12
3 16 20 -8.8 18.83 20 -10.5 19.63 20 -13.63 59.06
4 16 20 -23.98 48.66 20 -19.19 55.05 20 -13.63 59.06 20 -10.5 19.63
4 16 20 -4.5 10 20 -8 17.12 20 -4.93 61.8 20 2.37 62.18
4 16 20 -13.63 59.06 20 -4.93 61.8 20 -8 17.12 20 -8.8 18.83
3 16 20 -26.83 -4.31 20 -24.9 -10 20 -28 -10
4 16 20 -23.62 -1.11 20 -19.25 0.06 20 -24.9 -10 20 -26.83 -4.31
4 16 20 -4.5 0 20 -24.9 -11.25 20 -24.9 -10 20 -19.25 0.06
3 16 20 -26.86 -33.48 20 -30.07 -27.01 20 -24.9 -11.25
3 16 20 -24.9 -11.25 20 -23.03 -39.42 20 -26.86 -33.48
4 16 20 -23.03 -39.42 20 -24.9 -11.25 20 -4.5 0 20 -18.64 -44.82
4 16 20 -13.61 -49.78 20 -18.64 -44.82 20 -4.5 0 20 3.05 -54.27
4 16 20 32.12 -42.96 20 32.12 -26.84 20 33.54 -28.26 20 33.54 -41.54
3 16 20 -4.5 0 20 31.6 -24.9 20 31.6 -44.9
4 16 20 31.6 -44.9 20 31.6 -24.9 20 32.12 -26.84 20 32.12 -42.96
4 16 20 32.12 -22.96 20 32.12 -6.84 20 33.54 -8.26 20 33.54 -21.54
4 16 20 31.6 -4.9 20 31.6 15.1 20 32.12 13.16 20 32.12 -2.96
4 16 20 32.12 -2.96 20 32.12 13.16 20 33.54 11.74 20 33.54 -1.54
4 16 20 31.6 15.1 20 31.6 -4.9 20 -4.5 0 20 -4.5 10
4 16 20 32.12 17.04 20 32.12 33.16 20 33.54 31.74 20 33.54 18.46
4 16 20 33.54 31.74 20 35.48 31.22 20 35.48 18.97 20 33.54 18.46
4 16 20 32.12 53.16 20 33.54 51.74 20 33.54 38.46 20 32.12 37.04
4 16 20 31.6 -44.9 20 25.61 -54.98 20 3.05 -54.27 20 -4.5 0
3 16 20 32.12 -46.84 20 25.61 -54.98 20 31.6 -44.9
3 16 20 33.54 -48.26 20 25.61 -54.98 20 32.12 -46.84
3 16 20 19.81 64.03 20 32.12 57.04 20 31.6 55.1
4 16 20 -4.5 10 20 2.37 62.18 20 19.81 64.03 20 31.6 55.1
4 16 20 35.48 -28.77 20 35.48 -41.02 20 33.54 -41.54 20 33.54 -28.26
4 16 20 35.48 -8.78 20 35.48 -21.02 20 33.54 -21.54 20 33.54 -8.26
4 16 20 35.48 11.22 20 35.48 -1.03 20 33.54 -1.54 20 33.54 11.74
4 16 20 35.48 51.22 20 35.48 38.97 20 33.54 38.46 20 33.54 51.74
4 16 20 30.54 -55.53 20 25.61 -54.98 20 33.54 -48.26 20 35.48 -48.77
3 16 20 33.54 58.46 20 32.12 57.04 20 19.81 64.03
4 16 20 36.85 67.04 20 35.48 58.97 20 33.54 58.46 20 19.81 64.03
4 16 20 41.6 68.85 20 41.6 65.1 20 40.78 62.04 20 36.85 67.04
3 16 20 39.99 71.19 20 41.6 68.85 20 36.85 67.04
4 16 20 38.54 59.8 20 35.48 58.97 20 36.85 67.04 20 40.78 62.04
3 16 20 40.78 48.16 20 41.6 45.1 20 40.78 42.04
4 16 20 38.54 39.8 20 38.54 50.4 20 40.78 48.16 20 40.78 42.04
4 16 20 35.48 38.97 20 35.48 51.22 20 38.54 50.4 20 38.54 39.8
3 16 20 40.78 28.16 20 41.6 25.1 20 40.78 22.04
4 16 20 38.54 19.8 20 38.54 30.4 20 40.78 28.16 20 40.78 22.04
4 16 20 35.48 18.97 20 35.48 31.22 20 38.54 30.4 20 38.54 19.8
3 16 20 40.78 8.16 20 41.6 5.1 20 40.78 2.04
4 16 20 38.54 -0.2 20 38.54 10.4 20 40.78 8.16 20 40.78 2.04
4 16 20 35.48 -1.03 20 35.48 11.22 20 38.54 10.4 20 38.54 -0.2
3 16 20 40.78 -11.84 20 41.6 -14.9 20 40.78 -17.96
4 16 20 38.54 -20.2 20 38.54 -9.6 20 40.78 -11.84 20 40.78 -17.96
4 16 20 35.48 -21.02 20 35.48 -8.78 20 38.54 -9.6 20 38.54 -20.2
3 16 20 40.78 -31.84 20 41.6 -34.9 20 40.78 -37.96
4 16 20 38.54 -40.2 20 38.54 -29.6 20 40.78 -31.84 20 40.78 -37.96
4 16 20 35.48 -41.02 20 35.48 -28.77 20 38.54 -29.6 20 38.54 -40.2
4 16 20 37.79 -60.46 20 41.6 -54.9 20 41.6 -58.16 20 40.07 -60.46
3 16 20 38.54 -49.6 20 40.78 -51.84 20 41.6 -54.9
4 16 20 37.79 -60.46 20 35.48 -48.77 20 38.54 -49.6 20 41.6 -54.9
4 16 20 30.54 -59.31 20 30.54 -55.53 20 35.48 -48.77 20 37.79 -60.46
4 16 32.15 -14.5 20.5 34.25 -14.5 20.5 34.25 -14.5 23.5 31.51 -14.5 20.83
3 16 30 -14.5 21.12 31.51 -14.5 20.83 34.25 -14.5 23.5
4 16 30 -14.5 21.12 34.25 -14.5 23.5 25.25 -14.5 23.5 28 -14.5 20.59
3 16 28 -14.5 20.59 25.25 -14.5 23.5 26.54 -14.5 19.12
3 16 26.54 -14.5 19.12 25.25 -14.5 23.5 26 -14.5 17.12
3 16 25.25 -14.5 23.5 25.25 -14.5 10.75 26 -14.5 17.12
4 16 30 -14.5 13.12 28 -14.5 13.66 25.25 -14.5 10.75 34.25 -14.5 10.75
4 16 34.25 -14.5 13.75 32.15 -14.5 13.75 31.51 -14.5 13.42 34.25 -14.5 10.75
3 16 34.25 -14.5 10.75 31.51 -14.5 13.42 30 -14.5 13.12
3 16 28 -14.5 13.66 26.54 -14.5 15.12 25.25 -14.5 10.75
3 16 26.54 -14.5 15.12 26 -14.5 17.12 25.25 -14.5 10.75
4 16 31.5 -6.5 20.83 34.25 -6.5 23.5 34.25 -6.5 20.5 32.15 -6.5 20.5
4 16 25.25 -6.5 23.5 34.25 -6.5 23.5 30 -6.5 21.12 28 -6.5 20.59
3 16 34.25 -6.5 23.5 31.5 -6.5 20.83 30 -6.5 21.12
3 16 28 -6.5 20.59 26.54 -6.5 19.12 25.25 -6.5 23.5
3 16 26.54 -6.5 19.12 26 -6.5 17.12 25.25 -6.5 23.5
4 16 31.5 -6.5 13.42 32.15 -6.5 13.75 34.25 -6.5 13.75 34.25 -6.5 10.75
3 16 31.5 -6.5 13.42 34.25 -6.5 10.75 30 -6.5 13.12
4 16 30 -6.5 13.12 34.25 -6.5 10.75 25.25 -6.5 10.75 28 -6.5 13.66
3 16 28 -6.5 13.66 25.25 -6.5 10.75 26.54 -6.5 15.12
3 16 26.54 -6.5 15.12 25.25 -6.5 10.75 26 -6.5 17.12
3 16 25.25 -6.5 10.75 25.25 -6.5 23.5 26 -6.5 17.12
3 16 25.25 -29.47 19 23.25 -28.34 19 23.25 -31 19
4 16 23.25 -22.46 19 23.25 -28.34 19 25.25 -29.47 19 25.25 -22.46 19
4 16 20 -24.07 10 20 -4.5 10 25.25 -4.5 10 25.25 -29.47 10
4 16 20 -30.07 -27.01 10 -30.4 -28.01 10 -26.46 -16 20 -24.9 -11.25
4 16 4.46 -40.53 -10 13.52 -38.42 -10 21.85 -34.28 -10 20 -28 -10
4 16 24.34 -31.57 -10 25.25 -28 -10 20 -28 -10 21.85 -34.28 -10
3 16 10 -32.3 -16 13.52 -38.42 -16 4.46 -40.53 -16
4 16 21.85 -34.28 -16 13.52 -38.42 -16 10 -32.3 -16 22.87 -32.3 -16
3 16 24.34 -31.57 -16 21.85 -34.28 -16 22.87 -32.3 -16
4 16 25.25 -28 -16 24.34 -31.57 -16 22.87 -32.3 -16 23.25 -28.28 -16
4 16 23.25 -28.28 -16 23.25 -7 -16 25.25 -7 -16 25.25 -28 -16
4 16 26 -6.5 17.12 26 -8 17.12 26.44 -8.71 15.5 26.54 -6.5 15.12
4 16 26 -8 17.12 26 -6.5 17.12 26.54 -6.5 19.12 26.44 -8.71 18.75
4 16 26 -14.5 17.12 26 -13 17.12 26.44 -12.29 18.75 26.54 -14.5 19.12
4 16 32.15 -6.5 20.5 32.15 -14.5 20.5 31.51 -14.5 20.83 31.5 -6.5 20.83
4 16 30 -6.5 21.12 30 -14.5 21.12 28 -14.5 20.59 28 -6.5 20.59
3 16 26.44 -8.71 18.75 26.54 -6.5 19.12 28 -6.5 20.59
3 16 28 -6.5 20.59 28 -14.5 20.59 27.04 -10.5 19.62
3 16 26.44 -8.71 18.75 28 -6.5 20.59 27.04 -10.5 19.62
3 16 26.44 -12.29 18.75 27.04 -10.5 19.62 28 -14.5 20.59
3 16 26.44 -12.29 18.75 28 -14.5 20.59 26.54 -14.5 19.12
4 16 31.5 -6.5 20.83 31.51 -14.5 20.83 30 -14.5 21.12 30 -6.5 21.12
4 16 34.25 -6.5 20.5 34.25 -14.5 20.5 32.15 -14.5 20.5 32.15 -6.5 20.5
4 16 34.25 -6.5 23.5 34.25 -14.5 23.5 34.25 -14.5 20.5 34.25 -6.5 20.5
4 16 34.25 -14.5 23.5 34.25 -6.5 23.5 25.25 -6.5 23.5 25.25 -14.5 23.5
4 16 26 -13 17.12 26 -14.5 17.12 26.54 -14.5 15.12 26.44 -12.29 15.5
4 16 32.15 -14.5 13.75 32.15 -6.5 13.75 31.5 -6.5 13.42 31.51 -14.5 13.42
4 16 30 -14.5 13.12 30 -6.5 13.12 28 -6.5 13.66 28 -14.5 13.66
3 16 26.44 -12.29 15.5 26.54 -14.5 15.12 28 -14.5 13.66
3 16 28 -14.5 13.66 28 -6.5 13.66 27.04 -10.5 14.62
3 16 26.44 -12.29 15.5 28 -14.5 13.66 27.04 -10.5 14.62
3 16 26.44 -8.71 15.5 27.04 -10.5 14.62 28 -6.5 13.66
3 16 26.54 -6.5 15.12 26.44 -8.71 15.5 28 -6.5 13.66
4 16 30 -6.5 13.12 30 -14.5 13.12 31.51 -14.5 13.42 31.5 -6.5 13.42
4 16 34.25 -14.5 13.75 34.25 -6.5 13.75 32.15 -6.5 13.75 32.15 -14.5 13.75
4 16 34.25 -14.5 10.75 34.25 -6.5 10.75 34.25 -6.5 13.75 34.25 -14.5 13.75
4 16 34.25 -6.5 10.75 34.25 -14.5 10.75 25.25 -14.5 10.75 25.25 -6.5 10.75
3 16 20 -8.8 15.42 26.44 -8.71 15.5 20 -8 17.12
3 16 26.44 -8.71 15.5 26 -8 17.12 20 -8 17.12
3 16 26.44 -8.71 18.75 20 -8.8 18.83 26 -8 17.12
3 16 26 -8 17.12 20 -8.8 18.83 20 -8 17.12
3 16 20 -12.21 18.83 26.44 -12.29 18.75 20 -13 17.12
3 16 26.44 -12.29 18.75 26 -13 17.12 20 -13 17.12
3 16 20 -10.5 19.63 27.04 -10.5 19.62 20 -12.21 18.83
3 16 27.04 -10.5 19.62 26.44 -12.29 18.75 20 -12.21 18.83
3 16 27.04 -10.5 19.62 20 -10.5 19.63 26.44 -8.71 18.75
3 16 26.44 -8.71 18.75 20 -10.5 19.63 20 -8.8 18.83
3 16 26.44 -12.29 15.5 20 -12.21 15.42 26 -13 17.12
3 16 26 -13 17.12 20 -12.21 15.42 20 -13 17.12
3 16 20 -10.5 14.63 27.04 -10.5 14.62 20 -8.8 15.42
3 16 27.04 -10.5 14.62 26.44 -8.71 15.5 20 -8.8 15.42
3 16 27.04 -10.5 14.62 20 -10.5 14.63 26.44 -12.29 15.5
3 16 26.44 -12.29 15.5 20 -10.5 14.63 20 -12.21 15.42
3 16 20 36.85 67.04 20.11 36.85 70.88 20 39.99 71.19
3 16 23.36 36.1 70.71 23.25 39.99 71.19 20.11 36.85 70.88
3 16 20.11 36.85 70.88 23.25 39.99 71.19 20 39.99 71.19
4 16 20 41.6 65.1 20 41.6 68.85 23.25 41.6 68.85 23.25 41.6 65.1
4 16 23.25 39.99 71.19 23.25 41.6 68.85 20 41.6 68.85 20 39.99 71.19
4 16 20 38.54 59.8 20 40.78 62.04 23.25 40.78 62.04 23.25 38.54 59.8
4 16 20 40.78 62.04 20 41.6 65.1 23.25 41.6 65.1 23.25 40.78 62.04
4 16 20 40.78 42.04 20 41.6 45.1 23.25 41.6 45.1 23.25 40.78 42.04
4 16 20 38.54 39.8 20 40.78 42.04 23.25 40.78 42.04 23.25 38.54 39.8
4 16 20 40.78 48.16 20 38.54 50.4 23.25 38.54 50.4 23.25 40.78 48.16
4 16 20 41.6 45.1 20 40.78 48.16 23.25 40.78 48.16 23.25 41.6 45.1
4 16 20 40.78 22.04 20 41.6 25.1 23.25 41.6 25.1 23.25 40.78 22.04
4 16 20 38.54 19.8 20 40.78 22.04 23.25 40.78 22.04 23.25 38.54 19.8
4 16 20 40.78 28.16 20 38.54 30.4 23.25 38.54 30.4 23.25 40.78 28.16
4 16 20 41.6 25.1 20 40.78 28.16 23.25 40.78 28.16 23.25 41.6 25.1
4 16 20 40.78 2.04 20 41.6 5.1 23.25 41.6 5.1 23.25 40.78 2.04
4 16 20 38.54 -0.2 20 40.78 2.04 23.25 40.78 2.04 23.25 38.54 -0.2
4 16 20 40.78 8.16 20 38.54 10.4 23.25 38.54 10.4 23.25 40.78 8.16
4 16 20 41.6 5.1 20 40.78 8.16 23.25 40.78 8.16 23.25 41.6 5.1
4 16 20 38.54 -20.2 20 40.78 -17.96 23.25 40.78 -17.96 23.25 38.54 -20.2
4 16 20 40.78 -17.96 20 41.6 -14.9 23.25 41.6 -14.9 23.25 40.78 -17.96
4 16 20 40.78 -11.84 20 38.54 -9.6 23.25 38.54 -9.6 23.25 40.78 -11.84
4 16 20 41.6 -14.9 20 40.78 -11.84 23.25 40.78 -11.84 23.25 41.6 -14.9
4 16 20 38.54 -40.2 20 40.78 -37.96 23.25 40.78 -37.96 23.25 38.54 -40.2
4 16 20 40.78 -37.96 20 41.6 -34.9 23.25 41.6 -34.9 23.25 40.78 -37.96
4 16 20 41.6 -34.9 20 40.78 -31.84 23.25 40.78 -31.84 23.25 41.6 -34.9
4 16 20 40.78 -31.84 20 38.54 -29.6 23.25 38.54 -29.6 23.25 40.78 -31.84
4 16 23.25 40.07 -60.46 23.25 37.79 -60.46 20 37.79 -60.46 20 40.07 -60.46
4 16 20 41.6 -54.9 20 40.78 -51.84 23.25 40.78 -51.84 23.25 41.6 -54.9
4 16 20 40.78 -51.84 20 38.54 -49.6 23.25 38.54 -49.6 23.25 40.78 -51.84
4 16 23.25 41.6 -54.9 23.25 41.6 -58.16 20 41.6 -58.16 20 41.6 -54.9
4 16 20 40.07 -60.46 20 41.6 -58.16 23.25 41.6 -58.16 23.25 40.07 -60.46
4 16 25.25 -28 -16 25.25 -28 -10 24.34 -31.57 -10 24.34 -31.57 -16
4 16 24.34 -31.57 -16 24.34 -31.57 -10 21.85 -34.28 -10 21.85 -34.28 -16
4 16 21.85 -34.28 -10 13.52 -38.42 -10 13.52 -38.42 -16 21.85 -34.28 -16
4 16 13.52 -38.42 -10 4.46 -40.53 -10 4.46 -40.53 -16 13.52 -38.42 -16
4 16 2.81 -43.37 -16 4.46 -40.53 -16 4.46 -40.53 -10 2.81 -43.37 -10
4 16 0 -45 -16 1.6 -44.52 -16 1.6 -44.52 -10 0 -45 -10
4 16 1.6 -44.52 -16 2.81 -43.37 -16 2.81 -43.37 -10 1.6 -44.52 -10
4 16 25.25 -4.5 0 20 -4.5 0 20 -19.25 0.06 25.25 -19.25 0.06
4 16 20 -28 -10 25.25 -28 -10 25.25 -26.83 -4.31 20 -26.83 -4.31
4 16 20 -26.83 -4.31 25.25 -26.83 -4.31 25.25 -23.62 -1.11 20 -23.62 -1.11
4 16 20 -23.62 -1.11 25.25 -23.62 -1.11 25.25 -19.25 0.06 20 -19.25 0.06
3 16 17.05 3 -54.25 12.33 -7.74 -54.25 20 3.05 -54.27
3 16 18.7 20.7 -54.69 17.05 3 -54.25 20 3.05 -54.27
3 16 20 25.61 -54.98 18.7 20.7 -54.69 20 3.05 -54.27
3 16 12.33 -7.74 -54.25 18.2 -16.42 -53.59 20 3.05 -54.27
3 16 20 30.54 -55.53 18.7 20.7 -54.69 20 25.61 -54.98
3 16 16.71 -26.83 -46.28 16.73 -23.87 -49.89 10 -27.32 -45.76
3 16 10 -27.32 -45.76 16.73 -23.87 -49.89 10 -25.07 -48.85
3 16 18.2 -16.42 -53.59 10 -25.07 -48.85 16.73 -23.87 -49.89
3 16 10.19 -15.09 -53.91 10 -25.07 -48.85 18.2 -16.42 -53.59
3 16 18.13 -31.36 -35.4 17.33 -30.13 -39.9 10 -31.36 -35.47
3 16 17.33 -30.13 -39.9 10 -30.43 -39.12 10 -31.36 -35.47
3 16 10 -30.4 -28.01 18.13 -31.36 -35.4 10 -31.36 -35.47
3 16 18.2 -16.42 -53.59 12.33 -7.74 -54.25 10.19 -15.09 -53.91
3 16 20 -30.07 -27.01 18.13 -31.36 -35.4 10 -30.4 -28.01
3 16 17.05 3 -54.25 18.7 20.7 -54.69 18.69 20.31 -58.43
3 16 16.87 2.37 -58 17.05 3 -54.25 18.69 20.31 -58.43
3 16 12.33 -7.74 -54.25 17.05 3 -54.25 16.87 2.37 -58
3 16 13.5 -5.41 -58 12.33 -7.74 -54.25 16.87 2.37 -58
3 16 10.23 -14.79 -57.76 12.33 -7.74 -54.25 13.5 -5.41 -58
3 16 10.19 -15.09 -53.91 12.33 -7.74 -54.25 10.23 -14.79 -57.76
4 16 10.23 -14.79 -57.76 10 -25.58 -53.25 10 -25.07 -48.85 10.19 -15.09 -53.91
3 16 20 30.54 -55.53 18.69 20.31 -58.43 18.7 20.7 -54.69
3 16 18.13 -31.36 -35.4 20 -26.86 -33.48 20 -23.03 -39.42
3 16 18.2 -16.42 -53.59 20 -18.64 -44.82 20 -13.61 -49.78
3 16 18.2 -16.42 -53.59 20 -13.61 -49.78 20 3.05 -54.27
3 16 18.13 -31.36 -35.4 20 -30.07 -27.01 20 -26.86 -33.48
3 16 4.82 -23.44 49.67 6.42 -24.77 53.75 6.42 -20.77 53.39
3 16 5.2 -26.93 50.19 6.42 -24.77 53.75 4.82 -23.44 49.67
3 16 1.38 -24.51 47.64 5.2 -26.93 50.19 4.82 -23.44 49.67
3 16 1.85 -28.07 47.74 5.2 -26.93 50.19 1.38 -24.51 47.64
3 16 7.66 -6.65 65.27 6.87 -13.63 59.06 6.66 -18.62 60.02
3 16 7.76 -4.93 61.8 6.87 -13.63 59.06 7.66 -6.65 65.27
4 16 8.98 2.84 65.97 8.79 2.37 62.18 7.76 -4.93 61.8 7.66 -6.65 65.27
3 16 6.42 -20.77 53.39 6.66 -18.62 60.02 6.87 -13.63 59.06
3 16 6.42 -24.77 53.75 6.66 -18.62 60.02 6.42 -20.77 53.39
3 16 13 20.5 67.92 8.79 2.37 62.18 8.98 2.84 65.97
3 16 12.67 19.81 64.03 8.79 2.37 62.18 13 20.5 67.92
3 16 20.11 36.85 70.88 20 36.85 67.04 12.67 19.81 64.03
3 16 13 20.5 67.92 20.11 36.85 70.88 12.67 19.81 64.03
4 16 7.76 -4.93 61.8 20 -4.93 61.8 20 -13.63 59.06 6.87 -13.63 59.06
3 16 6.42 -20.77 53.39 6.87 -13.63 59.06 20 -19.19 55.05
3 16 6.42 -20.77 53.39 20 -19.19 55.05 20 -23.98 48.66
3 16 6.87 -13.63 59.06 20 -13.63 59.06 20 -19.19 55.05
3 16 4.82 -23.44 49.67 6.42 -20.77 53.39 20 -23.98 48.66
3 16 1.38 -24.51 47.64 4.82 -23.44 49.67 20 -23.98 48.66
3 16 20 -23.98 48.66 20 -26.46 41.08 1.38 -24.51 47.64
4 16 12.67 19.81 64.03 20 19.81 64.03 20 2.37 62.18 8.79 2.37 62.18
3 16 12.67 19.81 64.03 20 36.85 67.04 20 19.81 64.03
4 16 20 -4.93 61.8 7.76 -4.93 61.8 8.79 2.37 62.18 20 2.37 62.18
4 16 23.25 -16.5 24 23.25 -22.46 19 25.25 -22.46 19 25.25 -16.5 24
4 16 25.25 -16.5 24 25.25 -4.55 24 23.25 -4.55 24 23.25 -16.5 24
4 16 25.25 -4.55 24 25.25 0.5 15.25 23.25 0.5 15.25 23.25 -4.55 24
4 16 25.25 0.5 15.25 25.25 8 15.25 23.25 8 15.25 23.25 0.5 15.25
4 16 25.25 8 15.25 25.25 8 -9.75 23.25 8 -9.75 23.25 8 15.25
4 16 25.25 3.82 -9.75 25.25 -7 -16 23.25 -7 -16 23.25 3.82 -9.75
4 16 25.25 8 -9.75 25.25 3.82 -9.75 23.25 3.82 -9.75 23.25 8 -9.75
4 16 25.25 -29.47 19 23.25 -31 19 23.25 -31 15.25 25.25 -29.47 10
3 16 16.02 -34.99 14.18 9.47 -37.17 10 16.96 -34.52 10
3 16 8.55 -37.41 13.53 9.47 -37.17 10 16.02 -34.99 14.18
3 16 8.55 -37.41 13.53 0 -38.45 10 9.47 -37.17 10
3 16 0 -38.45 13.25 0 -38.45 10 8.55 -37.41 13.53
3 16 23.25 -31 15.25 16.96 -34.52 10 25.25 -29.47 10
3 16 16.02 -34.99 14.18 16.96 -34.52 10 23.25 -31 15.25
4 16 21.37 -9.14 -58 13.5 -5.41 -58 16.87 2.37 -58 22.71 -0.7 -58
3 16 19.29 -16.92 -57.35 13.5 -5.41 -58 21.37 -9.14 -58
3 16 10.23 -14.79 -57.76 13.5 -5.41 -58 19.29 -16.92 -57.35
4 16 17.26 -24.93 -53.86 10 -25.58 -53.25 10.23 -14.79 -57.76 19.29 -16.92 -57.35
3 16 18.69 20.31 -58.43 22.71 -0.7 -58 16.87 2.37 -58
3 16 23.25 20.45 -58.43 22.71 -0.7 -58 18.69 20.31 -58.43
3 16 17.04 -28.58 -50.51 10 -25.58 -53.25 17.26 -24.93 -53.86
3 16 10 -25.58 -53.25 17.04 -28.58 -50.51 10 -29.36 -49.45
3 16 10 -34.93 -37.07 10 -33.31 -42.94 18.53 -34.76 -38.08
3 16 10 -33.31 -42.94 17.51 -32.64 -44.64 18.53 -34.76 -38.08
3 16 20.72 -34.69 -29.59 10 -34.93 -37.07 18.53 -34.76 -38.08
3 16 10 -34.4 -27.9 10 -34.93 -37.07 20.72 -34.69 -29.59
4 16 22.87 -32.3 -16 10 -32.3 -16 10 -34.4 -27.9 20.72 -34.69 -29.59
3 16 20 30.54 -59.31 20 37.79 -60.46 23.25 37.79 -60.46
3 16 18.69 20.31 -58.43 20 30.54 -59.31 23.25 20.45 -58.43
4 16 20 -4.5 0 25.25 -4.5 0 25.25 -4.5 10 20 -4.5 10
4 16 23.36 19.68 67.73 23.36 36.1 70.71 20.11 36.85 70.88 13 20.5 67.92
4 16 8.98 2.84 65.97 23.36 3.19 65.99 23.36 19.68 67.73 13 20.5 67.92
3 16 5.2 -26.93 50.19 1.85 -28.07 47.74 23.25 -29.43 42.66
3 16 23.25 -26.51 51 6.42 -24.77 53.75 5.2 -26.93 50.19
3 16 23.25 -29.43 42.66 23.25 -26.51 51 5.2 -26.93 50.19
3 16 23.25 -18.8 59.88 6.66 -18.62 60.02 6.42 -24.77 53.75
3 16 23.25 -26.51 51 23.25 -18.8 59.88 6.42 -24.77 53.75
3 16 23.25 -8.18 64.94 7.66 -6.65 65.27 6.66 -18.62 60.02
3 16 23.25 -18.8 59.88 23.25 -8.18 64.94 6.66 -18.62 60.02
3 16 23.36 3.19 65.99 8.98 2.84 65.97 7.66 -6.65 65.27
3 16 23.25 -8.18 64.94 23.36 3.19 65.99 7.66 -6.65 65.27
4 16 23.25 32.12 -42.96 20 32.12 -42.96 20 33.54 -41.54 23.25 33.54 -41.54
4 16 23.25 31.6 -44.9 20 31.6 -44.9 20 32.12 -42.96 23.25 32.12 -42.96
4 16 23.25 33.54 -48.26 20 33.54 -48.26 20 32.12 -46.84 23.25 32.12 -46.84
4 16 23.25 32.12 -46.84 20 32.12 -46.84 20 31.6 -44.9 23.25 31.6 -44.9
4 16 23.25 32.12 -22.96 20 32.12 -22.96 20 33.54 -21.54 23.25 33.54 -21.54
4 16 20 32.12 -22.96 23.25 32.12 -22.96 23.25 31.6 -24.9 20 31.6 -24.9
4 16 23.25 33.54 -28.26 20 33.54 -28.26 20 32.12 -26.84 23.25 32.12 -26.84
4 16 23.25 32.12 -26.84 20 32.12 -26.84 20 31.6 -24.9 23.25 31.6 -24.9
4 16 23.25 32.12 -2.96 20 32.12 -2.96 20 33.54 -1.54 23.25 33.54 -1.54
4 16 23.25 31.6 -4.9 20 31.6 -4.9 20 32.12 -2.96 23.25 32.12 -2.96
4 16 23.25 33.54 -8.26 20 33.54 -8.26 20 32.12 -6.84 23.25 32.12 -6.84
4 16 23.25 32.12 -6.84 20 32.12 -6.84 20 31.6 -4.9 23.25 31.6 -4.9
4 16 23.25 32.12 17.04 20 32.12 17.04 20 33.54 18.46 23.25 33.54 18.46
4 16 23.25 31.6 15.1 20 31.6 15.1 20 32.12 17.04 23.25 32.12 17.04
4 16 23.25 33.54 11.74 20 33.54 11.74 20 32.12 13.16 23.25 32.12 13.16
4 16 23.25 32.12 13.16 20 32.12 13.16 20 31.6 15.1 23.25 31.6 15.1
4 16 23.25 32.12 37.04 20 32.12 37.04 20 33.54 38.46 23.25 33.54 38.46
4 16 23.25 31.6 35.1 20 31.6 35.1 20 32.12 37.04 23.25 32.12 37.04
4 16 23.25 33.54 31.74 20 33.54 31.74 20 32.12 33.16 23.25 32.12 33.16
4 16 23.25 32.12 33.16 20 32.12 33.16 20 31.6 35.1 23.25 31.6 35.1
4 16 23.25 32.12 57.04 20 32.12 57.04 20 33.54 58.46 23.25 33.54 58.46
4 16 23.25 31.6 55.1 20 31.6 55.1 20 32.12 57.04 23.25 32.12 57.04
4 16 23.25 33.54 51.74 20 33.54 51.74 20 32.12 53.16 23.25 32.12 53.16
4 16 23.25 32.12 53.16 20 32.12 53.16 20 31.6 55.1 23.25 31.6 55.1
3 16 18.69 20.31 -58.43 20 30.54 -55.53 20 30.54 -59.31
3 16 23.25 37.79 -60.46 23.25 20.45 -58.43 20 30.54 -59.31
3 16 20 -23.03 -39.42 17.33 -30.13 -39.9 18.13 -31.36 -35.4
3 16 10 -27.32 -45.76 10 -30.43 -39.12 16.71 -26.83 -46.28
3 16 10 -30.43 -39.12 17.33 -30.13 -39.9 16.71 -26.83 -46.28
3 16 10 -33.31 -42.94 10 -29.36 -49.45 17.51 -32.64 -44.64
3 16 10 -29.36 -49.45 17.04 -28.58 -50.51 17.51 -32.64 -44.64
4 16 20 -18.64 -44.82 16.71 -26.83 -46.28 17.33 -30.13 -39.9 20 -23.03 -39.42
4 16 0 -24.9 -11.25 20 -24.9 -11.25 10 -26.46 -16 0 -26.46 -16
4 16 0 -40.53 -10 4.46 -40.53 -10 20 -28 -10 0 -28 -10
4 16 0 -28 -10 20 -28 -10 20 -24.9 -10 0 -24.9 -10
4 16 20 -24.9 -11.25 0 -24.9 -11.25 0 -24.9 -10 20 -24.9 -10
4 16 10 -32.3 -16 0 -32.3 -16 0 -26.46 -16 10 -26.46 -16
4 16 4.46 -40.53 -16 0 -40.53 -16 0 -32.3 -16 10 -32.3 -16
4 16 2.81 -43.37 -16 0 -43.37 -16 0 -40.53 -16 4.46 -40.53 -16
3 16 0 -44.52 -16 1.6 -44.52 -16 0 -45 -16
4 16 1.6 -44.52 -16 0 -44.52 -16 0 -43.37 -16 2.81 -43.37 -16
3 16 1.6 -44.52 -10 0 -44.52 -10 0 -45 -10
4 16 0 -43.37 -10 2.81 -43.37 -10 4.46 -40.53 -10 0 -40.53 -10
4 16 0 -44.52 -10 1.6 -44.52 -10 2.81 -43.37 -10 0 -43.37 -10
4 16 23.25 -28.34 19 0 -28.34 19 0 -31 19 23.25 -31 19
4 16 0 -28.07 47.74 1.85 -28.07 47.74 1.38 -24.51 47.64 0 -24.51 47.64
4 16 0 -24.51 47.64 1.38 -24.51 47.64 20 -26.46 41.08 0 -26.46 41.08
4 16 20 -26.75 34.24 0 -26.75 34.24 0 -26.46 41.08 20 -26.46 41.08
4 16 0 -26.75 34.24 20 -26.75 34.24 20 -24.07 10 0 -24.07 10
4 16 23.25 -31 19 0 -31 19 0 -31 15.25 23.25 -31 15.25
4 16 23.25 -29.98 33.85 0 -29.98 33.85 0 -28.34 19 23.25 -28.34 19
4 16 0 -29.43 42.66 23.25 -29.43 42.66 1.85 -28.07 47.74 0 -28.07 47.74
4 16 23.25 -29.43 42.66 0 -29.43 42.66 0 -29.98 33.85 23.25 -29.98 33.85
4 16 16.96 -34.52 10 0 -34.52 10 0 -29.47 10 25.25 -29.47 10
4 16 25.25 -29.47 10 0 -29.47 10 0 -24.07 10 20 -24.07 10
3 16 0 -37.17 10 9.47 -37.17 10 0 -38.45 10
4 16 9.47 -37.17 10 0 -37.17 10 0 -34.52 10 16.96 -34.52 10
3 16 8.55 -37.41 13.53 0 -37.41 13.53 0 -38.45 13.25
4 16 16.02 -34.99 14.18 0 -34.99 14.18 0 -37.41 13.53 8.55 -37.41 13.53
4 16 23.25 -31 15.25 0 -31 15.25 0 -34.99 14.18 16.02 -34.99 14.18
3 16 16.73 -23.87 -49.89 16.71 -26.83 -46.28 20 -18.64 -44.82
3 16 16.73 -23.87 -49.89 20 -18.64 -44.82 18.2 -16.42 -53.59
3 16 20 31.6 -4.9 20 31.6 -24.9 20 -4.5 0
3 16 20 31.6 35.1 20 31.6 15.1 20 -4.5 10
3 16 20 31.6 55.1 20 31.6 35.1 20 -4.5 10
4 16 20 32.12 37.04 20 31.6 35.1 20 31.6 55.1 20 32.12 53.16
4 16 20 32.12 17.04 20 31.6 15.1 20 31.6 35.1 20 32.12 33.16
4 16 20 32.12 -22.96 20 31.6 -24.9 20 31.6 -4.9 20 32.12 -6.84
3 16 20 -13 17.12 20 -12.21 15.42 20 -24.07 10
3 16 20 -13 17.12 20 -24.07 10 20 -26.75 34.24
3 16 20 -24.07 10 20 -12.21 15.42 20 -10.5 14.63
3 16 20 -24.07 10 20 -10.5 14.63 20 -4.5 10
2 24 10 -25.58 -53.25 10 -29.36 -49.45
5 24 10 -25.58 -53.25 10 -25.07 -48.85 10 -29.36 -49.45 10.23 -14.79 -57.76
2 24 10 -25.58 -53.25 10.23 -14.79 -57.76
5 24 10 -25.58 -53.25 17.26 -24.93 -53.86 10.23 -14.79 -57.76 17.04 -28.58 -50.51
5 24 10 -25.58 -53.25 17.04 -28.58 -50.51 17.26 -24.93 -53.86 10 -29.36 -49.45
2 24 10 -29.36 -49.45 10 -33.31 -42.94
5 24 10 -29.36 -49.45 17.51 -32.64 -44.64 10 -33.31 -42.94 17.04 -28.58 -50.51
5 24 10 -29.36 -49.45 17.04 -28.58 -50.51 10 -25.58 -53.25 17.51 -32.64 -44.64
2 24 10 -27.32 -45.76 10 -25.07 -48.85
2 24 10 -27.32 -45.76 10 -30.43 -39.12
5 24 10 -27.32 -45.76 16.71 -26.83 -46.28 16.73 -23.87 -49.89 10 -30.43 -39.12
5 24 10 -27.32 -45.76 16.73 -23.87 -49.89 16.71 -26.83 -46.28 10 -25.07 -48.85
5 24 10 -25.07 -48.85 18.2 -16.42 -53.59 16.73 -23.87 -49.89 10.19 -15.09 -53.91
5 24 10 -25.07 -48.85 16.73 -23.87 -49.89 10 -27.32 -45.76 18.2 -16.42 -53.59
2 24 10 -25.07 -48.85 10.19 -15.09 -53.91
2 24 10 -33.31 -42.94 10 -34.93 -37.07
5 24 10 -33.31 -42.94 18.53 -34.76 -38.08 10 -34.93 -37.07 17.51 -32.64 -44.64
5 24 10 -33.31 -42.94 17.51 -32.64 -44.64 18.53 -34.76 -38.08 10 -29.36 -49.45
2 24 10 -34.93 -37.07 10 -34.4 -27.9
5 24 10 -34.93 -37.07 18.53 -34.76 -38.08 10 -33.31 -42.94 20.72 -34.69 -29.59
5 24 10 -34.93 -37.07 20.72 -34.69 -29.59 18.53 -34.76 -38.08 10 -34.4 -27.9
2 24 10 -31.36 -35.47 10 -30.43 -39.12
2 24 10 -31.36 -35.47 10 -30.4 -28.01
5 24 10 -31.36 -35.47 18.13 -31.36 -35.4 17.33 -30.13 -39.9 10 -30.4 -28.01
5 24 10 -31.36 -35.47 17.33 -30.13 -39.9 18.13 -31.36 -35.4 10 -30.43 -39.12
5 24 10 -30.43 -39.12 16.71 -26.83 -46.28 10 -27.32 -45.76 17.33 -30.13 -39.9
5 24 10 -30.43 -39.12 17.33 -30.13 -39.9 10 -31.36 -35.47 16.71 -26.83 -46.28
2 24 10 -30.4 -28.01 10 -26.46 -16
5 24 10 -30.4 -28.01 20 -30.07 -27.01 10 -26.46 -16 18.13 -31.36 -35.4
5 24 10 -30.4 -28.01 18.13 -31.36 -35.4 10 -31.36 -35.47 20 -30.07 -27.01
2 24 10 -34.4 -27.9 10 -32.3 -16
5 24 10 -34.4 -27.9 20.72 -34.69 -29.59 10 -34.93 -37.07 22.87 -32.3 -16
2 24 10 -32.3 -16 10 -26.46 -16
2 24 10 -32.3 -16 22.87 -32.3 -16
2 24 25.25 -7 -16 25.25 -28 -16
2 24 25.25 -7 -16 25.25 3.82 -9.75
2 24 25.25 -7 -16 23.25 -7 -16
2 24 25.25 -19.25 0.06 25.25 -23.62 -1.11
2 24 25.25 -19.25 0.06 25.25 -4.5 0
5 24 25.25 -19.25 0.06 20 -19.25 0.06 25.25 -4.5 0 20 -23.62 -1.11
2 24 25.25 -23.62 -1.11 25.25 -26.83 -4.31
5 24 25.25 -23.62 -1.11 20 -23.62 -1.11 20 -26.83 -4.31 25.25 -19.25 0.06
2 24 25.25 -26.83 -4.31 25.25 -28 -10
5 24 25.25 -26.83 -4.31 20 -26.83 -4.31 20 -28 -10 25.25 -23.62 -1.11
5 24 25.25 -28 -10 25.25 -28 -16 25.25 -7 -16 24.34 -31.57 -10
2 24 25.25 -28 -10 20 -28 -10
2 24 25.25 -28 -10 24.34 -31.57 -10
2 24 25.25 -28 -16 24.34 -31.57 -16
2 24 25.25 -4.5 0 25.25 -4.5 10
2 24 25.25 -4.5 0 20 -4.5 0
2 24 25.25 3.82 -9.75 25.25 8 -9.75
2 24 25.25 3.82 -9.75 23.25 3.82 -9.75
2 24 25.25 -4.55 24 25.25 -16.5 24
2 24 25.25 -4.55 24 25.25 0.5 15.25
2 24 25.25 -4.55 24 23.25 -4.55 24
2 24 25.25 -16.5 24 25.25 -22.46 19
2 24 25.25 -16.5 24 23.25 -16.5 24
2 24 25.25 -14.5 23.5 25.25 -6.5 23.5
2 24 25.25 -14.5 23.5 25.25 -14.5 10.75
2 24 25.25 -14.5 23.5 34.25 -14.5 23.5
2 24 25.25 -6.5 23.5 25.25 -6.5 10.75
2 24 25.25 -6.5 23.5 34.25 -6.5 23.5
2 24 25.25 -14.5 10.75 25.25 -6.5 10.75
2 24 25.25 -14.5 10.75 34.25 -14.5 10.75
2 24 25.25 -22.46 19 25.25 -29.47 19
2 24 25.25 -22.46 19 23.25 -22.46 19
2 24 25.25 -29.47 19 25.25 -29.47 10
2 24 25.25 -29.47 19 23.25 -31 19
2 24 25.25 -29.47 10 25.25 -4.5 10
5 24 25.25 -29.47 10 23.25 -31 15.25 25.25 -29.47 19 16.96 -34.52 10
2 24 25.25 -29.47 10 16.96 -34.52 10
2 24 25.25 -4.5 10 20 -4.5 10
2 24 25.25 0.5 15.25 25.25 8 15.25
2 24 25.25 0.5 15.25 23.25 0.5 15.25
2 24 25.25 -6.5 10.75 34.25 -6.5 10.75
2 24 25.25 8 -9.75 25.25 8 15.25
2 24 25.25 8 -9.75 23.25 8 -9.75
2 24 25.25 8 15.25 23.25 8 15.25
2 24 20 38.54 -49.6 20 35.48 -48.77
5 24 20 38.54 -49.6 23.25 38.54 -49.6 20 35.48 -48.77 20 40.78 -51.84
2 24 20 38.54 -49.6 20 40.78 -51.84
5 24 20 35.48 -48.77 23.25 35.48 -48.77 20 38.54 -49.6 20 33.54 -48.26
2 24 20 35.48 -48.77 20 33.54 -48.26
2 24 23.25 35.48 -48.77 23.25 38.54 -49.6
2 24 23.25 35.48 -48.77 23.25 33.54 -48.26
2 24 23.25 38.54 -49.6 23.25 40.78 -51.84
5 24 20 33.54 -48.26 23.25 33.54 -48.26 23.25 35.48 -48.77 20 32.12 -46.84
2 24 20 33.54 -48.26 20 32.12 -46.84
2 24 23.25 33.54 -48.26 23.25 32.12 -46.84
2 24 20 35.48 -41.02 20 38.54 -40.2
5 24 20 35.48 -41.02 23.25 35.48 -41.02 20 38.54 -40.2 23.25 33.54 -41.54
2 24 20 35.48 -41.02 20 33.54 -41.54
5 24 20 38.54 -40.2 23.25 38.54 -40.2 20 35.48 -41.02 20 40.78 -37.96
2 24 20 38.54 -40.2 20 40.78 -37.96
2 24 23.25 38.54 -40.2 23.25 35.48 -41.02
2 24 23.25 38.54 -40.2 23.25 40.78 -37.96
2 24 23.25 35.48 -41.02 23.25 33.54 -41.54
5 24 23.25 33.54 -41.54 20 33.54 -41.54 20 35.48 -41.02 23.25 32.12 -42.96
2 24 23.25 33.54 -41.54 23.25 32.12 -42.96
2 24 20 33.54 -41.54 20 32.12 -42.96
2 24 20 38.54 -29.6 20 35.48 -28.77
5 24 20 38.54 -29.6 23.25 38.54 -29.6 20 35.48 -28.77 20 40.78 -31.84
2 24 20 38.54 -29.6 20 40.78 -31.84
5 24 20 35.48 -28.77 23.25 35.48 -28.77 20 38.54 -29.6 20 33.54 -28.26
2 24 20 35.48 -28.77 20 33.54 -28.26
2 24 23.25 35.48 -28.77 23.25 38.54 -29.6
2 24 23.25 35.48 -28.77 23.25 33.54 -28.26
2 24 23.25 38.54 -29.6 23.25 40.78 -31.84
5 24 20 33.54 -28.26 23.25 33.54 -28.26 23.25 35.48 -28.77 20 32.12 -26.84
2 24 20 33.54 -28.26 20 32.12 -26.84
2 24 23.25 33.54 -28.26 23.25 32.12 -26.84
2 24 20 35.48 -21.02 20 38.54 -20.2
5 24 20 35.48 -21.02 23.25 35.48 -21.02 20 38.54 -20.2 23.25 33.54 -21.54
2 24 20 35.48 -21.02 20 33.54 -21.54
5 24 20 38.54 -20.2 23.25 38.54 -20.2 20 35.48 -21.02 20 40.78 -17.96
2 24 20 38.54 -20.2 20 40.78 -17.96
2 24 23.25 38.54 -20.2 23.25 35.48 -21.02
2 24 23.25 38.54 -20.2 23.25 40.78 -17.96
2 24 23.25 35.48 -21.02 23.25 33.54 -21.54
5 24 23.25 33.54 -21.54 20 33.54 -21.54 20 35.48 -21.02 23.25 32.12 -22.96
2 24 23.25 33.54 -21.54 23.25 32.12 -22.96
2 24 20 33.54 -21.54 20 32.12 -22.96
2 24 20 38.54 -9.6 20 35.48 -8.78
5 24 20 38.54 -9.6 23.25 38.54 -9.6 20 35.48 -8.78 20 40.78 -11.84
2 24 20 38.54 -9.6 20 40.78 -11.84
5 24 20 35.48 -8.78 23.25 35.48 -8.78 20 38.54 -9.6 20 33.54 -8.26
2 24 20 35.48 -8.78 20 33.54 -8.26
2 24 23.25 35.48 -8.78 23.25 38.54 -9.6
2 24 23.25 35.48 -8.78 23.25 33.54 -8.26
2 24 23.25 38.54 -9.6 23.25 40.78 -11.84
5 24 20 33.54 -8.26 23.25 33.54 -8.26 23.25 35.48 -8.78 20 32.12 -6.84
2 24 20 33.54 -8.26 20 32.12 -6.84
2 24 23.25 33.54 -8.26 23.25 32.12 -6.84
2 24 20 35.48 -1.03 20 38.54 -0.2
2 24 20 35.48 -1.03 20 33.54 -1.54
5 24 20 38.54 -0.2 23.25 38.54 -0.2 20 35.48 -1.03 20 40.78 2.04
2 24 20 38.54 -0.2 20 40.78 2.04
2 24 23.25 38.54 -0.2 23.25 35.48 -1.03
2 24 23.25 38.54 -0.2 23.25 40.78 2.04
2 24 23.25 35.48 -1.03 23.25 33.54 -1.54
5 24 23.25 33.54 -1.54 20 33.54 -1.54 20 35.48 -1.03 23.25 32.12 -2.96
2 24 23.25 33.54 -1.54 23.25 32.12 -2.96
2 24 20 33.54 -1.54 20 32.12 -2.96
2 24 20 38.54 10.4 20 35.48 11.22
5 24 20 38.54 10.4 23.25 38.54 10.4 20 35.48 11.22 20 40.78 8.16
2 24 20 38.54 10.4 20 40.78 8.16
5 24 20 35.48 11.22 23.25 35.48 11.22 20 38.54 10.4 20 33.54 11.74
2 24 20 35.48 11.22 20 33.54 11.74
2 24 23.25 35.48 11.22 23.25 38.54 10.4
2 24 23.25 35.48 11.22 23.25 33.54 11.74
2 24 23.25 38.54 10.4 23.25 40.78 8.16
5 24 20 33.54 11.74 23.25 33.54 11.74 23.25 35.48 11.22 20 32.12 13.16
2 24 20 33.54 11.74 20 32.12 13.16
2 24 23.25 33.54 11.74 23.25 32.12 13.16
2 24 20 35.48 18.97 20 38.54 19.8
5 24 20 35.48 18.97 23.25 35.48 18.97 20 38.54 19.8 23.25 33.54 18.46
2 24 20 35.48 18.97 20 33.54 18.46
5 24 20 38.54 19.8 23.25 38.54 19.8 20 35.48 18.97 20 40.78 22.04
2 24 20 38.54 19.8 20 40.78 22.04
2 24 23.25 38.54 19.8 23.25 35.48 18.97
2 24 23.25 38.54 19.8 23.25 40.78 22.04
2 24 23.25 35.48 18.97 23.25 33.54 18.46
5 24 23.25 33.54 18.46 20 33.54 18.46 20 35.48 18.97 23.25 32.12 17.04
2 24 23.25 33.54 18.46 23.25 32.12 17.04
2 24 20 33.54 18.46 20 32.12 17.04
2 24 20 38.54 30.4 20 35.48 31.22
5 24 20 38.54 30.4 23.25 38.54 30.4 20 35.48 31.22 20 40.78 28.16
2 24 20 38.54 30.4 20 40.78 28.16
5 24 20 35.48 31.22 23.25 35.48 31.22 20 38.54 30.4 20 33.54 31.74
2 24 20 35.48 31.22 20 33.54 31.74
2 24 23.25 35.48 31.22 23.25 38.54 30.4
2 24 23.25 35.48 31.22 23.25 33.54 31.74
2 24 23.25 38.54 30.4 23.25 40.78 28.16
5 24 20 33.54 31.74 23.25 33.54 31.74 23.25 35.48 31.22 20 32.12 33.16
2 24 20 33.54 31.74 20 32.12 33.16
2 24 23.25 33.54 31.74 23.25 32.12 33.16
2 24 20 35.48 38.97 20 38.54 39.8
5 24 20 35.48 38.97 23.25 35.48 38.97 20 38.54 39.8 23.25 33.54 38.46
2 24 20 35.48 38.97 20 33.54 38.46
5 24 20 38.54 39.8 23.25 38.54 39.8 20 35.48 38.97 20 40.78 42.04
2 24 20 38.54 39.8 20 40.78 42.04
2 24 23.25 38.54 39.8 23.25 35.48 38.97
2 24 23.25 38.54 39.8 23.25 40.78 42.04
2 24 23.25 35.48 38.97 23.25 33.54 38.46
5 24 23.25 33.54 38.46 20 33.54 38.46 20 35.48 38.97 23.25 32.12 37.04
2 24 23.25 33.54 38.46 23.25 32.12 37.04
2 24 20 33.54 38.46 20 32.12 37.04
2 24 20 38.54 50.4 20 35.48 51.22
5 24 20 38.54 50.4 23.25 38.54 50.4 20 35.48 51.22 20 40.78 48.16
2 24 20 38.54 50.4 20 40.78 48.16
5 24 20 35.48 51.22 23.25 35.48 51.22 20 38.54 50.4 20 33.54 51.74
2 24 20 35.48 51.22 20 33.54 51.74
2 24 23.25 35.48 51.22 23.25 38.54 50.4
2 24 23.25 35.48 51.22 23.25 33.54 51.74
2 24 23.25 38.54 50.4 23.25 40.78 48.16
5 24 20 33.54 51.74 23.25 33.54 51.74 23.25 35.48 51.22 20 32.12 53.16
2 24 20 33.54 51.74 20 32.12 53.16
2 24 23.25 33.54 51.74 23.25 32.12 53.16
2 24 20 35.48 58.97 20 38.54 59.8
5 24 20 35.48 58.97 23.25 35.48 58.97 20 38.54 59.8 23.25 33.54 58.46
2 24 20 35.48 58.97 20 33.54 58.46
5 24 20 38.54 59.8 23.25 38.54 59.8 20 35.48 58.97 20 40.78 62.04
2 24 20 38.54 59.8 20 40.78 62.04
2 24 23.25 38.54 59.8 23.25 35.48 58.97
2 24 23.25 38.54 59.8 23.25 40.78 62.04
2 24 23.25 35.48 58.97 23.25 33.54 58.46
5 24 23.25 33.54 58.46 20 33.54 58.46 20 35.48 58.97 23.25 32.12 57.04
2 24 23.25 33.54 58.46 23.25 32.12 57.04
2 24 20 33.54 58.46 20 32.12 57.04
2 24 23.25 -22.46 19 23.25 -16.5 24
2 24 23.25 -22.46 19 23.25 -28.34 19
2 24 23.25 -16.5 24 23.25 -4.55 24
2 24 23.25 -29.98 33.85 23.25 -28.34 19
2 24 23.25 -29.98 33.85 23.25 -29.43 42.66
2 24 23.25 -29.43 42.66 23.25 -26.51 51
5 24 23.25 -29.43 42.66 5.2 -26.93 50.19 1.85 -28.07 47.74 23.25 -26.51 51
5 24 23.25 -29.43 42.66 1.85 -28.07 47.74 5.2 -26.93 50.19 0 -29.43 42.66
2 24 23.25 -26.51 51 23.25 -18.8 59.88
5 24 23.25 -26.51 51 6.42 -24.77 53.75 5.2 -26.93 50.19 23.25 -18.8 59.88
5 24 23.25 -26.51 51 5.2 -26.93 50.19 6.42 -24.77 53.75 23.25 -29.43 42.66
2 24 23.25 -4.55 24 23.25 0.5 15.25
2 24 23.25 -18.8 59.88 23.25 -8.18 64.94
5 24 23.25 -18.8 59.88 6.42 -24.77 53.75 6.66 -18.62 60.02 23.25 -26.51 51
5 24 23.25 -18.8 59.88 6.66 -18.62 60.02 6.42 -24.77 53.75 23.25 -8.18 64.94
2 24 23.25 41.6 45.1 23.25 40.78 48.16
2 24 23.25 41.6 45.1 23.25 40.78 42.04
5 24 23.25 41.6 45.1 20 41.6 45.1 20 40.78 42.04 20 40.78 48.16
5 24 23.25 40.78 48.16 20 40.78 48.16 20 38.54 50.4 20 41.6 45.1
5 24 23.25 40.78 42.04 20 40.78 42.04 20 41.6 45.1 20 38.54 39.8
2 24 23.25 31.6 55.1 23.25 32.12 53.16
5 24 23.25 31.6 55.1 20 31.6 55.1 20 32.12 57.04 23.25 32.12 53.16
2 24 23.25 31.6 55.1 23.25 32.12 57.04
2 24 23.25 32.12 37.04 23.25 31.6 35.1
5 24 23.25 32.12 37.04 20 32.12 37.04 20 33.54 38.46 23.25 31.6 35.1
5 24 23.25 32.12 53.16 20 32.12 53.16 23.25 33.54 51.74 20 31.6 55.1
2 24 23.25 37.79 -60.46 23.25 40.07 -60.46
2 24 23.25 37.79 -60.46 23.25 20.45 -58.43
5 24 23.25 37.79 -60.46 20 37.79 -60.46 23.25 40.07 -60.46 20 30.54 -59.31
5 24 23.25 37.79 -60.46 20 30.54 -59.31 20 37.79 -60.46 23.25 20.45 -58.43
2 24 23.25 40.07 -60.46 23.25 41.6 -58.16
5 24 23.25 40.07 -60.46 20 40.07 -60.46 23.25 37.79 -60.46 20 41.6 -58.16
2 24 23.25 41.6 -58.16 23.25 41.6 -54.9
5 24 23.25 41.6 -58.16 20 41.6 -58.16 23.25 41.6 -54.9 20 40.07 -60.46
2 24 23.25 41.6 -54.9 23.25 40.78 -51.84
5 24 23.25 41.6 -54.9 20 41.6 -54.9 20 40.78 -51.84 23.25 41.6 -58.16
5 24 23.25 40.78 -51.84 20 40.78 -51.84 20 41.6 -54.9 20 38.54 -49.6
5 24 23.25 20.45 -58.43 20 30.54 -59.31 18.69 20.31 -58.43 23.25 37.79 -60.46
5 24 23.25 20.45 -58.43 18.69 20.31 -58.43 22.71 -0.7 -58 20 30.54 -59.31
2 24 23.25 20.45 -58.43 22.71 -0.7 -58
2 24 23.25 40.78 -37.96 23.25 41.6 -34.9
5 24 23.25 40.78 -37.96 20 40.78 -37.96 20 38.54 -40.2 20 41.6 -34.9
2 24 23.25 41.6 -34.9 23.25 40.78 -31.84
5 24 23.25 41.6 -34.9 20 41.6 -34.9 20 40.78 -37.96 20 40.78 -31.84
5 24 23.25 40.78 -31.84 20 40.78 -31.84 20 41.6 -34.9 20 38.54 -29.6
2 24 23.25 40.78 -17.96 23.25 41.6 -14.9
5 24 23.25 40.78 -17.96 20 40.78 -17.96 20 38.54 -20.2 20 41.6 -14.9
2 24 23.25 41.6 -14.9 23.25 40.78 -11.84
5 24 23.25 41.6 -14.9 20 41.6 -14.9 20 40.78 -17.96 20 40.78 -11.84
5 24 23.25 40.78 -11.84 20 40.78 -11.84 20 38.54 -9.6 20 41.6 -14.9
2 24 23.25 40.78 2.04 23.25 41.6 5.1
5 24 23.25 40.78 2.04 20 40.78 2.04 20 41.6 5.1 20 38.54 -0.2
2 24 23.25 41.6 5.1 23.25 40.78 8.16
5 24 23.25 41.6 5.1 20 41.6 5.1 20 40.78 2.04 20 40.78 8.16
5 24 23.25 40.78 8.16 20 40.78 8.16 20 38.54 10.4 20 41.6 5.1
2 24 23.25 40.78 22.04 23.25 41.6 25.1
5 24 23.25 40.78 22.04 20 40.78 22.04 20 41.6 25.1 20 38.54 19.8
2 24 23.25 41.6 25.1 23.25 40.78 28.16
5 24 23.25 41.6 25.1 20 41.6 25.1 20 40.78 22.04 20 40.78 28.16
5 24 23.25 40.78 28.16 20 40.78 28.16 20 38.54 30.4 20 41.6 25.1
2 24 23.25 32.12 -46.84 23.25 31.6 -44.9
5 24 23.25 32.12 -46.84 20 32.12 -46.84 23.25 33.54 -48.26 20 31.6 -44.9
2 24 23.25 31.6 -44.9 23.25 32.12 -42.96
5 24 23.25 31.6 -44.9 20 31.6 -44.9 20 32.12 -42.96 23.25 32.12 -46.84
5 24 23.25 32.12 -42.96 20 32.12 -42.96 20 33.54 -41.54 23.25 31.6 -44.9
2 24 23.25 31.6 -24.9 23.25 32.12 -26.84
2 24 23.25 31.6 -24.9 23.25 32.12 -22.96
5 24 23.25 31.6 -24.9 20 31.6 -24.9 20 32.12 -22.96 23.25 32.12 -26.84
5 24 23.25 32.12 -26.84 20 32.12 -26.84 23.25 33.54 -28.26 20 31.6 -24.9
2 24 23.25 31.6 -4.9 23.25 32.12 -6.84
2 24 23.25 31.6 -4.9 23.25 32.12 -2.96
5 24 23.25 31.6 -4.9 20 31.6 -4.9 20 32.12 -2.96 23.25 32.12 -6.84
2 24 23.25 8 15.25 23.25 8 -9.75
2 24 23.25 8 15.25 23.25 0.5 15.25
2 24 23.25 8 -9.75 23.25 3.82 -9.75
5 24 23.25 32.12 -22.96 20 32.12 -22.96 20 33.54 -21.54 23.25 31.6 -24.9
5 24 23.25 32.12 -6.84 20 32.12 -6.84 23.25 33.54 -8.26 20 31.6 -4.9
2 24 23.25 31.6 15.1 23.25 32.12 13.16
2 24 23.25 31.6 15.1 23.25 32.12 17.04
5 24 23.25 31.6 15.1 20 31.6 15.1 20 32.12 17.04 23.25 32.12 13.16
5 24 23.25 32.12 -2.96 20 32.12 -2.96 20 33.54 -1.54 23.25 31.6 -4.9
5 24 23.25 32.12 13.16 20 32.12 13.16 23.25 33.54 11.74 20 31.6 15.1
2 24 23.25 31.6 35.1 23.25 32.12 33.16
5 24 23.25 31.6 35.1 20 31.6 35.1 20 32.12 37.04 23.25 32.12 33.16
5 24 23.25 32.12 33.16 20 32.12 33.16 23.25 33.54 31.74 20 31.6 35.1
5 24 23.25 32.12 17.04 20 32.12 17.04 20 33.54 18.46 23.25 31.6 15.1
2 24 23.25 3.82 -9.75 23.25 -7 -16
2 24 23.25 -7 -16 23.25 -28.28 -16
2 24 23.25 -28.28 -16 22.87 -32.3 -16
2 24 20 -10.5 14.63 20 -8.8 15.42
2 24 20 -10.5 14.63 20 -12.21 15.42
5 24 20 -10.5 14.63 26.44 -12.29 15.5 27.04 -10.5 14.62 20 -12.21 15.42
5 24 20 -10.5 14.63 27.04 -10.5 14.62 20 -8.8 15.42 26.44 -12.29 15.5
2 24 20 -8.8 15.42 20 -8 17.12
5 24 20 -8.8 15.42 26.44 -8.71 15.5 20 -8 17.12 27.04 -10.5 14.62
5 24 20 -8.8 15.42 27.04 -10.5 14.62 20 -10.5 14.63 26.44 -8.71 15.5
2 24 20 -4.5 10 20 -24.07 10
2 24 20 -4.5 10 20 -4.5 0
2 24 20 -8 17.12 20 -8.8 18.83
5 24 20 -8 17.12 26 -8 17.12 26.44 -8.71 15.5 20 -8.8 18.83
5 24 20 -8 17.12 26.44 -8.71 15.5 20 -8.8 15.42 26 -8 17.12
2 24 20 -26.46 41.08 20 -23.98 48.66
2 24 20 -26.46 41.08 20 -26.75 34.24
5 24 20 -26.46 41.08 1.38 -24.51 47.64 20 -23.98 48.66 0 -24.51 47.64
2 24 20 -23.98 48.66 20 -19.19 55.05
5 24 20 -23.98 48.66 4.82 -23.44 49.67 6.42 -20.77 53.39 1.38 -24.51 47.64
5 24 20 -23.98 48.66 6.42 -20.77 53.39 20 -19.19 55.05 4.82 -23.44 49.67
5 24 20 -23.98 48.66 1.38 -24.51 47.64 4.82 -23.44 49.67 20 -26.46 41.08
2 24 20 -10.5 19.63 20 -12.21 18.83
2 24 20 -10.5 19.63 20 -8.8 18.83
5 24 20 -10.5 19.63 27.04 -10.5 19.62 20 -12.21 18.83 26.44 -8.71 18.75
2 24 20 -12.21 18.83 20 -13 17.12
5 24 20 -12.21 18.83 26.44 -12.29 18.75 20 -13 17.12 27.04 -10.5 19.62
2 24 20 -26.75 34.24 20 -24.07 10
2 24 20 -13 17.12 20 -12.21 15.42
5 24 20 -13 17.12 26 -13 17.12 26.44 -12.29 18.75 20 -12.21 15.42
5 24 20 -13 17.12 26.44 -12.29 18.75 20 -12.21 18.83 26 -13 17.12
5 24 20 -8.8 18.83 26 -8 17.12 26.44 -8.71 18.75 20 -8 17.12
5 24 20 -8.8 18.83 26.44 -8.71 18.75 26 -8 17.12 20 -10.5 19.63
2 24 20 -13.63 59.06 20 -19.19 55.05
2 24 20 -13.63 59.06 20 -4.93 61.8
5 24 20 -13.63 59.06 6.87 -13.63 59.06 7.76 -4.93 61.8 20 -19.19 55.05
5 24 20 -19.19 55.05 6.42 -20.77 53.39 6.87 -13.63 59.06 20 -23.98 48.66
5 24 20 -19.19 55.05 6.87 -13.63 59.06 6.42 -20.77 53.39 20 -13.63 59.06
5 24 20 -12.21 15.42 26 -13 17.12 26.44 -12.29 15.5 20 -13 17.12
5 24 20 -12.21 15.42 26.44 -12.29 15.5 26 -13 17.12 20 -10.5 14.63
2 24 20 -4.93 61.8 20 2.37 62.18
5 24 20 -4.93 61.8 7.76 -4.93 61.8 20 -13.63 59.06 8.79 2.37 62.18
2 24 20 2.37 62.18 20 19.81 64.03
5 24 20 2.37 62.18 8.79 2.37 62.18 12.67 19.81 64.03 20 -4.93 61.8
2 24 20 -26.83 -4.31 20 -28 -10
2 24 20 -26.83 -4.31 20 -23.62 -1.11
2 24 20 -24.9 -10 20 -28 -10
2 24 20 -24.9 -10 20 -24.9 -11.25
2 24 20 -23.62 -1.11 20 -19.25 0.06
2 24 20 -19.25 0.06 20 -4.5 0
2 24 20 -24.9 -11.25 20 -30.07 -27.01
5 24 20 -26.86 -33.48 20 -30.07 -27.01 20 -24.9 -11.25 18.13 -31.36 -35.4
5 24 20 -26.86 -33.48 20 -23.03 -39.42 20 -24.9 -11.25 18.13 -31.36 -35.4
5 24 20 -26.86 -33.48 18.13 -31.36 -35.4 20 -23.03 -39.42 20 -30.07 -27.01
2 24 20 -30.07 -27.01 18.13 -31.36 -35.4
5 24 20 -23.03 -39.42 20 -18.64 -44.82 20 -24.9 -11.25 16.71 -26.83 -46.28
5 24 20 -23.03 -39.42 18.13 -31.36 -35.4 20 -26.86 -33.48 17.33 -30.13 -39.9
5 24 20 -23.03 -39.42 17.33 -30.13 -39.9 18.13 -31.36 -35.4 20 -18.64 -44.82
5 24 20 -18.64 -44.82 20 -13.61 -49.78 20 -4.5 0 18.2 -16.42 -53.59
5 24 20 -18.64 -44.82 18.2 -16.42 -53.59 20 -13.61 -49.78 16.73 -23.87 -49.89
5 24 20 -13.61 -49.78 20 3.05 -54.27 20 -18.64 -44.82 18.2 -16.42 -53.59
5 24 20 -13.61 -49.78 18.2 -16.42 -53.59 20 -18.64 -44.82 20 3.05 -54.27
2 24 20 3.05 -54.27 20 25.61 -54.98
5 24 20 3.05 -54.27 17.05 3 -54.25 12.33 -7.74 -54.25 18.7 20.7 -54.69
5 24 20 3.05 -54.27 12.33 -7.74 -54.25 17.05 3 -54.25 18.2 -16.42 -53.59
5 24 20 3.05 -54.27 18.7 20.7 -54.69 17.05 3 -54.25 20 25.61 -54.98
2 24 20 3.05 -54.27 18.2 -16.42 -53.59
2 24 20 32.12 -42.96 20 31.6 -44.9
2 24 20 32.12 -26.84 20 31.6 -24.9
2 24 20 31.6 -24.9 20 32.12 -22.96
2 24 20 31.6 -44.9 20 32.12 -46.84
2 24 20 32.12 -6.84 20 31.6 -4.9
2 24 20 31.6 -4.9 20 32.12 -2.96
2 24 20 31.6 15.1 20 32.12 13.16
2 24 20 31.6 15.1 20 32.12 17.04
2 24 20 32.12 33.16 20 31.6 35.1
2 24 20 31.6 35.1 20 32.12 37.04
2 24 20 32.12 53.16 20 31.6 55.1
2 24 20 25.61 -54.98 20 30.54 -55.53
5 24 20 25.61 -54.98 18.7 20.7 -54.69 20 3.05 -54.27 20 30.54 -55.53
2 24 20 31.6 55.1 20 32.12 57.04
2 24 20 19.81 64.03 20 36.85 67.04
5 24 20 19.81 64.03 12.67 19.81 64.03 20 2.37 62.18 20 36.85 67.04
5 24 20 32.12 57.04 23.25 32.12 57.04 20 33.54 58.46 23.25 31.6 55.1
2 24 20 30.54 -55.53 20 30.54 -59.31
2 24 20 30.54 -55.53 18.7 20.7 -54.69
5 24 20 36.85 67.04 20 39.99 71.19 20 41.6 68.85 20.11 36.85 70.88
2 24 20 36.85 67.04 20.11 36.85 70.88
2 24 20 36.85 67.04 12.67 19.81 64.03
2 24 20 41.6 68.85 20 41.6 65.1
2 24 20 41.6 68.85 20 39.99 71.19
5 24 20 41.6 68.85 23.25 41.6 68.85 20 41.6 65.1 23.25 39.99 71.19
2 24 20 41.6 65.1 20 40.78 62.04
5 24 20 41.6 65.1 23.25 41.6 65.1 20 41.6 68.85 20 40.78 62.04
5 24 20 40.78 62.04 23.25 40.78 62.04 20 38.54 59.8 20 41.6 65.1
2 24 20 39.99 71.19 20.11 36.85 70.88
5 24 20 39.99 71.19 23.25 39.99 71.19 20.11 36.85 70.88 23.25 41.6 68.85
2 24 20 40.78 48.16 20 41.6 45.1
2 24 20 41.6 45.1 20 40.78 42.04
2 24 20 40.78 28.16 20 41.6 25.1
2 24 20 41.6 25.1 20 40.78 22.04
2 24 20 40.78 8.16 20 41.6 5.1
2 24 20 41.6 5.1 20 40.78 2.04
2 24 20 40.78 -11.84 20 41.6 -14.9
2 24 20 41.6 -14.9 20 40.78 -17.96
2 24 20 40.78 -31.84 20 41.6 -34.9
2 24 20 41.6 -34.9 20 40.78 -37.96
2 24 20 37.79 -60.46 20 40.07 -60.46
2 24 20 37.79 -60.46 20 30.54 -59.31
2 24 20 41.6 -54.9 20 41.6 -58.16
2 24 20 41.6 -54.9 20 40.78 -51.84
2 24 20 41.6 -58.16 20 40.07 -60.46
2 24 20 30.54 -59.31 18.69 20.31 -58.43
2 24 32.15 -14.5 20.5 34.25 -14.5 20.5
2 24 32.15 -14.5 20.5 31.51 -14.5 20.83
5 24 32.15 -14.5 20.5 32.15 -6.5 20.5 31.51 -14.5 20.83 34.25 -6.5 20.5
2 24 34.25 -14.5 20.5 34.25 -14.5 23.5
2 24 34.25 -14.5 20.5 34.25 -6.5 20.5
2 24 34.25 -14.5 23.5 34.25 -6.5 23.5
2 24 31.51 -14.5 20.83 30 -14.5 21.12
5 24 31.51 -14.5 20.83 31.5 -6.5 20.83 32.15 -6.5 20.5 30 -14.5 21.12
2 24 30 -14.5 21.12 28 -14.5 20.59
5 24 30 -14.5 21.12 30 -6.5 21.12 28 -14.5 20.59 31.5 -6.5 20.83
2 24 28 -14.5 20.59 26.54 -14.5 19.12
5 24 28 -14.5 20.59 28 -6.5 20.59 30 -6.5 21.12 27.04 -10.5 19.62
5 24 28 -14.5 20.59 26.44 -12.29 18.75 27.04 -10.5 19.62 26.54 -14.5 19.12
5 24 28 -14.5 20.59 27.04 -10.5 19.62 28 -6.5 20.59 26.44 -12.29 18.75
2 24 26.54 -14.5 19.12 26 -14.5 17.12
5 24 26.54 -14.5 19.12 26.44 -12.29 18.75 26 -14.5 17.12 28 -14.5 20.59
2 24 26 -14.5 17.12 26.54 -14.5 15.12
5 24 26 -14.5 17.12 26 -13 17.12 26.44 -12.29 18.75 26.54 -14.5 15.12
2 24 30 -14.5 13.12 28 -14.5 13.66
2 24 30 -14.5 13.12 31.51 -14.5 13.42
5 24 30 -14.5 13.12 30 -6.5 13.12 28 -6.5 13.66 31.51 -14.5 13.42
2 24 28 -14.5 13.66 26.54 -14.5 15.12
5 24 28 -14.5 13.66 28 -6.5 13.66 30 -14.5 13.12 27.04 -10.5 14.62
5 24 28 -14.5 13.66 26.44 -12.29 15.5 26.54 -14.5 15.12 27.04 -10.5 14.62
5 24 28 -14.5 13.66 27.04 -10.5 14.62 28 -6.5 13.66 26.44 -12.29 15.5
2 24 34.25 -14.5 10.75 34.25 -14.5 13.75
2 24 34.25 -14.5 10.75 34.25 -6.5 10.75
2 24 34.25 -14.5 13.75 32.15 -14.5 13.75
2 24 34.25 -14.5 13.75 34.25 -6.5 13.75
2 24 32.15 -14.5 13.75 31.51 -14.5 13.42
5 24 32.15 -14.5 13.75 32.15 -6.5 13.75 31.5 -6.5 13.42 34.25 -14.5 13.75
5 24 31.51 -14.5 13.42 31.5 -6.5 13.42 32.15 -14.5 13.75 30 -6.5 13.12
5 24 26.54 -14.5 15.12 26.44 -12.29 15.5 26 -13 17.12 28 -14.5 13.66
2 24 31.5 -6.5 20.83 32.15 -6.5 20.5
2 24 31.5 -6.5 20.83 30 -6.5 21.12
2 24 34.25 -6.5 23.5 34.25 -6.5 20.5
2 24 34.25 -6.5 20.5 32.15 -6.5 20.5
2 24 30 -6.5 21.12 28 -6.5 20.59
2 24 28 -6.5 20.59 26.54 -6.5 19.12
5 24 28 -6.5 20.59 26.44 -8.71 18.75 26.54 -6.5 19.12 27.04 -10.5 19.62
5 24 28 -6.5 20.59 27.04 -10.5 19.62 28 -14.5 20.59 26.44 -8.71 18.75
2 24 26.54 -6.5 19.12 26 -6.5 17.12
5 24 26.54 -6.5 19.12 26.44 -8.71 18.75 26 -8 17.12 28 -6.5 20.59
2 24 26 -6.5 17.12 26.54 -6.5 15.12
5 24 26 -6.5 17.12 26 -8 17.12 26.44 -8.71 15.5 26.54 -6.5 19.12
2 24 31.5 -6.5 13.42 32.15 -6.5 13.75
2 24 31.5 -6.5 13.42 30 -6.5 13.12
2 24 32.15 -6.5 13.75 34.25 -6.5 13.75
2 24 34.25 -6.5 13.75 34.25 -6.5 10.75
2 24 30 -6.5 13.12 28 -6.5 13.66
2 24 28 -6.5 13.66 26.54 -6.5 15.12
5 24 28 -6.5 13.66 26.44 -8.71 15.5 27.04 -10.5 14.62 26.54 -6.5 15.12
5 24 28 -6.5 13.66 27.04 -10.5 14.62 28 -14.5 13.66 26.44 -8.71 15.5
5 24 26.54 -6.5 15.12 26.44 -8.71 15.5 26 -6.5 17.12 28 -6.5 13.66
2 24 0 -38.45 13.25 8.55 -37.41 13.53
5 24 0 -38.45 13.25 0 -38.45 10 8.55 -37.41 13.53 -8.55 -37.41 13.53
2 24 16.02 -34.99 14.18 23.25 -31 15.25
2 24 16.02 -34.99 14.18 8.55 -37.41 13.53
5 24 16.02 -34.99 14.18 9.47 -37.17 10 16.96 -34.52 10 8.55 -37.41 13.53
5 24 16.02 -34.99 14.18 16.96 -34.52 10 9.47 -37.17 10 23.25 -31 15.25
2 24 23.25 -31 15.25 23.25 -31 19
5 24 23.25 -31 15.25 16.96 -34.52 10 25.25 -29.47 10 16.02 -34.99 14.18
5 24 8.55 -37.41 13.53 0 -38.45 10 9.47 -37.17 10 0 -38.45 13.25
5 24 8.55 -37.41 13.53 9.47 -37.17 10 16.02 -34.99 14.18 0 -38.45 10
2 24 0 -38.45 10 9.47 -37.17 10
2 24 9.47 -37.17 10 16.96 -34.52 10
2 24 2.81 -43.37 -10 1.6 -44.52 -10
2 24 2.81 -43.37 -10 4.46 -40.53 -10
5 24 2.81 -43.37 -10 2.81 -43.37 -16 4.46 -40.53 -16 1.6 -44.52 -16
2 24 0 -45 -10 1.6 -44.52 -10
5 24 0 -45 -10 0 -45 -16 1.6 -44.52 -16 -1.6 -44.52 -16
5 24 1.6 -44.52 -10 1.6 -44.52 -16 0 -45 -16 2.81 -43.37 -16
2 24 4.46 -40.53 -10 13.52 -38.42 -10
2 24 4.46 -40.53 -10 4.46 -40.53 -16
2 24 13.52 -38.42 -10 21.85 -34.28 -10
5 24 13.52 -38.42 -10 13.52 -38.42 -16 21.85 -34.28 -10 4.46 -40.53 -10
2 24 21.85 -34.28 -10 24.34 -31.57 -10
5 24 21.85 -34.28 -10 21.85 -34.28 -16 24.34 -31.57 -16 13.52 -38.42 -10
5 24 24.34 -31.57 -10 24.34 -31.57 -16 25.25 -28 -16 21.85 -34.28 -10
2 24 2.81 -43.37 -16 1.6 -44.52 -16
2 24 2.81 -43.37 -16 4.46 -40.53 -16
2 24 1.6 -44.52 -16 0 -45 -16
2 24 13.52 -38.42 -16 4.46 -40.53 -16
2 24 13.52 -38.42 -16 21.85 -34.28 -16
2 24 21.85 -34.28 -16 24.34 -31.57 -16
2 24 22.87 -32.3 -16 20.72 -34.69 -29.59
2 24 26 -8 17.12 26.44 -8.71 15.5
2 24 26 -8 17.12 26.44 -8.71 18.75
2 24 26.44 -8.71 15.5 27.04 -10.5 14.62
2 24 26.44 -8.71 18.75 27.04 -10.5 19.62
2 24 26 -13 17.12 26.44 -12.29 18.75
2 24 26 -13 17.12 26.44 -12.29 15.5
2 24 26.44 -12.29 18.75 27.04 -10.5 19.62
2 24 26.44 -12.29 15.5 27.04 -10.5 14.62
5 24 20.11 36.85 70.88 23.25 39.99 71.19 23.36 36.1 70.71 20 39.99 71.19
5 24 20.11 36.85 70.88 23.36 36.1 70.71 23.25 39.99 71.19 23.36 19.68 67.73
2 24 20.11 36.85 70.88 13 20.5 67.92
5 24 20.11 36.85 70.88 12.67 19.81 64.03 20 36.85 67.04 13 20.5 67.92
2 24 23.25 39.99 71.19 23.36 36.1 70.71
2 24 23.25 39.99 71.19 23.25 41.6 68.85
2 24 23.36 36.1 70.71 23.36 19.68 67.73
2 24 23.25 41.6 68.85 23.25 41.6 65.1
2 24 23.25 40.78 62.04 23.25 41.6 65.1
2 24 23.25 -8.18 64.94 23.36 3.19 65.99
5 24 23.25 -8.18 64.94 7.66 -6.65 65.27 6.66 -18.62 60.02 23.36 3.19 65.99
5 24 23.25 -8.18 64.94 6.66 -18.62 60.02 7.66 -6.65 65.27 23.25 -18.8 59.88
2 24 23.36 3.19 65.99 23.36 19.68 67.73
5 24 23.36 3.19 65.99 7.66 -6.65 65.27 8.98 2.84 65.97 23.25 -8.18 64.94
5 24 23.36 3.19 65.99 8.98 2.84 65.97 23.36 19.68 67.73 7.66 -6.65 65.27
5 24 23.36 19.68 67.73 13 20.5 67.92 23.36 36.1 70.71 8.98 2.84 65.97
2 24 17.05 3 -54.25 12.33 -7.74 -54.25
2 24 17.05 3 -54.25 18.7 20.7 -54.69
5 24 17.05 3 -54.25 18.69 20.31 -58.43 18.7 20.7 -54.69 16.87 2.37 -58
5 24 17.05 3 -54.25 16.87 2.37 -58 18.69 20.31 -58.43 12.33 -7.74 -54.25
5 24 12.33 -7.74 -54.25 18.2 -16.42 -53.59 20 3.05 -54.27 10.19 -15.09 -53.91
2 24 12.33 -7.74 -54.25 10.19 -15.09 -53.91
5 24 12.33 -7.74 -54.25 13.5 -5.41 -58 16.87 2.37 -58 10.23 -14.79 -57.76
5 24 12.33 -7.74 -54.25 10.23 -14.79 -57.76 13.5 -5.41 -58 10.19 -15.09 -53.91
5 24 18.7 20.7 -54.69 18.69 20.31 -58.43 17.05 3 -54.25 20 30.54 -55.53
2 24 18.2 -16.42 -53.59 16.73 -23.87 -49.89
5 24 18.2 -16.42 -53.59 10.19 -15.09 -53.91 10 -25.07 -48.85 12.33 -7.74 -54.25
2 24 16.71 -26.83 -46.28 16.73 -23.87 -49.89
2 24 16.71 -26.83 -46.28 17.33 -30.13 -39.9
5 24 10.19 -15.09 -53.91 10.23 -14.79 -57.76 12.33 -7.74 -54.25 10 -25.58 -53.25
2 24 18.13 -31.36 -35.4 17.33 -30.13 -39.9
2 24 18.69 20.31 -58.43 16.87 2.37 -58
2 24 16.87 2.37 -58 13.5 -5.41 -58
5 24 16.87 2.37 -58 22.71 -0.7 -58 21.37 -9.14 -58 18.69 20.31 -58.43
2 24 13.5 -5.41 -58 10.23 -14.79 -57.76
5 24 13.5 -5.41 -58 19.29 -16.92 -57.35 21.37 -9.14 -58 10.23 -14.79 -57.76
5 24 13.5 -5.41 -58 21.37 -9.14 -58 16.87 2.37 -58 19.29 -16.92 -57.35
5 24 10.23 -14.79 -57.76 19.29 -16.92 -57.35 13.5 -5.41 -58 17.26 -24.93 -53.86
5 24 4.82 -23.44 49.67 6.42 -24.77 53.75 6.42 -20.77 53.39 5.2 -26.93 50.19
2 24 4.82 -23.44 49.67 6.42 -20.77 53.39
5 24 4.82 -23.44 49.67 5.2 -26.93 50.19 6.42 -24.77 53.75 1.38 -24.51 47.64
2 24 4.82 -23.44 49.67 1.38 -24.51 47.64
5 24 6.42 -24.77 53.75 6.42 -20.77 53.39 4.82 -23.44 49.67 6.66 -18.62 60.02
2 24 6.42 -24.77 53.75 5.2 -26.93 50.19
2 24 6.42 -24.77 53.75 6.66 -18.62 60.02
2 24 6.42 -20.77 53.39 6.87 -13.63 59.06
5 24 6.42 -20.77 53.39 6.66 -18.62 60.02 6.87 -13.63 59.06 6.42 -24.77 53.75
5 24 5.2 -26.93 50.19 1.38 -24.51 47.64 4.82 -23.44 49.67 1.85 -28.07 47.74
2 24 5.2 -26.93 50.19 1.85 -28.07 47.74
5 24 1.38 -24.51 47.64 1.85 -28.07 47.74 5.2 -26.93 50.19 0 -28.07 47.74
5 24 7.66 -6.65 65.27 6.87 -13.63 59.06 6.66 -18.62 60.02 7.76 -4.93 61.8
2 24 7.66 -6.65 65.27 6.66 -18.62 60.02
5 24 7.66 -6.65 65.27 7.76 -4.93 61.8 6.87 -13.63 59.06 8.98 2.84 65.97
2 24 7.66 -6.65 65.27 8.98 2.84 65.97
5 24 6.87 -13.63 59.06 6.66 -18.62 60.02 7.66 -6.65 65.27 6.42 -20.77 53.39
2 24 6.87 -13.63 59.06 7.76 -4.93 61.8
2 24 7.76 -4.93 61.8 8.79 2.37 62.18
5 24 8.98 2.84 65.97 8.79 2.37 62.18 7.76 -4.93 61.8 13 20.5 67.92
2 24 8.98 2.84 65.97 13 20.5 67.92
5 24 8.79 2.37 62.18 13 20.5 67.92 8.98 2.84 65.97 12.67 19.81 64.03
2 24 8.79 2.37 62.18 12.67 19.81 64.03
5 24 13 20.5 67.92 12.67 19.81 64.03 8.79 2.37 62.18 20.11 36.85 70.88
2 24 18.53 -34.76 -38.08 17.51 -32.64 -44.64
2 24 18.53 -34.76 -38.08 20.72 -34.69 -29.59
2 24 17.51 -32.64 -44.64 17.04 -28.58 -50.51
2 24 17.26 -24.93 -53.86 19.29 -16.92 -57.35
2 24 17.26 -24.93 -53.86 17.04 -28.58 -50.51
2 24 19.29 -16.92 -57.35 21.37 -9.14 -58
2 24 21.37 -9.14 -58 22.71 -0.7 -58
2 24 10 -26.46 -16 0 -26.46 -16
2 24 20 -24.9 -10 0 -24.9 -10
5 24 20 -24.9 -11.25 0 -24.9 -11.25 10 -26.46 -16 0 -24.9 -10
5 24 23.25 -29.98 33.85 0 -29.98 33.85 0 -28.34 19 23.25 -29.43 42.66
2 24 23.25 -28.34 19 0 -28.34 19
5 24 23.25 -29.43 42.66 0 -29.43 42.66 1.85 -28.07 47.74 0 -29.98 33.85
5 24 20 -26.46 41.08 0 -26.46 41.08 0 -24.51 47.64 20 -26.75 34.24
5 24 20 -26.75 34.24 0 -26.75 34.24 0 -26.46 41.08 20 -24.07 10
2 24 20 -24.07 10 0 -24.07 10
2 24 23.25 -31 15.25 0 -31 15.25
2 24 23.25 -31 19 0 -31 19
2 24 1.38 -24.51 47.64 0 -24.51 47.64
2 24 1.85 -28.07 47.74 0 -28.07 47.74
5 24 16.02 -34.99 14.18 0 -34.99 14.18 0 -37.41 13.53 23.25 -31 15.25
5 24 8.55 -37.41 13.53 0 -37.41 13.53 0 -38.45 13.25 16.02 -34.99 14.18
5 24 0 -24.51 47.64 0 -28.07 47.74 1.85 -28.07 47.74 -1.85 -28.07 47.74
5 24 20 -18.64 -44.82 16.73 -23.87 -49.89 16.71 -26.83 -46.28 18.2 -16.42 -53.59
0
