0 ~Minifig Book 1/4 Spine without Outside Faces
0 Name: s\33009s01.dat
0 Author: Franklin W. Cain [fwcain]
0 !LDRAW_ORG Subpart UPDATE 2018-01
0 !LICENSE Redistributable under CCAL version 2.0 : see CAreadme.txt

0 BFC CERTIFY CCW

0 !HISTORY 2004-04-22 [PTadmin] Official Update 2004-02
0 !HISTORY 2007-09-09 [PTadmin] Header formatted for Contributor Agreement
0 !HISTORY 2008-07-01 [PTadmin] Official Update 2008-01
0 !HISTORY 2014-12-19 [MagFors] Made BFC compliant
0 !HISTORY 2017-12-05 [PTadmin] Renamed from s/466as01
0 !HISTORY 2018-01-30 [PTadmin] Official Update 2018-01

4 16 -5 -27 0 -5 0 0 -5 0 -1 -5 -27 -1
4 16 -2 -27 -2 0 -27 -2 0 -27 0 -5 -27 -1
3 16 -5 -27 -1 0 -27 0 -5 -27 0
4 16 -1 0 0 -1 -25 0 0 -25 0 0 0 0
4 16 -5 0 0 -5 -27 0 -3 -26 0 -3 0 0
4 16 -3 -26 0 -5 -27 0 0 -27 0 0 -26 0
2 24 0 -15 -2 -2 -15 -2
2 24 0 -17 -2 -2 -17 -2
2 24 -2 -15 -2 -5 -15 -1
2 24 -2 -17 -2 -5 -17 -1
2 24 -5 -15 -1 -5 0 -1
2 24 -5 -27 -1 -5 -17 -1
2 24 -2 -27 -2 0 -27 -2
2 24 -2 -27 -2 -5 -27 -1
2 24 -5 -27 -1 -5 -27 0
2 24 0 -27 0 -5 -27 0
2 24 -5 0 0 -5 -27 0

0 // ridges
4 16 0 -15 -2 0 -15.625 -3 -2 -15.625 -3 -2 -15 -2
4 16 0 -15.625 -3 0 -16.375 -3 -2 -16.375 -3 -2 -15.625 -3
4 16 0 -16.375 -3 0 -17 -2 -2 -17 -2 -2 -16.375 -3
4 16 -2 -15 -2 -2 -15.625 -3 -5 -15.625 -2 -5 -15 -1
4 16 -2 -15.625 -3 -2 -16.375 -3 -5 -16.375 -2 -5 -15.625 -2
4 16 -2 -16.375 -3 -2 -17 -2 -5 -17 -1 -5 -16.375 -2
5 24 -2 -15 -2 -2 -15.625 -3 0 -15.625 -3 -5 -15.625 -2
5 24 -2 -15.625 -3 -2 -16.375 -3 0 -16 -3 -5 -16 -2
5 24 -2 -16.375 -3 -2 -17 -2 0 -16.375 -3 -5 -16.375 -2
5 24 0 -15.625 -3 -2 -15.625 -3 -2 -15 -2 -2 -16.375 -3
5 24 0 -16.375 -3 -2 -16.375 -3 -2 -15.625 -3 -2 -17 -2
5 24 -2 -15.625 -3 -5 -15.625 -2 -2 -15 -2 -2 -16.375 -3
5 24 -2 -16.375 -3 -5 -16.375 -2 -2 -15.625 -3 -2 -17 -2
4 16 -5 -15.625 -2 -5 -16.375 -2 -5 -17 -1 -5 -15 -1
2 24 -5 -15 -1 -5 -15.625 -2
2 24 -5 -15.625 -2 -5 -16.375 -2
2 24 -5 -17 -1 -5 -16.375 -2

0 // inner side
4 16 0 -26 0 0 -26 1 -2 -26 1 -3 -26 0
4 16 -3 -26 0 -2 -26 1 -2 0 1 -3 0 0
4 16 -1 -25 1 -2 -26 1 0 -26 1 0 -25 1
4 16 -1 0 1 -2 0 1 -2 -26 1 -1 -25 1
2 24 0 -26 0 -3 -26 0
2 24 -3 0 0 -3 -26 0
2 24 0 -26 1 -2 -26 1
2 24 -2 0 1 -2 -26 1
2 24 -3 -26 0 -2 -26 1
2 24 0 -25 1 -1 -25 1
2 24 -1 0 1 -1 -25 1

4 16 -1 -25 0 -1 -25 1 0 -25 1 0 -25 0
4 16 -1 0 0 -1 0 1 -1 -25 1 -1 -25 0
2 24 0 -25 0 -1 -25 0
2 24 -1 0 0 -1 -25 0
2 24 -1 -25 0 -1 -25 1
