0 ~Minifig Head with Blue Sunglasses and Stubble Pattern Half
0 Name: s\3626bp7es01.dat
0 Author: Philippe Hurbain [Philo]
0 !LDRAW_ORG Subpart UPDATE 2015-02
0 !LICENSE Redistributable under CCAL version 2.0 : see CAreadme.txt

0 BFC CERTIFY CCW

0 !HISTORY 2015-12-30 [PTadmin] Official Update 2015-02

5 24 0 17 -13 0 4 -13 -4.9751 17 -12.0107 4.9751 17 -12.0107
5 24 4.9751 17 -12.0107 4.9751 4 -12.0107 0 17 -13 9.1923 17 -9.1923
5 24 9.1923 17 -9.1923 9.1923 4 -9.1923 4.9751 17 -12.0107 12.0107 17 -4.9751
5 24 12.0107 17 -4.9751 12.0107 4 -4.9751 9.1923 17 -9.1923 13 17 0
5 24 0 21 -8 3.0616 21 -7.3912 0 20.6954 -9.9136 0 21 -5.9288
5 24 0 21 -8 0 20.6954 -9.9136 3.0616 21 -7.3912 -3.3136 21 -8
5 24 0 20.6954 -9.9136 3.7936 20.6954 -9.1592 0 19.8282 -11.5352 0 21 -8
5 24 0 20.6954 -9.9136 0 19.8282 -11.5352 3.7936 20.6954 -9.1592 -4.1064 20.6954 -9.9136
5 24 0 19.8282 -11.5352 4.4144 19.8282 -10.6576 0 18.5309 -12.6192 0 20.6954 -9.9136
5 24 0 19.8282 -11.5352 0 18.5309 -12.6192 4.4144 19.8282 -10.6576 -4.7784 19.8282 -11.5352
5 24 0 18.5309 -12.6192 4.8296 18.5309 -11.6592 0 17 -13 0 19.8282 -11.5352
5 24 0 18.5309 -12.6192 0 17 -13 4.8296 18.5309 -11.6592 -5.2272 18.5309 -12.6192
5 24 0 17 -13 4.9752 17 -12.0104 0 15.343 -13 0 18.5309 -12.6192
5 24 3.0616 21 -7.3912 5.6568 21 -5.6568 3.7936 20.6954 -9.1592 2.2688 21 -5.4776
5 24 3.0616 21 -7.3912 3.7936 20.6954 -9.1592 5.6568 21 -5.6568 0 21 -8
5 24 3.7936 20.6954 -9.1592 7.0096 20.6954 -7.0096 4.4144 19.8282 -10.6576 3.0616 21 -7.3912
5 24 3.7936 20.6954 -9.1592 4.4144 19.8282 -10.6576 7.0096 20.6954 -7.0096 0 20.6954 -9.9136
5 24 4.4144 19.8282 -10.6576 8.1568 19.8282 -8.1568 4.8296 18.5309 -11.6592 3.7936 20.6954 -9.1592
5 24 4.4144 19.8282 -10.6576 4.8296 18.5309 -11.6592 8.1568 19.8282 -8.1568 0 19.8282 -11.5352
5 24 4.8296 18.5309 -11.6592 8.9232 18.5309 -8.9232 4.9752 17 -12.0104 4.4144 19.8282 -10.6576
5 24 4.8296 18.5309 -11.6592 4.9752 17 -12.0104 8.9232 18.5309 -8.9232 0 18.5309 -12.6192
5 24 4.9752 17 -12.0104 9.192 17 -9.192 4.9752 15.343 -12.0104 4.8296 18.5309 -11.6592
5 24 5.6568 21 -5.6568 7.3912 21 -3.0616 7.0096 20.6954 -7.0096 4.192 21 -4.192
5 24 5.6568 21 -5.6568 7.0096 20.6954 -7.0096 7.3912 21 -3.0616 3.0616 21 -7.3912
5 24 7.0096 20.6954 -7.0096 9.1592 20.6954 -3.7936 8.1568 19.8282 -8.1568 5.6568 21 -5.6568
5 24 7.0096 20.6954 -7.0096 8.1568 19.8282 -8.1568 9.1592 20.6954 -3.7936 3.7936 20.6954 -9.1592
5 24 8.1568 19.8282 -8.1568 10.6576 19.8282 -4.4144 8.9232 18.5309 -8.9232 7.0096 20.6954 -7.0096
5 24 8.1568 19.8282 -8.1568 8.9232 18.5309 -8.9232 10.6576 19.8282 -4.4144 4.4144 19.8282 -10.6576
5 24 8.9232 18.5309 -8.9232 11.6592 18.5309 -4.8296 9.192 17 -9.192 8.1568 19.8282 -8.1568
5 24 8.9232 18.5309 -8.9232 9.192 17 -9.192 11.6592 18.5309 -4.8296 4.8296 18.5309 -11.6592
5 24 9.192 17 -9.192 12.0104 17 -4.9752 9.192 15.343 -9.192 8.9232 18.5309 -8.9232
5 24 7.3912 21 -3.0616 9.1592 20.6954 -3.7936 8 21 0 5.6568 21 -5.6568
5 24 9.1592 20.6954 -3.7936 10.6576 19.8282 -4.4144 9.9136 20.6954 0 7.0096 20.6954 -7.0096
5 24 10.6576 19.8282 -4.4144 11.6592 18.5309 -4.8296 11.5352 19.8282 0 8.1568 19.8282 -8.1568
5 24 11.6592 18.5309 -4.8296 12.0104 17 -4.9752 12.6192 18.5309 0 8.9232 18.5309 -8.9232
4 0 0.516 17.5 -12.7726 0.3707 17.1493 -12.8886 0 17.5001 -12.8756 0.3707 17.8507 -12.7144
3 0 0 17.9961 -12.7522 0.3707 17.8507 -12.7144 0 17.5001 -12.8756
3 0 0 17.5001 -12.8756 0.3707 17.1493 -12.8886 0 17 -13
4 0 4.036 17.5 -12.0729 3.8907 17.1493 -12.1889 3.54 17.5 -12.1715 3.8907 17.8507 -12.0147
4 0 3.54 17.996 -12.0484 3.8907 17.8507 -12.0147 3.54 17.5 -12.1715 3.1893 17.8507 -12.1542
4 0 3.044 17.5 -12.2701 3.1893 17.8507 -12.1542 3.54 17.5 -12.1715 3.1893 17.1493 -12.3283
4 0 3.54 17 -12.2959 3.1893 17.1493 -12.3283 3.54 17.5 -12.1715 3.8907 17.1493 -12.1889
4 0 7.376 17.5 -10.2593 7.2507 17.1493 -10.4457 6.92 17.5 -10.564 7.2507 17.8507 -10.2403
4 0 6.92 17.996 -10.4188 7.2507 17.8507 -10.2403 6.92 17.5 -10.564 6.5893 17.8507 -10.6824
4 0 6.464 17.5 -10.8688 6.5893 17.8507 -10.6824 6.92 17.5 -10.564 6.5893 17.1493 -10.8878
4 0 6.92 17 -10.7105 6.5893 17.1493 -10.8878 6.92 17.5 -10.564 7.2507 17.1493 -10.4457
4 0 8.816 15.74 -9.4438 8.6907 15.3893 -9.5275 8.36 15.74 -9.7485 8.6907 16.0907 -9.5275
4 0 8.36 16.236 -9.7485 8.6907 16.0907 -9.5275 8.36 15.74 -9.7485 8.0293 16.0907 -9.9696
4 0 7.904 15.74 -10.0533 8.0293 16.0907 -9.9696 8.36 15.74 -9.7485 8.0293 15.3893 -9.9696
4 0 8.36 15.244 -9.7485 8.0293 15.3893 -9.9696 8.36 15.74 -9.7485 8.6907 15.3893 -9.5275
4 0 7.796 14 -10.1255 7.6707 13.6493 -10.2092 7.34 14 -10.4302 7.6707 14.3507 -10.2092
4 0 7.34 14.496 -10.4302 7.6707 14.3507 -10.2092 7.34 14 -10.4302 7.0093 14.3507 -10.6512
4 0 6.884 14 -10.735 7.0093 14.3507 -10.6512 7.34 14 -10.4302 7.0093 13.6493 -10.6512
4 0 7.34 13.504 -10.4302 7.0093 13.6493 -10.6512 7.34 14 -10.4302 7.6707 13.6493 -10.2092
4 0 5.776 15.68 -11.4755 5.6507 15.3293 -11.5592 5.32 15.68 -11.7802 5.6507 16.0307 -11.5592
4 0 5.32 16.176 -11.7802 5.6507 16.0307 -11.5592 5.32 15.68 -11.7802 4.9751 16.0307 -12.0107
4 0 5.32 15.184 -11.7802 4.9751 15.3293 -12.0107 5.32 15.68 -11.7802 5.6507 15.3293 -11.5592
4 0 10.516 14.02 -7.2116 10.4507 13.6693 -7.3093 10.2 14.02 -7.6845 10.4507 14.3707 -7.3093
4 0 10.2 14.516 -7.6845 10.4507 14.3707 -7.3093 10.2 14.02 -7.6845 9.9493 14.3707 -8.0596
4 0 9.864 14.02 -8.1872 9.9493 14.3707 -8.0596 10.2 14.02 -7.6845 9.9493 13.6693 -8.0596
4 0 10.2 13.524 -7.6845 9.9493 13.6693 -8.0596 10.2 14.02 -7.6845 10.4507 13.6693 -7.3093
4 0 10.216 17.38 -7.4934 10.1507 17.0693 -7.7273 9.88 17.44 -7.9698 10.0907 17.7307 -7.5271
4 0 9.82 17.916 -7.8509 10.0907 17.7307 -7.5271 9.88 17.44 -7.9698 9.6093 17.8507 -8.1948
4 0 9.544 17.54 -8.4287 9.6093 17.8507 -8.1948 9.88 17.44 -7.9698 9.6693 17.1893 -8.395
4 0 9.94 17 -8.0729 9.6693 17.1893 -8.395 9.88 17.44 -7.9698 10.1507 17.0693 -7.7273
4 0 2.316 19.18 -11.6164 2.1907 18.9093 -11.8676 1.84 19.2 -11.6944 2.1707 19.4707 -11.4024
4 0 1.82 19.596 -11.3674 2.1707 19.4707 -11.4024 1.84 19.2 -11.6944 1.4893 19.4907 -11.5211
4 0 1.364 19.22 -11.7723 1.4893 19.4907 -11.5211 1.84 19.2 -11.6944 1.5093 18.9293 -11.9864
4 0 1.86 18.804 -12.0213 1.5093 18.9293 -11.9864 1.84 19.2 -11.6944 2.1907 18.9093 -11.8676
4 0 5.516 19.2 -10.5406 5.4507 18.9493 -10.8313 5.06 19.24 -10.8059 5.3507 19.4907 -10.3645
4 0 5 19.616 -10.4754 5.3507 19.4907 -10.3645 5.06 19.24 -10.8059 4.6693 19.5307 -10.7804
4 0 4.5911 19.276 -11.0839 4.6693 19.5307 -10.7804 5.06 19.24 -10.8059 4.7693 18.9893 -11.2472
4 0 5.12 18.864 -11.1363 4.7693 18.9893 -11.2472 5.06 19.24 -10.8059 5.4507 18.9493 -10.8313
4 0 8.53 19.1964 -8.53 8.4707 18.9493 -8.8132 8.08 19.24 -8.7878 8.3599 19.4843 -8.3599
4 0 8.02 19.616 -8.4573 8.3599 19.4843 -8.3599 8.08 19.24 -8.7878 7.6893 19.5307 -8.7624
4 0 7.624 19.28 -9.0531 7.6893 19.5307 -8.7624 8.08 19.24 -8.7878 7.7893 18.9893 -9.2292
4 0 8.14 18.864 -9.1183 7.7893 18.9893 -9.2292 8.08 19.24 -8.7878 8.4707 18.9493 -8.8132
3 0 4.9751 16.0307 -12.0107 5.32 15.68 -11.7802 4.9751 15.3293 -12.0107
3 0 4.864 15.68 -12.0328 4.9751 16.0307 -12.0107 4.9751 15.3293 -12.0107
4 0 0 14.78 -13 0 16 -13 0.94 15.94 -12.8131 0.78 14.78 -12.8449
4 0 1.7 14.56 -12.662 0.78 14.78 -12.8449 0.94 15.94 -12.8131 1.84 15.76 -12.6341
4 0 1.7 14.56 -12.662 1.84 15.76 -12.6341 2.76 15.48 -12.4512 2.76 14.08 -12.4512
4 0 2.76 14.08 -12.4512 2.76 15.48 -12.4512 3.46 15.2 -12.312 3.16 14.02 -12.3716
4 0 3.16 14.02 -12.3716 3.46 15.2 -12.312 3.68 14.86 -12.2682 3.66 14.46 -12.2722
3 0 3.66 14.46 -12.2722 3.5 14.16 -12.304 3.16 14.02 -12.3716
4 1 5.82 11.7 -11.446 5.92 7.9 -11.3792 4.9751 8.04 -12.0107 4.9751 11.76 -12.0107
4 1 4.9751 11.76 -12.0107 4.9751 8.04 -12.0107 3.94 8.2 -12.2165 3.7 11.66 -12.2643
4 1 3.7 11.66 -12.2643 3.94 8.2 -12.2165 2.86 8.36 -12.4313 2.82 11.44 -12.4392
4 1 2.3 10.94 -12.5426 2.82 11.44 -12.4392 2.86 8.36 -12.4313 1.92 10.2 -12.6182
4 1 1.64 9.38 -12.6739 1.92 10.2 -12.6182 2.86 8.36 -12.4313 1.56 8.56 -12.6898
4 1 6.64 7.86 -10.898 5.92 7.9 -11.3792 5.82 11.7 -11.446 6.54 11.6 -10.9649
4 1 6.64 7.86 -10.898 6.54 11.6 -10.9649 7.18 11.34 -10.5371 7.52 10.9 -10.3099
4 1 6.64 7.86 -10.898 7.52 10.9 -10.3099 7.72 10.26 -10.1763 7.76 9.5 -10.1495
4 1 6.64 7.86 -10.898 7.76 9.5 -10.1495 7.64 8.7 -10.2297 7.36 8.1 -10.4169
3 1 7.36 8.1 -10.4169 7 7.9 -10.6574 6.64 7.86 -10.898
4 0 0 7.7 -13 0 8.74 -13 0.22 8.76 -12.9563 0.66 7.76 -12.8688
4 0 0.66 7.76 -12.8688 0.22 8.76 -12.9563 0.46 8.9 -12.9085 0.9 7.64 -12.821
4 0 1.56 8.56 -12.6898 0.9 7.64 -12.821 0.46 8.9 -12.9085 0.6 9.24 -12.8807
4 0 1.64 9.38 -12.6739 1.56 8.56 -12.6898 0.6 9.24 -12.8807 0.8 9.9 -12.8409
4 0 1.92 10.2 -12.6182 1.64 9.38 -12.6739 0.8 9.9 -12.8409 1.16 10.9 -12.7693
4 0 2.3 10.94 -12.5426 1.92 10.2 -12.6182 1.16 10.9 -12.7693 1.76 11.72 -12.65
4 0 2.82 11.44 -12.4392 2.3 10.94 -12.5426 1.76 11.72 -12.65 2.46 12.26 -12.5108
4 0 3.7 11.66 -12.2643 2.82 11.44 -12.4392 2.46 12.26 -12.5108 3.2 12.5 -12.3637
4 0 3.7 11.66 -12.2643 3.2 12.5 -12.3637 4.1 12.7 -12.1847 4.9751 11.76 -12.0107
3 0 4.1 12.7 -12.1847 4.9751 12.74 -12.0107 4.9751 11.76 -12.0107
4 0 5.82 11.7 -11.446 4.9751 11.76 -12.0107 4.9751 12.74 -12.0107 6.26 12.64 -11.152
4 0 6.54 11.6 -10.9649 5.82 11.7 -11.446 6.26 12.64 -11.152 7.32 12.36 -10.4436
4 0 7.18 11.34 -10.5371 6.54 11.6 -10.9649 7.32 12.36 -10.4436 7.92 12 -10.0426
4 0 7.52 10.9 -10.3099 7.18 11.34 -10.5371 7.92 12 -10.0426 8.24 11.48 -9.8287
4 0 7.52 10.9 -10.3099 8.24 11.48 -9.8287 8.5 10.44 -9.655 7.72 10.26 -10.1763
4 0 7.72 10.26 -10.1763 8.5 10.44 -9.655 8.6 9.4 -9.5881 7.76 9.5 -10.1495
4 0 7.76 9.5 -10.1495 8.6 9.4 -9.5881 8.44 8.36 -9.6951 7.64 8.7 -10.2297
4 0 7.64 8.7 -10.2297 8.44 8.36 -9.6951 8.2 7.64 -9.8555 7.36 8.1 -10.4169
4 0 7.36 8.1 -10.4169 8.2 7.64 -9.8555 7.8 7.16 -10.1228 7 7.9 -10.6574
4 0 7 7.9 -10.6574 7.8 7.16 -10.1228 7.3 6.94 -10.4569 6.64 7.86 -10.898
4 0 6.64 7.86 -10.898 7.3 6.94 -10.4569 6.44 6.86 -11.0317 5.92 7.9 -11.3792
4 0 5.92 7.9 -11.3792 6.44 6.86 -11.0317 4.9751 7.04 -12.0107 4.9751 8.04 -12.0107
4 0 3.94 8.2 -12.2165 4.9751 8.04 -12.0107 4.9751 7.04 -12.0107 2.4 7.36 -12.5228
4 0 2.86 8.36 -12.4313 3.94 8.2 -12.2165 2.4 7.36 -12.5228 1.24 7.54 -12.7534
4 0 1.56 8.56 -12.6898 2.86 8.36 -12.4313 1.24 7.54 -12.7534 0.9 7.64 -12.821
4 16 0 4 -13 0 7.7 -13 0.66 7.76 -12.8688 0.9 7.64 -12.821
3 16 0.9 7.64 -12.821 1.24 7.54 -12.7534 0 4 -13
4 16 0 4 -13 1.24 7.54 -12.7534 2.4 7.36 -12.5228 4.9752 4 -12.0104
3 16 2.4 7.36 -12.5228 4.9751 7.04 -12.0107 4.9752 4 -12.0104
3 16 4.9751 7.04 -12.0107 6.44 6.86 -11.0317 4.9752 4 -12.0104
4 16 4.9752 4 -12.0104 6.44 6.86 -11.0317 7.3 6.94 -10.4569 9.192 4 -9.192
3 16 7.3 6.94 -10.4569 7.8 7.16 -10.1228 9.192 4 -9.192
3 16 7.8 7.16 -10.1228 8.2 7.64 -9.8555 9.192 4 -9.192
3 16 8.2 7.64 -9.8555 8.44 8.36 -9.6951 9.192 4 -9.192
3 16 8.44 8.36 -9.6951 8.6 9.4 -9.5881 9.192 4 -9.192
4 16 9.192 4 -9.192 8.6 9.4 -9.5881 8.6907 15.3893 -9.5275 8.816 15.74 -9.4438
3 16 8.816 15.74 -9.4438 9.192 17 -9.192 9.192 4 -9.192
3 16 8.24 11.48 -9.8287 8.6907 15.3893 -9.5275 8.5 10.44 -9.655
4 16 8.6907 15.3893 -9.5275 8.24 11.48 -9.8287 7.92 12 -10.0426 7.796 14 -10.1255
4 16 7.6707 13.6493 -10.2092 7.796 14 -10.1255 7.92 12 -10.0426 7.32 12.36 -10.4436
4 16 7.34 13.504 -10.4302 7.6707 13.6493 -10.2092 7.32 12.36 -10.4436 6.26 12.64 -11.152
4 16 7.0093 13.6493 -10.6512 7.34 13.504 -10.4302 6.26 12.64 -11.152 4.9751 12.74 -12.0107
4 16 6.884 14 -10.735 7.0093 13.6493 -10.6512 4.9751 12.74 -12.0107 5.32 15.184 -11.7802
3 16 4.9751 15.3293 -12.0107 5.32 15.184 -11.7802 4.9751 12.74 -12.0107
4 16 3.66 14.46 -12.2722 4.9751 15.3293 -12.0107 4.9751 12.74 -12.0107 4.1 12.7 -12.1847
3 16 3.5 14.16 -12.304 3.66 14.46 -12.2722 4.1 12.7 -12.1847
4 16 3.16 14.02 -12.3716 3.5 14.16 -12.304 4.1 12.7 -12.1847 3.2 12.5 -12.3637
4 16 3.16 14.02 -12.3716 3.2 12.5 -12.3637 2.46 12.26 -12.5108 2.76 14.08 -12.4512
4 16 1.7 14.56 -12.662 2.76 14.08 -12.4512 2.46 12.26 -12.5108 0.78 14.78 -12.8449
4 16 0 14.78 -13 0.78 14.78 -12.8449 2.46 12.26 -12.5108 1.76 11.72 -12.65
3 16 0 14.78 -13 1.76 11.72 -12.65 1.16 10.9 -12.7693
3 16 0 14.78 -13 1.16 10.9 -12.7693 0.8 9.9 -12.8409
4 16 0 14.78 -13 0.8 9.9 -12.8409 0.6 9.24 -12.8807 0 8.74 -13
4 16 0.22 8.76 -12.9563 0 8.74 -13 0.6 9.24 -12.8807 0.46 8.9 -12.9085
4 16 9.192 4 -9.192 9.9493 13.6693 -8.0596 10.2 13.524 -7.6845 12.0104 4 -4.9752
3 16 10.2 13.524 -7.6845 10.4507 13.6693 -7.3093 12.0104 4 -4.9752
4 16 12.0104 4 -4.9752 10.4507 13.6693 -7.3093 10.516 14.02 -7.2116 12.0104 17 -4.9752
3 16 10.4507 14.3707 -7.3093 12.0104 17 -4.9752 10.516 14.02 -7.2116
4 16 12.0104 17 -4.9752 10.4507 14.3707 -7.3093 10.2 14.516 -7.6845 9.94 17 -8.0729
4 16 9.192 17 -9.192 9.94 17 -8.0729 10.2 14.516 -7.6845 9.9493 14.3707 -8.0596
3 16 9.192 17 -9.192 9.9493 14.3707 -8.0596 9.864 14.02 -8.1872
3 16 9.192 17 -9.192 9.864 14.02 -8.1872 9.192 4 -9.192
3 16 9.864 14.02 -8.1872 9.9493 13.6693 -8.0596 9.192 4 -9.192
3 16 8.6907 16.0907 -9.5275 9.192 17 -9.192 8.816 15.74 -9.4438
4 16 9.192 17 -9.192 8.6907 16.0907 -9.5275 8.36 16.236 -9.7485 6.92 17 -10.7105
3 16 6.92 17 -10.7105 8.36 16.236 -9.7485 8.0293 16.0907 -9.9696
4 16 6.92 17 -10.7105 8.0293 16.0907 -9.9696 7.904 15.74 -10.0533 5.776 15.68 -11.4755
3 16 5.6507 16.0307 -11.5592 6.92 17 -10.7105 5.776 15.68 -11.4755
4 16 6.92 17 -10.7105 5.6507 16.0307 -11.5592 5.32 16.176 -11.7802 4.9752 17 -12.0104
3 16 4.9752 17 -12.0104 5.32 16.176 -11.7802 4.9751 16.0307 -12.0107
4 16 3.54 17 -12.2959 4.9752 17 -12.0104 4.9751 16.0307 -12.0107 4.864 15.68 -12.0328
4 16 3.54 17 -12.2959 4.864 15.68 -12.0328 3.46 15.2 -12.312 2.76 15.48 -12.4512
4 16 3.54 17 -12.2959 2.76 15.48 -12.4512 1.84 15.76 -12.6341 0 17 -13
3 16 0.94 15.94 -12.8131 0 17 -13 1.84 15.76 -12.6341
3 16 0 16 -13 0 17 -13 0.94 15.94 -12.8131
4 16 3.68 14.86 -12.2682 3.46 15.2 -12.312 4.864 15.68 -12.0328 4.9751 15.3293 -12.0107
3 16 3.68 14.86 -12.2682 4.9751 15.3293 -12.0107 3.66 14.46 -12.2722
4 16 6.884 14 -10.735 5.32 15.184 -11.7802 5.6507 15.3293 -11.5592 7.0093 14.3507 -10.6512
4 16 7.0093 14.3507 -10.6512 5.6507 15.3293 -11.5592 5.776 15.68 -11.4755 7.34 14.496 -10.4302
4 16 7.34 14.496 -10.4302 5.776 15.68 -11.4755 7.904 15.74 -10.0533 8.0293 15.3893 -9.9696
4 16 7.6707 14.3507 -10.2092 7.34 14.496 -10.4302 8.0293 15.3893 -9.9696 8.36 15.244 -9.7485
4 16 7.6707 14.3507 -10.2092 8.36 15.244 -9.7485 8.6907 15.3893 -9.5275 7.796 14 -10.1255
4 16 3.54 17 -12.2959 0 17 -13 0.3707 17.1493 -12.8886 3.1893 17.1493 -12.3283
4 16 3.1893 17.1493 -12.3283 0.3707 17.1493 -12.8886 0.516 17.5 -12.7726 3.044 17.5 -12.2701
4 16 3.044 17.5 -12.2701 0.516 17.5 -12.7726 0.3707 17.8507 -12.7144 3.1893 17.8507 -12.1542
4 16 0 18.5309 -12.6192 3.1893 17.8507 -12.1542 0.3707 17.8507 -12.7144 0 17.9961 -12.7522
3 16 0 18.5309 -12.6192 3.54 17.996 -12.0484 3.1893 17.8507 -12.1542
3 16 0 18.5309 -12.6192 4.8296 18.5309 -11.6592 3.54 17.996 -12.0484
3 16 3.54 17.996 -12.0484 4.8296 18.5309 -11.6592 3.8907 17.8507 -12.0147
4 16 4.036 17.5 -12.0729 3.8907 17.8507 -12.0147 4.8296 18.5309 -11.6592 4.9752 17 -12.0104
3 16 3.8907 17.1493 -12.1889 4.036 17.5 -12.0729 4.9752 17 -12.0104
3 16 3.8907 17.1493 -12.1889 4.9752 17 -12.0104 3.54 17 -12.2959
4 16 0 18.5309 -12.6192 0 19.8282 -11.5352 1.364 19.22 -11.7723 1.5093 18.9293 -11.9864
3 16 1.5093 18.9293 -11.9864 1.86 18.804 -12.0213 0 18.5309 -12.6192
3 16 1.86 18.804 -12.0213 4.8296 18.5309 -11.6592 0 18.5309 -12.6192
3 16 1.86 18.804 -12.0213 2.1907 18.9093 -11.8676 4.8296 18.5309 -11.6592
4 16 4.8296 18.5309 -11.6592 2.1907 18.9093 -11.8676 2.316 19.18 -11.6164 4.5911 19.276 -11.0839
4 16 4.4144 19.8282 -10.6576 4.5911 19.276 -11.0839 2.316 19.18 -11.6164 2.1707 19.4707 -11.4024
3 16 1.82 19.596 -11.3674 4.4144 19.8282 -10.6576 2.1707 19.4707 -11.4024
3 16 0 19.8282 -11.5352 4.4144 19.8282 -10.6576 1.82 19.596 -11.3674
3 16 0 19.8282 -11.5352 1.82 19.596 -11.3674 1.4893 19.4907 -11.5211
3 16 0 19.8282 -11.5352 1.4893 19.4907 -11.5211 1.364 19.22 -11.7723
4 16 3.7936 20.6954 -9.1592 4.4144 19.8282 -10.6576 0 19.8282 -11.5352 0 20.6954 -9.9136
4 16 3.0616 21 -7.3912 3.7936 20.6954 -9.1592 0 20.6954 -9.9136 0 21 -8
3 16 7.2507 17.1493 -10.4457 9.192 17 -9.192 6.92 17 -10.7105
4 16 9.192 17 -9.192 7.2507 17.1493 -10.4457 7.376 17.5 -10.2593 8.9232 18.5309 -8.9232
3 16 7.2507 17.8507 -10.2403 8.9232 18.5309 -8.9232 7.376 17.5 -10.2593
3 16 6.92 17.996 -10.4188 8.9232 18.5309 -8.9232 7.2507 17.8507 -10.2403
3 16 4.8296 18.5309 -11.6592 8.9232 18.5309 -8.9232 6.92 17.996 -10.4188
3 16 4.8296 18.5309 -11.6592 6.92 17.996 -10.4188 6.5893 17.8507 -10.6824
4 16 4.8296 18.5309 -11.6592 6.5893 17.8507 -10.6824 6.464 17.5 -10.8688 4.9752 17 -12.0104
3 16 6.464 17.5 -10.8688 6.5893 17.1493 -10.8878 4.9752 17 -12.0104
3 16 6.5893 17.1493 -10.8878 6.92 17 -10.7105 4.9752 17 -12.0104
3 16 8.4707 18.9493 -8.8132 8.53 19.1964 -8.53 8.9232 18.5309 -8.9232
3 16 8.14 18.864 -9.1183 8.4707 18.9493 -8.8132 8.9232 18.5309 -8.9232
4 16 8.14 18.864 -9.1183 8.9232 18.5309 -8.9232 4.8296 18.5309 -11.6592 5.12 18.864 -11.1363
4 16 8.14 18.864 -9.1183 5.12 18.864 -11.1363 5.4507 18.9493 -10.8313 7.7893 18.9893 -9.2292
4 16 7.7893 18.9893 -9.2292 5.4507 18.9493 -10.8313 5.516 19.2 -10.5406 7.624 19.28 -9.0531
4 16 7.624 19.28 -9.0531 5.516 19.2 -10.5406 5.3507 19.4907 -10.3645 7.6893 19.5307 -8.7624
4 16 7.6893 19.5307 -8.7624 5.3507 19.4907 -10.3645 5 19.616 -10.4754 8.02 19.616 -8.4573
4 16 8.1568 19.8282 -8.1568 8.02 19.616 -8.4573 5 19.616 -10.4754 4.4144 19.8282 -10.6576
3 16 8.02 19.616 -8.4573 8.1568 19.8282 -8.1568 8.3599 19.4843 -8.3599
3 16 4.4144 19.8282 -10.6576 4.6693 19.5307 -10.7804 4.5911 19.276 -11.0839
3 16 4.4144 19.8282 -10.6576 5 19.616 -10.4754 4.6693 19.5307 -10.7804
3 16 4.7693 18.9893 -11.2472 5.12 18.864 -11.1363 4.8296 18.5309 -11.6592
4 16 7.0096 20.6954 -7.0096 8.1568 19.8282 -8.1568 4.4144 19.8282 -10.6576 3.7936 20.6954 -9.1592
4 16 5.6568 21 -5.6568 7.0096 20.6954 -7.0096 3.7936 20.6954 -9.1592 3.0616 21 -7.3912
4 16 7.0096 20.6954 -7.0096 5.6568 21 -5.6568 7.3912 21 -3.0616 9.1592 20.6954 -3.7936
4 16 8.1568 19.8282 -8.1568 7.0096 20.6954 -7.0096 9.1592 20.6954 -3.7936 10.6576 19.8282 -4.4144
4 16 8.3599 19.4843 -8.3599 8.1568 19.8282 -8.1568 10.6576 19.8282 -4.4144 11.6592 18.5309 -4.8296
3 16 8.53 19.1964 -8.53 8.3599 19.4843 -8.3599 11.6592 18.5309 -4.8296
3 16 8.53 19.1964 -8.53 11.6592 18.5309 -4.8296 8.9232 18.5309 -8.9232
4 16 8.9232 18.5309 -8.9232 11.6592 18.5309 -4.8296 9.82 17.916 -7.8509 9.6093 17.8507 -8.1948
4 16 8.9232 18.5309 -8.9232 9.6093 17.8507 -8.1948 9.544 17.54 -8.4287 9.192 17 -9.192
3 16 9.544 17.54 -8.4287 9.6693 17.1893 -8.395 9.192 17 -9.192
3 16 9.6693 17.1893 -8.395 9.94 17 -8.0729 9.192 17 -9.192
3 16 10.1507 17.0693 -7.7273 12.0104 17 -4.9752 9.94 17 -8.0729
3 16 10.1507 17.0693 -7.7273 10.216 17.38 -7.4934 12.0104 17 -4.9752
4 16 12.0104 17 -4.9752 10.216 17.38 -7.4934 10.0907 17.7307 -7.5271 11.6592 18.5309 -4.8296
3 16 9.82 17.916 -7.8509 11.6592 18.5309 -4.8296 10.0907 17.7307 -7.5271
3 16 8.5 10.44 -9.655 8.6907 15.3893 -9.5275 8.6 9.4 -9.5881
3 16 4.5911 19.276 -11.0839 4.7693 18.9893 -11.2472 4.8296 18.5309 -11.6592
