0 ~Windscreen  8 x  6 x  2 Curved - Half Underside
0 Name: s\41751s02.dat
0 Author: Guy Vivan [guyvivan]
0 !LDRAW_ORG Subpart UPDATE 2010-02
0 !LICENSE Redistributable under CCAL version 2.0 : see CAreadme.txt

0 BFC CERTIFY CCW

0 !HISTORY 2010-07-05 [PTadmin] Official Update 2010-02

4 16 30 24 0 30 7 0 28 10 0 28 24 0
1 16 20 10 0 0 0 8 -8 0 0 0 -1 0 1-8chrd.dat
3 16 20 2 0 25.656 4.344 0 26.1434 5.0717 0
3 16 26.1434 5.0717 0 27.392 6.936 0 30 7 0
3 16 30 7 0 27.392 6.936 0 28 10 0
4 16 12 24 0 12 2 0 8 2 0 8 24 0
1 16 20 10 0 0 0 -8 -8 0 0 0 1 0 1-4ndis.dat
2 24 30 24 0 28 24 0
4 16 0 24 2 0 24 4 44 24 4 28 24 2
4 16 28 18 4 41 24 4 10 24 4 12 18 4
4 16 28 6 4 41 12.5 4 41 24 4 28 18 4
4 16 10 4 4 12 4 4 12 18 4 10 24 4
1 16 20 10 4 8 0 0 0 0 8 0 -1 0 2-4ndis.dat
1 16 20 10 4 8 0 0 0 0 8 0 -1 0 2-4edge.dat
1 16 20 10 4 -8 0 0 0 0 8 0 12 0 2-4cyli.dat
1 16 28 8 10 0 -1 0 0 0 -2 6 0 0 rect3.dat
1 16 12 7 10 0 1 0 0 0 -3 -6 0 0 rect3.dat
4 16 12 18 16 10 24 16 56 24 16 28 18 16
4 16 12 4 16 10 4 16 10 24 16 12 18 16
1 16 20 10 16 -8 0 0 0 0 8 0 1 0 2-4ndis.dat
1 16 20 10 16 -8 0 0 0 0 8 0 1 0 2-4edge.dat
4 16 56 24 16 0 24 16 0 24 20 60 24 20
2 24 30 24 20 0 24 20
4 16 28 18 20 60 20 20 10 24 20 12 18 20
4 16 10 0 20 12 2 20 12 18 20 8 2 20
4 16 10 0 20 20 0 20 20 2 20 12 2 20
1 16 20 10 20 8 0 0 0 0 8 0 -1 0 3-4ndis.dat
0 BFC INVERTNEXT
1 16 20 10 2 6 0 0 0 0 -6 0 16 0 4-4cyli.dat
0 
1 16 0 10 0 8 0 0 0 0 -8 0 1 0 1-4ndis.dat
2 24 12 24 0 8 24 0
1 16 20 10 0 1 0 0 0 0 -1 0 1 0 peghole2.dat
1 16 20 10 20 -1 0 0 0 0 -1 0 -1 0 peghole.dat
4 16 8 18 4 10 24 4 0 24 4 0 18 4
4 16 8 4 4 10 4 4 10 24 4 8 18 4
1 16 0 10 4 8 0 0 0 0 8 0 -1 0 1-4ndis.dat
1 16 0 10 4 8 0 0 0 0 8 0 -1 0 1-4edge.dat
1 16 0 10 4 0 0 8 8 0 0 0 12 0 1-4cyli.dat
1 16 8 7 10 0 -1 0 0 0 -3 6 0 0 rect3.dat
1 16 10 4 10 -2 0 0 0 -1 0 0 0 -6 rect2p.dat
4 16 0 18 16 0 24 16 10 24 16 8 18 16
4 16 10 4 16 8 4 16 8 18 16 10 24 16
1 16 0 10 16 0 0 8 8 0 0 0 1 0 1-4ndis.dat
1 16 0 10 16 0 0 8 8 0 0 0 1 0 1-4edge.dat
4 16 8 18 20 10 24 20 0 24 20 0 18 20
4 16 8 2 20 12 18 20 10 24 20 8 18 20
4 16 0 0 20 10 0 20 8 2 20 0 2 20
1 16 0 10 20 0 0 8 -8 0 0 0 -1 0 2-4ndis.dat
0 BFC INVERTNEXT
1 16 0 10 2 0 0 6 6 0 0 0 16 0 2-4cyli.dat
1 16 20 18 10 1 0 0 0 -1.5 0 0 0 -1 stud3a.dat
1 16 20 18 10 1 0 0 0 1 0 0 0 -1 cylj4x8.dat
0 
4 16 8 24 0 8 24 2 12 24 2 12 24 0
2 24 30 24 4 0 24 4
2 24 0 24 16 30 24 16
1 16 10 46 -140 0 0 10 2 0 0 0 1 0 rect3.dat
1 16 8 46 -136 0 0 8 2 0 0 0 -1 0 rect3.dat
2 24 60 24 20 0 24 20
1 16 10 2 -10 0 0 10 0 -1 0 10 0 0 rect2a.dat
2 24 20 22.5985 -101 0 22.5985 -101
2 24 55 48 -101 0 48 -101
4 16 55 44 -101 0 44 -101 0 22.5985 -101 20 22.5985 -101
4 16 55 48 -101 0 48 -101 0 44 -101 55 44 -101
4 16 55 48 -101 52 48 -104 0 48 -104 0 48 -101
4 16 16 48 -104 16 24.1689 -104 0 24.1689 -104 0 48 -104
2 24 16 48 -104 0 48 -104
2 24 16 24.1689 -104 0 24.1689 -104
0 underside surfaces
4 16 0 2 -20 20 2 -20 20 2.1779 -27.9079 0 2.1779 -27.9079
4 16 0 2.1779 -27.9079 20 2.1779 -27.9079 20 2.7468 -35.8159 0 2.7468 -35.8159
4 16 0 2.7468 -35.8159 20 2.7468 -35.8159 20 3.7071 -43.6996 0 3.7071 -43.6996
4 16 0 3.7071 -43.6996 20 3.7071 -43.6996 20 5.0584 -51.5592 0 5.0584 -51.5592
4 16 0 5.0584 -51.5592 20 5.0584 -51.5592 20 6.7655 -59.3946 0 6.7655 -59.3946
4 16 0 6.7655 -59.3946 20 6.7655 -59.3946 20 8.8281 -67.1816 0 8.8281 -67.1816
4 16 0 8.8281 -67.1816 20 8.8281 -67.1816 20 11.282 -74.9203 0 11.282 -74.9203
4 16 0 11.282 -74.9203 20 11.282 -74.9203 20 14.1271 -82.586 0 14.1271 -82.586
4 16 0 14.1271 -82.586 20 14.1271 -82.586 20 17.3277 -90.2038 0 17.3277 -90.2038
4 16 0 17.3277 -90.2038 20 17.3277 -90.2038 20 20.884 -97.7248 0 20.884 -97.7248
4 16 0 20.884 -97.7248 20 20.884 -97.7248 20 22.5985 -101 0 22.5985 -101
0 
5 24 0 2 -20 20 2 -20 0 2 0 0 2.1779 -27.9079
5 24 0 2.1779 -27.9079 20 2.1779 -27.9079 0 2 -20 0 2.7468 -35.8159
5 24 0 2.7468 -35.8159 20 2.7468 -35.8159 0 2.1779 -27.9079 0 3.7071 -43.6996
5 24 0 3.7071 -43.6996 20 3.7071 -43.6996 0 2.7468 -35.8159 0 5.0584 -51.5592
5 24 0 5.0584 -51.5592 20 5.0584 -51.5592 0 3.7071 -43.6996 0 6.7655 -59.3946
5 24 0 6.7655 -59.3946 20 6.7655 -59.3946 0 5.0584 -51.5592 0 8.8281 -67.1816
5 24 0 8.8281 -67.1816 20 8.8281 -67.1816 0 6.7655 -59.3946 0 11.282 -74.9203
5 24 0 11.282 -74.9203 20 11.282 -74.9203 0 8.8281 -67.1816 0 14.1271 -82.586
5 24 0 14.1271 -82.586 20 14.1271 -82.586 0 11.282 -74.9203 0 17.3277 -90.2038
5 24 0 17.3277 -90.2038 20 17.3277 -90.2038 0 14.1271 -82.586 0 20.884 -97.7248
5 24 0 20.884 -97.7248 20 20.884 -97.7248 0 17.3277 -90.2038 0 22.5985 -101
0 
2 24 60 48 -100 55 48 -105
4 16 60 48 -100 55 48 -105 52 48 -104 56 48 -100
2 24 60 44 -100 20 44 -140
1 16 58 46 -100 2 0 0 0 0 2 0 -1 0 rect.dat
1 16 60 22 0 0 -1 0 2 0 0 0 0 20 rect3.dat
0 
4 16 60 20.1016 -25.5494 60 24.0847 -25.5494 60 24 -20 60 20 -20
4 16 60 20.4267 -31.0989 60 24.3556 -31.0989 60 24.0847 -25.5494 60 20.1016 -25.5494
4 16 60 20.9755 -36.6313 60 24.8129 -36.6313 60 24.3556 -31.0989 60 20.4267 -31.0989
4 16 60 21.7477 -42.1468 60 25.4564 -42.1468 60 24.8129 -36.6313 60 20.9755 -36.6313
4 16 60 22.7232 -47.6453 60 26.2693 -47.6453 60 25.4564 -42.1468 60 21.7477 -42.1468
4 16 60 23.9018 -53.1099 60 27.2515 -53.1099 60 26.2693 -47.6453 60 22.7232 -47.6453
4 16 60 25.304 -58.5405 60 28.42 -58.5405 60 27.2515 -53.1099 60 23.9018 -53.1099
4 16 60 26.9298 -63.9202 60 29.7748 -63.9202 60 28.42 -58.5405 60 25.304 -58.5405
4 16 60 28.7587 -69.266 60 31.2989 -69.266 60 29.7748 -63.9202 60 26.9298 -63.9202
4 16 60 30.7909 -74.5439 60 32.9924 -74.5439 60 31.2989 -69.266 60 28.7587 -69.266
4 16 60 33.0262 -79.7879 60 34.8552 -79.7879 60 32.9924 -74.5439 60 30.7909 -74.5439
4 16 60 35.4649 -84.947 60 36.8874 -84.947 60 34.8552 -79.7879 60 33.0262 -79.7879
4 16 60 38.1067 -90.0382 60 39.0889 -90.0382 60 36.8874 -84.947 60 35.4649 -84.947
4 16 60 40.9518 -95.0615 60 41.4598 -95.0615 60 39.0889 -90.0382 60 38.1067 -90.0382
3 16 60 40.9518 -95.0615 60 44 -100 60 41.4598 -95.0615
0 
4 16 56 24 -20 56 24.0847 -25.5494 56 20.1016 -25.5494 56 20 -20
4 16 56 24.0847 -25.5494 56 24.3556 -31.0989 56 20.4267 -31.0989 56 20.1016 -25.5494
4 16 56 24.3556 -31.0989 56 24.8129 -36.6313 56 20.9755 -36.6313 56 20.4267 -31.0989
4 16 56 24.8129 -36.6313 56 25.4564 -42.1468 56 21.7477 -42.1468 56 20.9755 -36.6313
4 16 56 25.4564 -42.1468 56 26.2693 -47.6453 56 22.7232 -47.6453 56 21.7477 -42.1468
4 16 56 26.2693 -47.6453 56 27.2515 -53.1099 56 23.9018 -53.1099 56 22.7232 -47.6453
4 16 56 27.2515 -53.1099 56 28.42 -58.5405 56 25.304 -58.5405 56 23.9018 -53.1099
4 16 56 28.42 -58.5405 56 29.7748 -63.9202 56 26.9298 -63.9202 56 25.304 -58.5405
4 16 56 29.7748 -63.9202 56 31.2989 -69.266 56 28.7587 -69.266 56 26.9298 -63.9202
4 16 56 31.2989 -69.266 56 32.9924 -74.5439 56 30.7909 -74.5439 56 28.7587 -69.266
4 16 56 32.9924 -74.5439 56 34.8552 -79.7879 56 33.0262 -79.7879 56 30.7909 -74.5439
4 16 56 34.8552 -79.7879 56 36.8874 -84.947 56 35.4649 -84.947 56 33.0262 -79.7879
4 16 56 36.8874 -84.947 56 39.0889 -90.0382 56 38.1067 -90.0382 56 35.4649 -84.947
4 16 56 39.0889 -90.0382 56 41.4598 -95.0615 56 40.9518 -95.0615 56 38.1067 -90.0382
3 16 56 41.4598 -95.0615 56 44 -100 56 40.9518 -95.0615
0 underside web surfaces
4 16 60 24 -20 60 24.0847 -25.5494 56 24.0847 -25.5494 56 24 -20
4 16 60 24.0847 -25.5494 60 24.3556 -31.0989 56 24.3556 -31.0989 56 24.0847 -25.5494
4 16 60 24.3556 -31.0989 60 24.8129 -36.6313 56 24.8129 -36.6313 56 24.3556 -31.0989
4 16 60 24.8129 -36.6313 60 25.4564 -42.1468 56 25.4564 -42.1468 56 24.8129 -36.6313
4 16 60 25.4564 -42.1468 60 26.2693 -47.6453 56 26.2693 -47.6453 56 25.4564 -42.1468
4 16 60 26.2693 -47.6453 60 27.2515 -53.1099 56 27.2515 -53.1099 56 26.2693 -47.6453
4 16 60 27.2515 -53.1099 60 28.42 -58.5405 56 28.42 -58.5405 56 27.2515 -53.1099
4 16 60 28.42 -58.5405 60 29.7748 -63.9202 56 29.7748 -63.9202 56 28.42 -58.5405
4 16 60 29.7748 -63.9202 60 31.2989 -69.266 56 31.2989 -69.266 56 29.7748 -63.9202
4 16 60 31.2989 -69.266 60 32.9924 -74.5439 56 32.9924 -74.5439 56 31.2989 -69.266
4 16 60 32.9924 -74.5439 60 34.8552 -79.7879 56 34.8552 -79.7879 56 32.9924 -74.5439
4 16 60 34.8552 -79.7879 60 36.8874 -84.947 56 36.8874 -84.947 56 34.8552 -79.7879
4 16 60 36.8874 -84.947 60 39.0889 -90.0382 56 39.0889 -90.0382 56 36.8874 -84.947
4 16 60 39.0889 -90.0382 60 41.4598 -95.0615 56 41.4598 -95.0615 56 39.0889 -90.0382
4 16 60 41.4598 -95.0615 60 44 -100 56 44 -100 56 41.4598 -95.0615
0 conditional lines
5 24 56 24 -20 60 24 -20 56 24 20 56 24.0847 -25.5494
5 24 56 24.0847 -25.5494 60 24.0847 -25.5494 56 24 -20 56 24.3556 -31.0989
5 24 56 24.3556 -31.0989 60 24.3556 -31.0989 56 24.0847 -25.5494 56 24.8129 -36.6313
5 24 56 24.8129 -36.6313 60 24.8129 -36.6313 56 24.3556 -31.0989 56 25.4564 -42.1468
5 24 56 25.4564 -42.1468 60 25.4564 -42.1468 56 24.8129 -36.6313 56 26.2693 -47.6453
5 24 56 26.2693 -47.6453 60 26.2693 -47.6453 56 25.4564 -42.1468 56 27.2515 -53.1099
5 24 56 27.2515 -53.1099 60 27.2515 -53.1099 56 26.2693 -47.6453 56 28.42 -58.5405
5 24 56 28.42 -58.5405 60 28.42 -58.5405 56 27.2515 -53.1099 56 29.7748 -63.9202
5 24 56 29.7748 -63.9202 60 29.7748 -63.9202 56 28.42 -58.5405 56 31.2989 -69.266
5 24 56 31.2989 -69.266 60 31.2989 -69.266 56 29.7748 -63.9202 56 32.9924 -74.5439
5 24 56 32.9924 -74.5439 60 32.9924 -74.5439 56 31.2989 -69.266 56 34.8552 -79.7879
5 24 56 34.8552 -79.7879 60 34.8552 -79.7879 56 32.9924 -74.5439 56 36.8874 -84.947
5 24 56 36.8874 -84.947 60 36.8874 -84.947 56 34.8552 -79.7879 56 39.0889 -90.0382
5 24 56 39.0889 -90.0382 60 39.0889 -90.0382 56 36.8874 -84.947 56 41.4598 -95.0615
5 24 56 41.4598 -95.0615 60 41.4598 -95.0615 56 39.0889 -90.0382 56 44 -100
0 underside side surfaces
3 16 20 2 -20 56 20 -20 56 20.1016 -25.5494
3 16 20 2 -20 56 20.1016 -25.5494 20 2.1779 -27.9079
5 24 20 2 -20 56 20.1016 -25.5494 56 20 -20 20 2.1779 -27.9079
3 16 20 2.1779 -27.9079 56 20.1016 -25.5494 56 20.4267 -31.0989
3 16 20 2.1779 -27.9079 56 20.4267 -31.0989 20 2.7468 -35.8159
5 24 20 2.1779 -27.9079 56 20.4267 -31.0989 56 20.1016 -25.5494 20 2.7468 -35.8159
3 16 20 2.7468 -35.8159 56 20.4267 -31.0989 56 20.9755 -36.6313
3 16 20 2.7468 -35.8159 56 20.9755 -36.6313 20 3.7071 -43.6996
5 24 20 2.7468 -35.8159 56 20.9755 -36.6313 56 20.4267 -31.0989 20 3.7071 -43.6996
3 16 20 3.7071 -43.6996 56 20.9755 -36.6313 56 21.7477 -42.1468
3 16 20 3.7071 -43.6996 56 21.7477 -42.1468 20 5.0584 -51.5592
5 24 20 3.7071 -43.6996 56 21.7477 -42.1468 56 20.9755 -36.6313 20 5.0584 -51.5592
3 16 20 5.0584 -51.5592 56 21.7477 -42.1468 56 22.7232 -47.6453
3 16 20 5.0584 -51.5592 56 22.7232 -47.6453 20 6.7655 -59.3946
5 24 20 5.0584 -51.5592 56 22.7232 -47.6453 56 21.7477 -42.1468 20 6.7655 -59.3946
3 16 20 6.7655 -59.3946 56 22.7232 -47.6453 56 23.9018 -53.1099
3 16 20 6.7655 -59.3946 56 23.9018 -53.1099 20 8.8281 -67.1816
5 24 20 6.7655 -59.3946 56 23.9018 -53.1099 56 22.7232 -47.6453 20 8.8281 -67.1816
3 16 20 8.8281 -67.1816 56 23.9018 -53.1099 56 25.304 -58.5405
3 16 20 8.8281 -67.1816 56 25.304 -58.5405 20 11.282 -74.9203
5 24 20 8.8281 -67.1816 56 25.304 -58.5405 56 23.9018 -53.1099 20 11.282 -74.9203
3 16 20 11.282 -74.9203 56 25.304 -58.5405 56 26.9298 -63.9202
3 16 20 11.282 -74.9203 56 26.9298 -63.9202 20 14.1271 -82.586
5 24 20 11.282 -74.9203 56 26.9298 -63.9202 56 25.304 -58.5405 20 14.1271 -82.586
3 16 20 14.1271 -82.586 56 26.9298 -63.9202 56 28.7587 -69.266
3 16 20 14.1271 -82.586 56 28.7587 -69.266 20 17.3277 -90.2038
5 24 20 14.1271 -82.586 56 28.7587 -69.266 56 26.9298 -63.9202 20 17.3277 -90.2038
3 16 20 17.3277 -90.2038 56 28.7587 -69.266 56 30.7909 -74.5439
3 16 20 17.3277 -90.2038 56 30.7909 -74.5439 20 20.884 -97.7248
5 24 20 17.3277 -90.2038 56 30.7909 -74.5439 56 28.7587 -69.266 20 20.884 -97.7248
3 16 20 20.884 -97.7248 56 30.7909 -74.5439 56 33.0262 -79.7879
3 16 20 20.884 -97.7248 56 33.0262 -79.7879 20 24.7959 -105.198
5 24 20 20.884 -97.7248 56 33.0262 -79.7879 56 30.7909 -74.5439 20 24.7959 -105.198
3 16 20 24.7959 -105.198 56 33.0262 -79.7879 56 35.4649 -84.947
3 16 20 24.7959 -105.198 56 35.4649 -84.947 20 29.0635 -112.549
5 24 20 24.7959 -105.198 56 35.4649 -84.947 56 33.0262 -79.7879 20 29.0635 -112.549
3 16 20 29.0635 -112.549 56 35.4649 -84.947 56 38.1067 -90.0382
3 16 20 29.0635 -112.549 56 38.1067 -90.0382 20 33.6867 -119.805
5 24 20 29.0635 -112.549 56 38.1067 -90.0382 56 35.4649 -84.947 20 33.6867 -119.805
3 16 20 33.6867 -119.805 56 38.1067 -90.0382 56 40.9518 -95.0615
3 16 20 33.6867 -119.805 56 40.9518 -95.0615 20 38.6656 -126.963
5 24 20 33.6867 -119.805 56 40.9518 -95.0615 56 38.1067 -90.0382 20 38.6656 -126.963
3 16 20 38.6656 -126.963 56 40.9518 -95.0615 56 44 -100
3 16 20 38.6656 -126.963 56 44 -100 20 44 -136
5 24 20 38.6656 -126.963 56 44 -100 56 40.9518 -95.0615 20 44 -136
0 
5 24 20 2.1779 -27.9079 56 20.1016 -25.5494 20 2 -20 56 20.4267 -31.0989
5 24 20 2.7468 -35.8159 56 20.4267 -31.0989 20 2.1779 -27.9079 56 20.9755 -36.6313
5 24 20 3.7071 -43.6996 56 20.9755 -36.6313 20 2.7468 -35.8159 56 21.7477 -42.1468
5 24 20 5.0584 -51.5592 56 21.7477 -42.1468 20 3.7071 -43.6996 56 22.7232 -47.6453
5 24 20 6.7655 -59.3946 56 22.7232 -47.6453 20 5.0584 -51.5592 56 23.9018 -53.1099
5 24 20 8.8281 -67.1816 56 23.9018 -53.1099 20 6.7655 -59.3946 56 25.304 -58.5405
5 24 20 11.282 -74.9203 56 25.304 -58.5405 20 8.8281 -67.1816 56 26.9298 -63.9202
5 24 20 14.1271 -82.586 56 26.9298 -63.9202 20 11.282 -74.9203 56 28.7587 -69.266
5 24 20 17.3277 -90.2038 56 28.7587 -69.266 20 14.1271 -82.586 56 30.7909 -74.5439
5 24 20 20.884 -97.7248 56 30.7909 -74.5439 20 17.3277 -90.2038 56 33.0262 -79.7879
5 24 20 24.7959 -105.198 56 33.0262 -79.7879 20 20.884 -97.7248 56 35.4649 -84.947
5 24 20 29.0635 -112.549 56 35.4649 -84.947 20 24.7959 -105.198 56 38.1067 -90.0382
5 24 20 33.6867 -119.805 56 38.1067 -90.0382 20 29.0635 -112.549 56 40.9518 -95.0615
5 24 20 38.6656 -126.963 56 40.9518 -95.0615 20 33.6867 -119.805 56 44 -100
0 
2 24 60 24 -20 60 24.0847 -25.5494
2 24 60 24.0847 -25.5494 60 24.3556 -31.0989
2 24 60 24.3556 -31.0989 60 24.8129 -36.6313
2 24 60 24.8129 -36.6313 60 25.4564 -42.1468
2 24 60 25.4564 -42.1468 60 26.2693 -47.6453
2 24 60 26.2693 -47.6453 60 27.2515 -53.1099
2 24 60 27.2515 -53.1099 60 28.42 -58.5405
2 24 60 28.42 -58.5405 60 29.7748 -63.9202
2 24 60 29.7748 -63.9202 60 31.2989 -69.266
2 24 60 31.2989 -69.266 60 32.9924 -74.5439
2 24 60 32.9924 -74.5439 60 34.8552 -79.7879
2 24 60 34.8552 -79.7879 60 36.8874 -84.947
2 24 60 36.8874 -84.947 60 39.0889 -90.0382
2 24 60 39.0889 -90.0382 60 41.4598 -95.0615
2 24 60 41.4598 -95.0615 60 44 -100
0 
2 24 60 20 -20 60 20.1016 -25.5494
2 24 60 20.1016 -25.5494 60 20.4267 -31.0989
2 24 60 20.4267 -31.0989 60 20.9755 -36.6313
2 24 60 20.9755 -36.6313 60 21.7477 -42.1468
2 24 60 21.7477 -42.1468 60 22.7232 -47.6453
2 24 60 22.7232 -47.6453 60 23.9018 -53.1099
2 24 60 23.9018 -53.1099 60 25.304 -58.5405
2 24 60 25.304 -58.5405 60 26.9298 -63.9202
2 24 60 26.9298 -63.9202 60 28.7587 -69.266
2 24 60 28.7587 -69.266 60 30.7909 -74.5439
2 24 60 30.7909 -74.5439 60 33.0262 -79.7879
2 24 60 33.0262 -79.7879 60 35.4649 -84.947
2 24 60 35.4649 -84.947 60 38.1067 -90.0382
2 24 60 38.1067 -90.0382 60 40.9518 -95.0615
2 24 60 40.9518 -95.0615 60 44 -100
0 
2 24 56 24 -20 56 24.0847 -25.5494
2 24 56 24.0847 -25.5494 56 24.3556 -31.0989
2 24 56 24.3556 -31.0989 56 24.8129 -36.6313
2 24 56 24.8129 -36.6313 56 25.4564 -42.1468
2 24 56 25.4564 -42.1468 56 26.2693 -47.6453
2 24 56 26.2693 -47.6453 56 27.2515 -53.1099
2 24 56 27.2515 -53.1099 56 28.42 -58.5405
2 24 56 28.42 -58.5405 56 29.7748 -63.9202
2 24 56 29.7748 -63.9202 56 31.2989 -69.266
2 24 56 31.2989 -69.266 56 32.9924 -74.5439
2 24 56 32.9924 -74.5439 56 34.8552 -79.7879
2 24 56 34.8552 -79.7879 56 36.8874 -84.947
2 24 56 36.8874 -84.947 56 39.0889 -90.0382
2 24 56 39.0889 -90.0382 56 41.4598 -95.0615
2 24 56 41.4598 -95.0615 56 44 -100
0 
2 24 56 20 -20 56 20.1016 -25.5494
2 24 56 20.1016 -25.5494 56 20.4267 -31.0989
2 24 56 20.4267 -31.0989 56 20.9755 -36.6313
2 24 56 20.9755 -36.6313 56 21.7477 -42.1468
2 24 56 21.7477 -42.1468 56 22.7232 -47.6453
2 24 56 22.7232 -47.6453 56 23.9018 -53.1099
2 24 56 23.9018 -53.1099 56 25.304 -58.5405
2 24 56 25.304 -58.5405 56 26.9298 -63.9202
2 24 56 26.9298 -63.9202 56 28.7587 -69.266
2 24 56 28.7587 -69.266 56 30.7909 -74.5439
2 24 56 30.7909 -74.5439 56 33.0262 -79.7879
2 24 56 33.0262 -79.7879 56 35.4649 -84.947
2 24 56 35.4649 -84.947 56 38.1067 -90.0382
2 24 56 38.1067 -90.0382 56 40.9518 -95.0615
2 24 56 40.9518 -95.0615 56 44 -100
0 
2 24 20 2 -20 20 2.1779 -27.9079
2 24 20 2.1779 -27.9079 20 2.7468 -35.8159
2 24 20 2.7468 -35.8159 20 3.7071 -43.6996
2 24 20 3.7071 -43.6996 20 5.0584 -51.5592
2 24 20 5.0584 -51.5592 20 6.7655 -59.3946
2 24 20 6.7655 -59.3946 20 8.8281 -67.1816
2 24 20 8.8281 -67.1816 20 11.282 -74.9203
2 24 20 11.282 -74.9203 20 14.1271 -82.586
2 24 20 14.1271 -82.586 20 17.3277 -90.2038
2 24 20 17.3277 -90.2038 20 20.884 -97.7248
2 24 20 20.884 -97.7248 20 22.5985 -101
2 24 20 24.7959 -105.198 20 29.0635 -112.549
2 24 20 24.7959 -105.198 20 24.1689 -104
2 24 20 29.0635 -112.549 20 33.6867 -119.805
2 24 20 33.6867 -119.805 20 38.6656 -126.963
2 24 20 38.6656 -126.963 20 44 -136
0 
4 16 40 12 0 30 7 0 30 24 0 40 24 0
2 24 40 12 0 40 12 -20
4 16 40 12 0 40 12 -20 20 2 -20 20 2 0
2 24 40 12 -20 56 20 -20
2 24 56 20 -20 56 24 -20
2 24 56 24 -20 40 24 -20
4 16 56 20 -20 40 12 -20 40 24 -20 56 24 -20
4 16 40 24 -20 40 12 -20 40 12 0 40 24 0
2 24 40 12 -20 40 24 -20
2 24 40 24 -20 40 24 0
2 24 44 24 -16 44 24 1
2 24 44 24 -16 56 24 -16
2 24 56 20 -16 44 14 -16
2 24 44 14 -16 44 14 1
2 24 44 14 -16 44 24 -16
2 24 44 14 1 44 24 1
2 24 44 14 1 47 15.5 4
3 16 44 24 4 47 24 4 44 24 1
4 16 44 24 1 47 24 4 47 15.5 4 44 14 1
2 24 44 24 1 47 24 4
2 24 41 12.5 4 44 14 7
3 16 41 24 4 44 24 7 47 24 4
4 16 41 12.5 4 44 14 7 44 24 7 41 24 4
2 24 44 24 7 44 14 7
2 24 41 24 4 44 24 7
2 24 47 15.5 4 44 14 7
4 16 47 24 4 44 24 7 44 14 7 47 15.5 4
2 24 47 15.5 4 47 24 4
2 24 47 24 4 44 24 7
2 24 41 12.5 4 41 24 4
4 16 44 14 -16 56 20 -16 56 24 -16 44 24 -16
4 16 44 14 -16 44 14 4 56 20 16 56 20 -16
4 16 44 24 1 44 14 1 44 14 -16 44 24 -16
1 16 56 22 0 0 1 0 -2 0 0 0 0 16 rect.dat
2 24 41 12.5 4 28 6 4
4 16 44 14 4 28 6 4 28 6 16 56 20 16
4 16 28 18 16 56 24 16 56 20 16 28 6 16
2 24 30 24 16 56 24 16
2 24 56 20 16 28 6 16
4 16 56 24 16 60 24 20 60 24 -20 56 24 -20
4 16 56 24 -16 56 24 -20 40 24 -20 44 24 -16
4 16 44 24 -16 40 24 -20 40 24 0 44 24 4
1 16 50 19 0 1 0 0 0 -1.25 0 0 0 -1 stud3a.dat
1 16 50 19 0 4 0 0 0 -2 0 0 0 -4 4-4cyls.dat
1 16 50 17 0 4 0 0 2 -1 0 0 0 -4 4-4edge.dat
1 16 40 14 10 1 0 0 0 -2.5 0 0 0 -1 stud3a.dat
1 16 40 14 10 4 0 0 0 -2 0 0 0 -4 4-4cyls.dat
1 16 40 12 10 4 0 0 2 -1 0 0 0 -4 4-4edge.dat
2 24 40 12 0 40 24 0
2 24 30 24 0 40 24 0
4 16 28 24 0 28 24 2 44 24 4 40 24 0
2 24 41 24 4 30 24 4
3 16 10 24 20 60 20 20 60 24 20
0 
2 24 20 48 -136 20 48 -104
2 24 16 48 -136 16 48 -104
2 24 20 48 -136 20 44 -136
2 24 20 48 -104 20 24.1689 -104
2 24 52 48 -104 20 48 -104
2 24 55 44 -105 52 44 -104
2 24 55 48 -105 52 48 -104
4 16 55 44 -105 52 44 -104 52 48 -104 55 48 -105
0 
4 16 20 48 -104 20 24.1689 -104 20 24.7959 -105.198 20 29.0635 -112.549
4 16 20 48 -104 20 29.0635 -112.549 20 33.6867 -119.805 20 38.6656 -126.963
4 16 20 48 -104 20 38.6656 -126.963 20 44 -136 20 48 -136
2 24 16 48 -104 16 24.1689 -104
2 24 55 44 -101 20 22.5985 -101
2 24 20 24.1689 -104 52 44 -104
3 16 20 48 -104 52 44 -104 20 24.1689 -104
3 16 20 48 -104 52 48 -104 52 44 -104
0 
2 24 20 44 -136 52 44 -104
2 24 55 44 -101 56 44 -100
0 
2 24 55 44 -105 55 48 -105
2 24 52 44 -104 52 48 -104
2 24 55 44 -101 55 48 -101
2 24 55 48 -101 56 48 -100
4 16 56 44 -100 56 48 -100 55 48 -101 55 44 -101
4 16 60 48 -100 60 44 -100 55 44 -105 55 48 -105
0 
4 16 16 48 -136 16 48 -104 20 48 -104 20 48 -140
4 16 20 48 -140 0 48 -140 0 48 -136 16 48 -136
0 
2 24 25.5 48 -134.5 20 48 -140
4 16 25.5 48 -134.5 20 48 -140 20 48 -136 23.5 48 -132.5
4 16 25.5 44 -134.5 20 44 -140 20 48 -140 25.5 48 -134.5
2 24 20 48 -136 23.5 48 -132.5
4 16 20 44 -136 23.5 44 -132.5 23.5 48 -132.5 20 48 -136
1 16 24.5 46 -133.5 0 0 -1 -2 0 0 0 -1 1 rect.dat
0 
1 16 33.5 46 -124.5 0 0 -1 -2 0 0 0 1 1 rect.dat
1 16 44.5 46 -113.5 0 0 -1 -2 0 0 0 -1 1 rect.dat
2 24 45.5 48 -114.5 34.5 48 -125.5
2 24 43.5 48 -112.5 32.5 48 -123.5
4 16 45.5 48 -114.5 34.5 48 -125.5 32.5 48 -123.5 43.5 48 -112.5
4 16 45.5 44 -114.5 34.5 44 -125.5 34.5 48 -125.5 45.5 48 -114.5
4 16 43.5 48 -112.5 32.5 48 -123.5 32.5 44 -123.5 43.5 44 -112.5
0 
4 16 34.5 44 -125.5 25.5 44 -134.5 23.5 44 -132.5 32.5 44 -123.5
4 16 55 44 -105 45.5 44 -114.5 43.5 44 -112.5 52 44 -104
0 
1 16 20 10 20 2 0 0 0 0 -2 0 -1 0 1-4ring4.dat
2 24 27.6792 3.8396 20 60 20 20
2 24 27.6792 3.8396 20 27.07 2.93 20
1 16 20 10 20 0 0 10 -10 0 0 0 -1 0 1-8edge.dat
3 16 30 10 20 27.6792 3.8396 20 60 20 20
4 16 28 18 20 28 10 20 30 10 20 60 20 20
0 
2 24 40 12 0 20 2 0
2 24 16 44 -136 16 24.1689 -104
4 16 0 24.1689 -104 16 24.1689 -104 16 44 -136 0 44 -136
4 16 16 48 -136 16 44 -136 16 24.1689 -104 16 48 -104
0
