0 ~Technic Wedge Belt Wheel - Reinforced  1/8
0 Name: s\4185bs01.dat
0 Author: Max Martin Richter [MMR1988]
0 !LDRAW_ORG Subpart UPDATE 2017-01
0 !LICENSE Redistributable under CCAL version 2.0 : see CAreadme.txt

0 BFC CERTIFY CCW

0 !HISTORY 2017-12-30 [PTadmin] Official Update 2017-01

1 16 0 0 -2.5 30 0 0 0 0 -30 0 -1.875 0 48\1-4cylo.dat
2 24 26.25 0 -4.375 26.024 -3.426 -4.375
2 24 26.024 -3.426 -4.375 25.355 -6.794 -4.375
2 24 25.355 -6.794 -4.375 25.048 -7.929 -4.375
2 24 19.391 -17.727 -4.375 18.561 -18.561 -4.375
2 24 18.561 -18.561 -4.375 15.981 -20.827 -4.375
2 24 15.981 -20.827 -4.375 13.125 -22.733 -4.375
2 24 13.125 -22.733 -4.375 10.046 -24.252 -4.375
2 24 10.046 -24.252 -4.375 6.794 -25.355 -4.375
2 24 6.794 -25.355 -4.375 5.657 -25.657 -4.375
3 16 5.657 -25.657 -4.375 7.292 -23.21 -3 6.794 -25.355 -4.375
4 16 6.794 -25.355 -4.375 7.292 -23.21 -3 9.328 -22.52 -3 10.046 -24.252 -4.375
4 16 13.125 -22.733 -4.375 10.046 -24.252 -4.375 9.328 -22.52 -3 12.188 -21.109 -3
4 16 15.981 -20.827 -4.375 13.125 -22.733 -4.375 12.188 -21.109 -3 14.84 -19.339 -3
4 16 16.456 -17.92 -3 18.561 -18.561 -4.375 15.981 -20.827 -4.375 14.84 -19.339 -3
3 16 18.561 -18.561 -4.375 16.456 -17.92 -3 19.391 -17.727 -4.375
3 16 25.048 -7.929 -4.375 23.747 -5.29 -3 25.355 -6.794 -4.375
4 16 25.355 -6.794 -4.375 23.747 -5.29 -3 24.165 -3.181 -3 26.024 -3.426 -4.375
4 16 26.25 0 -4.375 26.024 -3.426 -4.375 24.165 -3.181 -3 24.375 0 -3
2 24 9.328 -22.52 -3 7.292 -23.21 -3
2 24 12.188 -21.109 -3 9.328 -22.52 -3
2 24 14.84 -19.339 -3 12.188 -21.109 -3
2 24 16.456 -17.92 -3 14.84 -19.339 -3
2 24 24.165 -3.181 -3 23.747 -5.29 -3
2 24 24.375 0 -3 24.165 -3.181 -3
5 24 16.456 -17.92 -3 18.561 -18.561 -4.375 20.827 -15.981 -4.375 15.981 -20.827 -4.375
5 24 23.747 -5.29 -3 25.355 -6.794 -4.375 26.024 -3.426 -4.375 24.252 -10.046 -4.375
5 24 7.292 -23.21 -3 6.794 -25.355 -4.375 10.046 -24.252 -4.375 3.426 -26.024 -4.375
5 24 24.375 0 -3 26.25 0 -4.375 26.024 3.426 -4.375 26.024 -3.426 -4.375
5 24 24.165 -3.181 -3 26.024 -3.426 -4.375 26.25 0 -4.375 25.355 -6.794 -4.375
5 24 9.328 -22.52 -3 10.046 -24.252 -4.375 13.125 -22.733 -4.375 6.794 -25.355 -4.375
5 24 14.84 -19.339 -3 15.981 -20.827 -4.375 18.561 -18.561 -4.375 13.125 -22.733 -4.375
5 24 12.188 -21.109 -3 13.125 -22.733 -4.375 15.981 -20.827 -4.375 10.046 -24.252 -4.375
0 BFC INVERTNEXT
1 16 0 -20 -3 0 0 8 -8 0 0 0 -1.375 0 1-8cylo.dat
3 16 5.657 -25.657 -3 7.292 -23.21 -3 5.657 -25.657 -4.375
2 24 7.292 -23.21 -3 5.657 -25.657 -4.375
2 24 7.292 -23.21 -3 5.657 -25.657 -3
5 24 5.657 -25.657 -4.375 5.657 -25.657 -3 3.062 -27.391 -3 7.292 -23.21 -3
0 BFC INVERTNEXT
1 16 17.321 -10 -3 7.72741 0 2.07055 2.07055 0 -7.72741 0 -1.375 0 1-4cylo.dat
3 16 19.391 -17.727 -3 19.391 -17.727 -4.375 16.456 -17.92 -3
3 16 25.048 -7.929 -3 23.747 -5.29 -3 25.048 -7.929 -4.375
2 24 19.391 -17.727 -4.375 16.456 -17.92 -3
2 24 16.456 -17.92 -3 19.391 -17.727 -3
2 24 23.747 -5.29 -3 25.048 -7.929 -4.375
2 24 23.747 -5.29 -3 25.048 -7.929 -3
5 24 19.391 -17.727 -4.375 19.391 -17.727 -3 16.456 -17.92 -3 22.191 -16.347 -3
5 24 25.048 -7.929 -4.375 25.048 -7.929 -3 25.252 -11.044 -3 23.747 -5.29 -3
1 16 0 -20 -3 0 0 2 -2 0 0 0 1 0 1-8ring3.dat
1 16 0 -20 -3 4.24264 0 4.24264 -4.24264 0 4.24264 0 1 0 1-8ndis.dat
4 16 7.292 -23.21 -3 5.657 -25.657 -3 4.243 -24.243 -3 8.485 -20 -3
4 16 7.292 -23.21 -3 8.485 -20 -3 12.188 -21.109 -3 9.328 -22.52 -3
1 16 17.321 -10 -3 1.73205 0 -1 -1 0 -1.73205 0 1 0 1-8ring3.dat
1 16 17.321 -10 -3 1.55291 0 -5.79556 -5.79556 0 -1.55291 0 1 0 1-8ndis.dat
4 16 13.078 -17.349 -3 18.873 -15.796 -3 19.391 -17.727 -3 16.456 -17.92 -3
4 16 14.839 -19.339 -3 12.187 -21.109 -3 13.078 -17.349 -3 16.456 -17.92 -3
1 16 17.321 -10 -3 1.73205 0 1 -1 0 1.73205 0 1 0 1-8ring3.dat
1 16 17.321 -10 -3 5.79556 0 -1.55291 1.55291 0 5.79556 0 1 0 1-8ndis.dat
4 16 23.747 -5.29 -3 25.048 -7.929 -3 23.116 -8.447 -3 21.563 -2.652 -3
4 16 23.747 -5.29 -3 21.563 -2.652 -3 24.375 0 -3 24.167 -3.181 -3
1 16 0 0 -3 0 0 9.375 -9.375 0 0 0 1 0 3-16ndis.dat
1 16 0 -20 -3 6 0 0 0 0 6 0 1 0 1-4ndis.dat
1 16 17.321 -10 -3 3 0 -5.2 5.2 0 3 0 1 0 2-4ndis.dat
1 16 11 0 -3 0 0 1 -1 0 0 0 1 0 1-4ndis.dat
4 16 24.375 0 -3 21.563 -2.652 -3 12 -1 -3 12 0 -3
3 16 20.321 -4.804 -3 15.121 -1.8 -3 21.563 -2.652 -3
4 16 11 -1 -3 12 -1 -3 21.563 -2.652 -3 15.121 -1.8 -3
4 16 12.121 -7 -3 9.176 -1 -3 11 -1 -3 15.121 -1.8 -3
4 16 12.121 -7 -3 9.375 -9.375 -3 8.662 -3.588 -3 9.176 -1 -3
4 16 12.121 -7 -3 9.121 -12.2 -3 6 -14 -3 9.375 -9.375 -3
4 16 9.375 -9.375 -3 6 -14 -3 0 -14 -3 0 -9.375 -3
4 16 8.485 -20 -3 6 -20 -3 6 -14 -3 9.121 -12.2 -3
4 16 8.485 -20 -3 9.121 -12.2 -3 13.078 -17.349 -3 12.188 -21.109 -3
3 16 14.321 -15.2 -3 13.078 -17.349 -3 9.121 -12.2 -3
1 16 0 0 -5 0 0 9.375 -9.375 0 0 0 2 0 3-16cylo.dat
1 16 8.919 -2.294 -4 0 -1 0.25729 0 0 1.29391 1 0 0 rect3.dat
1 16 0 0 -5 0 0 3 -3 0 0 0 1 0 3-16rin2.dat
1 16 0 0 -5 0 0 0.375 -0.375 0 0 0 1 0 3-16ring24.dat
3 16 5.801 -1 -5 8.315 -3.444 -5 5.543 -2.296 -5
4 16 5.801 -1 -5 9.176 -1 -5 8.662 -3.588 -5 8.315 -3.444 -5
5 24 8.662 -3.588 -3 8.662 -3.588 -5 9.176 -1 -5 6.629 -6.629 -5
3 16 9.176 -1 -3 9.176 -1 -5 5.801 -1 -5
2 24 5.801 -1 -5 9.176 -1 -5
1 16 0 -20 -4.375 0 0 8 -8 0 0 0 1 0 1-8ndis.dat
1 16 17.321 -10 -4.375 6.9282 0 -4 -4 0 -6.9282 0 1 0 1-8ndis.dat
1 16 0 0 -4.375 30 0 0 0 0 -30 0 1 0 48\1-4aring.dat
1 16 17.321 -10 -4.375 6.9282 0 4 -4 0 6.9282 0 1 0 1-8ndis.dat
3 16 0 -30 -4.375 0 -28 -4.375 8 -28 -4.375
3 16 0 -30 -4.375 8 -28 -4.375 11.481 -27.717 -4.375
4 16 8 -28 -4.375 5.657 -25.657 -4.375 6.794 -25.355 -4.375 11.481 -27.717 -4.375
4 16 18.561 -18.561 -4.375 20.249 -20.928 -4.375 11.481 -27.717 -4.375 15.981 -20.827 -4.375
3 16 6.794 -25.355 -4.375 10.046 -24.252 -4.375 11.481 -27.717 -4.375
3 16 11.481 -27.717 -4.375 10.046 -24.252 -4.375 13.125 -22.733 -4.375
3 16 11.481 -27.717 -4.375 13.125 -22.733 -4.375 15.981 -20.827 -4.375
3 16 11.481 -27.717 -4.375 20.249 -20.928 -4.375 21.213 -21.213 -4.375
3 16 20.249 -20.928 -4.375 18.561 -18.561 -4.375 19.391 -17.727 -4.375
3 16 27.717 -11.481 -4.375 24.249 -14 -4.375 28.249 -7.072 -4.375
3 16 27.717 -11.481 -4.375 28.249 -7.072 -4.375 30 0 -4.375
4 16 21.213 -21.213 -4.375 20.249 -20.928 -4.375 24.249 -14 -4.375 27.717 -11.481 -4.375
4 16 28.249 -7.072 -4.375 25.355 -6.794 -4.375 26.024 -3.426 -4.375 30 0 -4.375
3 16 26.024 -3.426 -4.375 26.25 0 -4.375 30 0 -4.375
3 16 25.048 -7.929 -4.375 25.355 -6.794 -4.375 28.249 -7.072 -4.375
1 16 0 0 -2.5 1.25 0 0 0 0 -1.25 0 0.4 0 48\1-4con23.dat
1 16 0 0 -2.1 0.87121 0 0 0 0 -0.87121 0 0.85 0 48\1-4con32.dat
1 16 0 0 -1.25 0.39266 0 0 0 0 -0.39266 0 1.25 0 48\1-4con70.dat
5 24 28.75 0 -2.1 28.503 -3.752 -2.1 29.742 -3.915 -2.5 27.879 0 -1.25
5 24 28.503 -3.752 -2.1 27.77 -7.441 -2.1 28.977 -7.764 -2.5 27.639 -3.638 -1.25
5 24 27.77 -7.441 -2.1 26.562 -11.003 -2.1 27.717 -11.481 -2.5 26.928 -7.215 -1.25
5 24 26.562 -11.003 -2.1 24.898 -14.375 -2.1 25.98 -15 -2.5 25.757 -10.669 -1.25
5 24 24.898 -14.375 -2.1 22.81 -17.503 -2.1 23.802 -18.264 -2.5 24.143 -13.939 -1.25
5 24 22.81 -17.503 -2.1 20.329 -20.329 -2.1 21.213 -21.213 -2.5 22.119 -16.973 -1.25
5 24 20.329 -20.329 -2.1 17.503 -22.81 -2.1 18.264 -23.802 -2.5 19.713 -19.713 -1.25
5 24 17.503 -22.81 -2.1 14.375 -24.898 -2.1 15 -25.98 -2.5 16.973 -22.119 -1.25
5 24 14.375 -24.898 -2.1 11.003 -26.562 -2.1 11.481 -27.717 -2.5 13.939 -24.143 -1.25
5 24 11.003 -26.562 -2.1 7.441 -27.77 -2.1 7.764 -28.977 -2.5 10.669 -25.757 -1.25
5 24 7.441 -27.77 -2.1 3.752 -28.503 -2.1 3.915 -29.742 -2.5 7.215 -26.928 -1.25
5 24 3.752 -28.503 -2.1 0 -28.75 -2.1 0 -30 -2.5 3.638 -27.639 -1.25
5 24 27.879 0 -1.25 27.639 -3.638 -1.25 28.503 -3.752 -2.1 27.486 0 0
5 24 27.639 -3.638 -1.25 26.928 -7.215 -1.25 27.77 -7.441 -2.1 27.25 -3.587 0
5 24 26.928 -7.215 -1.25 25.757 -10.669 -1.25 26.562 -11.003 -2.1 26.549 -7.113 0
5 24 25.757 -10.669 -1.25 24.143 -13.939 -1.25 24.898 -14.375 -2.1 25.394 -10.519 0
5 24 24.143 -13.939 -1.25 22.119 -16.973 -1.25 22.81 -17.503 -2.1 23.803 -13.743 0
5 24 22.119 -16.973 -1.25 19.713 -19.713 -1.25 20.329 -20.329 -2.1 21.808 -16.734 0
5 24 19.713 -19.713 -1.25 16.973 -22.119 -1.25 17.503 -22.81 -2.1 19.435 -19.435 0
5 24 16.973 -22.119 -1.25 13.939 -24.143 -1.25 14.375 -24.898 -2.1 16.734 -21.808 0
5 24 13.939 -24.143 -1.25 10.669 -25.757 -1.25 11.003 -26.562 -2.1 13.743 -23.803 0
5 24 10.669 -25.757 -1.25 7.215 -26.928 -1.25 7.441 -27.77 -2.1 10.519 -25.394 0
5 24 7.215 -26.928 -1.25 3.638 -27.639 -1.25 3.752 -28.503 -2.1 7.113 -26.549 0
5 24 3.638 -27.639 -1.25 0 -27.879 -1.25 0 -28.75 -2.1 3.587 -27.25 0
5 24 27.486 0 0 27.25 -3.587 0 27.639 -3.638 -1.25 27.639 -3.638 1.25
5 24 27.25 -3.587 0 26.549 -7.113 0 26.928 -7.215 -1.25 26.928 -7.215 1.25
5 24 26.549 -7.113 0 25.394 -10.519 0 25.757 -10.669 -1.25 25.757 -10.669 1.25
5 24 25.394 -10.519 0 23.803 -13.743 0 24.143 -13.939 -1.25 24.143 -13.939 1.25
5 24 23.803 -13.743 0 21.808 -16.734 0 22.119 -16.973 -1.25 22.119 -16.973 1.25
5 24 21.808 -16.734 0 19.435 -19.435 0 19.713 -19.713 -1.25 19.713 -19.713 1.25
5 24 19.435 -19.435 0 16.734 -21.808 0 16.973 -22.119 -1.25 16.973 -22.119 1.25
5 24 16.734 -21.808 0 13.743 -23.803 0 13.939 -24.143 -1.25 13.939 -24.143 1.25
5 24 13.743 -23.803 0 10.519 -25.394 0 10.669 -25.757 -1.25 10.669 -25.757 1.25
5 24 10.519 -25.394 0 7.113 -26.549 0 7.215 -26.928 -1.25 7.215 -26.928 1.25
5 24 7.113 -26.549 0 3.587 -27.25 0 3.638 -27.639 -1.25 3.638 -27.639 1.25
5 24 3.587 -27.25 0 0 -27.486 0 0 -27.879 -1.25 0 -27.879 1.25
