0 ~Animal Horse Body Connector Female - 1/6
0 Name: s\4494s.dat
0 Author: Bernd Broich [bbroich]
0 !LDRAW_ORG Subpart UPDATE 2015-01
0 !LICENSE Redistributable under CCAL version 2.0 : see CAreadme.txt

0 BFC CERTIFY CCW

0 !HISTORY 2002-04-25 [PTadmin] Official Update 2002-02
0 !HISTORY 2007-09-09 [PTadmin] Header formatted for Contributor Agreement
0 !HISTORY 2008-07-01 [PTadmin] Official Update 2008-01
0 !HISTORY 2014-12-11 [MagFors] Made BFC compliant
0 !HISTORY 2015-10-11 [PTadmin] Official Update 2015-01

0 // Top

2 24 3.2154 0 8.5359 3.2154 0 12
2 24 3.2154 0 8.5359 3.6077 0 7.1547
2 24 4 0 6.9282 3.6077 0 7.1547
2 24 4.1411 0 15.4545 0 0 16
2 24 8 0 13.8564 4.1411 0 15.4545
4 16 6 0 10.3923 3.2154 0 12 3.2154 0 8.5359 3.6077 0 7.1547
3 16 6 0 10.3923 3.6077 0 7.1547 4 0 6.9282
4 16 4.1411 0 15.4545 0 0 16 0 0 12 3.2154 0 12
4 16 3.2154 0 12 6 0 10.3923 8 0 13.8564 4.1411 0 15.4545
0 // Bottom
2 24 3.2154 1 8.5359 3.2154 1 12
2 24 3.2154 1 8.5359 3.6077 1 7.1547
2 24 4 1 6.9282 3.6077 1 7.1547
2 24 4.1411 1 15.4545 0 1 16
2 24 8 1 13.8564 4.1411 1 15.4545
0 // Mantle
1 16 1.6077 0.5 12 0 0 1.6077 0.5 0 0 0 1 0 rect3.dat
4 16 3.2154 0 8.5359 3.2154 0 12 3.2154 1 12 3.2154 1 8.5359
4 16 3.2154 1 8.5359 3.6077 1 7.1547 3.6077 0 7.1547 3.2154 0 8.5359
4 16 4 0 6.9282 3.6077 0 7.1547 3.6077 1 7.1547 4 1 6.9282
4 16 4.1411 1 15.4545 0 1 16 0 0 16 4.1411 0 15.4545
4 16 8 1 13.8564 4.1411 1 15.4545 4.1411 0 15.4545 8 0 13.8564
5 24 0 0 16 0 1 16 -4.1411 0 15.4545 4.1411 0 15.4545
5 24 3.2154 0 8.5359 3.2154 1 8.5359 3.6077 0 7.1547 3.2154 0 12
5 24 3.6077 0 7.1547 3.6077 1 7.1547 3.2154 0 8.5359 4.3923 0 6.7017
5 24 4.1411 0 15.4545 4.1411 1 15.4545 8 0 13.8561 0 0 16
5 24 8 0 13.8564 8 1 13.8564 11.3135 0 11.3134 4.1411 0 15.4545
