0 ~Tail Plane  2 x 14 x  8 Half Surface
0 Name: s\54094s01.dat
0 Author: Philippe Hurbain [Philo]
0 !LDRAW_ORG Subpart UPDATE 2014-01
0 !LICENSE Redistributable under CCAL version 2.0 : see CAreadme.txt

0 BFC CERTIFY CCW

0 !HISTORY 2010-09-10 {LEGO Universe Team} Original part shape
0 !HISTORY 2010-09-17 [Philo] File preparation for LDraw Parts Tracker
0 !HISTORY 2014-06-21 [PTadmin] Official Update 2014-01

3 16 45.824 0 -12.982 80.039 0 -9.475 62.992 -23.995 -10.657
3 16 95.285 -24.035 -7.651 62.992 -23.995 -10.657 80.039 0 -9.475
3 16 15.13 0 -15.323 45.824 0 -12.982 35.359 -23.971 -12.403
3 16 62.992 -23.995 -10.657 35.359 -23.971 -12.403 45.824 0 -12.982
3 16 35.359 -23.971 -12.403 0.15 -23.96 -13.255 15.13 0 -15.323
3 16 0.15 -23.96 -13.255 -12.309 0 -16.6 15.13 0 -15.323
4 16 57.045 -64.01 -10.879 28.272 -63.991 -11.374 0.15 -23.96 -13.255 35.359 -23.971 -12.403
3 16 -55.583 0 -17.091 -12.309 0 -16.6 -27.197 -23.96 -12.135
3 16 0.15 -23.96 -13.255 -27.197 -23.96 -12.135 -12.309 0 -16.6
4 16 28.272 -63.991 -11.374 2.092 -63.991 -10.244 -27.197 -23.96 -12.135 0.15 -23.96 -13.255
3 16 -94.266 0 -13.955 -55.583 0 -17.091 -52.567 -23.96 -7.522
3 16 -27.197 -23.96 -12.135 -42.216 -23.96 -10.373 -55.583 0 -17.091
3 16 -55.583 0 -17.091 -42.216 -23.96 -10.373 -52.567 -23.96 -7.522
3 16 -94.266 0 -13.955 -52.567 -23.96 -7.522 -113.996 0 -7.982
3 16 -23.252 -63.991 -3.648 -25.093 -63.991 0 -52.567 -23.96 -7.522
3 16 2.092 -63.991 -10.244 -23.252 -63.991 -3.648 -42.216 -23.96 -10.373
3 16 -52.567 -23.96 -7.522 -60.016 -23.96 0 -113.996 0 -7.982
3 16 -119.944 0 0 -113.996 0 -7.982 -60.016 -23.96 0
4 16 2.164 -95.142 0 -25.093 -63.991 0 -23.252 -63.991 -3.648 3.661 -95.142 -3.061
4 16 25.828 -95.142 -8.894 3.661 -95.142 -3.061 -23.252 -63.991 -3.648 2.092 -63.991 -10.244
4 16 50.227 -95.142 -9.925 25.828 -95.142 -8.894 2.092 -63.991 -10.244 28.272 -63.991 -11.374
4 16 74.656 -95.147 -9.564 50.227 -95.142 -9.925 28.272 -63.991 -11.374 57.045 -64.01 -10.879
4 16 34.608 -130.742 -2.558 33.315 -130.742 0 2.164 -95.142 0 3.661 -95.142 -3.061
4 16 53.748 -130.742 -7.446 34.608 -130.742 -2.558 3.661 -95.142 -3.061 25.828 -95.142 -8.894
4 16 75.041 -130.743 -8.211 53.748 -130.742 -7.446 25.828 -95.142 -8.894 50.227 -95.142 -9.925
4 16 94.373 -130.746 -8.1 75.041 -130.743 -8.211 50.227 -95.142 -9.925 74.656 -95.147 -9.564
3 16 34.608 -130.742 -2.558 57.941 -157.442 -2.278 33.315 -130.742 0
3 16 57.941 -157.442 -2.278 56.679 -157.442 0 33.315 -130.742 0
4 16 93 -157.442 -7.073 73.595 -157.442 -6.342 53.748 -130.742 -7.446 75.041 -130.743 -8.211
3 16 57.941 -157.442 -2.278 80.741 -184 -1.638 56.679 -157.442 0
3 16 56.679 -157.442 0 80.741 -184 -1.638 79.918 -184 0
4 16 93.819 -184 -5.082 80.741 -184 -1.638 57.941 -157.442 -2.278 73.595 -157.442 -6.342
3 16 93.819 -184 -5.082 73.595 -157.442 -6.342 109.35 -184 -5.854
3 16 93 -157.442 -7.073 109.35 -184 -5.854 73.595 -157.442 -6.342
3 16 120 -184 -6.003 109.35 -184 -5.854 120 -180.25 -6.157
3 16 109.35 -184 -5.854 93 -157.442 -7.073 120 -180.25 -6.157
4 16 108.729 -157.444 -7.049 120 -180.25 -6.157 93 -157.442 -7.073 75.041 -130.743 -8.211
3 16 122.87 -23.454 -3.428 118.002 0 -3.26 124.127 -23.166 0
3 16 118.002 0 -3.26 119.092 0 0 124.127 -23.166 0
3 16 121.211 -23.825 -4.544 116.032 0 -4.652 122.87 -23.454 -3.428
3 16 116.032 0 -4.652 118.002 0 -3.26 122.87 -23.454 -3.428
3 16 80.039 0 -9.475 116.032 0 -4.652 95.285 -24.035 -7.651
3 16 95.285 -24.035 -7.651 116.032 0 -4.652 121.211 -23.825 -4.544
4 16 73.595 -157.442 -6.342 57.941 -157.442 -2.278 34.608 -130.742 -2.558 53.748 -130.742 -7.446
3 16 108.729 -157.444 -7.049 75.041 -130.743 -8.211 94.373 -130.746 -8.1
3 16 -23.252 -63.991 -3.648 -52.567 -23.96 -7.522 -42.216 -23.96 -10.373
3 16 2.092 -63.991 -10.244 -42.216 -23.96 -10.373 -27.197 -23.96 -12.135
3 16 -52.567 -23.96 -7.522 -25.093 -63.991 0 -60.016 -23.96 0
4 16 57.045 -64.01 -10.879 35.359 -23.971 -12.403 43.2756 -30.448 -11.8924 60.871 -63.311 -10.653
3 16 79.394 -60.003 -9.557 63.122 -62.909 -10.52 47.6043 -33.9902 -11.6093
4 16 65.272 -29 -10.504 42.5004 -29.0001 -11.9387 35.359 -23.971 -12.403 62.992 -23.995 -10.657
3 16 42.5004 -29.0001 -11.9387 43.2756 -30.448 -11.8924 35.359 -23.971 -12.403
4 16 47.6043 -33.9902 -11.6093 45.9997 -30.9998 -11.7159 66.183 -31 -10.443 79.394 -60.003 -9.557
4 16 57.045 -64.01 -10.879 63.753 -68.693 -10.465 77.331 -94.052 -9.434 74.656 -95.147 -9.564
3 16 91.669 -88.18 -8.74 79.382 -93.212 -9.335 67.706 -71.453 -10.22
3 16 57.045 -64.01 -10.879 60.871 -63.311 -10.653 63.753 -68.693 -10.465
4 16 67.706 -71.453 -10.22 63.122 -62.909 -10.52 79.394 -60.003 -9.557 91.669 -88.18 -8.74
4 16 74.656 -95.147 -9.564 81.063 -101.022 -9.197 96.552 -129.949 -8.024 94.373 -130.746 -8.1
3 16 108.034 -125.751 -7.65 98.678 -129.172 -7.958 86.004 -105.552 -8.913
3 16 81.063 -101.022 -9.197 74.656 -95.147 -9.564 77.331 -94.052 -9.434
4 16 86.004 -105.552 -8.913 79.382 -93.212 -9.335 91.669 -88.18 -8.74 108.034 -125.751 -7.65
3 16 94.373 -130.746 -8.1 96.552 -129.949 -8.024 99.47 -135.399 -7.8668
4 16 104.467 -139.962 -7.611 98.678 -129.172 -7.958 108.034 -125.751 -7.65 119.845 -154 -6.8653
3 16 108.034 -125.751 -7.65 120.773 -154 -6.834 119.845 -154 -6.8653
4 16 94.373 -130.746 -8.1 99.47 -135.399 -7.8668 110.5 -156 -7.0303 108.729 -157.444 -7.049
3 16 110.5 -156 -7.0303 110.93 -157.097 -7.004 108.729 -157.444 -7.049
3 16 117.88 -156 -6.861 110.93 -157.097 -7.004 110.5 -156 -7.0303
3 16 104.467 -139.962 -7.611 119.845 -154 -6.8653 112.0005 -154 -7.0543
3 16 120.773 -154 -6.834 108.034 -125.751 -7.65 137.0135 -154 -5.6999
4 16 108.034 -125.751 -7.65 128.606 -125.754 -6.077 138.0145 -154 -5.631 137.0135 -154 -5.6999
4 16 128.606 -125.754 -6.077 108.034 -125.751 -7.65 91.669 -88.18 -8.74 116.532 -88.182 -6.633
4 16 116.532 -88.182 -6.633 91.669 -88.18 -8.74 79.394 -60.003 -9.557 107.477 -60.004 -7.051
3 16 65.272 -29 -10.504 62.992 -23.995 -10.657 69.175 -29 -10.156
4 16 79.394 -60.003 -9.557 66.183 -31 -10.443 71.646 -31 -9.955 107.477 -60.004 -7.051
4 16 96.968 -29 -7.568 69.175 -29 -10.156 62.992 -23.995 -10.657 95.285 -24.035 -7.651
3 16 97.646 -31 -7.535 107.477 -60.004 -7.051 71.646 -31 -9.955
4 16 141.013 -120.142 -4.722 148.013 -152.366 -4.666 128.606 -125.754 -6.077 116.532 -88.182 -6.633
4 16 128.606 -125.754 -6.077 148.013 -152.366 -4.666 142.962 -154 -5.165 138.0145 -154 -5.631
4 16 134.511 -90.256 -4.761 141.013 -120.142 -4.722 116.532 -88.182 -6.633 107.477 -60.004 -7.051
3 16 129.293 -64.928 -4.715 134.511 -90.256 -4.761 107.477 -60.004 -7.051
4 16 122.3325 -29 -4.531 99.414 -29 -7.295 95.285 -24.035 -7.651 121.211 -23.825 -4.544
3 16 122.7665 -31 -4.5361 129.293 -64.928 -4.715 101.077 -31 -7.151
3 16 96.968 -29 -7.568 95.285 -24.035 -7.651 99.414 -29 -7.295
4 16 97.646 -31 -7.535 101.077 -31 -7.151 129.293 -64.928 -4.715 107.477 -60.004 -7.051
3 16 151.315 -163.325 -4.475 149.108 -156 -4.5991 149.754 -156 -4.4851
3 16 142.064 -119.903 -4.479 149.3285 -154 -4.4803 148.013 -152.366 -4.666
3 16 149.3285 -154 -4.4803 148.5055 -154 -4.6254 148.013 -152.366 -4.666
5 24 149.3285 -154 -4.4803 148.013 -152.366 -4.666 142.064 -119.903 -4.479 148.5055 -154 -4.6254
3 16 141.013 -120.142 -4.722 142.064 -119.903 -4.479 148.013 -152.366 -4.666
4 16 132.454 -75.714 -4.522 142.064 -119.903 -4.479 141.013 -120.142 -4.722 134.511 -90.256 -4.761
3 16 122.7665 -31 -4.5361 132.454 -75.714 -4.522 129.293 -64.928 -4.715
3 16 108.729 -157.444 -7.049 110.93 -157.097 -7.004 112.493 -161.088 -6.891
4 16 112.493 -161.088 -6.891 110.93 -157.097 -7.004 117.88 -156 -6.861 132.286 -180.25 -6.058
3 16 117.88 -156 -6.861 121.6685 -156 -6.7746 132.286 -180.25 -6.058
3 16 108.729 -157.444 -7.049 112.493 -161.088 -6.891 120 -180.25 -6.157
3 16 112.493 -161.088 -6.891 132.286 -180.25 -6.058 120 -180.25 -6.157
3 16 138.844 -156 -5.584 149.108 -156 -4.5991 154.102 -180.25 -4.598
3 16 142.962 -154 -5.165 148.013 -152.366 -4.666 148.5055 -154 -4.6254
4 16 154.102 -180.25 -4.598 147.062 -180.25 -5.189 138.687 -156 -5.597 138.844 -156 -5.584
3 16 149.108 -156 -4.5991 155.253 -180.25 -4.356 154.102 -180.25 -4.598
3 16 149.108 -156 -4.5991 151.315 -163.325 -4.475 155.253 -180.25 -4.356
4 16 124.097 -29 -3.402 122.5315 -29 -4.4097 121.211 -23.825 -4.544 122.87 -23.454 -3.428
3 16 124.54 -31 -3.392 134.338 -75.288 -3.182 123.0415 -31 -4.3679
3 16 122.3325 -29 -4.531 121.211 -23.825 -4.544 122.5315 -29 -4.4097
3 16 122.7665 -31 -4.5361 123.0415 -31 -4.3679 132.454 -75.714 -4.522
3 16 123.0415 -31 -4.3679 134.338 -75.288 -3.182 132.454 -75.714 -4.522
5 24 123.0415 -31 -4.3679 132.454 -75.714 -4.522 122.7665 -31 -4.5361 134.338 -75.288 -3.182
3 16 124.097 -29 -3.402 122.87 -23.454 -3.428 124.219 -29 -3.06
4 16 124.54 -31 -3.392 124.705 -31 -2.927 135.422 -75.066 0 134.338 -75.288 -3.182
4 16 124.127 -23.166 0 125.397 -29 0 124.219 -29 -3.06 122.87 -23.454 -3.428
3 16 135.422 -75.066 0 124.705 -31 -2.927 125.832 -31 0
4 16 132.454 -75.714 -4.522 134.338 -75.288 -3.182 143.947 -119.484 -3.159 142.064 -119.903 -4.479
4 16 145.029 -119.254 0 143.947 -119.484 -3.159 134.338 -75.288 -3.182 135.422 -75.066 0
3 16 151.847 -156 -3.185 153.432 -163.325 -3.19 151.514 -156 -3.407
4 16 151.415 -154 -3.183 150.991 -154 -3.467 142.064 -119.903 -4.479 143.947 -119.484 -3.159
4 16 153.432 -163.325 -3.19 151.315 -163.325 -4.475 149.754 -156 -4.4851 151.514 -156 -3.407
3 16 142.064 -119.903 -4.479 150.991 -154 -3.467 149.3285 -154 -4.4803
3 16 153.166 -156 0 154.788 -163.325 0 152.977 -156 -0.528
4 16 152.723 -154 0 152.482 -154 -0.672 143.947 -119.484 -3.159 145.029 -119.254 0
4 16 153.432 -163.325 -3.19 151.847 -156 -3.185 152.977 -156 -0.528 154.788 -163.325 0
3 16 151.415 -154 -3.183 143.947 -119.484 -3.159 152.482 -154 -0.672
3 16 155.253 -180.25 -4.356 151.315 -163.325 -4.475 157.183 -180.25 -3.11
3 16 151.315 -163.325 -4.475 153.432 -163.325 -3.19 157.183 -180.25 -3.11
4 16 158.504 -180.25 0 157.183 -180.25 -3.11 153.432 -163.325 -3.19 154.788 -163.325 0
3 16 129.293 -64.928 -4.715 132.454 -75.714 -4.522 134.511 -90.256 -4.761
3 16 122.0015 -156 -6.7569 138.687 -156 -5.597 147.062 -180.25 -5.189
4 16 147.062 -180.25 -5.189 132.286 -180.25 -6.058 121.6685 -156 -6.7746 122.0015 -156 -6.7569
4 16 60.8713 -63.3113 -9.583 43.2756 -30.448 -10.7033 47.6043 -33.9902 -10.4482 63.122 -62.909 -9.468
4 16 42.5004 -29.0001 -10.7496 45.9997 -30.9998 -10.5548 47.6043 -33.9902 -10.4482 43.2756 -30.448 -10.7033
4 16 45.9997 -30.9998 -10.5548 42.5004 -29.0001 -10.7496 65.272 -29 -9.454 66.183 -31 -9.399
4 16 77.331 -94.052 -8.491 63.7528 -68.6928 -9.4137 67.706 -71.453 -9.198 79.382 -93.212 -8.402
4 16 63.7528 -68.6928 -9.4137 60.8713 -63.3113 -9.583 63.122 -62.909 -9.468 67.706 -71.453 -9.198
4 16 96.552 -129.949 -7.2212 81.063 -101.022 -8.277 86.004 -105.552 -8.022 98.678 -129.172 -7.162
4 16 81.063 -101.022 -8.277 77.331 -94.052 -8.491 79.382 -93.212 -8.402 86.004 -105.552 -8.022
3 16 120.773 -154 -6.1507 121.423 -155.441 -6.112 119.845 -154 -6.182
4 16 98.678 -129.172 -7.162 104.467 -139.962 -6.85 99.47 -135.399 -7.064 96.552 -129.949 -7.2212
4 16 112.0005 -154 -6.3675 119.845 -154 -6.182 121.423 -155.441 -6.112 110.5 -156 -6.344
3 16 121.423 -155.441 -6.112 117.88 -156 -6.1747 110.5 -156 -6.344
4 16 104.467 -139.962 -6.85 112.0005 -154 -6.3675 110.5 -156 -6.344 99.47 -135.399 -7.064
4 16 120.773 -154 -6.1507 137.0135 -154 -5.137 138.495 -155.445 -5.045 121.423 -155.441 -6.112
3 16 138.0145 -154 -5.0681 138.495 -155.445 -5.045 137.0135 -154 -5.137
4 16 65.272 -29 -9.454 69.175 -29 -9.14 71.646 -31 -8.96 66.183 -31 -9.399
4 16 97.646 -31 -6.782 71.646 -31 -8.96 69.175 -29 -9.14 96.968 -29 -6.8115
3 16 142.962 -154 -4.6486 138.495 -155.445 -5.045 138.0145 -154 -5.0681
4 16 122.7665 -31 -4.0821 101.077 -31 -6.436 99.414 -29 -6.5655 122.3325 -29 -4.0903
4 16 96.968 -29 -6.8115 99.414 -29 -6.5655 101.077 -31 -6.436 97.646 -31 -6.782
4 16 149.3285 -154 -4.0326 149.754 -156 -4.0249 149.108 -156 -4.1389 148.5055 -154 -4.1777
3 16 117.88 -156 -6.1747 121.423 -155.441 -6.112 121.6685 -156 -6.0971
4 16 138.495 -155.445 -5.045 142.962 -154 -4.6486 148.5055 -154 -4.1777 138.844 -156 -5.0256
3 16 148.5055 -154 -4.1777 149.108 -156 -4.1389 138.844 -156 -5.0256
3 16 138.495 -155.445 -5.045 138.844 -156 -5.0256 138.687 -156 -5.037
4 16 124.54 -31 -3.053 123.0415 -31 -3.9139 122.5315 -29 -3.969 124.097 -29 -3.062
4 16 122.3325 -29 -4.0903 122.5315 -29 -3.969 123.0415 -31 -3.9139 122.7665 -31 -4.0821
4 16 124.097 -29 -3.062 124.219 -29 -2.754 124.705 -31 -2.634 124.54 -31 -3.053
4 16 125.397 -29 0 125.832 -31 0 124.705 -31 -2.634 124.219 -29 -2.754
4 16 151.847 -156 -2.8665 151.514 -156 -3.0664 150.991 -154 -3.12 151.415 -154 -2.865
4 16 151.514 -156 -3.0664 149.754 -156 -4.0249 149.3285 -154 -4.0326 150.991 -154 -3.12
4 16 153.166 -156 0 152.977 -156 -0.475 152.482 -154 -0.605 152.723 -154 0
4 16 151.415 -154 -2.865 152.482 -154 -0.605 152.977 -156 -0.475 151.847 -156 -2.8665
4 16 138.687 -156 -5.037 122.0015 -156 -6.0795 121.423 -155.441 -6.112 138.495 -155.445 -5.045
3 16 121.423 -155.441 -6.112 122.0015 -156 -6.0795 121.6685 -156 -6.0971
5 24 80.039 0 -9.475 62.992 -23.995 -10.657 45.824 0 -12.982 95.285 -24.035 -7.651
5 24 62.992 -23.995 -10.657 45.824 0 -12.982 80.039 0 -9.475 35.359 -23.971 -12.403
5 24 95.285 -24.035 -7.651 62.992 -23.995 -10.657 80.039 0 -9.475 96.968 -29 -7.568
5 24 80.039 0 -9.475 95.285 -24.035 -7.651 62.992 -23.995 -10.657 116.032 0 -4.652
5 24 45.824 0 -12.982 35.359 -23.971 -12.403 15.13 0 -15.323 62.992 -23.995 -10.657
5 24 35.359 -23.971 -12.403 15.13 0 -15.323 45.824 0 -12.982 0.15 -23.96 -13.255
5 24 62.992 -23.995 -10.657 35.359 -23.971 -12.403 45.824 0 -12.982 65.272 -29 -10.504
5 24 35.359 -23.971 -12.403 0.15 -23.96 -13.255 15.13 0 -15.323 57.045 -64.01 -10.879
5 24 0.15 -23.96 -13.255 15.13 0 -15.323 35.359 -23.971 -12.403 -12.309 0 -16.6
5 24 0.15 -23.96 -13.255 -12.309 0 -16.6 15.13 0 -15.323 -27.197 -23.96 -12.135
5 24 28.272 -63.991 -11.374 0.15 -23.96 -13.255 57.045 -64.01 -10.879 -27.197 -23.96 -12.135
5 24 57.045 -64.01 -10.879 28.272 -63.991 -11.374 0.15 -23.96 -13.255 74.656 -95.147 -9.564
5 24 -12.309 0 -16.6 -27.197 -23.96 -12.135 -55.583 0 -17.091 0.15 -23.96 -13.255
5 24 -27.197 -23.96 -12.135 -55.583 0 -17.091 -12.309 0 -16.6 -42.216 -23.96 -10.373
5 24 0.15 -23.96 -13.255 -27.197 -23.96 -12.135 -12.309 0 -16.6 28.272 -63.991 -11.374
5 24 2.092 -63.991 -10.244 -27.197 -23.96 -12.135 28.272 -63.991 -11.374 -42.216 -23.96 -10.373
5 24 28.272 -63.991 -11.374 2.092 -63.991 -10.244 -27.197 -23.96 -12.135 50.227 -95.142 -9.925
5 24 -55.583 0 -17.091 -52.567 -23.96 -7.522 -94.266 0 -13.955 -42.216 -23.96 -10.373
5 24 -52.567 -23.96 -7.522 -94.266 0 -13.955 -55.583 0 -17.091 -113.996 0 -7.982
5 24 -27.197 -23.96 -12.135 -42.216 -23.96 -10.373 -55.583 0 -17.091 2.092 -63.991 -10.244
5 24 -42.216 -23.96 -10.373 -55.583 0 -17.091 -27.197 -23.96 -12.135 -52.567 -23.96 -7.522
5 24 -42.216 -23.96 -10.373 -52.567 -23.96 -7.522 -55.583 0 -17.091 -23.252 -63.991 -3.648
5 24 -52.567 -23.96 -7.522 -113.996 0 -7.982 -94.266 0 -13.955 -60.016 -23.96 0
5 24 -23.252 -63.991 -3.648 -25.093 -63.991 0 -52.567 -23.96 -7.522 2.164 -95.142 0
5 24 -25.093 -63.991 0 -52.567 -23.96 -7.522 -23.252 -63.991 -3.648 -60.016 -23.96 0
5 24 -52.567 -23.96 -7.522 -23.252 -63.991 -3.648 -25.093 -63.991 0 -42.216 -23.96 -10.373
5 24 2.092 -63.991 -10.244 -23.252 -63.991 -3.648 -42.216 -23.96 -10.373 25.828 -95.142 -8.894
5 24 -23.252 -63.991 -3.648 -42.216 -23.96 -10.373 2.092 -63.991 -10.244 -52.567 -23.96 -7.522
5 24 -42.216 -23.96 -10.373 2.092 -63.991 -10.244 -23.252 -63.991 -3.648 -27.197 -23.96 -12.135
5 24 -52.567 -23.96 -7.522 -60.016 -23.96 0 -113.996 0 -7.982 -25.093 -63.991 0
5 24 -60.016 -23.96 0 -113.996 0 -7.982 -52.567 -23.96 -7.522 -119.944 0 0
5 24 -23.252 -63.991 -3.648 3.661 -95.142 -3.061 2.164 -95.142 0 25.828 -95.142 -8.894
5 24 2.092 -63.991 -10.244 25.828 -95.142 -8.894 -23.252 -63.991 -3.648 50.227 -95.142 -9.925
5 24 50.227 -95.142 -9.925 25.828 -95.142 -8.894 2.092 -63.991 -10.244 75.041 -130.743 -8.211
5 24 28.272 -63.991 -11.374 50.227 -95.142 -9.925 2.092 -63.991 -10.244 74.656 -95.147 -9.564
5 24 74.656 -95.147 -9.564 50.227 -95.142 -9.925 28.272 -63.991 -11.374 94.373 -130.746 -8.1
5 24 34.608 -130.742 -2.558 33.315 -130.742 0 2.164 -95.142 0 57.941 -157.442 -2.278
5 24 3.661 -95.142 -3.061 34.608 -130.742 -2.558 2.164 -95.142 0 53.748 -130.742 -7.446
5 24 53.748 -130.742 -7.446 34.608 -130.742 -2.558 3.661 -95.142 -3.061 73.595 -157.442 -6.342
5 24 25.828 -95.142 -8.894 53.748 -130.742 -7.446 3.661 -95.142 -3.061 75.041 -130.743 -8.211
5 24 75.041 -130.743 -8.211 53.748 -130.742 -7.446 25.828 -95.142 -8.894 93 -157.442 -7.073
5 24 50.227 -95.142 -9.925 75.041 -130.743 -8.211 25.828 -95.142 -8.894 94.373 -130.746 -8.1
5 24 94.373 -130.746 -8.1 75.041 -130.743 -8.211 50.227 -95.142 -9.925 108.729 -157.444 -7.049
5 24 74.656 -95.147 -9.564 94.373 -130.746 -8.1 50.227 -95.142 -9.925 81.063 -101.022 -9.197
5 24 34.608 -130.742 -2.558 57.941 -157.442 -2.278 33.315 -130.742 0 73.595 -157.442 -6.342
5 24 57.941 -157.442 -2.278 33.315 -130.742 0 34.608 -130.742 -2.558 56.679 -157.442 0
5 24 57.941 -157.442 -2.278 56.679 -157.442 0 33.315 -130.742 0 80.741 -184 -1.638
5 24 73.595 -157.442 -6.342 53.748 -130.742 -7.446 93 -157.442 -7.073 34.608 -130.742 -2.558
5 24 75.041 -130.743 -8.211 93 -157.442 -7.073 53.748 -130.742 -7.446 108.729 -157.444 -7.049
5 24 57.941 -157.442 -2.278 80.741 -184 -1.638 56.679 -157.442 0 93.819 -184 -5.082
5 24 80.741 -184 -1.638 56.679 -157.442 0 57.941 -157.442 -2.278 79.918 -184 0
5 24 73.595 -157.442 -6.342 93.819 -184 -5.082 57.941 -157.442 -2.278 109.35 -184 -5.854
5 24 57.941 -157.442 -2.278 73.595 -157.442 -6.342 93.819 -184 -5.082 34.608 -130.742 -2.558
5 24 73.595 -157.442 -6.342 109.35 -184 -5.854 93.819 -184 -5.082 93 -157.442 -7.073
5 24 93 -157.442 -7.073 109.35 -184 -5.854 73.595 -157.442 -6.342 120 -180.25 -6.157
5 24 109.35 -184 -5.854 120 -180.25 -6.157 120 -184 -6.003 93 -157.442 -7.073
5 24 93 -157.442 -7.073 120 -180.25 -6.157 109.35 -184 -5.854 108.729 -157.444 -7.049
5 24 108.729 -157.444 -7.049 120 -180.25 -6.157 93 -157.442 -7.073 112.493 -161.088 -6.891
5 24 122.87 -23.454 -3.428 118.002 0 -3.26 124.127 -23.166 0 116.032 0 -4.652
5 24 118.002 0 -3.26 124.127 -23.166 0 122.87 -23.454 -3.428 119.092 0 0
5 24 124.127 -23.166 0 122.87 -23.454 -3.428 118.002 0 -3.26 125.397 -29 0
5 24 121.211 -23.825 -4.544 116.032 0 -4.652 122.87 -23.454 -3.428 95.285 -24.035 -7.651
5 24 116.032 0 -4.652 122.87 -23.454 -3.428 121.211 -23.825 -4.544 118.002 0 -3.26
5 24 122.87 -23.454 -3.428 121.211 -23.825 -4.544 116.032 0 -4.652 124.097 -29 -3.402
5 24 116.032 0 -4.652 95.285 -24.035 -7.651 80.039 0 -9.475 121.211 -23.825 -4.544
5 24 121.211 -23.825 -4.544 95.285 -24.035 -7.651 116.032 0 -4.652 122.3325 -29 -4.531
5 24 75.041 -130.743 -8.211 108.729 -157.444 -7.049 93 -157.442 -7.073 94.373 -130.746 -8.1
5 24 94.373 -130.746 -8.1 108.729 -157.444 -7.049 75.041 -130.743 -8.211 99.47 -135.399 -7.8668
5 24 35.359 -23.971 -12.403 43.2756 -30.448 -11.8924 57.045 -64.01 -10.879 42.5004 -29.0001 -11.9387
5 24 79.394 -60.003 -9.557 63.122 -62.909 -10.52 47.6043 -33.9902 -11.6093 67.706 -71.453 -10.22
5 24 47.6043 -33.9902 -11.6093 79.394 -60.003 -9.557 63.122 -62.909 -10.52 45.9997 -30.9998 -11.7159
5 24 62.992 -23.995 -10.657 65.272 -29 -10.504 42.5004 -29.0001 -11.9387 69.175 -29 -10.156
5 24 66.183 -31 -10.443 79.394 -60.003 -9.557 47.6043 -33.9902 -11.6093 71.646 -31 -9.955
5 24 77.331 -94.052 -9.434 74.656 -95.147 -9.564 57.045 -64.01 -10.879 81.063 -101.022 -9.197
5 24 91.669 -88.18 -8.74 79.382 -93.212 -9.335 67.706 -71.453 -10.22 86.004 -105.552 -8.913
5 24 67.706 -71.453 -10.22 91.669 -88.18 -8.74 79.382 -93.212 -9.335 63.122 -62.909 -10.52
5 24 79.394 -60.003 -9.557 91.669 -88.18 -8.74 67.706 -71.453 -10.22 116.532 -88.182 -6.633
5 24 74.656 -95.147 -9.564 81.063 -101.022 -9.197 96.552 -129.949 -8.024 77.331 -94.052 -9.434
5 24 96.552 -129.949 -8.024 94.373 -130.746 -8.1 74.656 -95.147 -9.564 99.47 -135.399 -7.8668
5 24 108.034 -125.751 -7.65 98.678 -129.172 -7.958 86.004 -105.552 -8.913 104.467 -139.962 -7.611
5 24 86.004 -105.552 -8.913 108.034 -125.751 -7.65 98.678 -129.172 -7.958 79.382 -93.212 -9.335
5 24 91.669 -88.18 -8.74 108.034 -125.751 -7.65 86.004 -105.552 -8.913 128.606 -125.754 -6.077
5 24 99.47 -135.399 -7.8668 94.373 -130.746 -8.1 96.552 -129.949 -8.024 110.5 -156 -7.0303
5 24 119.845 -154 -6.8653 104.467 -139.962 -7.611 98.678 -129.172 -7.958 112.0005 -154 -7.0543
5 24 108.034 -125.751 -7.65 120.773 -154 -6.834 119.845 -154 -6.8653 137.0135 -154 -5.6999
5 24 110.93 -157.097 -7.004 108.729 -157.444 -7.049 110.5 -156 -7.0303 112.493 -161.088 -6.891
5 24 117.88 -156 -6.861 110.93 -157.097 -7.004 110.5 -156 -7.0303 112.493 -161.088 -6.891
5 24 108.034 -125.751 -7.65 137.0135 -154 -5.6999 120.773 -154 -6.834 128.606 -125.754 -6.077
5 24 108.034 -125.751 -7.65 128.606 -125.754 -6.077 138.0145 -154 -5.631 91.669 -88.18 -8.74
5 24 128.606 -125.754 -6.077 138.0145 -154 -5.631 108.034 -125.751 -7.65 148.013 -152.366 -4.666
5 24 116.532 -88.182 -6.633 128.606 -125.754 -6.077 91.669 -88.18 -8.74 141.013 -120.142 -4.722
5 24 91.669 -88.18 -8.74 116.532 -88.182 -6.633 128.606 -125.754 -6.077 79.394 -60.003 -9.557
5 24 79.394 -60.003 -9.557 107.477 -60.004 -7.051 116.532 -88.182 -6.633 66.183 -31 -10.443
5 24 107.477 -60.004 -7.051 116.532 -88.182 -6.633 79.394 -60.003 -9.557 134.511 -90.256 -4.761
5 24 62.992 -23.995 -10.657 69.175 -29 -10.156 65.272 -29 -10.504 96.968 -29 -7.568
5 24 71.646 -31 -9.955 107.477 -60.004 -7.051 79.394 -60.003 -9.557 97.646 -31 -7.535
5 24 95.285 -24.035 -7.651 96.968 -29 -7.568 69.175 -29 -10.156 99.414 -29 -7.295
5 24 97.646 -31 -7.535 107.477 -60.004 -7.051 71.646 -31 -9.955 101.077 -31 -7.151
5 24 141.013 -120.142 -4.722 148.013 -152.366 -4.666 128.606 -125.754 -6.077 142.064 -119.903 -4.479
5 24 148.013 -152.366 -4.666 128.606 -125.754 -6.077 141.013 -120.142 -4.722 142.962 -154 -5.165
5 24 148.013 -152.366 -4.666 142.962 -154 -5.165 128.606 -125.754 -6.077 148.5055 -154 -4.6254
5 24 116.532 -88.182 -6.633 141.013 -120.142 -4.722 128.606 -125.754 -6.077 134.511 -90.256 -4.761
5 24 134.511 -90.256 -4.761 141.013 -120.142 -4.722 116.532 -88.182 -6.633 132.454 -75.714 -4.522
5 24 107.477 -60.004 -7.051 134.511 -90.256 -4.761 116.532 -88.182 -6.633 129.293 -64.928 -4.715
5 24 129.293 -64.928 -4.715 134.511 -90.256 -4.761 107.477 -60.004 -7.051 132.454 -75.714 -4.522
5 24 107.477 -60.004 -7.051 129.293 -64.928 -4.715 134.511 -90.256 -4.761 97.646 -31 -7.535
5 24 99.414 -29 -7.295 95.285 -24.035 -7.651 122.3325 -29 -4.531 96.968 -29 -7.568
5 24 129.293 -64.928 -4.715 101.077 -31 -7.151 122.7665 -31 -4.5361 97.646 -31 -7.535
5 24 151.315 -163.325 -4.475 149.108 -156 -4.5991 149.754 -156 -4.4851 155.253 -180.25 -4.356
5 24 149.754 -156 -4.4851 151.315 -163.325 -4.475 149.108 -156 -4.5991 153.432 -163.325 -3.19
5 24 142.064 -119.903 -4.479 149.3285 -154 -4.4803 148.5055 -154 -4.6254 150.991 -154 -3.467
5 24 148.013 -152.366 -4.666 142.064 -119.903 -4.479 149.3285 -154 -4.4803 141.013 -120.142 -4.722
5 24 132.454 -75.714 -4.522 142.064 -119.903 -4.479 141.013 -120.142 -4.722 143.947 -119.484 -3.159
5 24 132.454 -75.714 -4.522 129.293 -64.928 -4.715 122.7665 -31 -4.5361 134.511 -90.256 -4.761
5 24 112.493 -161.088 -6.891 108.729 -157.444 -7.049 110.93 -157.097 -7.004 120 -180.25 -6.157
5 24 132.286 -180.25 -6.058 112.493 -161.088 -6.891 110.93 -157.097 -7.004 120 -180.25 -6.157
5 24 121.6685 -156 -6.7746 132.286 -180.25 -6.058 117.88 -156 -6.861 147.062 -180.25 -5.189
5 24 154.102 -180.25 -4.598 138.844 -156 -5.584 149.108 -156 -4.5991 147.062 -180.25 -5.189
5 24 147.062 -180.25 -5.189 138.687 -156 -5.597 154.102 -180.25 -4.598 122.0015 -156 -6.7569
5 24 151.315 -163.325 -4.475 155.253 -180.25 -4.356 149.108 -156 -4.5991 157.183 -180.25 -3.11
5 24 122.5315 -29 -4.4097 121.211 -23.825 -4.544 124.097 -29 -3.402 122.3325 -29 -4.531
5 24 122.87 -23.454 -3.428 124.097 -29 -3.402 122.5315 -29 -4.4097 124.219 -29 -3.06
5 24 124.54 -31 -3.392 134.338 -75.288 -3.182 123.0415 -31 -4.3679 124.705 -31 -2.927
5 24 134.338 -75.288 -3.182 123.0415 -31 -4.3679 124.54 -31 -3.392 122.7665 -31 -4.5361
5 24 122.87 -23.454 -3.428 124.219 -29 -3.06 124.097 -29 -3.402 124.127 -23.166 0
5 24 124.705 -31 -2.927 135.422 -75.066 0 124.54 -31 -3.392 125.832 -31 0
5 24 135.422 -75.066 0 134.338 -75.288 -3.182 124.54 -31 -3.392 145.029 -119.254 0
5 24 134.338 -75.288 -3.182 143.947 -119.484 -3.159 132.454 -75.714 -4.522 145.029 -119.254 0
5 24 145.029 -119.254 0 143.947 -119.484 -3.159 134.338 -75.288 -3.182 152.723 -154 0
5 24 151.847 -156 -3.185 153.432 -163.325 -3.19 151.514 -156 -3.407 152.977 -156 -0.528
5 24 153.432 -163.325 -3.19 151.514 -156 -3.407 151.847 -156 -3.185 151.315 -163.325 -4.475
5 24 150.991 -154 -3.467 142.064 -119.903 -4.479 151.415 -154 -3.183 149.3285 -154 -4.4803
5 24 143.947 -119.484 -3.159 151.415 -154 -3.183 150.991 -154 -3.467 152.482 -154 -0.672
5 24 154.788 -163.325 0 152.977 -156 -0.528 153.166 -156 0 153.432 -163.325 -3.19
5 24 152.482 -154 -0.672 143.947 -119.484 -3.159 152.723 -154 0 151.415 -154 -3.183
5 24 154.788 -163.325 0 153.432 -163.325 -3.19 151.847 -156 -3.185 158.504 -180.25 0
5 24 151.315 -163.325 -4.475 157.183 -180.25 -3.11 155.253 -180.25 -4.356 153.432 -163.325 -3.19
5 24 153.432 -163.325 -3.19 157.183 -180.25 -3.11 151.315 -163.325 -4.475 158.504 -180.25 0
5 24 134.511 -90.256 -4.761 132.454 -75.714 -4.522 141.013 -120.142 -4.722 129.293 -64.928 -4.715
5 24 147.062 -180.25 -5.189 122.0015 -156 -6.7569 138.687 -156 -5.597 132.286 -180.25 -6.058
5 24 43.2756 -30.448 -10.7033 47.6043 -33.9902 -10.4482 60.8713 -63.3113 -9.583 42.5004 -29.0001 -10.7496
5 24 63.122 -62.909 -9.468 60.8713 -63.3113 -9.583 43.2756 -30.448 -10.7033 63.7528 -68.6928 -9.4137
5 24 65.272 -29 -9.454 66.183 -31 -9.399 45.9997 -30.9998 -10.5548 69.175 -29 -9.14
5 24 63.7528 -68.6928 -9.4137 67.706 -71.453 -9.198 77.331 -94.052 -8.491 60.8713 -63.3113 -9.583
5 24 79.382 -93.212 -8.402 77.331 -94.052 -8.491 63.7528 -68.6928 -9.4137 81.063 -101.022 -8.277
5 24 81.063 -101.022 -8.277 86.004 -105.552 -8.022 96.552 -129.949 -7.2212 77.331 -94.052 -8.491
5 24 98.678 -129.172 -7.162 96.552 -129.949 -7.2212 81.063 -101.022 -8.277 104.467 -139.962 -6.85
5 24 120.773 -154 -6.1507 121.423 -155.441 -6.112 119.845 -154 -6.182 137.0135 -154 -5.137
5 24 121.423 -155.441 -6.112 119.845 -154 -6.182 120.773 -154 -6.1507 112.0005 -154 -6.3675
5 24 104.467 -139.962 -6.85 99.47 -135.399 -7.064 98.678 -129.172 -7.162 112.0005 -154 -6.3675
5 24 121.423 -155.441 -6.112 117.88 -156 -6.1747 110.5 -156 -6.344 121.6685 -156 -6.0971
5 24 137.0135 -154 -5.137 138.495 -155.445 -5.045 120.773 -154 -6.1507 138.0145 -154 -5.0681
5 24 138.495 -155.445 -5.045 121.423 -155.441 -6.112 120.773 -154 -6.1507 138.687 -156 -5.037
5 24 138.0145 -154 -5.0681 138.495 -155.445 -5.045 137.0135 -154 -5.137 142.962 -154 -4.6486
5 24 69.175 -29 -9.14 71.646 -31 -8.96 65.272 -29 -9.454 97.646 -31 -6.782
5 24 96.968 -29 -6.8115 97.646 -31 -6.782 71.646 -31 -8.96 99.414 -29 -6.5655
5 24 142.962 -154 -4.6486 138.495 -155.445 -5.045 138.0145 -154 -5.0681 148.5055 -154 -4.1777
5 24 101.077 -31 -6.436 99.414 -29 -6.5655 122.7665 -31 -4.0821 96.968 -29 -6.8115
5 24 149.3285 -154 -4.0326 149.754 -156 -4.0249 149.108 -156 -4.1389 151.514 -156 -3.0664
5 24 121.423 -155.441 -6.112 121.6685 -156 -6.0971 117.88 -156 -6.1747 122.0015 -156 -6.0795
5 24 138.844 -156 -5.0256 138.495 -155.445 -5.045 142.962 -154 -4.6486 138.687 -156 -5.037
5 24 138.687 -156 -5.037 138.495 -155.445 -5.045 138.844 -156 -5.0256 122.0015 -156 -6.0795
5 24 123.0415 -31 -3.9139 122.5315 -29 -3.969 124.54 -31 -3.053 122.3325 -29 -4.0903
5 24 124.097 -29 -3.062 124.54 -31 -3.053 123.0415 -31 -3.9139 124.219 -29 -2.754
5 24 124.219 -29 -2.754 124.705 -31 -2.634 124.097 -29 -3.062 125.397 -29 0
5 24 151.514 -156 -3.0664 150.991 -154 -3.12 151.847 -156 -2.8665 149.754 -156 -4.0249
5 24 151.415 -154 -2.865 151.847 -156 -2.8665 151.514 -156 -3.0664 152.482 -154 -0.605
5 24 152.977 -156 -0.475 152.482 -154 -0.605 153.166 -156 0 151.415 -154 -2.865
5 24 122.0015 -156 -6.0795 121.423 -155.441 -6.112 138.687 -156 -5.037 121.6685 -156 -6.0971
0 // Groove sides - can't receive pattern with SlicerPro!
2 24 60.871 -63.311 -10.653 43.2756 -30.448 -11.8924
2 24 47.6043 -33.9902 -11.6093 63.122 -62.909 -10.52
2 24 42.5004 -29.0001 -11.9387 65.272 -29 -10.504
2 24 66.183 -31 -10.443 45.9997 -30.9998 -11.7159
2 24 77.331 -94.052 -9.434 63.753 -68.693 -10.465
2 24 67.706 -71.453 -10.22 79.382 -93.212 -9.335
2 24 63.122 -62.909 -10.52 67.706 -71.453 -10.22
2 24 96.552 -129.949 -8.024 81.063 -101.022 -9.197
2 24 86.004 -105.552 -8.913 98.678 -129.172 -7.958
2 24 81.063 -101.022 -9.197 77.331 -94.052 -9.434
2 24 79.382 -93.212 -9.335 86.004 -105.552 -8.913
2 24 98.678 -129.172 -7.958 104.467 -139.962 -7.611
2 24 104.467 -139.962 -7.611 112.0005 -154 -7.0543
2 24 110.5 -156 -7.0303 99.47 -135.399 -7.8668
2 24 120.773 -154 -6.834 137.0135 -154 -5.6999
2 24 65.272 -29 -10.504 69.175 -29 -10.156
2 24 71.646 -31 -9.955 66.183 -31 -10.443
2 24 97.646 -31 -7.535 71.646 -31 -9.955
2 24 69.175 -29 -10.156 96.968 -29 -7.568
2 24 138.0145 -154 -5.631 142.962 -154 -5.165
2 24 122.7665 -31 -4.5361 101.077 -31 -7.151
2 24 99.414 -29 -7.295 122.3325 -29 -4.531
2 24 96.968 -29 -7.568 99.414 -29 -7.295
2 24 101.077 -31 -7.151 97.646 -31 -7.535
2 24 142.962 -154 -5.165 148.5055 -154 -4.6254
2 24 149.108 -156 -4.5991 138.844 -156 -5.584
2 24 138.844 -156 -5.584 138.687 -156 -5.597
2 24 124.54 -31 -3.392 123.0415 -31 -4.3679
2 24 122.5315 -29 -4.4097 124.097 -29 -3.402
2 24 124.097 -29 -3.402 124.219 -29 -3.06
2 24 124.705 -31 -2.927 124.54 -31 -3.392
2 24 125.832 -31 0 124.705 -31 -2.927
2 24 124.219 -29 -3.06 125.397 -29 0
2 24 151.847 -156 -3.185 151.514 -156 -3.407
2 24 150.991 -154 -3.467 151.415 -154 -3.183
2 24 151.514 -156 -3.407 149.754 -156 -4.4851
2 24 149.3285 -154 -4.4803 150.991 -154 -3.467
2 24 153.166 -156 0 152.977 -156 -0.528
2 24 152.482 -154 -0.672 152.723 -154 0
2 24 151.415 -154 -3.183 152.482 -154 -0.672
2 24 152.977 -156 -0.528 151.847 -156 -3.185
2 24 138.687 -156 -5.597 122.0015 -156 -6.7569
2 24 60.8713 -63.3113 -9.583 43.2756 -30.448 -10.7033
2 24 47.6043 -33.9902 -10.4482 63.122 -62.909 -9.468
2 24 42.5004 -29.0001 -10.7496 65.272 -29 -9.454
2 24 66.183 -31 -9.399 45.9997 -30.9998 -10.5548
2 24 77.331 -94.052 -8.491 63.7528 -68.6928 -9.4137
2 24 67.706 -71.453 -9.198 79.382 -93.212 -8.402
2 24 63.122 -62.909 -9.468 67.706 -71.453 -9.198
2 24 96.552 -129.949 -7.2212 81.063 -101.022 -8.277
2 24 86.004 -105.552 -8.022 98.678 -129.172 -7.162
2 24 81.063 -101.022 -8.277 77.331 -94.052 -8.491
2 24 79.382 -93.212 -8.402 86.004 -105.552 -8.022
2 24 98.678 -129.172 -7.162 104.467 -139.962 -6.85
2 24 104.467 -139.962 -6.85 112.0005 -154 -6.3675
2 24 110.5 -156 -6.344 99.47 -135.399 -7.064
2 24 120.773 -154 -6.1507 137.0135 -154 -5.137
2 24 65.272 -29 -9.454 69.175 -29 -9.14
2 24 71.646 -31 -8.96 66.183 -31 -9.399
2 24 97.646 -31 -6.782 71.646 -31 -8.96
2 24 69.175 -29 -9.14 96.968 -29 -6.8115
2 24 138.0145 -154 -5.0681 142.962 -154 -4.6486
2 24 122.7665 -31 -4.0821 101.077 -31 -6.436
2 24 99.414 -29 -6.5655 122.3325 -29 -4.0903
2 24 96.968 -29 -6.8115 99.414 -29 -6.5655
2 24 101.077 -31 -6.436 97.646 -31 -6.782
2 24 142.962 -154 -4.6486 148.5055 -154 -4.1777
2 24 149.108 -156 -4.1389 138.844 -156 -5.0256
2 24 138.844 -156 -5.0256 138.687 -156 -5.037
2 24 124.54 -31 -3.053 123.0415 -31 -3.9139
2 24 122.5315 -29 -3.969 124.097 -29 -3.062
2 24 124.097 -29 -3.062 124.219 -29 -2.754
2 24 124.705 -31 -2.634 124.54 -31 -3.053
2 24 125.832 -31 0 124.705 -31 -2.634
2 24 124.219 -29 -2.754 125.397 -29 0
2 24 151.847 -156 -2.8665 151.514 -156 -3.0664
2 24 150.991 -154 -3.12 151.415 -154 -2.865
2 24 151.514 -156 -3.0664 149.754 -156 -4.0249
2 24 149.3285 -154 -4.0326 150.991 -154 -3.12
2 24 153.166 -156 0 152.977 -156 -0.475
2 24 152.482 -154 -0.605 152.723 -154 0
2 24 151.415 -154 -2.865 152.482 -154 -0.605
2 24 152.977 -156 -0.475 151.847 -156 -2.8665
2 24 138.687 -156 -5.037 122.0015 -156 -6.0795
4 16 43.2756 -30.448 -11.8924 43.2756 -30.448 -10.7033 60.8713 -63.3113 -9.583 60.871 -63.311 -10.653
1 16 42.888 -29.724 -11.321 0 -1.7217 -0.3876 0 -0.92179 0.72395 -0.59455 0 -0.02315 rect3.dat
4 16 65.272 -29 -10.504 65.272 -29 -9.454 42.5004 -29.0001 -10.7496 42.5004 -29.0001 -11.9387
4 16 69.175 -29 -10.156 69.175 -29 -9.14 65.272 -29 -9.454 65.272 -29 -10.504
4 16 96.968 -29 -7.568 96.968 -29 -6.8115 69.175 -29 -9.14 69.175 -29 -10.156
4 16 99.414 -29 -7.295 99.414 -29 -6.5655 96.968 -29 -6.8115 96.968 -29 -7.568
4 16 122.3325 -29 -4.531 122.3325 -29 -4.0903 99.414 -29 -6.5655 99.414 -29 -7.295
1 16 122.432 -29 -4.25 -0.0995 0 0 0 0.08769 0 -0.06066 0 -0.22034 rect2p.dat
4 16 124.097 -29 -3.402 124.097 -29 -3.062 122.5315 -29 -3.969 122.5315 -29 -4.4097
4 16 124.219 -29 -3.06 124.219 -29 -2.754 124.097 -29 -3.062 124.097 -29 -3.402
3 16 125.397 -29 0 124.219 -29 -2.754 124.219 -29 -3.06
4 16 124.54 -31 -3.053 124.705 -31 -2.634 125.832 -31 0 124.705 -31 -2.927
3 16 124.54 -31 -3.392 124.54 -31 -3.053 124.705 -31 -2.927
4 16 123.0415 -31 -4.3679 123.0415 -31 -3.9139 124.54 -31 -3.053 124.54 -31 -3.392
1 16 122.904 -31 -4.225 0.1375 0 0 0 -0.12487 0 0.0841 0 -0.22704 rect2p.dat
4 16 101.077 -31 -7.151 101.077 -31 -6.436 122.7665 -31 -4.0821 122.7665 -31 -4.5361
4 16 97.646 -31 -7.535 97.646 -31 -6.782 101.077 -31 -6.436 101.077 -31 -7.151
4 16 71.646 -31 -9.955 71.646 -31 -8.96 97.646 -31 -6.782 97.646 -31 -7.535
4 16 66.183 -31 -10.443 66.183 -31 -9.399 71.646 -31 -8.96 71.646 -31 -9.955
4 16 45.9997 -30.9998 -11.7159 45.9997 -30.9998 -10.5548 66.183 -31 -9.399 66.183 -31 -10.443
1 16 46.802 -32.495 -11.082 0 0.88116 -0.8023 0 0.99999 1.4952 0.58055 0 -0.0533 rect3.dat
4 16 63.122 -62.909 -10.52 63.122 -62.909 -9.468 47.6043 -33.9902 -10.4482 47.6043 -33.9902 -11.6093
4 16 67.706 -71.453 -10.22 67.706 -71.453 -9.198 63.122 -62.909 -9.468 63.122 -62.909 -10.52
4 16 79.382 -93.212 -9.335 79.382 -93.212 -8.402 67.706 -71.453 -9.198 67.706 -71.453 -10.22
4 16 86.004 -105.552 -8.913 86.004 -105.552 -8.022 79.382 -93.212 -8.402 79.382 -93.212 -9.335
4 16 98.678 -129.172 -7.958 98.678 -129.172 -7.162 86.004 -105.552 -8.022 86.004 -105.552 -8.913
4 16 104.467 -139.962 -7.611 104.467 -139.962 -6.85 98.678 -129.172 -7.162 98.678 -129.172 -7.958
4 16 112.0005 -154 -7.0543 112.0005 -154 -6.3675 104.467 -139.962 -6.85 104.467 -139.962 -7.611
1 16 115.923 -154 -6.615 0 0 -3.9225 0 5.38763 0 0.34338 0 -0.09588 rect3.dat
1 16 120.309 -154 -6.508 -0.464 0 0 0 0.63409 0 -0.01561 0 -0.34165 rect2p.dat
4 16 137.0135 -154 -5.6999 137.0135 -154 -5.137 120.773 -154 -6.1507 120.773 -154 -6.834
1 16 137.514 -154 -5.384 -0.5005 0 0 0 0.56349 0 -0.03445 0 -0.28147 rect2p.dat
4 16 142.962 -154 -5.165 142.962 -154 -4.6486 138.0145 -154 -5.0681 138.0145 -154 -5.631
4 16 148.5055 -154 -4.6254 148.5055 -154 -4.1777 142.962 -154 -4.6486 142.962 -154 -5.165
1 16 148.917 -154 -4.329 -0.4115 0 0 0 0.36838 0 -0.07255 0 -0.22381 rect2p.dat
4 16 150.991 -154 -3.467 150.991 -154 -3.12 149.3285 -154 -4.0326 149.3285 -154 -4.4803
4 16 151.415 -154 -3.183 151.415 -154 -2.865 150.991 -154 -3.12 150.991 -154 -3.467
4 16 152.482 -154 -0.672 152.482 -154 -0.605 151.415 -154 -2.865 151.415 -154 -3.183
3 16 152.723 -154 0 152.482 -154 -0.605 152.482 -154 -0.672
3 16 152.977 -156 -0.528 152.977 -156 -0.475 153.166 -156 0
4 16 151.847 -156 -3.185 151.847 -156 -2.8665 152.977 -156 -0.475 152.977 -156 -0.528
4 16 151.514 -156 -3.407 151.514 -156 -3.0664 151.847 -156 -2.8665 151.847 -156 -3.185
4 16 149.754 -156 -4.4851 149.754 -156 -4.0249 151.514 -156 -3.0664 151.514 -156 -3.407
1 16 149.431 -156 -4.312 0.323 0 0 0 -0.29733 0 0.05699 0 -0.23013 rect2p.dat
4 16 138.844 -156 -5.584 138.844 -156 -5.0256 149.108 -156 -4.1389 149.108 -156 -4.5991
4 16 138.687 -156 -5.597 138.687 -156 -5.037 138.844 -156 -5.0256 138.844 -156 -5.584
4 16 122.0015 -156 -6.7569 122.0015 -156 -6.0795 138.687 -156 -5.037 138.687 -156 -5.597
1 16 121.835 -156 -6.427 0.1665 0 0 0 -0.2256 0 0.00881 0 -0.33874 rect2p.dat
1 16 119.774 -156 -6.478 1.894 0 0 0 -2.59974 0 0.03981 0 -0.34316 rect2p.dat
1 16 114.19 -156 -6.606 0 0 -3.69 0 -5.06497 0 -0.34316 0 -0.08118 rect3.dat
4 16 99.47 -135.399 -7.8668 99.47 -135.399 -7.064 110.5 -156 -6.344 110.5 -156 -7.0303
1 16 98.011 -132.674 -7.544 1.459 -4.37521 0 -2.725 -2.34254 0 0.07864 0 -0.4014 rect2p.dat
4 16 81.063 -101.022 -9.197 81.063 -101.022 -8.277 96.552 -129.949 -7.2212 96.552 -129.949 -8.024
4 16 77.331 -94.052 -9.434 77.331 -94.052 -8.491 81.063 -101.022 -8.277 81.063 -101.022 -9.197
4 16 63.753 -68.693 -10.465 63.7528 -68.6928 -9.4137 77.331 -94.052 -8.491 77.331 -94.052 -9.434
1 16 62.312 -66.002 -10.031 1.44075 -5.73286 0 -2.69075 -3.06963 0 0.08469 0 -0.53265 rect2p.dat
5 24 3.661 -95.142 -3.061 25.828 -95.142 -8.894 -23.252 -63.991 -3.648 34.608 -130.742 -2.558
5 24 142.064 -119.903 -4.479 143.947 -119.484 -3.159 134.338 -75.288 -3.182 150.991 -154 -3.467
5 24 35.359 -23.971 -12.403 57.045 -64.01 -10.879 28.272 -63.991 -11.374 43.2756 -30.448 -11.8924
5 24 57.045 -64.01 -10.879 74.656 -95.147 -9.564 50.227 -95.142 -9.925 63.753 -68.693 -10.465
5 24 60.871 -63.311 -10.653 57.045 -64.01 -10.879 35.359 -23.971 -12.403 63.753 -68.693 -10.465
5 24 42.5004 -29.0001 -11.9387 35.359 -23.971 -12.403 65.272 -29 -10.504 43.2756 -30.448 -11.8924
5 24 57.045 -64.01 -10.879 63.753 -68.693 -10.465 77.331 -94.052 -9.434 60.871 -63.311 -10.653
5 24 108.034 -125.751 -7.65 119.845 -154 -6.8653 104.467 -139.962 -7.611 120.773 -154 -6.834
5 24 110.5 -156 -7.0303 108.729 -157.444 -7.049 94.373 -130.746 -8.1 110.93 -157.097 -7.004
5 24 121.211 -23.825 -4.544 122.333 -29 -4.531 99.414 -29 -7.295 122.531 -29 -4.4097
5 24 122.766 -31 -4.5361 129.293 -64.928 -4.715 101.077 -31 -7.151 132.454 -75.714 -4.522
5 24 148.506 -154 -4.6254 148.013 -152.366 -4.666 149.328 -154 -4.4803 142.962 -154 -5.165
5 24 122.766 -31 -4.5361 132.454 -75.714 -4.522 129.293 -64.928 -4.715 123.042 -31 -4.3679
5 24 149.108 -156 -4.5991 154.102 -180.25 -4.598 138.844 -156 -5.584 155.253 -180.25 -4.356
5 24 149.108 -156 -4.5991 155.253 -180.25 -4.356 154.102 -180.25 -4.598 151.315 -163.325 -4.475
5 24 42.5004 -29.0001 -10.7496 45.9997 -30.9998 -10.5548 47.6043 -33.9902 -10.4482 65.272 -29 -9.454
5 24 121.423 -155.441 -6.112 110.5 -156 -6.344 112.001 -154 -6.3675 117.88 -156 -6.1747
5 24 110.5 -156 -6.344 112.001 -154 -6.3675 119.845 -154 -6.182 104.467 -139.962 -6.85
5 24 122.333 -29 -4.0903 122.766 -31 -4.0821 101.077 -31 -6.436 122.531 -29 -3.969
5 24 149.108 -156 -4.1389 148.506 -154 -4.1777 149.328 -154 -4.0326 138.844 -156 -5.0256
5 24 148.506 -154 -4.1777 138.844 -156 -5.0256 138.495 -155.445 -5.045 149.108 -156 -4.1389
