0 ~Minifig Head Nautolan Eye and Mouth
0 Name: s\57901s02.dat
0 Author: Philippe Hurbain [Philo]
0 !LDRAW_ORG Subpart UPDATE 2013-02
0 !LICENSE Redistributable under CCAL version 2.0 : see CAreadme.txt

0 BFC CERTIFY CCW

0 !HISTORY 2013-12-23 [PTadmin] Official Update 2013-02

4 16 0 -6.643 -19.972 0 -5.915 -19.945 1.183 -6.006 -19.86 1.092 -6.734 -19.885
3 16 1.092 -6.734 -19.885 1.183 -6.006 -19.86 2.275 -6.916 -19.731
3 16 1.183 -6.006 -19.86 2.548 -6.188 -19.586 2.275 -6.916 -19.731
3 16 2.275 -6.916 -19.731 2.548 -6.188 -19.586 3.185 -7.098 -19.392
3 16 2.548 -6.188 -19.586 3.458 -6.461 -19.268 3.185 -7.098 -19.392
4 16 3.185 -7.098 -19.392 3.458 -6.461 -19.268 3.731 -6.734 -19.163 3.549 -7.007 -19.243
4 16 6.8 -18.5 -18.9 6 -18.7 -19.3 5.2 -17.6 -20 5.5 -16.1 -20.2
3 16 6.4 -15.8 -19.5 7.5 -17.6 -18.3 6.8 -18.5 -18.9
3 16 5.5 -14.5 -19.8 3.7 -13.7 -20.1 6.1 -14.1 -19.2
3 16 5.5 -14.5 -19.8 6.1 -14.1 -19.2 6.4 -15.8 -19.5
3 16 7.4 -15.1 -18.3 6.4 -15.8 -19.5 6.1 -14.1 -19.2
3 16 3.7 -13.7 -20.1 5.5 -14.5 -19.8 4.6 -15.2 -20.4
3 16 3.7 -13.7 -20.1 4.6 -15.2 -20.4 2.9 -14.8 -20.6
3 16 5.2 -17.6 -20 6 -18.7 -19.3 3.8 -18.9 -20.1
3 16 4.3 -16.5 -20.5 3.8 -18.9 -20.1 2.9 -18.4 -20.3
3 16 3 -15.8 -20.7 1.9 -17.5 -20.4 1.4 -15.6 -20.6
3 16 1.4 -15.6 -20.6 2.9 -14.8 -20.6 3 -15.8 -20.7
3 16 2.9 -14.8 -20.6 1.4 -15.6 -20.6 2.1 -13.9 -20.4
3 16 3.7 -13.7 -20.1 2.9 -14.8 -20.6 2.1 -13.9 -20.4
3 16 2.9 -14.8 -20.6 4.3 -16.5 -20.5 3 -15.8 -20.7
3 16 2.9 -18.4 -20.3 1.9 -17.5 -20.4 3 -15.8 -20.7
3 16 4.6 -15.2 -20.4 4.3 -16.5 -20.5 2.9 -14.8 -20.6
3 16 4.3 -16.5 -20.5 4.6 -15.2 -20.4 5.5 -16.1 -20.2
3 16 5.5 -14.5 -19.8 5.5 -16.1 -20.2 4.6 -15.2 -20.4
3 16 3 -15.8 -20.7 4.3 -16.5 -20.5 2.9 -18.4 -20.3
3 16 5.5 -16.1 -20.2 5.2 -17.6 -20 4.3 -16.5 -20.5
3 16 4.3 -16.5 -20.5 5.2 -17.6 -20 3.8 -18.9 -20.1
3 16 6.4 -15.8 -19.5 5.5 -16.1 -20.2 5.5 -14.5 -19.8
3 16 7.4 -15.1 -18.3 7.5 -17.6 -18.3 6.4 -15.8 -19.5
3 16 5.5 -16.1 -20.2 6.4 -15.8 -19.5 6.8 -18.5 -18.9
5 24 1.183 -6.006 -19.86 1.092 -6.734 -19.885 0 -6.643 -19.972 2.275 -6.916 -19.731
5 24 1.183 -6.006 -19.86 2.275 -6.916 -19.731 1.092 -6.734 -19.885 2.548 -6.188 -19.586
5 24 2.548 -6.188 -19.586 2.275 -6.916 -19.731 1.183 -6.006 -19.86 3.185 -7.098 -19.392
5 24 2.548 -6.188 -19.586 3.185 -7.098 -19.392 2.275 -6.916 -19.731 3.458 -6.461 -19.268
5 24 3.458 -6.461 -19.268 3.185 -7.098 -19.392 2.548 -6.188 -19.586 3.731 -6.734 -19.163
5 24 6 -18.7 -19.3 5.2 -17.6 -20 6.8 -18.5 -18.9 3.8 -18.9 -20.1
5 24 5.2 -17.6 -20 5.5 -16.1 -20.2 6.8 -18.5 -18.9 4.3 -16.5 -20.5
5 24 5.5 -16.1 -20.2 6.8 -18.5 -18.9 6 -18.7 -19.3 6.4 -15.8 -19.5
5 24 6.4 -15.8 -19.5 7.5 -17.6 -18.3 6.8 -18.5 -18.9 7.4 -15.1 -18.3
5 24 6.8 -18.5 -18.9 6.4 -15.8 -19.5 7.5 -17.6 -18.3 5.5 -16.1 -20.2
5 24 5.5 -14.5 -19.8 3.7 -13.7 -20.1 6.1 -14.1 -19.2 4.6 -15.2 -20.4
5 24 6.1 -14.1 -19.2 5.5 -14.5 -19.8 3.7 -13.7 -20.1 6.4 -15.8 -19.5
5 24 6.1 -14.1 -19.2 6.4 -15.8 -19.5 5.5 -14.5 -19.8 7.4 -15.1 -18.3
5 24 6.4 -15.8 -19.5 5.5 -14.5 -19.8 6.1 -14.1 -19.2 5.5 -16.1 -20.2
5 24 7.4 -15.1 -18.3 6.4 -15.8 -19.5 6.1 -14.1 -19.2 7.5 -17.6 -18.3
5 24 5.5 -14.5 -19.8 4.6 -15.2 -20.4 3.7 -13.7 -20.1 5.5 -16.1 -20.2
5 24 4.6 -15.2 -20.4 3.7 -13.7 -20.1 5.5 -14.5 -19.8 2.9 -14.8 -20.6
5 24 4.6 -15.2 -20.4 2.9 -14.8 -20.6 3.7 -13.7 -20.1 4.3 -16.5 -20.5
5 24 2.9 -14.8 -20.6 3.7 -13.7 -20.1 4.6 -15.2 -20.4 2.1 -13.9 -20.4
5 24 3.8 -18.9 -20.1 5.2 -17.6 -20 6 -18.7 -19.3 4.3 -16.5 -20.5
5 24 4.3 -16.5 -20.5 3.8 -18.9 -20.1 2.9 -18.4 -20.3 5.2 -17.6 -20
5 24 2.9 -18.4 -20.3 4.3 -16.5 -20.5 3.8 -18.9 -20.1 3 -15.8 -20.7
5 24 3 -15.8 -20.7 1.9 -17.5 -20.4 1.4 -15.6 -20.6 2.9 -18.4 -20.3
5 24 1.4 -15.6 -20.6 3 -15.8 -20.7 1.9 -17.5 -20.4 2.9 -14.8 -20.6
5 24 1.4 -15.6 -20.6 2.9 -14.8 -20.6 3 -15.8 -20.7 2.1 -13.9 -20.4
5 24 2.9 -14.8 -20.6 3 -15.8 -20.7 1.4 -15.6 -20.6 4.3 -16.5 -20.5
5 24 2.1 -13.9 -20.4 2.9 -14.8 -20.6 1.4 -15.6 -20.6 3.7 -13.7 -20.1
5 24 2.9 -14.8 -20.6 4.3 -16.5 -20.5 3 -15.8 -20.7 4.6 -15.2 -20.4
5 24 4.3 -16.5 -20.5 3 -15.8 -20.7 2.9 -14.8 -20.6 2.9 -18.4 -20.3
5 24 3 -15.8 -20.7 2.9 -18.4 -20.3 1.9 -17.5 -20.4 4.3 -16.5 -20.5
5 24 4.6 -15.2 -20.4 4.3 -16.5 -20.5 2.9 -14.8 -20.6 5.5 -16.1 -20.2
5 24 4.6 -15.2 -20.4 5.5 -16.1 -20.2 4.3 -16.5 -20.5 5.5 -14.5 -19.8
5 24 5.5 -16.1 -20.2 4.3 -16.5 -20.5 4.6 -15.2 -20.4 5.2 -17.6 -20
5 24 5.5 -14.5 -19.8 5.5 -16.1 -20.2 4.6 -15.2 -20.4 6.4 -15.8 -19.5
5 24 5.2 -17.6 -20 4.3 -16.5 -20.5 5.5 -16.1 -20.2 3.8 -18.9 -20.1
5 24 6.4 -15.8 -19.5 5.5 -16.1 -20.2 5.5 -14.5 -19.8 6.8 -18.5 -18.9
