0 ~Plane Front  6 x 10 x  4 - Half
0 Name: s\87613s01.dat
0 Author: Magnus Forsberg [MagFors]
0 !LDRAW_ORG Subpart UPDATE 2012-01
0 !LICENSE Redistributable under CCAL version 2.0 : see CAreadme.txt

0 BFC CERTIFY CCW

0 !HISTORY 2012-03-30 [PTadmin] Official Update 2012-01

4 16 0 8 0 40 8 0 37.45 2.75 0 0 2.75 0
4 16 20 96 -160 20 86.02 -160 8.81 83.01 -160 0 82.56 -160
3 16 0 96 -160 20 96 -160 0 82.56 -160
4 16 8.81 83.01 -160 8.02 84.16 -162.37 0 83.59 -162.06 0 82.56 -160
3 16 5.12 87.54 -169.01 0 85.59 -165.93 8.02 84.16 -162.37
3 16 8.02 84.16 -162.37 0 85.59 -165.93 0 83.59 -162.06
4 16 0 87.03 -168.53 0 85.59 -165.93 5.12 87.54 -169.01 4.36 88.23 -170.29
3 16 5.46 96 -175.2 0 96 -176.25 4.69 91.78 -175.53
3 16 4.69 91.78 -175.53 0 96 -176.25 0 91.72 -176.25
4 16 5.84 96 -179.03 0 96 -180 0 96 -176.25 5.46 96 -175.2
3 16 2.62 91.2 -179.82 0 91.2 -180 0 96 -180
3 16 0 96 -180 5.84 96 -179.03 2.62 91.2 -179.82
3 16 6.59 91.19 -178.81 2.62 91.2 -179.82 5.84 96 -179.03
3 16 1.51 90.42 -179.45 0.77 90.17 -179.36 0 91.2 -180
3 16 0 91.2 -180 0.77 90.17 -179.36 0 90.15 -179.35
3 16 2.62 91.2 -179.82 2.22 90.75 -179.58 0 91.2 -180
3 16 2.22 90.75 -179.58 1.51 90.42 -179.45 0 91.2 -180
3 16 1.88 88.83 -177.93 0 88.73 -177.95 0.77 90.17 -179.36
3 16 0.77 90.17 -179.36 0 88.73 -177.95 0 90.15 -179.35
4 16 1.88 88.83 -177.93 3.27 87.17 -175.65 0 87.01 -175.67 0 88.73 -177.95
4 16 0 87.01 -175.67 3.27 87.17 -175.65 3.01 85.87 -173.75 0 85.74 -173.75
4 16 3.01 85.87 -173.75 5.34 82.02 -166.8 0 81.59 -166.37 0 85.74 -173.75
4 16 5.34 82.02 -166.8 7.44 77.64 -157.86 0 77.53 -158.22 0 81.59 -166.37
4 16 0 72.09 -146.51 0 77.53 -158.22 7.44 77.64 -157.86 9.15 72.94 -147.64
4 16 9.15 72.94 -147.64 10.58 68.09 -136.66 0 68.06 -137.49 0 72.09 -146.51
4 16 10.58 68.09 -136.66 12.55 60.18 -118.5 0 60.84 -120.99 0 68.06 -137.49
3 16 0 60.84 -120.99 12.55 60.18 -118.5 0 57.98 -114.49
3 16 0 57.98 -114.49 12.55 60.18 -118.5 11.55 56.59 -110.74
3 16 0 57.98 -114.49 11.55 56.59 -110.74 0 56 -110
3 16 11.77 48 -102.94 0 48 -103.48 11.55 56.59 -110.74
3 16 0 56 -110 11.55 56.59 -110.74 0 48 -103.48
4 16 11.77 48 -102.94 13.21 48 -97.98 0 48 -98.64 0 48 -103.48
4 16 13.21 48 -97.98 13.53 50.75 -97.94 0 50.75 -98.64 0 48 -98.64
4 16 0 50.75 -98.64 13.53 50.75 -97.94 12.3 50.75 -100.34 0 50.75 -100.88
4 16 0 50.75 -100.88 12.3 50.75 -100.34 11.04 59.04 -107.11 0 59.06 -107.66
4 16 0 64.5 -120 0 61.18 -112.44 10.59 61.56 -112.68 10 64.78 -120
4 16 0 64.5 -120 10 64.78 -120 20 96 -120 0 96 -120
3 16 20 65.67 -120 20 96 -120 10 64.78 -120
4 16 20 81.2 -152.52 20 86.02 -160 20 96 -160 20 75.35 -141.03
4 16 20 75.35 -141.03 20 96 -160 20 96 -120 20 70.16 -129.97
3 16 20 65.67 -120 20 70.16 -129.97 20 96 -120
3 16 47.89 62.87 -88.67 49.61 56.83 -79.09 53.71 59.43 -62.95
3 16 53.71 59.43 -62.95 49.61 56.83 -79.09 52.53 56.34 -68.7
3 16 54.71 47.76 -52.9 53.71 59.43 -62.95 54.59 48 -53.97
3 16 54.59 48 -53.97 53.71 59.43 -62.95 52.53 56.34 -68.7
3 16 54.8 47.08 -52.03 53.71 59.43 -62.95 54.71 47.76 -52.9
3 16 54.8 47.08 -52.03 55.45 42.37 -43.89 53.71 59.43 -62.95
4 16 55.45 42.37 -43.89 55.41 96 -44.04 53.56 96 -63.98 53.71 59.43 -62.95
3 16 45.85 67.38 -99.02 47.89 62.87 -88.67 48.84 72.17 -94.35
4 16 53.71 59.43 -62.95 53.56 96 -63.98 48.75 96 -95.16 48.84 72.17 -94.35
3 16 48.84 72.17 -94.35 47.89 62.87 -88.67 53.71 59.43 -62.95
3 16 48.84 72.17 -94.35 41.34 81.24 -124.18 41.63 73.1 -115.8
3 16 41.34 81.24 -124.18 36.27 78.77 -132.18 41.63 73.1 -115.8
4 16 48.84 72.17 -94.35 48.75 96 -95.16 42.53 96 -120.4 41.34 81.24 -124.18
3 16 41.34 81.24 -124.18 34.11 86.02 -142.55 36.27 78.77 -132.18
3 16 34.11 86.02 -142.55 29.41 83.84 -147.88 36.27 78.77 -132.18
3 16 42.53 96 -120.4 36.39 96 -137.45 41.34 81.24 -124.18
3 16 41.34 81.24 -124.18 36.39 96 -137.45 34.11 86.02 -142.55
3 16 34.11 86.02 -142.55 24.91 89.97 -158.62 29.41 83.84 -147.88
3 16 24.91 89.97 -158.62 20.42 88.26 -162.07 29.41 83.84 -147.88
3 16 36.39 96 -137.45 25.03 96 -158.45 34.11 86.02 -142.55
3 16 24.91 89.97 -158.62 34.11 86.02 -142.55 25.03 96 -158.45
3 16 24.91 89.97 -158.62 13.72 91.92 -170.52 20.42 88.26 -162.07
3 16 13.72 91.92 -170.52 12.03 90.25 -170.13 20.42 88.26 -162.07
3 16 13.72 91.92 -170.52 24.91 89.97 -158.62 15.86 96 -168.83
3 16 25.03 96 -158.45 15.86 96 -168.83 24.91 89.97 -158.62
3 16 13.72 91.92 -170.52 10.47 92.1 -172.84 12.03 90.25 -170.13
3 16 10.47 92.1 -172.84 9.65 90.79 -171.97 12.03 90.25 -170.13
3 16 15.86 96 -168.83 10.76 96 -172.69 13.72 91.92 -170.52
3 16 13.72 91.92 -170.52 10.76 96 -172.69 10.47 92.1 -172.84
3 16 52.6 48 -64.32 54.59 48 -53.97 52.53 56.34 -68.7
3 16 10.47 92.1 -172.84 4.69 91.78 -175.53 9.65 90.79 -171.97
4 16 5.46 96 -175.2 4.69 91.78 -175.53 10.47 92.1 -172.84 10.76 96 -172.69
3 16 49.61 56.83 -79.09 49.4 48 -73.68 52.53 56.34 -68.7
3 16 49.4 48 -73.68 52.6 48 -64.32 52.53 56.34 -68.7
3 16 20.42 88.26 -162.07 12.03 90.25 -170.13 16.6 86.36 -162.73
3 16 12.03 90.25 -170.13 10 88.94 -169.71 16.6 86.36 -162.73
3 16 29.41 83.84 -147.88 20.42 88.26 -162.07 25.55 82.31 -150.25
3 16 25.55 82.31 -150.25 20.42 88.26 -162.07 20 86.02 -160
3 16 20.42 88.26 -162.07 16.6 86.36 -162.73 20 86.02 -160
3 16 36.27 78.77 -132.18 29.41 83.84 -147.88 31.55 77.24 -136.47
3 16 29.41 83.84 -147.88 25.55 82.31 -150.25 31.55 77.24 -136.47
3 16 41.63 73.1 -115.8 36.27 78.77 -132.18 36.39 71.75 -121.99
3 16 36.27 78.77 -132.18 31.55 77.24 -136.47 36.39 71.75 -121.99
3 16 41.63 73.1 -115.8 36.39 71.75 -121.99 45.85 67.38 -99.02
3 16 36.39 71.75 -121.99 39.9 66.96 -109.04 45.85 67.38 -99.02
3 16 47.89 62.87 -88.67 45.85 67.38 -99.02 41.9 62.88 -99.83
3 16 45.85 67.38 -99.02 39.9 66.96 -109.04 41.9 62.88 -99.83
3 16 47.89 62.87 -88.67 41.9 62.88 -99.83 49.61 56.83 -79.09
3 16 41.9 62.88 -99.83 43.58 57.77 -91.09 49.61 56.83 -79.09
3 16 49.61 56.83 -79.09 48.5 47.44 -75.35 49.4 48 -73.68
3 16 43.58 57.77 -91.09 44.44 46.03 -81.11 49.61 56.83 -79.09
4 16 49.61 56.83 -79.09 44.44 46.03 -81.11 47.47 45.79 -76.07 48.5 47.44 -75.35
3 16 9.65 90.79 -171.97 4.69 91.78 -175.53 8.06 89.56 -171.25
3 16 4.69 91.78 -175.53 4.47 90.79 -174.07 8.06 89.56 -171.25
3 16 12.03 90.25 -170.13 9.65 90.79 -171.97 10 88.94 -169.71
3 16 8.06 89.56 -171.25 10 88.94 -169.71 9.65 90.79 -171.97
3 16 20 86.02 -160 20 81.2 -152.52 25.55 82.31 -150.25
3 16 31.55 77.24 -136.47 25.55 82.31 -150.25 24.64 76.13 -140.27
3 16 25.55 82.31 -150.25 20 81.2 -152.52 24.64 76.13 -140.27
3 16 36.39 71.75 -121.99 31.55 77.24 -136.47 28.48 70.86 -127.44
3 16 31.55 77.24 -136.47 24.64 76.13 -140.27 28.48 70.86 -127.44
3 16 36.39 71.75 -121.99 28.48 70.86 -127.44 39.9 66.96 -109.04
3 16 28.48 70.86 -127.44 31.35 66.26 -116.02 39.9 66.96 -109.04
4 16 41.9 62.88 -99.83 39.9 66.96 -109.04 31.35 66.26 -116.02 33.09 62.67 -107.88
3 16 41.9 62.88 -99.83 33.09 62.67 -107.88 43.58 57.77 -91.09
3 16 33.09 62.67 -107.88 34.65 58.62 -100.07 43.58 57.77 -91.09
3 16 43.58 57.77 -91.09 34.65 58.62 -100.07 40.69 50.75 -89.12
3 16 40.69 50.75 -89.12 34.65 58.62 -100.07 36.25 50.75 -92.83
3 16 44.44 46.03 -81.11 43.58 57.77 -91.09 41.12 45.11 -84.37
3 16 40.27 47.19 -86.8 41.12 45.11 -84.37 43.58 57.77 -91.09
3 16 40.69 50.75 -89.12 40.27 47.19 -86.8 43.58 57.77 -91.09
3 16 20 81.2 -152.52 20 75.35 -141.03 24.64 76.13 -140.27
3 16 24.64 76.13 -140.27 20 75.35 -141.03 28.48 70.86 -127.44
3 16 20 75.35 -141.03 20 70.16 -129.97 28.48 70.86 -127.44
4 16 31.35 66.26 -116.02 28.48 70.86 -127.44 20 70.16 -129.97 20 65.67 -120
3 16 31.35 66.26 -116.02 20 65.67 -120 33.09 62.67 -107.88
3 16 20.95 62.06 -111.93 33.09 62.67 -107.88 20 65.67 -120
3 16 33.09 62.67 -107.88 20.95 62.06 -111.93 34.65 58.62 -100.07
3 16 20.95 62.06 -111.93 21.92 58.94 -105.34 34.65 58.62 -100.07
3 16 21.92 58.94 -105.34 27.05 50.75 -97.28 34.65 58.62 -100.07
3 16 34.65 58.62 -100.07 27.05 50.75 -97.28 36.25 50.75 -92.83
4 16 20.95 62.06 -111.93 20 65.67 -120 10 64.78 -120 10.59 61.56 -112.68
3 16 20.95 62.06 -111.93 10.59 61.56 -112.68 21.92 58.94 -105.34
3 16 10.59 61.56 -112.68 11.04 59.04 -107.11 21.92 58.94 -105.34
3 16 27.05 50.75 -97.28 21.92 58.94 -105.34 12.3 50.75 -100.34
3 16 12.3 50.75 -100.34 21.92 58.94 -105.34 11.04 59.04 -107.11
4 16 44.01 9.04 16 54.12 18.75 16.25 54.12 18.75 -23.25 44.01 9.04 -23.25
3 16 20 86.02 -160 16.6 86.36 -162.73 8.81 83.01 -160
3 16 8.81 83.01 -160 16.6 86.36 -162.73 8.02 84.16 -162.37
3 16 16.6 86.36 -162.73 10 88.94 -169.71 8.02 84.16 -162.37
3 16 8.02 84.16 -162.37 10 88.94 -169.71 5.12 87.54 -169.01
4 16 10 88.94 -169.71 8.06 89.56 -171.25 4.36 88.23 -170.29 5.12 87.54 -169.01
3 16 4.36 88.23 -170.29 8.06 89.56 -171.25 4.47 90.79 -174.07
3 16 44.44 46.03 -81.11 46.93 43.92 -75.61 47.47 45.79 -76.07
3 16 41.12 45.11 -84.37 44.22 33.82 -71.91 44.44 46.03 -81.11
4 16 46.93 43.92 -75.61 44.44 46.03 -81.11 44.22 33.82 -71.91 47.4 24.92 -60.05
4 16 40.27 47.19 -86.8 42.52 47.17 -90.59 43.35 45.11 -88.17 41.12 45.11 -84.37
3 16 41.12 45.11 -84.37 43.35 45.11 -88.17 43.95 31.54 -76.93
3 16 43.95 31.54 -76.93 43.19 32.13 -76.33 41.12 45.11 -84.37
3 16 44.22 33.82 -71.91 43.19 32.13 -76.33 46.03 26.5 -63.55
3 16 43.19 32.13 -76.33 44.01 26.5 -72.85 46.03 26.5 -63.55
3 16 43.19 32.13 -76.33 43.95 31.54 -76.93 44.01 26.5 -72.85
3 16 47.4 24.92 -60.05 44.22 33.82 -71.91 46.03 26.5 -63.55
4 16 46.93 43.92 -75.61 47.4 24.92 -60.05 51.84 24.8 -60.19 51.32 43.8 -75.75
4 16 47.18 21.9 -58 47.6 24.23 -59.17 47.4 24.92 -60.05 45.77 25.27 -62.96
3 16 43.68 25.09 -72.11 45.77 25.27 -62.96 44.01 26.5 -72.85
3 16 46.03 26.5 -63.55 44.01 26.5 -72.85 45.77 25.27 -62.96
3 16 43.1 22.05 -63.95 47.18 21.9 -58 45.77 25.27 -62.96
3 16 43.1 22.05 -63.95 45.77 25.27 -62.96 43.03 24 -65.6
3 16 45.77 25.27 -62.96 43.68 25.09 -72.11 43.03 24 -65.6
3 16 43.03 24 -65.6 43.68 25.09 -72.11 42.39 24.15 -72.65
3 16 43.03 24 -65.6 42.39 24.15 -72.65 26.73 24 -76.33
3 16 26.73 24 -76.33 42.39 24.15 -72.65 30.09 24 -80.21
3 16 43.1 22.05 -63.95 43.03 24 -65.6 26.62 22.3 -75.06
3 16 26.62 22.3 -75.06 43.03 24 -65.6 26.73 24 -76.33
4 16 26.73 24 -76.33 30.09 24 -80.21 15.89 24 -83.29 13.58 24 -78.66
3 16 13.58 24 -78.66 13.79 22.26 -77.25 26.73 24 -76.33
3 16 13.79 22.26 -77.25 26.62 22.3 -75.06 26.73 24 -76.33
4 16 0 22.23 -77.63 13.79 22.26 -77.25 13.58 24 -78.66 0 24 -79.08
4 16 13.58 24 -78.66 15.89 24 -83.29 0 24 -83.91 0 24 -79.08
4 16 12.86 15.94 -62.07 13.79 22.26 -77.25 0 22.23 -77.63 0 15.8 -62.44
4 16 13.79 22.26 -77.25 12.86 15.94 -62.07 22.85 16.12 -60.57 26.62 22.3 -75.06
3 16 22.85 16.12 -60.57 35.98 16.41 -54.24 26.62 22.3 -75.06
3 16 26.62 22.3 -75.06 35.98 16.41 -54.24 43.1 22.05 -63.95
3 16 47.18 21.9 -58 43.1 22.05 -63.95 42.53 16.55 -47.02
3 16 35.98 16.41 -54.24 42.53 16.55 -47.02 43.1 22.05 -63.95
3 16 47.18 21.9 -58 51.83 21.59 -47.45 48.08 24 -58.11
3 16 51.83 21.59 -47.45 52.06 24 -48.79 48.08 24 -58.11
3 16 42.53 16.55 -47.02 47.25 16.63 -38.28 47.18 21.9 -58
3 16 47.25 16.63 -38.28 51.83 21.59 -47.45 47.18 21.9 -58
3 16 47.6 24.23 -59.17 47.18 21.9 -58 48.08 24 -58.11
3 16 54.5 24 -38.9 52.06 24 -48.79 55.06 21.24 -35.29
3 16 52.06 24 -48.79 51.83 21.59 -47.45 55.06 21.24 -35.29
4 16 49.72 16.64 -31.17 51.83 21.59 -47.45 47.25 16.63 -38.28 45.49 12.85 -26.25
3 16 51.83 21.59 -47.45 49.72 16.64 -31.17 55.06 21.24 -35.29
3 16 55.07 27.1 -36.9 54.86 24.88 -37.25 56.09 20.98 -26.25
3 16 56.09 20.98 -26.25 54.86 24.88 -37.25 55.06 21.24 -35.29
3 16 49.72 16.64 -31.17 50.82 16.62 -26.25 55.06 21.24 -35.29
3 16 55.06 21.24 -35.29 50.82 16.62 -26.25 56.09 20.98 -26.25
3 16 54.5 24 -38.9 55.06 21.24 -35.29 54.86 24.88 -37.25
3 16 56.09 20.98 -26.25 56.17 23.11 -26.25 55.13 29.14 -37.93
4 16 55.13 29.14 -37.93 56.17 23.11 -26.25 56 32.06 -33.26 55.45 42.37 -43.89
4 16 47.09 24 -26.25 56.17 23.11 -26.25 56.09 20.98 -26.25 50.82 16.62 -26.25
3 16 55.07 27.1 -36.9 56.09 20.98 -26.25 55.13 29.14 -37.93
3 16 56.17 23.11 -26.25 56.2 25.26 -26.25 56 32.06 -33.26
4 16 56 32.06 -33.26 56.2 25.26 -26.25 56.2 33.11 -26.25 56.1 96 -28.68
4 16 56.2 25.26 -26.25 56.17 23.11 -26.25 47.09 24 -26.25 56.2 33.11 -26.25
4 16 56 32.06 -33.26 56.1 96 -28.68 55.41 96 -44.04 55.45 42.37 -43.89
3 16 55.13 29.14 -37.93 55.45 42.37 -43.89 54.8 47.08 -52.03
4 16 58.51 47.39 -52.12 58.86 29.43 -37.95 55.13 29.14 -37.93 54.8 47.08 -52.03
4 16 58.85 27.2 -36.77 58.66 24.75 -37.17 54.86 24.88 -37.25 55.07 27.1 -36.9
4 16 57.58 23.84 -43.71 52.06 24 -48.79 54.5 24 -38.9 58.19 23.84 -38.9
4 16 52.06 24 -48.79 57.58 23.84 -43.71 52.49 23.81 -58.11 48.08 24 -58.11
4 16 52.6 48 -64.32 49.4 48 -73.68 53.64 48.18 -73.65 56.53 48.17 -64.26
3 16 48.5 47.44 -75.35 52.81 47.64 -75.38 49.4 48 -73.68
3 16 52.81 47.64 -75.38 53.64 48.18 -73.65 49.4 48 -73.68
4 16 54.59 48 -53.97 52.6 48 -64.32 56.53 48.17 -64.26 58.24 48.16 -54.06
3 16 58.48 48 -53.1 54.71 47.76 -52.9 58.24 48.16 -54.06
3 16 58.24 48.16 -54.06 54.71 47.76 -52.9 54.59 48 -53.97
3 16 58.51 47.39 -52.12 54.8 47.08 -52.03 58.48 48 -53.1
3 16 58.48 48 -53.1 54.8 47.08 -52.03 54.71 47.76 -52.9
4 16 13.53 50.75 -97.94 29.42 50.75 -94.28 27.05 50.75 -97.28 12.3 50.75 -100.34
4 16 36.25 50.75 -92.83 27.05 50.75 -97.28 29.42 50.75 -94.28 38.67 50.75 -89.16
3 16 36.25 50.75 -92.83 38.67 50.75 -89.16 40.69 50.75 -89.12
3 16 38.67 50.75 -89.16 40.27 47.19 -86.8 40.69 50.75 -89.12
3 16 40.27 47.19 -86.8 38.67 50.75 -89.16 38.57 48 -88.97
4 16 38.57 48 -88.97 40.81 48 -92.79 42.52 47.17 -90.59 40.27 47.19 -86.8
4 16 38.57 48 -88.97 28.89 48 -94.39 35.53 48 -96.52 40.81 48 -92.79
3 16 28.89 48 -94.39 38.57 48 -88.97 29.42 50.75 -94.28
3 16 38.57 48 -88.97 38.67 50.75 -89.16 29.42 50.75 -94.28
3 16 47.47 45.79 -76.07 51.78 45.75 -76.24 48.5 47.44 -75.35
3 16 48.5 47.44 -75.35 51.78 45.75 -76.24 52.81 47.64 -75.38
4 16 47.4 24.92 -60.05 47.6 24.23 -59.17 52.04 24.06 -59.23 51.84 24.8 -60.19
4 16 47.47 45.79 -76.07 46.93 43.92 -75.61 51.32 43.8 -75.75 51.78 45.75 -76.24
4 16 51.32 43.8 -75.75 51.84 24.8 -60.19 48.18 31.53 -71.57 47.75 43.79 -81.67
3 16 52.04 24.06 -59.23 51.94 19.27 -55.56 47.96 19.28 -62.23
3 16 52.04 24.06 -59.23 52.49 23.81 -58.11 51.94 19.27 -55.56
3 16 51.32 43.8 -75.75 47.75 43.79 -81.67 51.78 45.75 -76.24
3 16 53.12 56.03 -79.78 51.78 45.75 -76.24 47.75 43.79 -81.67
4 16 34.42 56.03 -103.43 41.29 56.04 -98.64 40.81 48 -92.79 35.53 48 -96.52
3 16 41.29 56.04 -98.64 42.52 47.17 -90.59 40.81 48 -92.79
3 16 35.53 48 -96.52 26.23 48 -100.29 34.42 56.03 -103.43
3 16 26.23 48 -100.29 25.58 56.02 -106.86 34.42 56.03 -103.43
4 16 26.23 48 -100.29 35.53 48 -96.52 28.89 48 -94.39 13.21 48 -97.98
3 16 11.55 56.59 -110.74 25.58 56.02 -106.86 11.77 48 -102.94
3 16 11.77 48 -102.94 25.58 56.02 -106.86 26.23 48 -100.29
3 16 26.23 48 -100.29 13.21 48 -97.98 11.77 48 -102.94
3 16 25.58 56.02 -106.86 11.55 56.59 -110.74 28.36 61.03 -115.66
4 16 28.36 61.03 -115.66 11.55 56.59 -110.74 12.55 60.18 -118.5 24.25 68.78 -134.09
3 16 34.42 56.03 -103.43 25.58 56.02 -106.86 39.51 64.93 -114.67
3 16 39.51 64.93 -114.67 25.58 56.02 -106.86 28.36 61.03 -115.66
3 16 41.29 56.04 -98.64 34.42 56.03 -103.43 39.51 64.93 -114.67
4 16 43.35 45.11 -88.17 46.85 56.03 -92.29 47.75 43.79 -81.67 43.95 31.54 -76.93
3 16 46.85 56.03 -92.29 43.35 45.11 -88.17 41.29 56.04 -98.64
3 16 42.52 47.17 -90.59 41.29 56.04 -98.64 43.35 45.11 -88.17
3 16 47.75 43.79 -81.67 46.85 56.03 -92.29 53.12 56.03 -79.78
3 16 52.81 47.64 -75.38 51.78 45.75 -76.24 53.12 56.03 -79.78
3 16 53.64 48.18 -73.65 52.81 47.64 -75.38 53.12 56.03 -79.78
3 16 46.85 56.03 -92.29 41.29 56.04 -98.64 48.15 66.48 -102.84
3 16 41.29 56.04 -98.64 39.51 64.93 -114.67 48.15 66.48 -102.84
3 16 53.12 56.03 -79.78 56.65 56.01 -67.4 53.64 48.18 -73.65
3 16 53.64 48.18 -73.65 56.65 56.01 -67.4 56.53 48.17 -64.26
3 16 53.12 56.03 -79.78 46.85 56.03 -92.29 52.51 67.96 -92.38
3 16 52.51 67.96 -92.38 46.85 56.03 -92.29 48.15 66.48 -102.84
3 16 52.51 67.96 -92.38 54.86 63.22 -79.23 53.12 56.03 -79.78
3 16 53.12 56.03 -79.78 54.86 63.22 -79.23 56.65 56.01 -67.4
3 16 58.24 48.16 -54.06 56.53 48.17 -64.26 58.02 56 -58.33
3 16 56.65 56.01 -67.4 58.02 56 -58.33 56.53 48.17 -64.26
3 16 54.86 63.22 -79.23 56 65.6 -74.81 56.65 56.01 -67.4
3 16 56.65 56.01 -67.4 56 65.6 -74.81 57.52 60.03 -63.09
3 16 56.65 56.01 -67.4 57.52 60.03 -63.09 58.02 56 -58.33
3 16 59.11 43.62 -45.44 58.51 47.39 -52.12 58.02 56 -58.33
3 16 58.48 48 -53.1 58.02 56 -58.33 58.51 47.39 -52.12
4 16 59.15 96 -44.24 59.11 43.62 -45.44 58.02 56 -58.33 57.27 96 -64.54
3 16 58.02 56 -58.33 57.52 60.03 -63.09 57.27 96 -64.54
3 16 59.11 43.62 -45.44 59.51 37.25 -38.8 58.51 47.39 -52.12
4 16 59.51 37.25 -38.8 59.11 43.62 -45.44 59.15 96 -44.24 59.83 96 -29.3
3 16 59.78 31.34 -32.65 58.86 29.43 -37.95 59.51 37.25 -38.8
3 16 48.18 31.53 -71.57 43.95 31.54 -76.93 47.75 43.79 -81.67
3 16 59.78 31.34 -32.65 59.51 37.25 -38.8 59.83 96 -29.3
3 16 60 19.2 -20 58.86 29.43 -37.95 59.78 31.34 -32.65
3 16 58.86 29.43 -37.95 60 19.2 -20 58.85 27.2 -36.77
4 16 52.54 12.04 -12.54 60 19.2 -20 60 19.2 20 40 0 20
4 16 60 19.2 -20 60 24 -20 60 24 20 60 19.2 20
3 16 60 19.2 -20 59.78 31.34 -32.65 60 24 -20
4 16 60 93.5 -20 60 24 -20 59.78 31.34 -32.65 59.83 96 -29.3
3 16 57.58 23.84 -43.71 58.19 23.84 -38.9 57.76 19.23 -39.3
3 16 58.85 27.2 -36.77 60 19.2 -20 58.66 24.75 -37.17
3 16 57.76 19.23 -39.3 58.19 23.84 -38.9 60 19.2 -20
3 16 58.66 24.75 -37.17 60 19.2 -20 58.19 23.84 -38.9
4 16 50.75 11.81 -25.87 57.76 19.23 -39.3 60 19.2 -20 52.54 12.04 -12.54
4 16 45.84 11.5 -38.32 51.94 19.27 -55.56 57.76 19.23 -39.3 50.75 11.81 -25.87
3 16 43.25 19.29 -67.94 47.96 19.28 -62.23 37.77 11.14 -48.7
3 16 37.77 11.14 -48.7 47.96 19.28 -62.23 45.84 11.5 -38.32
3 16 45.84 11.5 -38.32 47.96 19.28 -62.23 51.94 19.27 -55.56
4 16 47.96 19.28 -62.23 43.25 19.29 -67.94 43.68 25.09 -72.11 44.01 26.5 -72.85
4 16 48.18 31.53 -71.57 47.96 19.28 -62.23 44.01 26.5 -72.85 43.95 31.54 -76.93
4 16 26.53 10.78 -55.23 31.46 19.28 -75.94 43.25 19.29 -67.94 37.77 11.14 -48.7
3 16 43.68 25.09 -72.11 43.25 19.29 -67.94 42.39 24.15 -72.65
3 16 30.09 24 -80.21 42.39 24.15 -72.65 31.46 19.28 -75.94
3 16 42.39 24.15 -72.65 43.25 19.29 -67.94 31.46 19.28 -75.94
4 16 13.43 10.48 -57.67 16.84 19.23 -79.34 31.46 19.28 -75.94 26.53 10.78 -55.23
3 16 31.46 19.28 -75.94 16.84 19.23 -79.34 30.09 24 -80.21
3 16 30.09 24 -80.21 16.84 19.23 -79.34 15.89 24 -83.29
4 16 15.89 24 -83.29 16.84 19.23 -79.34 0 19.2 -80 0 24 -83.91
4 16 16.84 19.23 -79.34 13.43 10.48 -57.67 0 10.39 -58.17 0 19.2 -80
4 16 47.6 24.23 -59.17 48.08 24 -58.11 52.49 23.81 -58.11 52.04 24.06 -59.23
4 16 58.66 24.75 -37.17 58.19 23.84 -38.9 54.5 24 -38.9 54.86 24.88 -37.25
4 16 28.89 48 -94.39 29.42 50.75 -94.28 13.53 50.75 -97.94 13.21 48 -97.98
4 16 0 0 -20 0 3.49 -35.72 10.55 3.58 -35.54 26.06 0.08 -19.31
4 16 0 0 20 40 0 20 40 8 20 0 8 20
3 16 40 5.2 0 37.45 2.75 0 40 8 0
3 16 0 2.75 0 8.02 2.75 -14.68 0 2.75 -14.43
4 16 13.07 2.75 -15.05 8.02 2.75 -14.68 0 2.75 0 25.02 2.75 -15.34
4 16 30.56 2.75 -12.82 25.02 2.75 -15.34 0 2.75 0 35.89 2.75 -6.81
3 16 37.45 2.75 0 35.89 2.75 -6.81 0 2.75 0
3 16 11.1 10.58 -46.48 0 10.48 -46.76 8.02 2.75 -14.68
3 16 0 2.75 -14.43 8.02 2.75 -14.68 0 10.48 -46.76
4 16 11.1 10.58 -46.48 12.86 15.94 -62.07 0 15.8 -62.44 0 10.48 -46.76
4 16 44.01 9.04 16 44.01 9.04 -23.25 43.75 18.75 -23.25 43.75 24 16.25
3 16 43.75 18.75 -23.25 43.75 24 -23.25 43.75 24 16.25
4 16 13.43 10.48 -57.67 10.55 3.58 -35.54 0 3.49 -35.72 0 10.39 -58.17
3 16 43.28 4.72 -15.49 45.07 4.87 -5.07 37.32 0 -9.98
3 16 37.32 0 -9.98 45.07 4.87 -5.07 40 0 0
3 16 40 0 0 45.07 4.87 -5.07 40 0 20
3 16 30.54 4.13 -31.33 38.25 4.44 -24.65 26.06 0.08 -19.31
3 16 38.25 4.44 -24.65 34.15 0 -14.07 26.06 0.08 -19.31
3 16 10.55 3.58 -35.54 20.95 3.82 -34.51 26.06 0.08 -19.31
3 16 26.06 0.08 -19.31 20.95 3.82 -34.51 30.54 4.13 -31.33
3 16 20.95 3.82 -34.51 10.55 3.58 -35.54 26.53 10.78 -55.23
3 16 13.43 10.48 -57.67 26.53 10.78 -55.23 10.55 3.58 -35.54
3 16 26.53 10.78 -55.23 37.77 11.14 -48.7 20.95 3.82 -34.51
3 16 20.95 3.82 -34.51 37.77 11.14 -48.7 30.54 4.13 -31.33
3 16 37.77 11.14 -48.7 45.84 11.5 -38.32 30.54 4.13 -31.33
3 16 30.54 4.13 -31.33 45.84 11.5 -38.32 38.25 4.44 -24.65
3 16 43.28 4.72 -15.49 38.25 4.44 -24.65 50.75 11.81 -25.87
3 16 38.25 4.44 -24.65 45.84 11.5 -38.32 50.75 11.81 -25.87
3 16 45.07 4.87 -5.07 43.28 4.72 -15.49 52.54 12.04 -12.54
3 16 50.75 11.81 -25.87 52.54 12.04 -12.54 43.28 4.72 -15.49
3 16 40 0 20 45.07 4.87 -5.07 52.54 12.04 -12.54
4 16 40 0 20 60 19.2 20 60 24 20 40 8 20
3 16 60 24 20 40 24 20 40 8 20
4 16 60 24 -20 56.25 24 -20 56.25 24 16.25 60 24 20
4 16 60 24 20 56.25 24 16.25 43.75 24 16.25 40 24 20
4 16 60 24 -20 60 93.5 -20 56.25 93.5 -20 56.25 24 -20
4 16 56.25 24 16.25 56.25 24 -20 56.24 18.75 -23.25 56.25 18.75 16.25
4 16 56.24 96 -22.5 56.25 24 -20 56.25 93.5 -20 56.25 95.21 -20.79
4 16 43.75 24 -23.25 40 24 -26.25 40 24 20 43.75 24 16.25
4 16 56.25 24 16.25 56.25 18.75 16.25 54.12 18.75 16.25 43.75 24 16.25
3 16 54.12 18.75 16.25 44.01 9.04 16 43.75 24 16.25
4 16 47.09 24 -26.25 40 24 -26.25 43.75 24 -23.25 47.09 24 -23.25
4 16 43.75 18.75 -23.25 44.01 9.04 -23.25 47.09 24 -23.25 43.75 24 -23.25
4 16 56.2 33.11 -26.25 47.09 24 -26.25 47.09 24 -23.25 56.24 33.15 -23.25
4 16 56.24 33.15 -23.25 47.09 24 -23.25 44.01 9.04 -23.25 54.12 18.75 -23.25
4 16 40 9.82 -26.25 40 24 -26.25 47.09 24 -26.25 45.49 12.85 -26.25
4 16 40 24 -26.25 40 9.82 -26.25 40 6.52 -12.59 40 8 0
3 16 40 5.2 0 40 8 0 40 6.52 -12.59
4 16 40 24 20 40 24 -26.25 40 8 0 40 8 3.75
4 16 40 8 16.25 40 24 20 40 8 3.75 40 5.2 3.75
3 16 40 8 20 40 24 20 40 8 16.25
4 16 60 93.5 -20 60 95.21 -20.79 56.25 95.21 -20.79 56.25 93.5 -20
4 16 56.24 33.15 -23.25 56.24 96 -22.5 56.1 96 -28.68 56.2 33.11 -26.25
4 16 59.99 96 -22.5 59.83 96 -29.3 56.1 96 -28.68 56.24 96 -22.5
4 16 56.24 33.15 -23.25 56.24 18.75 -23.25 56.25 24 -20 56.24 96 -22.5
4 16 60 95.21 -20.79 59.99 96 -22.5 56.24 96 -22.5 56.25 95.21 -20.79
4 16 55.41 96 -44.04 56.1 96 -28.68 59.83 96 -29.3 59.15 96 -44.24
4 16 59.15 96 -44.24 57.27 96 -64.54 53.56 96 -63.98 55.41 96 -44.04
4 16 57.27 96 -64.54 52.32 96 -96.45 48.75 96 -95.16 53.56 96 -63.98
4 16 52.32 96 -96.45 45.78 96 -122.6 42.53 96 -120.4 48.75 96 -95.16
4 16 45.78 96 -122.6 39.2 96 -140.41 36.39 96 -137.45 42.53 96 -120.4
4 16 39.2 96 -140.41 26.95 96 -162.2 25.03 96 -158.45 36.39 96 -137.45
4 16 26.95 96 -162.2 17.03 96 -172.73 15.86 96 -168.83 25.03 96 -158.45
3 16 56.24 18.75 -23.25 56.24 33.15 -23.25 54.12 18.75 -23.25
3 16 57.52 60.03 -63.09 56 65.6 -74.81 57.27 96 -64.54
4 16 57.27 96 -64.54 56 65.6 -74.81 52.92 71.67 -93.69 52.32 96 -96.45
3 16 52.92 71.67 -93.69 47.94 77.91 -115.17 52.32 96 -96.45
3 16 47.94 77.91 -115.17 45.78 96 -122.6 52.32 96 -96.45
3 16 45.78 96 -122.6 47.94 77.91 -115.17 45.15 80.49 -124.58
4 16 45.78 96 -122.6 45.15 80.49 -124.58 39.31 84.51 -140.16 39.2 96 -140.41
3 16 39.31 84.51 -140.16 28.24 89.11 -160.4 39.2 96 -140.41
3 16 28.24 89.11 -160.4 26.95 96 -162.2 39.2 96 -140.41
4 16 15.73 90.96 -173.75 17.03 96 -172.73 26.95 96 -162.2 28.24 89.11 -160.4
3 16 15.73 90.96 -173.75 11.88 91.11 -176.33 17.03 96 -172.73
3 16 11.88 91.11 -176.33 11.51 96 -176.61 17.03 96 -172.73
3 16 5.84 96 -179.03 11.51 96 -176.61 6.59 91.19 -178.81
3 16 11.88 91.11 -176.33 6.59 91.19 -178.81 11.51 96 -176.61
3 16 56 65.6 -74.81 54.86 63.22 -79.23 52.92 71.67 -93.69
3 16 54.86 63.22 -79.23 52.51 67.96 -92.38 52.92 71.67 -93.69
4 16 48.48 73.44 -110.08 47.94 77.91 -115.17 52.92 71.67 -93.69 52.51 67.96 -92.38
3 16 43.28 78.64 -127.55 45.15 80.49 -124.58 48.48 73.44 -110.08
3 16 48.48 73.44 -110.08 45.15 80.49 -124.58 47.94 77.91 -115.17
3 16 36.44 83.35 -144.49 39.31 84.51 -140.16 43.28 78.64 -127.55
3 16 43.28 78.64 -127.55 39.31 84.51 -140.16 45.15 80.49 -124.58
3 16 39.31 84.51 -140.16 36.44 83.35 -144.49 28.24 89.11 -160.4
4 16 27.3 87.4 -160.38 28.24 89.11 -160.4 36.44 83.35 -144.49 32.34 81.51 -148.77
3 16 27.3 87.4 -160.38 15.73 90.96 -173.75 28.24 89.11 -160.4
3 16 13.54 89.14 -173.75 11.88 91.11 -176.33 15.73 90.96 -173.75
3 16 13.54 89.14 -173.75 9.53 89.14 -175.93 11.88 91.11 -176.33
3 16 9.53 89.14 -175.93 5.46 90.09 -178.33 11.88 91.11 -176.33
3 16 11.88 91.11 -176.33 5.46 90.09 -178.33 6.59 91.19 -178.81
3 16 5.46 90.09 -178.33 2.22 90.75 -179.58 6.59 91.19 -178.81
3 16 6.59 91.19 -178.81 2.22 90.75 -179.58 2.62 91.2 -179.82
3 16 52.51 67.96 -92.38 48.15 66.48 -102.84 48.48 73.44 -110.08
3 16 48.15 66.48 -102.84 43.98 71.75 -118.51 48.48 73.44 -110.08
3 16 48.48 73.44 -110.08 43.98 71.75 -118.51 43.28 78.64 -127.55
3 16 43.98 71.75 -118.51 38.84 76.82 -133.94 43.28 78.64 -127.55
3 16 43.28 78.64 -127.55 38.84 76.82 -133.94 36.44 83.35 -144.49
3 16 38.84 76.82 -133.94 32.34 81.51 -148.77 36.44 83.35 -144.49
3 16 32.34 81.51 -148.77 23.91 85.64 -162.49 27.3 87.4 -160.38
3 16 27.3 87.4 -160.38 23.91 85.64 -162.49 15.73 90.96 -173.75
4 16 15.73 90.96 -173.75 23.91 85.64 -162.49 18.61 83.86 -164.84 13.54 89.14 -173.75
3 16 48.15 66.48 -102.84 39.51 64.93 -114.67 43.98 71.75 -118.51
4 16 43.98 71.75 -118.51 39.51 64.93 -114.67 35.67 69.99 -128.03 38.84 76.82 -133.94
3 16 35.67 69.99 -128.03 31.13 74.94 -141.14 38.84 76.82 -133.94
3 16 38.84 76.82 -133.94 31.13 74.94 -141.14 32.34 81.51 -148.77
3 16 31.13 74.94 -141.14 25.58 79.62 -153.59 32.34 81.51 -148.77
3 16 32.34 81.51 -148.77 25.58 79.62 -153.59 23.91 85.64 -162.49
3 16 25.58 79.62 -153.59 18.61 83.86 -164.84 23.91 85.64 -162.49
3 16 18.61 83.86 -164.84 12.32 82.68 -166.28 13.54 89.14 -173.75
3 16 12.32 82.68 -166.28 10.69 87.57 -173.75 13.54 89.14 -173.75
3 16 10.69 87.57 -173.75 9.53 89.14 -175.93 13.54 89.14 -173.75
3 16 6.53 86.34 -173.75 6.49 87.88 -175.76 10.69 87.57 -173.75
4 16 35.67 69.99 -128.03 28.36 61.03 -115.66 24.25 68.78 -134.09 31.13 74.94 -141.14
3 16 28.36 61.03 -115.66 35.67 69.99 -128.03 39.51 64.93 -114.67
3 16 24.25 68.78 -134.09 21.01 73.67 -145.72 31.13 74.94 -141.14
3 16 31.13 74.94 -141.14 21.01 73.67 -145.72 25.58 79.62 -153.59
3 16 21.01 73.67 -145.72 17.12 78.35 -156.62 25.58 79.62 -153.59
3 16 25.58 79.62 -153.59 17.12 78.35 -156.62 18.61 83.86 -164.84
3 16 17.12 78.35 -156.62 12.32 82.68 -166.28 18.61 83.86 -164.84
3 16 6.53 86.34 -173.75 10.69 87.57 -173.75 5.34 82.02 -166.8
3 16 5.34 82.02 -166.8 10.69 87.57 -173.75 12.32 82.68 -166.28
3 16 3.01 85.87 -173.75 3.27 87.17 -175.65 6.53 86.34 -173.75
3 16 6.53 86.34 -173.75 5.34 82.02 -166.8 3.01 85.87 -173.75
4 16 24.25 68.78 -134.09 12.55 60.18 -118.5 10.58 68.09 -136.66 21.01 73.67 -145.72
3 16 21.01 73.67 -145.72 10.58 68.09 -136.66 9.15 72.94 -147.64
4 16 17.12 78.35 -156.62 21.01 73.67 -145.72 9.15 72.94 -147.64 7.44 77.64 -157.86
4 16 12.32 82.68 -166.28 17.12 78.35 -156.62 7.44 77.64 -157.86 5.34 82.02 -166.8
3 16 1.88 88.83 -177.93 0.77 90.17 -179.36 3.71 89.34 -178.1
3 16 1.51 90.42 -179.45 3.71 89.34 -178.1 0.77 90.17 -179.36
4 16 3.71 89.34 -178.1 6.49 87.88 -175.76 3.27 87.17 -175.65 1.88 88.83 -177.93
3 16 5.46 90.09 -178.33 3.71 89.34 -178.1 2.22 90.75 -179.58
3 16 2.22 90.75 -179.58 3.71 89.34 -178.1 1.51 90.42 -179.45
3 16 5.46 90.09 -178.33 6.49 87.88 -175.76 3.71 89.34 -178.1
3 16 6.49 87.88 -175.76 5.46 90.09 -178.33 9.53 89.14 -175.93
3 16 45.49 12.85 -26.25 47.09 24 -26.25 50.82 16.62 -26.25
3 16 49.72 16.64 -31.17 45.49 12.85 -26.25 50.82 16.62 -26.25
3 16 40 9.82 -26.25 45.49 12.85 -26.25 47.25 16.63 -38.28
3 16 37.66 11.36 -35.5 30.56 2.75 -12.82 40 9.82 -26.25
3 16 30.56 2.75 -12.82 35.89 2.75 -6.81 40 9.82 -26.25
3 16 40 9.82 -26.25 35.89 2.75 -6.81 40 6.52 -12.59
4 16 19.8 10.79 -45.46 22.85 16.12 -60.57 12.86 15.94 -62.07 11.1 10.58 -46.48
3 16 35.98 16.41 -54.24 22.85 16.12 -60.57 31.52 11.15 -41.05
3 16 22.85 16.12 -60.57 19.8 10.79 -45.46 31.52 11.15 -41.05
3 16 31.52 11.15 -41.05 37.66 11.36 -35.5 35.98 16.41 -54.24
3 16 35.98 16.41 -54.24 37.66 11.36 -35.5 42.53 16.55 -47.02
3 16 47.25 16.63 -38.28 42.53 16.55 -47.02 40 9.82 -26.25
3 16 37.66 11.36 -35.5 40 9.82 -26.25 42.53 16.55 -47.02
3 16 8.02 2.75 -14.68 13.07 2.75 -15.05 11.1 10.58 -46.48
3 16 11.1 10.58 -46.48 13.07 2.75 -15.05 19.8 10.79 -45.46
3 16 13.07 2.75 -15.05 25.02 2.75 -15.34 19.8 10.79 -45.46
4 16 31.52 11.15 -41.05 19.8 10.79 -45.46 25.02 2.75 -15.34 30.56 2.75 -12.82
3 16 31.52 11.15 -41.05 30.56 2.75 -12.82 37.66 11.36 -35.5
3 16 40 6.52 -12.59 35.89 2.75 -6.81 40 5.2 0
3 16 37.45 2.75 0 40 5.2 0 35.89 2.75 -6.81
4 16 56.24 18.75 -23.25 54.12 18.75 -23.25 54.12 18.75 16.25 56.25 18.75 16.25
3 16 37.32 0 -9.98 34.15 0 -14.07 43.28 4.72 -15.49
3 16 38.25 4.44 -24.65 43.28 4.72 -15.49 34.15 0 -14.07
4 16 0 0 0 40 0 0 40 0 20 0 0 20
4 16 0 0 -9.98 37.32 0 -9.98 40 0 0 0 0 0
3 16 0 0 -20 26.06 0.08 -19.31 0 0.08 -19.31
4 16 0 0.08 -19.31 26.06 0.08 -19.31 34.15 0 -14.07 0 0 -14.07
4 16 0 0 -14.07 34.15 0 -14.07 37.32 0 -9.98 0 0 -9.98
3 16 41.12 45.11 -84.37 43.19 32.13 -76.33 44.22 33.82 -71.91
4 16 11.04 59.04 -107.11 10.59 61.56 -112.68 0 61.18 -112.44 0 59.06 -107.66
4 16 11.51 96 -176.61 5.84 96 -179.03 5.46 96 -175.2 10.76 96 -172.69
4 16 17.03 96 -172.73 11.51 96 -176.61 10.76 96 -172.69 15.86 96 -168.83
3 16 58.85 27.2 -36.77 55.07 27.1 -36.9 58.86 29.43 -37.95
3 16 58.86 29.43 -37.95 55.07 27.1 -36.9 55.13 29.14 -37.93
3 16 58.48 48 -53.1 58.24 48.16 -54.06 58.02 56 -58.33
3 16 0 91.72 -176.25 0 88.6 -171.23 4.47 90.79 -174.07
3 16 4.47 90.79 -174.07 0 88.6 -171.23 4.36 88.23 -170.29
3 16 4.47 90.79 -174.07 4.69 91.78 -175.53 0 91.72 -176.25
3 16 0 87.03 -168.53 4.36 88.23 -170.29 0 88.6 -171.23
3 16 51.94 19.27 -55.56 52.49 23.81 -58.11 57.76 19.23 -39.3
3 16 52.49 23.81 -58.11 57.58 23.84 -43.71 57.76 19.23 -39.3
3 16 46.03 26.5 -63.55 45.77 25.27 -62.96 47.4 24.92 -60.05
3 16 48.84 72.17 -94.35 41.63 73.1 -115.8 45.85 67.38 -99.02
3 16 58.86 29.43 -37.95 58.51 47.39 -52.12 59.51 37.25 -38.8
3 16 52.04 24.06 -59.23 47.96 19.28 -62.23 51.84 24.8 -60.19
3 16 51.84 24.8 -60.19 47.96 19.28 -62.23 48.18 31.53 -71.57
3 16 6.49 87.88 -175.76 9.53 89.14 -175.93 10.69 87.57 -173.75
3 16 3.27 87.17 -175.65 6.49 87.88 -175.76 6.53 86.34 -173.75
3 16 60 95.21 -20.79 60 93.5 -20 59.99 96 -22.5
3 16 59.99 96 -22.5 60 93.5 -20 59.83 96 -29.3
0 //
2 24 48.87 13.72 -16.05 51.12 15.88 -16.05
2 24 48.87 13.72 -16.05 48.87 13.72 -23.25
2 24 51.12 15.88 -16.05 51.12 15.88 -23.25
1 16 50 18.86 -23.25 -1.125 0 0 0 0 5.14 0 7.2 0 box4-4a.dat
1 16 50 18.65 0 -1 0 0 0 -1.35 0 0 0 -1 stud3a.dat
1 16 50 18.65 0 4 0 0 0 -3.85 0 0 0 -4 4-4cylse.dat
0 //
4 16 0 2.75 16.25 37.45 2.75 16.25 37.45 2.75 3.75 0 2.75 3.75
4 16 40 5.2 16.25 40 5.2 3.75 37.45 2.75 3.75 37.45 2.75 16.25
3 16 40 8 16.25 40 5.2 3.75 40 5.2 16.25
4 16 0 8 16.25 40 8 16.25 37.45 2.75 16.25 0 2.75 16.25
3 16 37.45 2.75 16.25 40 8 16.25 40 5.2 16.25
4 16 0 2.75 3.75 37.45 2.75 3.75 40 8 3.75 0 8 3.75
3 16 40 5.2 3.75 40 8 3.75 37.45 2.75 3.75
4 16 0 8 20 40 8 20 40 8 16.25 0 8 16.25
4 16 0 8 3.75 40 8 3.75 40 8 0 0 8 0
1 16 20 2.75 10 1 0 0 0 -1.3125 0 0 0 1 stud3.dat
2 24 37.49 2.79 11.7 40 5.2 11.7
2 24 40 5.2 8.7 37.49 2.79 8.7
2 24 40 8 8.7 40 5.2 8.7
2 24 40 5.2 11.7 40 8 11.7
2 24 40 8 11.7 40 8 8.7
2 24 37.49 2.79 11.7 35.78 2.79 11.7
2 24 35.78 2.79 8.7 37.49 2.79 8.7
2 24 35.78 2.79 11.7 35.78 2.79 8.7
4 16 37.49 2.79 11.7 40 5.2 11.7 35.78 8 11.7 35.78 2.79 11.7
4 16 40 5.2 8.7 37.49 2.79 8.7 35.78 8 8.7 40 8 8.7
3 16 35.78 8 8.7 37.49 2.79 8.7 35.78 2.79 8.7
3 16 35.78 8 11.7 40 5.2 11.7 40 8 11.7
4 16 40 8 11.7 40 8 8.7 35.78 8 8.7 35.78 8 11.7
4 16 35.78 8 11.7 35.78 8 8.7 35.78 2.79 8.7 35.78 2.79 11.7
0 //
4 16 0 66.14 -123.75 16.25 66.9 -123.75 11.08 74.15 -140.93 0 73.32 -140
4 16 0 80.74 -156.25 0 73.32 -140 11.08 74.15 -140.93 8.84 81.11 -156.25
3 16 8.84 81.11 -156.25 11.08 74.15 -140.93 16.25 74.39 -140.24
3 16 8.84 81.11 -156.25 16.25 74.39 -140.24 16.25 82.24 -156.25
3 16 16.25 66.9 -123.75 16.25 74.39 -140.24 11.08 74.15 -140.93
4 16 0 80.74 -156.25 8.84 81.11 -156.25 16.25 96 -156.25 0 96 -156.25
4 16 0 96 -123.75 16.25 96 -123.75 16.25 66.9 -123.75 0 66.14 -123.75
4 16 16.25 74.39 -140.24 16.25 66.9 -123.75 16.25 96 -123.75 16.25 96 -156.25
3 16 16.25 82.24 -156.25 16.25 74.39 -140.24 16.25 96 -156.25
3 16 16.25 96 -156.25 8.84 81.11 -156.25 16.25 82.24 -156.25
4 16 0 96 -156.25 16.25 96 -156.25 20 96 -160 0 96 -160
4 16 16.25 96 -123.75 20 96 -120 20 96 -160 16.25 96 -156.25
4 16 0 96 -120 20 96 -120 16.25 96 -123.75 0 96 -123.75
2 24 1 80.78186 -156.25 1 76.89535 -147.75
2 24 1 80.78186 -156.25 1 90.75 -156.25
2 24 1 76.89535 -147.75 1 90.75 -147.8011
4 16 1 80.78186 -156.25 1 90.75 -156.25 1 90.75 -147.8011 1 76.89535 -147.75
2 24 0 90.75 -156.25 1 90.75 -156.25
2 24 0 90.75 -148 1 90.75 -147.8011
2 24 1 90.75 -156.25 1 90.75 -147.8011
4 16 0 90.75 -148 1 90.75 -147.8011 1 90.75 -156.25 0 90.75 -156.25
2 24 1 66.18677 -123.75 1 69.93352 -132.25
2 24 1 66.18677 -123.75 1 90.75 -123.75
2 24 1 69.93352 -132.25 1 90.75 -132.1989
4 16 1 69.93352 -132.25 1 90.75 -132.1989 1 90.75 -123.75 1 66.18677 -123.75
2 24 0 90.75 -132 1 90.75 -132.1989
2 24 0 90.75 -123.75 1 90.75 -123.75
2 24 1 90.75 -132.1989 1 90.75 -123.75
4 16 0 90.75 -123.75 1 90.75 -123.75 1 90.75 -132.1989 0 90.75 -132
0 // Added lines/Condlines
2 24 37.49 2.79 8.7 37.49 2.79 11.7
2 24 0 8 0 40 8 0
2 24 0 76.97292 -148 3.0616 76.80694 -147.3912
2 24 3.0616 76.80694 -147.3912 5.6568 76.10993 -145.6568
2 24 5.6568 76.10993 -145.6568 7.3912 74.98837 -143.0616
2 24 7.3912 72.2468 -136.9384 5.6568 71.03452 -134.3432
2 24 3.0616 70.17003 -132.6088 5.6568 71.03452 -134.3432
2 24 0 69.78523 -132 3.0616 70.17003 -132.6088
2 24 7.868668 73.90944 -140.6605 8 73.62259 -140
2 24 7.3912 74.98837 -143.0616 7.868668 73.90944 -140.6605
2 24 8 73.62259 -140 7.3912 72.2468 -136.9384
2 24 2.2962 75.93521 -145.5434 4.2426 75.41245 -144.2426
2 24 5.5434 72.5151 -137.7038 4.2426 71.60589 -135.7574
2 24 0 76.05969 -146 2.2962 75.93521 -145.5434
2 24 0 70.66892 -134 2.2962 70.95752 -134.4566
2 24 4.2426 75.41245 -144.2426 5.5434 74.57128 -142.2962
2 24 5.901501 73.76208 -140.4953 6 73.54694 -140
2 24 5.5434 74.57128 -142.2962 5.901501 73.76208 -140.4953
2 24 2.2962 70.95752 -134.4566 4.2426 71.60589 -135.7574
2 24 6 73.54694 -140 5.5434 72.5151 -137.7038
2 24 37.45 2.75 0 0 2.75 0
2 24 20 96 -160 20 86.02 -160
2 24 20 86.02 -160 8.81 83.01 -160
2 24 8.81 83.01 -160 0 82.56 -160
2 24 0 96 -160 20 96 -160
2 24 5.46 96 -175.2 0 96 -176.25
2 24 0 91.72 -176.25 4.69 91.78 -175.53
2 24 5.84 96 -179.03 0 96 -180
2 24 11.77 48 -102.94 0 48 -103.48
2 24 13.21 48 -97.98 0 48 -98.64
2 24 13.53 50.75 -97.94 0 50.75 -98.64
2 24 12.3 50.75 -100.34 0 50.75 -100.88
2 24 10 64.78 -120 0 64.5 -120
2 24 20 96 -120 0 96 -120
2 24 20 65.67 -120 20 96 -120
2 24 10 64.78 -120 20 65.67 -120
2 24 20 81.2 -152.52 20 86.02 -160
2 24 20 75.35 -141.03 20 81.2 -152.52
2 24 20 96 -160 20 96 -120
2 24 20 70.16 -129.97 20 75.35 -141.03
2 24 20 65.67 -120 20 70.16 -129.97
2 24 54.59 48 -53.97 54.71 47.76 -52.9
2 24 54.71 47.76 -52.9 54.8 47.08 -52.03
2 24 55.41 96 -44.04 53.56 96 -63.98
2 24 53.56 96 -63.98 48.75 96 -95.16
2 24 48.75 96 -95.16 42.53 96 -120.4
2 24 42.53 96 -120.4 36.39 96 -137.45
2 24 36.39 96 -137.45 25.03 96 -158.45
2 24 25.03 96 -158.45 15.86 96 -168.83
2 24 13.72 91.92 -170.52 10.47 92.1 -172.84
2 24 15.86 96 -168.83 10.76 96 -172.69
2 24 52.6 48 -64.32 54.59 48 -53.97
2 24 10.47 92.1 -172.84 4.69 91.78 -175.53
2 24 10.76 96 -172.69 5.46 96 -175.2
2 24 49.4 48 -73.68 52.6 48 -64.32
2 24 48.5 47.44 -75.35 49.4 48 -73.68
2 24 47.47 45.79 -76.07 48.5 47.44 -75.35
2 24 36.25 50.75 -92.83 40.69 50.75 -89.12
2 24 40.27 47.19 -86.8 41.12 45.11 -84.37
2 24 40.69 50.75 -89.12 40.27 47.19 -86.8
2 24 27.05 50.75 -97.28 36.25 50.75 -92.83
2 24 12.3 50.75 -100.34 27.05 50.75 -97.28
2 24 44.01 9.04 16 54.12 18.75 16.25
2 24 54.12 18.75 16.25 54.12 18.75 -23.25
2 24 54.12 18.75 -23.25 44.01 9.04 -23.25
2 24 44.01 9.04 -23.25 44.01 9.04 16
2 24 46.93 43.92 -75.61 47.47 45.79 -76.07
2 24 41.12 45.11 -84.37 44.22 33.82 -71.91
2 24 47.4 24.92 -60.05 46.93 43.92 -75.61
2 24 42.52 47.17 -90.59 43.35 45.11 -88.17
2 24 43.35 45.11 -88.17 43.95 31.54 -76.93
2 24 46.03 26.5 -63.55 44.22 33.82 -71.91
2 24 43.95 31.54 -76.93 44.01 26.5 -72.85
2 24 51.84 24.8 -60.19 51.32 43.8 -75.75
2 24 47.6 24.23 -59.17 47.4 24.92 -60.05
2 24 44.01 26.5 -72.85 43.68 25.09 -72.11
2 24 45.77 25.27 -62.96 46.03 26.5 -63.55
2 24 43.1 22.05 -63.95 47.18 21.9 -58
2 24 45.77 25.27 -62.96 43.03 24 -65.6
2 24 43.68 25.09 -72.11 42.39 24.15 -72.65
2 24 26.73 24 -76.33 43.03 24 -65.6
2 24 42.39 24.15 -72.65 30.09 24 -80.21
2 24 26.62 22.3 -75.06 43.1 22.05 -63.95
2 24 30.09 24 -80.21 15.89 24 -83.29
2 24 13.58 24 -78.66 26.73 24 -76.33
2 24 13.79 22.26 -77.25 26.62 22.3 -75.06
2 24 0 22.23 -77.63 13.79 22.26 -77.25
2 24 13.58 24 -78.66 0 24 -79.08
2 24 15.89 24 -83.29 0 24 -83.91
2 24 47.18 21.9 -58 51.83 21.59 -47.45
2 24 52.06 24 -48.79 48.08 24 -58.11
2 24 48.08 24 -58.11 47.6 24.23 -59.17
2 24 54.5 24 -38.9 52.06 24 -48.79
2 24 51.83 21.59 -47.45 55.06 21.24 -35.29
2 24 55.07 27.1 -36.9 54.86 24.88 -37.25
2 24 55.06 21.24 -35.29 56.09 20.98 -26.25
2 24 50.82 16.62 -26.25 56.09 20.98 -26.25
2 24 54.86 24.88 -37.25 54.5 24 -38.9
2 24 56.09 20.98 -26.25 56.17 23.11 -26.25
2 24 55.13 29.14 -37.93 55.07 27.1 -36.9
2 24 56.17 23.11 -26.25 56.2 25.26 -26.25
2 24 56.2 25.26 -26.25 56.2 33.11 -26.25
2 24 47.09 24 -26.25 56.2 33.11 -26.25
2 24 56.1 96 -28.68 55.41 96 -44.04
2 24 54.8 47.08 -52.03 55.13 29.14 -37.93
2 24 58.51 47.39 -52.12 58.86 29.43 -37.95
2 24 58.85 27.2 -36.77 58.66 24.75 -37.17
2 24 58.19 23.84 -38.9 57.58 23.84 -43.71
2 24 57.58 23.84 -43.71 52.49 23.81 -58.11
2 24 53.64 48.18 -73.65 56.53 48.17 -64.26
2 24 52.81 47.64 -75.38 53.64 48.18 -73.65
2 24 56.53 48.17 -64.26 58.24 48.16 -54.06
2 24 58.24 48.16 -54.06 58.48 48 -53.1
2 24 58.48 48 -53.1 58.51 47.39 -52.12
2 24 13.53 50.75 -97.94 29.42 50.75 -94.28
2 24 29.42 50.75 -94.28 38.67 50.75 -89.16
2 24 38.67 50.75 -89.16 40.69 50.75 -89.12
2 24 38.67 50.75 -89.16 40.27 47.19 -86.8
2 24 38.57 48 -88.97 40.27 47.19 -86.8
2 24 40.81 48 -92.79 42.52 47.17 -90.59
2 24 38.57 48 -88.97 28.89 48 -94.39
2 24 35.53 48 -96.52 40.81 48 -92.79
2 24 51.78 45.75 -76.24 52.81 47.64 -75.38
2 24 52.04 24.06 -59.23 51.84 24.8 -60.19
2 24 51.32 43.8 -75.75 51.78 45.75 -76.24
2 24 51.94 19.27 -55.56 47.96 19.28 -62.23
2 24 52.04 24.06 -59.23 52.49 23.81 -58.11
2 24 35.53 48 -96.52 26.23 48 -100.29
2 24 28.89 48 -94.39 13.21 48 -97.98
2 24 26.23 48 -100.29 11.77 48 -102.94
2 24 57.27 96 -64.54 59.15 96 -44.24
2 24 59.15 96 -44.24 59.83 96 -29.3
2 24 58.85 27.2 -36.77 58.86 29.43 -37.95
2 24 60 19.2 -20 60 19.2 20
2 24 60 19.2 20 40 0 20
2 24 60 24 -20 60 24 20
2 24 60 24 20 60 19.2 20
2 24 60 93.5 -20 60 24 -20
2 24 60 19.2 -20 57.76 19.23 -39.3
2 24 58.19 23.84 -38.9 58.66 24.75 -37.17
2 24 51.94 19.27 -55.56 57.76 19.23 -39.3
2 24 43.25 19.29 -67.94 47.96 19.28 -62.23
2 24 31.46 19.28 -75.94 43.25 19.29 -67.94
2 24 16.84 19.23 -79.34 31.46 19.28 -75.94
2 24 16.84 19.23 -79.34 0 19.2 -80
2 24 26.06 0.08 -19.31 0 0 -20
2 24 0 0 20 40 0 20
2 24 40 8 20 0 8 20
2 24 40 5.2 0 37.45 2.75 0
2 24 40 8 0 40 5.2 0
2 24 30.56 2.75 -12.82 25.02 2.75 -15.34
2 24 35.89 2.75 -6.81 30.56 2.75 -12.82
2 24 37.45 2.75 0 35.89 2.75 -6.81
2 24 44.01 9.04 -23.25 43.75 18.75 -23.25
2 24 43.75 24 16.25 44.01 9.04 16
2 24 43.75 18.75 -23.25 43.75 24 -23.25
2 24 43.75 24 -23.25 43.75 24 16.25
2 24 40 0 0 37.32 0 -9.98
2 24 40 0 20 40 0 0
2 24 34.15 0 -14.07 26.06 0.08 -19.31
2 24 60 24 20 40 24 20
2 24 40 24 20 40 8 20
2 24 60 24 -20 56.25 24 -20
2 24 56.25 24 -20 56.25 24 16.25
2 24 56.25 24 16.25 43.75 24 16.25
2 24 56.25 93.5 -20 56.25 24 -20
2 24 56.24 18.75 -23.25 56.25 18.75 16.25
2 24 56.25 18.75 16.25 56.25 24 16.25
2 24 56.25 93.5 -20 56.25 95.21 -20.79
2 24 56.25 95.21 -20.79 56.24 96 -22.5
2 24 40 24 -26.25 40 24 20
2 24 56.25 18.75 16.25 54.12 18.75 16.25
2 24 47.09 24 -26.25 40 24 -26.25
2 24 43.75 24 -23.25 47.09 24 -23.25
2 24 47.09 24 -23.25 47.09 24 -26.25
2 24 47.09 24 -23.25 56.24 33.15 -23.25
2 24 56.24 33.15 -23.25 56.2 33.11 -26.25
2 24 40 9.82 -26.25 40 24 -26.25
2 24 45.49 12.85 -26.25 40 9.82 -26.25
2 24 40 9.82 -26.25 40 6.52 -12.59
2 24 40 6.52 -12.59 40 5.2 0
2 24 40 8 0 40 8 3.75
2 24 40 8 3.75 40 5.2 3.75
2 24 40 8 16.25 40 8 20
2 24 60 93.5 -20 60 95.21 -20.79
2 24 56.24 96 -22.5 56.1 96 -28.68
2 24 59.99 96 -22.5 59.83 96 -29.3
2 24 56.24 33.15 -23.25 56.24 18.75 -23.25
2 24 60 95.21 -20.79 59.99 96 -22.5
2 24 57.27 96 -64.54 52.32 96 -96.45
2 24 52.32 96 -96.45 45.78 96 -122.6
2 24 45.78 96 -122.6 39.2 96 -140.41
2 24 39.2 96 -140.41 26.95 96 -162.2
2 24 26.95 96 -162.2 17.03 96 -172.73
2 24 54.12 18.75 -23.25 56.24 18.75 -23.25
2 24 11.51 96 -176.61 17.03 96 -172.73
2 24 5.84 96 -179.03 11.51 96 -176.61
2 24 50.82 16.62 -26.25 45.49 12.85 -26.25
2 24 37.32 0 -9.98 34.15 0 -14.07
2 24 0 2.75 16.25 37.45 2.75 16.25
2 24 37.45 2.75 16.25 37.45 2.75 3.75
2 24 37.45 2.75 3.75 0 2.75 3.75
2 24 40 5.2 16.25 40 5.2 3.75
2 24 40 5.2 3.75 37.45 2.75 3.75
2 24 37.45 2.75 16.25 40 5.2 16.25
2 24 40 5.2 16.25 40 8 16.25
2 24 0 8 16.25 40 8 16.25
2 24 40 8 3.75 0 8 3.75
2 24 35.78 8 11.7 35.78 2.79 11.7
2 24 35.78 8 8.7 40 8 8.7
2 24 35.78 2.79 8.7 35.78 8 8.7
2 24 40 8 11.7 35.78 8 11.7
2 24 35.78 8 8.7 35.78 8 11.7
2 24 0 66.14 -123.75 16.25 66.9 -123.75
2 24 8.84 81.11 -156.25 0 80.74 -156.25
2 24 16.25 74.39 -140.24 16.25 82.24 -156.25
2 24 16.25 82.24 -156.25 8.84 81.11 -156.25
2 24 16.25 66.9 -123.75 16.25 74.39 -140.24
2 24 16.25 96 -156.25 0 96 -156.25
2 24 0 96 -123.75 16.25 96 -123.75
2 24 16.25 96 -123.75 16.25 66.9 -123.75
2 24 16.25 96 -123.75 16.25 96 -156.25
2 24 16.25 96 -156.25 16.25 82.24 -156.25
0 // Added lines/Condlines
5 24 47.25 16.63 -38.28 47.18 21.9 -58 42.53 16.55 -47.02 51.83 21.59 -47.45
5 24 8.81 83.01 -160 8.02 84.16 -162.37 0 83.59 -162.06 16.6 86.36 -162.73
5 24 8.02 84.16 -162.37 0 83.59 -162.06 8.81 83.01 -160 0 85.59 -165.93
5 24 5.12 87.54 -169.01 0 85.59 -165.93 8.02 84.16 -162.37 0 87.03 -168.53
5 24 0 85.59 -165.93 8.02 84.16 -162.37 5.12 87.54 -169.01 0 83.59 -162.06
5 24 8.02 84.16 -162.37 5.12 87.54 -169.01 0 85.59 -165.93 10 88.94 -169.71
5 24 5.12 87.54 -169.01 4.36 88.23 -170.29 0 87.03 -168.53 10 88.94 -169.71
5 24 4.36 88.23 -170.29 0 87.03 -168.53 0 85.59 -165.93 0 88.6 -171.23
5 24 0 96 -176.25 4.69 91.78 -175.53 5.46 96 -175.2 0 91.72 -176.25
5 24 4.69 91.78 -175.53 5.46 96 -175.2 0 96 -176.25 10.47 92.1 -172.84
5 24 2.62 91.2 -179.82 0 91.2 -180 0 96 -180 2.22 90.75 -179.58
5 24 0 96 -180 2.62 91.2 -179.82 0 91.2 -180 5.84 96 -179.03
5 24 5.84 96 -179.03 2.62 91.2 -179.82 0 96 -180 6.59 91.19 -178.81
5 24 6.59 91.19 -178.81 2.62 91.2 -179.82 5.84 96 -179.03 2.22 90.75 -179.58
5 24 5.84 96 -179.03 6.59 91.19 -178.81 2.62 91.2 -179.82 11.51 96 -176.61
5 24 1.51 90.42 -179.45 0.77 90.17 -179.36 0 91.2 -180 3.71 89.34 -178.1
5 24 0.77 90.17 -179.36 0 91.2 -180 1.51 90.42 -179.45 0 90.15 -179.35
5 24 0 91.2 -180 1.51 90.42 -179.45 0.77 90.17 -179.36 2.22 90.75 -179.58
5 24 0.77 90.17 -179.36 0 90.15 -179.35 0 91.2 -180 0 88.73 -177.95
5 24 2.62 91.2 -179.82 2.22 90.75 -179.58 0 91.2 -180 6.59 91.19 -178.81
5 24 2.22 90.75 -179.58 0 91.2 -180 2.62 91.2 -179.82 1.51 90.42 -179.45
5 24 2.22 90.75 -179.58 1.51 90.42 -179.45 0 91.2 -180 3.71 89.34 -178.1
5 24 1.88 88.83 -177.93 0 88.73 -177.95 0.77 90.17 -179.36 3.27 87.17 -175.65
5 24 0 88.73 -177.95 0.77 90.17 -179.36 1.88 88.83 -177.93 0 90.15 -179.35
5 24 0.77 90.17 -179.36 1.88 88.83 -177.93 0 88.73 -177.95 3.71 89.34 -178.1
5 24 1.88 88.83 -177.93 3.27 87.17 -175.65 0 87.01 -175.67 3.71 89.34 -178.1
5 24 3.27 87.17 -175.65 0 87.01 -175.67 1.88 88.83 -177.93 3.01 85.87 -173.75
5 24 3.27 87.17 -175.65 3.01 85.87 -173.75 0 87.01 -175.67 6.53 86.34 -173.75
5 24 3.01 85.87 -173.75 0 85.74 -173.75 0 87.01 -175.67 5.34 82.02 -166.8
5 24 3.01 85.87 -173.75 5.34 82.02 -166.8 0 81.59 -166.37 6.53 86.34 -173.75
5 24 5.34 82.02 -166.8 0 81.59 -166.37 3.01 85.87 -173.75 7.44 77.64 -157.86
5 24 5.34 82.02 -166.8 7.44 77.64 -157.86 0 77.53 -158.22 12.32 82.68 -166.28
5 24 7.44 77.64 -157.86 0 77.53 -158.22 5.34 82.02 -166.8 0 72.09 -146.51
5 24 7.44 77.64 -157.86 9.15 72.94 -147.64 0 72.09 -146.51 17.12 78.35 -156.62
5 24 9.15 72.94 -147.64 0 72.09 -146.51 0 77.53 -158.22 10.58 68.09 -136.66
5 24 9.15 72.94 -147.64 10.58 68.09 -136.66 0 68.06 -137.49 21.01 73.67 -145.72
5 24 10.58 68.09 -136.66 0 68.06 -137.49 9.15 72.94 -147.64 12.55 60.18 -118.5
5 24 10.58 68.09 -136.66 12.55 60.18 -118.5 0 60.84 -120.99 24.25 68.78 -134.09
5 24 12.55 60.18 -118.5 0 57.98 -114.49 0 60.84 -120.99 11.55 56.59 -110.74
5 24 12.55 60.18 -118.5 11.55 56.59 -110.74 0 57.98 -114.49 28.36 61.03 -115.66
5 24 11.55 56.59 -110.74 0 57.98 -114.49 12.55 60.18 -118.5 0 56 -110
5 24 11.55 56.59 -110.74 0 56 -110 0 57.98 -114.49 0 48 -103.48
5 24 0 48 -103.48 11.55 56.59 -110.74 11.77 48 -102.94 0 56 -110
5 24 11.55 56.59 -110.74 11.77 48 -102.94 0 48 -103.48 25.58 56.02 -106.86
5 24 13.21 48 -97.98 13.53 50.75 -97.94 0 50.75 -98.64 28.89 48 -94.39
5 24 12.3 50.75 -100.34 11.04 59.04 -107.11 0 50.75 -100.88 21.92 58.94 -105.34
5 24 11.04 59.04 -107.11 0 59.06 -107.66 0 50.75 -100.88 10.59 61.56 -112.68
5 24 0 61.18 -112.44 10.59 61.56 -112.68 0 64.5 -120 11.04 59.04 -107.11
5 24 10.59 61.56 -112.68 10 64.78 -120 0 64.5 -120 20.95 62.06 -111.93
5 24 47.89 62.87 -88.67 49.61 56.83 -79.09 53.71 59.43 -62.95 41.9 62.88 -99.83
5 24 49.61 56.83 -79.09 53.71 59.43 -62.95 47.89 62.87 -88.67 52.53 56.34 -68.7
5 24 53.71 59.43 -62.95 47.89 62.87 -88.67 49.61 56.83 -79.09 48.84 72.17 -94.35
5 24 49.61 56.83 -79.09 52.53 56.34 -68.7 53.71 59.43 -62.95 49.4 48 -73.68
5 24 52.53 56.34 -68.7 53.71 59.43 -62.95 49.61 56.83 -79.09 54.59 48 -53.97
5 24 54.71 47.76 -52.9 53.71 59.43 -62.95 54.59 48 -53.97 54.8 47.08 -52.03
5 24 53.71 59.43 -62.95 54.59 48 -53.97 54.71 47.76 -52.9 52.53 56.34 -68.7
5 24 52.53 56.34 -68.7 54.59 48 -53.97 53.71 59.43 -62.95 52.6 48 -64.32
5 24 54.8 47.08 -52.03 53.71 59.43 -62.95 54.71 47.76 -52.9 55.45 42.37 -43.89
5 24 54.8 47.08 -52.03 55.45 42.37 -43.89 53.71 59.43 -62.95 55.13 29.14 -37.93
5 24 55.45 42.37 -43.89 53.71 59.43 -62.95 54.8 47.08 -52.03 55.41 96 -44.04
5 24 55.45 42.37 -43.89 55.41 96 -44.04 53.56 96 -63.98 56 32.06 -33.26
5 24 53.56 96 -63.98 53.71 59.43 -62.95 55.45 42.37 -43.89 48.75 96 -95.16
5 24 45.85 67.38 -99.02 47.89 62.87 -88.67 48.84 72.17 -94.35 41.9 62.88 -99.83
5 24 47.89 62.87 -88.67 48.84 72.17 -94.35 45.85 67.38 -99.02 53.71 59.43 -62.95
5 24 48.84 72.17 -94.35 45.85 67.38 -99.02 47.89 62.87 -88.67 41.63 73.1 -115.8
5 24 48.75 96 -95.16 48.84 72.17 -94.35 53.71 59.43 -62.95 42.53 96 -120.4
5 24 48.84 72.17 -94.35 53.71 59.43 -62.95 53.56 96 -63.98 47.89 62.87 -88.67
5 24 48.84 72.17 -94.35 41.34 81.24 -124.18 41.63 73.1 -115.8 48.75 96 -95.16
5 24 41.34 81.24 -124.18 41.63 73.1 -115.8 48.84 72.17 -94.35 36.27 78.77 -132.18
5 24 41.63 73.1 -115.8 48.84 72.17 -94.35 41.34 81.24 -124.18 45.85 67.38 -99.02
5 24 41.34 81.24 -124.18 36.27 78.77 -132.18 41.63 73.1 -115.8 34.11 86.02 -142.55
5 24 36.27 78.77 -132.18 41.63 73.1 -115.8 41.34 81.24 -124.18 36.39 71.75 -121.99
5 24 42.53 96 -120.4 41.34 81.24 -124.18 48.84 72.17 -94.35 36.39 96 -137.45
5 24 41.34 81.24 -124.18 34.11 86.02 -142.55 36.27 78.77 -132.18 36.39 96 -137.45
5 24 34.11 86.02 -142.55 36.27 78.77 -132.18 41.34 81.24 -124.18 29.41 83.84 -147.88
5 24 34.11 86.02 -142.55 29.41 83.84 -147.88 36.27 78.77 -132.18 24.91 89.97 -158.62
5 24 29.41 83.84 -147.88 36.27 78.77 -132.18 34.11 86.02 -142.55 31.55 77.24 -136.47
5 24 36.39 96 -137.45 41.34 81.24 -124.18 42.53 96 -120.4 34.11 86.02 -142.55
5 24 36.39 96 -137.45 34.11 86.02 -142.55 41.34 81.24 -124.18 25.03 96 -158.45
5 24 34.11 86.02 -142.55 24.91 89.97 -158.62 29.41 83.84 -147.88 25.03 96 -158.45
5 24 24.91 89.97 -158.62 29.41 83.84 -147.88 34.11 86.02 -142.55 20.42 88.26 -162.07
5 24 24.91 89.97 -158.62 20.42 88.26 -162.07 29.41 83.84 -147.88 13.72 91.92 -170.52
5 24 20.42 88.26 -162.07 29.41 83.84 -147.88 24.91 89.97 -158.62 25.55 82.31 -150.25
5 24 25.03 96 -158.45 34.11 86.02 -142.55 36.39 96 -137.45 24.91 89.97 -158.62
5 24 25.03 96 -158.45 24.91 89.97 -158.62 34.11 86.02 -142.55 15.86 96 -168.83
5 24 24.91 89.97 -158.62 13.72 91.92 -170.52 20.42 88.26 -162.07 15.86 96 -168.83
5 24 13.72 91.92 -170.52 20.42 88.26 -162.07 24.91 89.97 -158.62 12.03 90.25 -170.13
5 24 13.72 91.92 -170.52 12.03 90.25 -170.13 20.42 88.26 -162.07 10.47 92.1 -172.84
5 24 12.03 90.25 -170.13 20.42 88.26 -162.07 13.72 91.92 -170.52 16.6 86.36 -162.73
5 24 24.91 89.97 -158.62 15.86 96 -168.83 13.72 91.92 -170.52 25.03 96 -158.45
5 24 15.86 96 -168.83 13.72 91.92 -170.52 24.91 89.97 -158.62 10.76 96 -172.69
5 24 10.47 92.1 -172.84 12.03 90.25 -170.13 13.72 91.92 -170.52 9.65 90.79 -171.97
5 24 10.47 92.1 -172.84 9.65 90.79 -171.97 12.03 90.25 -170.13 4.69 91.78 -175.53
5 24 9.65 90.79 -171.97 12.03 90.25 -170.13 10.47 92.1 -172.84 10 88.94 -169.71
5 24 10.76 96 -172.69 13.72 91.92 -170.52 15.86 96 -168.83 10.47 92.1 -172.84
5 24 10.76 96 -172.69 10.47 92.1 -172.84 13.72 91.92 -170.52 5.46 96 -175.2
5 24 52.53 56.34 -68.7 52.6 48 -64.32 54.59 48 -53.97 49.4 48 -73.68
5 24 4.69 91.78 -175.53 9.65 90.79 -171.97 10.47 92.1 -172.84 8.06 89.56 -171.25
5 24 49.61 56.83 -79.09 49.4 48 -73.68 52.53 56.34 -68.7 48.5 47.44 -75.35
5 24 49.4 48 -73.68 52.53 56.34 -68.7 49.61 56.83 -79.09 52.6 48 -64.32
5 24 12.03 90.25 -170.13 16.6 86.36 -162.73 20.42 88.26 -162.07 10 88.94 -169.71
5 24 16.6 86.36 -162.73 20.42 88.26 -162.07 12.03 90.25 -170.13 20 86.02 -160
5 24 12.03 90.25 -170.13 10 88.94 -169.71 16.6 86.36 -162.73 9.65 90.79 -171.97
5 24 10 88.94 -169.71 16.6 86.36 -162.73 12.03 90.25 -170.13 8.02 84.16 -162.37
5 24 20.42 88.26 -162.07 25.55 82.31 -150.25 29.41 83.84 -147.88 20 86.02 -160
5 24 25.55 82.31 -150.25 29.41 83.84 -147.88 20.42 88.26 -162.07 31.55 77.24 -136.47
5 24 20.42 88.26 -162.07 20 86.02 -160 25.55 82.31 -150.25 16.6 86.36 -162.73
5 24 20 86.02 -160 25.55 82.31 -150.25 20.42 88.26 -162.07 20 81.2 -152.52
5 24 16.6 86.36 -162.73 20 86.02 -160 20.42 88.26 -162.07 8.81 83.01 -160
5 24 29.41 83.84 -147.88 31.55 77.24 -136.47 36.27 78.77 -132.18 25.55 82.31 -150.25
5 24 31.55 77.24 -136.47 36.27 78.77 -132.18 29.41 83.84 -147.88 36.39 71.75 -121.99
5 24 25.55 82.31 -150.25 31.55 77.24 -136.47 29.41 83.84 -147.88 24.64 76.13 -140.27
5 24 36.27 78.77 -132.18 36.39 71.75 -121.99 41.63 73.1 -115.8 31.55 77.24 -136.47
5 24 36.39 71.75 -121.99 41.63 73.1 -115.8 36.27 78.77 -132.18 45.85 67.38 -99.02
5 24 31.55 77.24 -136.47 36.39 71.75 -121.99 36.27 78.77 -132.18 28.48 70.86 -127.44
5 24 36.39 71.75 -121.99 45.85 67.38 -99.02 41.63 73.1 -115.8 39.9 66.96 -109.04
5 24 45.85 67.38 -99.02 41.63 73.1 -115.8 36.39 71.75 -121.99 48.84 72.17 -94.35
5 24 36.39 71.75 -121.99 39.9 66.96 -109.04 45.85 67.38 -99.02 28.48 70.86 -127.44
5 24 39.9 66.96 -109.04 45.85 67.38 -99.02 36.39 71.75 -121.99 41.9 62.88 -99.83
5 24 45.85 67.38 -99.02 41.9 62.88 -99.83 47.89 62.87 -88.67 39.9 66.96 -109.04
5 24 41.9 62.88 -99.83 47.89 62.87 -88.67 45.85 67.38 -99.02 49.61 56.83 -79.09
5 24 39.9 66.96 -109.04 41.9 62.88 -99.83 45.85 67.38 -99.02 31.35 66.26 -116.02
5 24 41.9 62.88 -99.83 49.61 56.83 -79.09 47.89 62.87 -88.67 43.58 57.77 -91.09
5 24 41.9 62.88 -99.83 43.58 57.77 -91.09 49.61 56.83 -79.09 33.09 62.67 -107.88
5 24 43.58 57.77 -91.09 49.61 56.83 -79.09 41.9 62.88 -99.83 44.44 46.03 -81.11
5 24 49.61 56.83 -79.09 48.5 47.44 -75.35 49.4 48 -73.68 44.44 46.03 -81.11
5 24 43.58 57.77 -91.09 44.44 46.03 -81.11 49.61 56.83 -79.09 41.12 45.11 -84.37
5 24 44.44 46.03 -81.11 49.61 56.83 -79.09 43.58 57.77 -91.09 47.47 45.79 -76.07
5 24 44.44 46.03 -81.11 47.47 45.79 -76.07 49.61 56.83 -79.09 46.93 43.92 -75.61
5 24 4.69 91.78 -175.53 8.06 89.56 -171.25 9.65 90.79 -171.97 4.47 90.79 -174.07
5 24 8.06 89.56 -171.25 9.65 90.79 -171.97 4.69 91.78 -175.53 10 88.94 -169.71
5 24 4.69 91.78 -175.53 4.47 90.79 -174.07 8.06 89.56 -171.25 0 91.72 -176.25
5 24 4.47 90.79 -174.07 8.06 89.56 -171.25 4.69 91.78 -175.53 4.36 88.23 -170.29
5 24 9.65 90.79 -171.97 10 88.94 -169.71 12.03 90.25 -170.13 8.06 89.56 -171.25
5 24 8.06 89.56 -171.25 10 88.94 -169.71 9.65 90.79 -171.97 4.36 88.23 -170.29
5 24 20 81.2 -152.52 25.55 82.31 -150.25 20 86.02 -160 24.64 76.13 -140.27
5 24 25.55 82.31 -150.25 24.64 76.13 -140.27 31.55 77.24 -136.47 20 81.2 -152.52
5 24 24.64 76.13 -140.27 31.55 77.24 -136.47 25.55 82.31 -150.25 28.48 70.86 -127.44
5 24 20 81.2 -152.52 24.64 76.13 -140.27 25.55 82.31 -150.25 20 75.35 -141.03
5 24 31.55 77.24 -136.47 28.48 70.86 -127.44 36.39 71.75 -121.99 24.64 76.13 -140.27
5 24 28.48 70.86 -127.44 36.39 71.75 -121.99 31.55 77.24 -136.47 39.9 66.96 -109.04
5 24 24.64 76.13 -140.27 28.48 70.86 -127.44 31.55 77.24 -136.47 20 75.35 -141.03
5 24 28.48 70.86 -127.44 39.9 66.96 -109.04 36.39 71.75 -121.99 31.35 66.26 -116.02
5 24 28.48 70.86 -127.44 31.35 66.26 -116.02 39.9 66.96 -109.04 20 70.16 -129.97
5 24 31.35 66.26 -116.02 39.9 66.96 -109.04 28.48 70.86 -127.44 41.9 62.88 -99.83
5 24 31.35 66.26 -116.02 33.09 62.67 -107.88 41.9 62.88 -99.83 20 65.67 -120
5 24 33.09 62.67 -107.88 41.9 62.88 -99.83 39.9 66.96 -109.04 43.58 57.77 -91.09
5 24 33.09 62.67 -107.88 43.58 57.77 -91.09 41.9 62.88 -99.83 34.65 58.62 -100.07
5 24 33.09 62.67 -107.88 34.65 58.62 -100.07 43.58 57.77 -91.09 20.95 62.06 -111.93
5 24 34.65 58.62 -100.07 43.58 57.77 -91.09 33.09 62.67 -107.88 40.69 50.75 -89.12
5 24 34.65 58.62 -100.07 40.69 50.75 -89.12 43.58 57.77 -91.09 36.25 50.75 -92.83
5 24 40.69 50.75 -89.12 43.58 57.77 -91.09 34.65 58.62 -100.07 40.27 47.19 -86.8
5 24 34.65 58.62 -100.07 36.25 50.75 -92.83 40.69 50.75 -89.12 27.05 50.75 -97.28
5 24 43.58 57.77 -91.09 41.12 45.11 -84.37 44.44 46.03 -81.11 40.27 47.19 -86.8
5 24 41.12 45.11 -84.37 44.44 46.03 -81.11 43.58 57.77 -91.09 44.22 33.82 -71.91
5 24 43.58 57.77 -91.09 40.27 47.19 -86.8 41.12 45.11 -84.37 40.69 50.75 -89.12
5 24 20 75.35 -141.03 24.64 76.13 -140.27 20 81.2 -152.52 28.48 70.86 -127.44
5 24 20 75.35 -141.03 28.48 70.86 -127.44 24.64 76.13 -140.27 20 70.16 -129.97
5 24 20 70.16 -129.97 28.48 70.86 -127.44 20 75.35 -141.03 31.35 66.26 -116.02
5 24 20 65.67 -120 31.35 66.26 -116.02 28.48 70.86 -127.44 33.09 62.67 -107.88
5 24 20 65.67 -120 33.09 62.67 -107.88 31.35 66.26 -116.02 20.95 62.06 -111.93
5 24 20.95 62.06 -111.93 33.09 62.67 -107.88 20 65.67 -120 34.65 58.62 -100.07
5 24 20 65.67 -120 20.95 62.06 -111.93 33.09 62.67 -107.88 10 64.78 -120
5 24 20.95 62.06 -111.93 34.65 58.62 -100.07 33.09 62.67 -107.88 21.92 58.94 -105.34
5 24 20.95 62.06 -111.93 21.92 58.94 -105.34 34.65 58.62 -100.07 10.59 61.56 -112.68
5 24 21.92 58.94 -105.34 34.65 58.62 -100.07 20.95 62.06 -111.93 27.05 50.75 -97.28
5 24 21.92 58.94 -105.34 27.05 50.75 -97.28 34.65 58.62 -100.07 12.3 50.75 -100.34
5 24 27.05 50.75 -97.28 34.65 58.62 -100.07 21.92 58.94 -105.34 36.25 50.75 -92.83
5 24 10.59 61.56 -112.68 20.95 62.06 -111.93 20 65.67 -120 21.92 58.94 -105.34
5 24 10.59 61.56 -112.68 21.92 58.94 -105.34 20.95 62.06 -111.93 11.04 59.04 -107.11
5 24 10.59 61.56 -112.68 11.04 59.04 -107.11 21.92 58.94 -105.34 0 61.18 -112.44
5 24 11.04 59.04 -107.11 21.92 58.94 -105.34 10.59 61.56 -112.68 12.3 50.75 -100.34
5 24 21.92 58.94 -105.34 12.3 50.75 -100.34 27.05 50.75 -97.28 11.04 59.04 -107.11
5 24 16.6 86.36 -162.73 8.81 83.01 -160 20 86.02 -160 8.02 84.16 -162.37
5 24 16.6 86.36 -162.73 8.02 84.16 -162.37 8.81 83.01 -160 10 88.94 -169.71
5 24 10 88.94 -169.71 8.02 84.16 -162.37 16.6 86.36 -162.73 5.12 87.54 -169.01
5 24 10 88.94 -169.71 5.12 87.54 -169.01 8.02 84.16 -162.37 8.06 89.56 -171.25
5 24 8.06 89.56 -171.25 4.36 88.23 -170.29 10 88.94 -169.71 4.47 90.79 -174.07
5 24 4.47 90.79 -174.07 4.36 88.23 -170.29 8.06 89.56 -171.25 0 88.6 -171.23
5 24 44.44 46.03 -81.11 46.93 43.92 -75.61 47.47 45.79 -76.07 44.22 33.82 -71.91
5 24 44.22 33.82 -71.91 44.44 46.03 -81.11 41.12 45.11 -84.37 46.93 43.92 -75.61
5 24 44.22 33.82 -71.91 47.4 24.92 -60.05 46.93 43.92 -75.61 46.03 26.5 -63.55
5 24 40.27 47.19 -86.8 42.52 47.17 -90.59 43.35 45.11 -88.17 38.57 48 -88.97
5 24 43.35 45.11 -88.17 41.12 45.11 -84.37 40.27 47.19 -86.8 43.95 31.54 -76.93
5 24 43.95 31.54 -76.93 41.12 45.11 -84.37 43.35 45.11 -88.17 43.19 32.13 -76.33
5 24 43.95 31.54 -76.93 43.19 32.13 -76.33 41.12 45.11 -84.37 44.01 26.5 -72.85
5 24 43.19 32.13 -76.33 41.12 45.11 -84.37 43.95 31.54 -76.93 44.22 33.82 -71.91
5 24 44.22 33.82 -71.91 43.19 32.13 -76.33 46.03 26.5 -63.55 41.12 45.11 -84.37
5 24 43.19 32.13 -76.33 46.03 26.5 -63.55 44.22 33.82 -71.91 44.01 26.5 -72.85
5 24 43.19 32.13 -76.33 44.01 26.5 -72.85 46.03 26.5 -63.55 43.95 31.54 -76.93
5 24 44.01 26.5 -72.85 46.03 26.5 -63.55 43.19 32.13 -76.33 45.77 25.27 -62.96
5 24 46.03 26.5 -63.55 47.4 24.92 -60.05 44.22 33.82 -71.91 45.77 25.27 -62.96
5 24 47.4 24.92 -60.05 51.84 24.8 -60.19 46.93 43.92 -75.61 47.6 24.23 -59.17
5 24 51.32 43.8 -75.75 46.93 43.92 -75.61 47.4 24.92 -60.05 47.47 45.79 -76.07
5 24 47.18 21.9 -58 47.6 24.23 -59.17 47.4 24.92 -60.05 48.08 24 -58.11
5 24 47.4 24.92 -60.05 45.77 25.27 -62.96 47.18 21.9 -58 46.03 26.5 -63.55
5 24 45.77 25.27 -62.96 47.18 21.9 -58 47.6 24.23 -59.17 43.1 22.05 -63.95
5 24 43.68 25.09 -72.11 45.77 25.27 -62.96 44.01 26.5 -72.85 43.03 24 -65.6
5 24 45.77 25.27 -62.96 44.01 26.5 -72.85 43.68 25.09 -72.11 46.03 26.5 -63.55
5 24 45.77 25.27 -62.96 43.1 22.05 -63.95 47.18 21.9 -58 43.03 24 -65.6
5 24 43.03 24 -65.6 43.1 22.05 -63.95 45.77 25.27 -62.96 26.62 22.3 -75.06
5 24 43.68 25.09 -72.11 43.03 24 -65.6 45.77 25.27 -62.96 42.39 24.15 -72.65
5 24 42.39 24.15 -72.65 43.03 24 -65.6 43.68 25.09 -72.11 26.73 24 -76.33
5 24 42.39 24.15 -72.65 26.73 24 -76.33 43.03 24 -65.6 30.09 24 -80.21
5 24 30.09 24 -80.21 26.73 24 -76.33 42.39 24.15 -72.65 15.89 24 -83.29
5 24 43.03 24 -65.6 26.62 22.3 -75.06 43.1 22.05 -63.95 26.73 24 -76.33
5 24 26.73 24 -76.33 26.62 22.3 -75.06 43.03 24 -65.6 13.79 22.26 -77.25
5 24 13.58 24 -78.66 13.79 22.26 -77.25 26.73 24 -76.33 0 22.23 -77.63
5 24 13.79 22.26 -77.25 26.73 24 -76.33 13.58 24 -78.66 26.62 22.3 -75.06
5 24 12.86 15.94 -62.07 13.79 22.26 -77.25 0 22.23 -77.63 22.85 16.12 -60.57
5 24 0 15.8 -62.44 12.86 15.94 -62.07 13.79 22.26 -77.25 11.1 10.58 -46.48
5 24 12.86 15.94 -62.07 22.85 16.12 -60.57 13.79 22.26 -77.25 19.8 10.79 -45.46
5 24 22.85 16.12 -60.57 26.62 22.3 -75.06 13.79 22.26 -77.25 35.98 16.41 -54.24
5 24 22.85 16.12 -60.57 35.98 16.41 -54.24 26.62 22.3 -75.06 31.52 11.15 -41.05
5 24 35.98 16.41 -54.24 26.62 22.3 -75.06 22.85 16.12 -60.57 43.1 22.05 -63.95
5 24 35.98 16.41 -54.24 43.1 22.05 -63.95 26.62 22.3 -75.06 42.53 16.55 -47.02
5 24 43.1 22.05 -63.95 42.53 16.55 -47.02 47.18 21.9 -58 35.98 16.41 -54.24
5 24 42.53 16.55 -47.02 47.18 21.9 -58 43.1 22.05 -63.95 47.25 16.63 -38.28
5 24 35.98 16.41 -54.24 42.53 16.55 -47.02 43.1 22.05 -63.95 37.66 11.36 -35.5
5 24 51.83 21.59 -47.45 48.08 24 -58.11 47.18 21.9 -58 52.06 24 -48.79
5 24 48.08 24 -58.11 47.18 21.9 -58 51.83 21.59 -47.45 47.6 24.23 -59.17
5 24 51.83 21.59 -47.45 52.06 24 -48.79 48.08 24 -58.11 55.06 21.24 -35.29
5 24 42.53 16.55 -47.02 47.25 16.63 -38.28 47.18 21.9 -58 40 9.82 -26.25
5 24 47.25 16.63 -38.28 51.83 21.59 -47.45 47.18 21.9 -58 49.72 16.64 -31.17
5 24 52.06 24 -48.79 55.06 21.24 -35.29 54.5 24 -38.9 51.83 21.59 -47.45
5 24 55.06 21.24 -35.29 54.5 24 -38.9 52.06 24 -48.79 54.86 24.88 -37.25
5 24 49.72 16.64 -31.17 51.83 21.59 -47.45 47.25 16.63 -38.28 55.06 21.24 -35.29
5 24 47.25 16.63 -38.28 45.49 12.85 -26.25 49.72 16.64 -31.17 40 9.82 -26.25
5 24 45.49 12.85 -26.25 49.72 16.64 -31.17 51.83 21.59 -47.45 50.82 16.62 -26.25
5 24 49.72 16.64 -31.17 55.06 21.24 -35.29 51.83 21.59 -47.45 50.82 16.62 -26.25
5 24 54.86 24.88 -37.25 56.09 20.98 -26.25 55.07 27.1 -36.9 55.06 21.24 -35.29
5 24 56.09 20.98 -26.25 55.07 27.1 -36.9 54.86 24.88 -37.25 55.13 29.14 -37.93
5 24 54.86 24.88 -37.25 55.06 21.24 -35.29 56.09 20.98 -26.25 54.5 24 -38.9
5 24 49.72 16.64 -31.17 50.82 16.62 -26.25 55.06 21.24 -35.29 45.49 12.85 -26.25
5 24 50.82 16.62 -26.25 55.06 21.24 -35.29 49.72 16.64 -31.17 56.09 20.98 -26.25
5 24 56.17 23.11 -26.25 55.13 29.14 -37.93 56.09 20.98 -26.25 56 32.06 -33.26
5 24 55.13 29.14 -37.93 56.09 20.98 -26.25 56.17 23.11 -26.25 55.07 27.1 -36.9
5 24 56.17 23.11 -26.25 56 32.06 -33.26 55.13 29.14 -37.93 56.2 25.26 -26.25
5 24 56 32.06 -33.26 55.45 42.37 -43.89 55.13 29.14 -37.93 56.1 96 -28.68
5 24 55.45 42.37 -43.89 55.13 29.14 -37.93 56.17 23.11 -26.25 54.8 47.08 -52.03
5 24 56.2 25.26 -26.25 56 32.06 -33.26 56.17 23.11 -26.25 56.2 33.11 -26.25
5 24 56.2 33.11 -26.25 56.1 96 -28.68 56 32.06 -33.26 56.24 33.15 -23.25
5 24 56.1 96 -28.68 56 32.06 -33.26 56.2 25.26 -26.25 55.41 96 -44.04
5 24 58.86 29.43 -37.95 55.13 29.14 -37.93 58.51 47.39 -52.12 55.07 27.1 -36.9
5 24 54.8 47.08 -52.03 58.51 47.39 -52.12 58.86 29.43 -37.95 58.48 48 -53.1
5 24 58.66 24.75 -37.17 54.86 24.88 -37.25 58.85 27.2 -36.77 58.19 23.84 -38.9
5 24 55.07 27.1 -36.9 58.85 27.2 -36.77 58.66 24.75 -37.17 58.86 29.43 -37.95
5 24 57.58 23.84 -43.71 52.06 24 -48.79 54.5 24 -38.9 52.49 23.81 -58.11
5 24 54.5 24 -38.9 58.19 23.84 -38.9 57.58 23.84 -43.71 58.66 24.75 -37.17
5 24 52.49 23.81 -58.11 48.08 24 -58.11 52.06 24 -48.79 47.6 24.23 -59.17
5 24 49.4 48 -73.68 53.64 48.18 -73.65 52.6 48 -64.32 52.81 47.64 -75.38
5 24 56.53 48.17 -64.26 52.6 48 -64.32 49.4 48 -73.68 54.59 48 -53.97
5 24 48.5 47.44 -75.35 52.81 47.64 -75.38 49.4 48 -73.68 51.78 45.75 -76.24
5 24 52.81 47.64 -75.38 49.4 48 -73.68 48.5 47.44 -75.35 53.64 48.18 -73.65
5 24 58.24 48.16 -54.06 54.59 48 -53.97 52.6 48 -64.32 54.71 47.76 -52.9
5 24 58.48 48 -53.1 54.71 47.76 -52.9 58.24 48.16 -54.06 54.8 47.08 -52.03
5 24 54.71 47.76 -52.9 58.24 48.16 -54.06 58.48 48 -53.1 54.59 48 -53.97
5 24 54.8 47.08 -52.03 58.48 48 -53.1 58.51 47.39 -52.12 54.71 47.76 -52.9
5 24 38.67 50.75 -89.16 38.57 48 -88.97 40.27 47.19 -86.8 29.42 50.75 -94.28
5 24 38.57 48 -88.97 40.81 48 -92.79 42.52 47.17 -90.59 28.89 48 -94.39
5 24 38.57 48 -88.97 29.42 50.75 -94.28 28.89 48 -94.39 38.67 50.75 -89.16
5 24 29.42 50.75 -94.28 28.89 48 -94.39 38.57 48 -88.97 13.53 50.75 -97.94
5 24 47.47 45.79 -76.07 51.78 45.75 -76.24 48.5 47.44 -75.35 46.93 43.92 -75.61
5 24 51.78 45.75 -76.24 48.5 47.44 -75.35 47.47 45.79 -76.07 52.81 47.64 -75.38
5 24 47.6 24.23 -59.17 52.04 24.06 -59.23 47.4 24.92 -60.05 48.08 24 -58.11
5 24 51.84 24.8 -60.19 48.18 31.53 -71.57 51.32 43.8 -75.75 47.96 19.28 -62.23
5 24 48.18 31.53 -71.57 47.75 43.79 -81.67 51.32 43.8 -75.75 43.95 31.54 -76.93
5 24 47.75 43.79 -81.67 51.32 43.8 -75.75 51.84 24.8 -60.19 51.78 45.75 -76.24
5 24 52.04 24.06 -59.23 51.94 19.27 -55.56 47.96 19.28 -62.23 52.49 23.81 -58.11
5 24 47.96 19.28 -62.23 52.04 24.06 -59.23 51.94 19.27 -55.56 51.84 24.8 -60.19
5 24 52.49 23.81 -58.11 51.94 19.27 -55.56 52.04 24.06 -59.23 57.76 19.23 -39.3
5 24 47.75 43.79 -81.67 51.78 45.75 -76.24 51.32 43.8 -75.75 53.12 56.03 -79.78
5 24 53.12 56.03 -79.78 51.78 45.75 -76.24 47.75 43.79 -81.67 52.81 47.64 -75.38
5 24 47.75 43.79 -81.67 53.12 56.03 -79.78 51.78 45.75 -76.24 46.85 56.03 -92.29
5 24 34.42 56.03 -103.43 41.29 56.04 -98.64 40.81 48 -92.79 39.51 64.93 -114.67
5 24 41.29 56.04 -98.64 40.81 48 -92.79 34.42 56.03 -103.43 42.52 47.17 -90.59
5 24 35.53 48 -96.52 34.42 56.03 -103.43 41.29 56.04 -98.64 26.23 48 -100.29
5 24 41.29 56.04 -98.64 42.52 47.17 -90.59 40.81 48 -92.79 43.35 45.11 -88.17
5 24 26.23 48 -100.29 34.42 56.03 -103.43 35.53 48 -96.52 25.58 56.02 -106.86
5 24 26.23 48 -100.29 25.58 56.02 -106.86 34.42 56.03 -103.43 11.77 48 -102.94
5 24 25.58 56.02 -106.86 34.42 56.03 -103.43 26.23 48 -100.29 39.51 64.93 -114.67
5 24 11.55 56.59 -110.74 25.58 56.02 -106.86 11.77 48 -102.94 28.36 61.03 -115.66
5 24 25.58 56.02 -106.86 11.77 48 -102.94 11.55 56.59 -110.74 26.23 48 -100.29
5 24 11.55 56.59 -110.74 28.36 61.03 -115.66 25.58 56.02 -106.86 12.55 60.18 -118.5
5 24 28.36 61.03 -115.66 25.58 56.02 -106.86 11.55 56.59 -110.74 39.51 64.93 -114.67
5 24 12.55 60.18 -118.5 24.25 68.78 -134.09 28.36 61.03 -115.66 10.58 68.09 -136.66
5 24 24.25 68.78 -134.09 28.36 61.03 -115.66 11.55 56.59 -110.74 35.67 69.99 -128.03
5 24 25.58 56.02 -106.86 39.51 64.93 -114.67 34.42 56.03 -103.43 28.36 61.03 -115.66
5 24 39.51 64.93 -114.67 34.42 56.03 -103.43 25.58 56.02 -106.86 41.29 56.04 -98.64
5 24 28.36 61.03 -115.66 39.51 64.93 -114.67 25.58 56.02 -106.86 35.67 69.99 -128.03
5 24 39.51 64.93 -114.67 41.29 56.04 -98.64 34.42 56.03 -103.43 48.15 66.48 -102.84
5 24 43.35 45.11 -88.17 46.85 56.03 -92.29 47.75 43.79 -81.67 41.29 56.04 -98.64
5 24 46.85 56.03 -92.29 47.75 43.79 -81.67 43.35 45.11 -88.17 53.12 56.03 -79.78
5 24 47.75 43.79 -81.67 43.95 31.54 -76.93 43.35 45.11 -88.17 48.18 31.53 -71.57
5 24 43.35 45.11 -88.17 41.29 56.04 -98.64 46.85 56.03 -92.29 42.52 47.17 -90.59
5 24 41.29 56.04 -98.64 46.85 56.03 -92.29 43.35 45.11 -88.17 48.15 66.48 -102.84
5 24 46.85 56.03 -92.29 53.12 56.03 -79.78 47.75 43.79 -81.67 52.51 67.96 -92.38
5 24 53.12 56.03 -79.78 52.81 47.64 -75.38 51.78 45.75 -76.24 53.64 48.18 -73.65
5 24 53.12 56.03 -79.78 53.64 48.18 -73.65 52.81 47.64 -75.38 56.65 56.01 -67.4
5 24 41.29 56.04 -98.64 48.15 66.48 -102.84 46.85 56.03 -92.29 39.51 64.93 -114.67
5 24 48.15 66.48 -102.84 46.85 56.03 -92.29 41.29 56.04 -98.64 52.51 67.96 -92.38
5 24 39.51 64.93 -114.67 48.15 66.48 -102.84 41.29 56.04 -98.64 43.98 71.75 -118.51
5 24 53.12 56.03 -79.78 56.65 56.01 -67.4 53.64 48.18 -73.65 54.86 63.22 -79.23
5 24 56.65 56.01 -67.4 53.64 48.18 -73.65 53.12 56.03 -79.78 56.53 48.17 -64.26
5 24 56.65 56.01 -67.4 56.53 48.17 -64.26 53.64 48.18 -73.65 58.02 56 -58.33
5 24 46.85 56.03 -92.29 52.51 67.96 -92.38 53.12 56.03 -79.78 48.15 66.48 -102.84
5 24 52.51 67.96 -92.38 53.12 56.03 -79.78 46.85 56.03 -92.29 54.86 63.22 -79.23
5 24 48.15 66.48 -102.84 52.51 67.96 -92.38 46.85 56.03 -92.29 48.48 73.44 -110.08
5 24 52.51 67.96 -92.38 54.86 63.22 -79.23 53.12 56.03 -79.78 52.92 71.67 -93.69
5 24 54.86 63.22 -79.23 53.12 56.03 -79.78 52.51 67.96 -92.38 56.65 56.01 -67.4
5 24 54.86 63.22 -79.23 56.65 56.01 -67.4 53.12 56.03 -79.78 56 65.6 -74.81
5 24 56.53 48.17 -64.26 58.02 56 -58.33 58.24 48.16 -54.06 56.65 56.01 -67.4
5 24 58.02 56 -58.33 58.24 48.16 -54.06 56.53 48.17 -64.26 58.48 48 -53.1
5 24 56.65 56.01 -67.4 58.02 56 -58.33 56.53 48.17 -64.26 57.52 60.03 -63.09
5 24 54.86 63.22 -79.23 56 65.6 -74.81 56.65 56.01 -67.4 52.92 71.67 -93.69
5 24 56 65.6 -74.81 56.65 56.01 -67.4 54.86 63.22 -79.23 57.52 60.03 -63.09
5 24 56 65.6 -74.81 57.52 60.03 -63.09 56.65 56.01 -67.4 57.27 96 -64.54
5 24 57.52 60.03 -63.09 56.65 56.01 -67.4 56 65.6 -74.81 58.02 56 -58.33
5 24 57.52 60.03 -63.09 58.02 56 -58.33 56.65 56.01 -67.4 57.27 96 -64.54
5 24 59.11 43.62 -45.44 58.51 47.39 -52.12 58.02 56 -58.33 59.51 37.25 -38.8
5 24 58.51 47.39 -52.12 58.02 56 -58.33 59.11 43.62 -45.44 58.48 48 -53.1
5 24 58.02 56 -58.33 59.11 43.62 -45.44 58.51 47.39 -52.12 59.15 96 -44.24
5 24 58.48 48 -53.1 58.02 56 -58.33 58.51 47.39 -52.12 58.24 48.16 -54.06
5 24 59.15 96 -44.24 59.11 43.62 -45.44 58.02 56 -58.33 59.51 37.25 -38.8
5 24 58.02 56 -58.33 57.27 96 -64.54 59.15 96 -44.24 57.52 60.03 -63.09
5 24 57.52 60.03 -63.09 57.27 96 -64.54 58.02 56 -58.33 56 65.6 -74.81
5 24 59.11 43.62 -45.44 59.51 37.25 -38.8 58.51 47.39 -52.12 59.15 96 -44.24
5 24 59.51 37.25 -38.8 58.51 47.39 -52.12 59.11 43.62 -45.44 58.86 29.43 -37.95
5 24 59.83 96 -29.3 59.51 37.25 -38.8 59.11 43.62 -45.44 59.78 31.34 -32.65
5 24 59.78 31.34 -32.65 58.86 29.43 -37.95 59.51 37.25 -38.8 60 19.2 -20
5 24 58.86 29.43 -37.95 59.51 37.25 -38.8 59.78 31.34 -32.65 58.51 47.39 -52.12
5 24 59.51 37.25 -38.8 59.78 31.34 -32.65 58.86 29.43 -37.95 59.83 96 -29.3
5 24 48.18 31.53 -71.57 43.95 31.54 -76.93 47.75 43.79 -81.67 47.96 19.28 -62.23
5 24 59.83 96 -29.3 59.78 31.34 -32.65 59.51 37.25 -38.8 60 93.5 -20
5 24 60 19.2 -20 58.86 29.43 -37.95 59.78 31.34 -32.65 58.85 27.2 -36.77
5 24 59.78 31.34 -32.65 60 19.2 -20 58.86 29.43 -37.95 60 24 -20
5 24 60 19.2 -20 58.85 27.2 -36.77 58.86 29.43 -37.95 58.66 24.75 -37.17
5 24 52.54 12.04 -12.54 60 19.2 -20 60 19.2 20 50.75 11.81 -25.87
5 24 60 19.2 -20 60 24 -20 60 24 20 59.78 31.34 -32.65
5 24 59.83 96 -29.3 60 93.5 -20 60 24 -20 59.99 96 -22.5
5 24 58.19 23.84 -38.9 57.76 19.23 -39.3 57.58 23.84 -43.71 60 19.2 -20
5 24 57.76 19.23 -39.3 57.58 23.84 -43.71 58.19 23.84 -38.9 52.49 23.81 -58.11
5 24 60 19.2 -20 58.66 24.75 -37.17 58.85 27.2 -36.77 58.19 23.84 -38.9
5 24 58.19 23.84 -38.9 60 19.2 -20 57.76 19.23 -39.3 58.66 24.75 -37.17
5 24 50.75 11.81 -25.87 57.76 19.23 -39.3 60 19.2 -20 45.84 11.5 -38.32
5 24 52.54 12.04 -12.54 50.75 11.81 -25.87 57.76 19.23 -39.3 43.28 4.72 -15.49
5 24 45.84 11.5 -38.32 51.94 19.27 -55.56 57.76 19.23 -39.3 47.96 19.28 -62.23
5 24 50.75 11.81 -25.87 45.84 11.5 -38.32 51.94 19.27 -55.56 38.25 4.44 -24.65
5 24 47.96 19.28 -62.23 37.77 11.14 -48.7 43.25 19.29 -67.94 45.84 11.5 -38.32
5 24 37.77 11.14 -48.7 43.25 19.29 -67.94 47.96 19.28 -62.23 26.53 10.78 -55.23
5 24 47.96 19.28 -62.23 45.84 11.5 -38.32 37.77 11.14 -48.7 51.94 19.27 -55.56
5 24 45.84 11.5 -38.32 37.77 11.14 -48.7 47.96 19.28 -62.23 30.54 4.13 -31.33
5 24 43.25 19.29 -67.94 43.68 25.09 -72.11 47.96 19.28 -62.23 42.39 24.15 -72.65
5 24 44.01 26.5 -72.85 47.96 19.28 -62.23 43.25 19.29 -67.94 48.18 31.53 -71.57
5 24 48.18 31.53 -71.57 47.96 19.28 -62.23 44.01 26.5 -72.85 51.84 24.8 -60.19
5 24 26.53 10.78 -55.23 31.46 19.28 -75.94 43.25 19.29 -67.94 13.43 10.48 -57.67
5 24 37.77 11.14 -48.7 26.53 10.78 -55.23 31.46 19.28 -75.94 20.95 3.82 -34.51
5 24 43.25 19.29 -67.94 42.39 24.15 -72.65 43.68 25.09 -72.11 31.46 19.28 -75.94
5 24 42.39 24.15 -72.65 31.46 19.28 -75.94 30.09 24 -80.21 43.25 19.29 -67.94
5 24 31.46 19.28 -75.94 30.09 24 -80.21 42.39 24.15 -72.65 16.84 19.23 -79.34
5 24 13.43 10.48 -57.67 16.84 19.23 -79.34 31.46 19.28 -75.94 0 10.39 -58.17
5 24 26.53 10.78 -55.23 13.43 10.48 -57.67 16.84 19.23 -79.34 10.55 3.58 -35.54
5 24 16.84 19.23 -79.34 30.09 24 -80.21 31.46 19.28 -75.94 15.89 24 -83.29
5 24 16.84 19.23 -79.34 15.89 24 -83.29 30.09 24 -80.21 0 19.2 -80
5 24 13.43 10.48 -57.67 0 10.39 -58.17 16.84 19.23 -79.34 10.55 3.58 -35.54
5 24 0 3.49 -35.72 10.55 3.58 -35.54 0 0 -20 13.43 10.48 -57.67
5 24 10.55 3.58 -35.54 26.06 0.08 -19.31 0 0 -20 20.95 3.82 -34.51
5 24 11.1 10.58 -46.48 0 10.48 -46.76 8.02 2.75 -14.68 12.86 15.94 -62.07
5 24 0 10.48 -46.76 8.02 2.75 -14.68 11.1 10.58 -46.48 0 2.75 -14.43
5 24 8.02 2.75 -14.68 11.1 10.58 -46.48 0 10.48 -46.76 13.07 2.75 -15.05
5 24 11.1 10.58 -46.48 12.86 15.94 -62.07 0 15.8 -62.44 19.8 10.79 -45.46
5 24 43.75 18.75 -23.25 43.75 24 16.25 44.01 9.04 16 43.75 24 -23.25
5 24 13.43 10.48 -57.67 10.55 3.58 -35.54 0 3.49 -35.72 26.53 10.78 -55.23
5 24 43.28 4.72 -15.49 45.07 4.87 -5.07 37.32 0 -9.98 52.54 12.04 -12.54
5 24 45.07 4.87 -5.07 37.32 0 -9.98 43.28 4.72 -15.49 40 0 0
5 24 37.32 0 -9.98 43.28 4.72 -15.49 45.07 4.87 -5.07 34.15 0 -14.07
5 24 45.07 4.87 -5.07 40 0 0 37.32 0 -9.98 40 0 20
5 24 30.54 4.13 -31.33 38.25 4.44 -24.65 26.06 0.08 -19.31 45.84 11.5 -38.32
5 24 38.25 4.44 -24.65 26.06 0.08 -19.31 30.54 4.13 -31.33 34.15 0 -14.07
5 24 26.06 0.08 -19.31 30.54 4.13 -31.33 38.25 4.44 -24.65 20.95 3.82 -34.51
5 24 38.25 4.44 -24.65 34.15 0 -14.07 26.06 0.08 -19.31 43.28 4.72 -15.49
5 24 10.55 3.58 -35.54 20.95 3.82 -34.51 26.06 0.08 -19.31 26.53 10.78 -55.23
5 24 20.95 3.82 -34.51 26.06 0.08 -19.31 10.55 3.58 -35.54 30.54 4.13 -31.33
5 24 20.95 3.82 -34.51 30.54 4.13 -31.33 26.06 0.08 -19.31 37.77 11.14 -48.7
5 24 10.55 3.58 -35.54 26.53 10.78 -55.23 20.95 3.82 -34.51 13.43 10.48 -57.67
5 24 26.53 10.78 -55.23 20.95 3.82 -34.51 10.55 3.58 -35.54 37.77 11.14 -48.7
5 24 37.77 11.14 -48.7 20.95 3.82 -34.51 26.53 10.78 -55.23 30.54 4.13 -31.33
5 24 37.77 11.14 -48.7 30.54 4.13 -31.33 20.95 3.82 -34.51 45.84 11.5 -38.32
5 24 45.84 11.5 -38.32 30.54 4.13 -31.33 37.77 11.14 -48.7 38.25 4.44 -24.65
5 24 45.84 11.5 -38.32 38.25 4.44 -24.65 30.54 4.13 -31.33 50.75 11.81 -25.87
5 24 43.28 4.72 -15.49 38.25 4.44 -24.65 50.75 11.81 -25.87 34.15 0 -14.07
5 24 38.25 4.44 -24.65 50.75 11.81 -25.87 43.28 4.72 -15.49 45.84 11.5 -38.32
5 24 50.75 11.81 -25.87 43.28 4.72 -15.49 38.25 4.44 -24.65 52.54 12.04 -12.54
5 24 43.28 4.72 -15.49 52.54 12.04 -12.54 45.07 4.87 -5.07 50.75 11.81 -25.87
5 24 52.54 12.04 -12.54 45.07 4.87 -5.07 43.28 4.72 -15.49 40 0 20
5 24 60 93.5 -20 56.25 93.5 -20 60 24 -20 60 95.21 -20.79
5 24 56.25 24 -20 56.24 18.75 -23.25 56.25 24 16.25 56.24 33.15 -23.25
5 24 54.12 18.75 16.25 43.75 24 16.25 56.25 24 16.25 44.01 9.04 16
5 24 60 95.21 -20.79 56.25 95.21 -20.79 60 93.5 -20 59.99 96 -22.5
5 24 56.24 33.15 -23.25 56.24 96 -22.5 56.1 96 -28.68 56.24 18.75 -23.25
5 24 56.24 96 -22.5 59.99 96 -22.5 59.83 96 -29.3 60 95.21 -20.79
5 24 56 65.6 -74.81 57.27 96 -64.54 57.52 60.03 -63.09 52.92 71.67 -93.69
5 24 56 65.6 -74.81 52.92 71.67 -93.69 57.27 96 -64.54 54.86 63.22 -79.23
5 24 52.92 71.67 -93.69 52.32 96 -96.45 57.27 96 -64.54 47.94 77.91 -115.17
5 24 52.92 71.67 -93.69 47.94 77.91 -115.17 52.32 96 -96.45 48.48 73.44 -110.08
5 24 47.94 77.91 -115.17 52.32 96 -96.45 52.92 71.67 -93.69 45.78 96 -122.6
5 24 47.94 77.91 -115.17 45.78 96 -122.6 52.32 96 -96.45 45.15 80.49 -124.58
5 24 47.94 77.91 -115.17 45.15 80.49 -124.58 45.78 96 -122.6 48.48 73.44 -110.08
5 24 45.15 80.49 -124.58 45.78 96 -122.6 47.94 77.91 -115.17 39.31 84.51 -140.16
5 24 45.15 80.49 -124.58 39.31 84.51 -140.16 45.78 96 -122.6 43.28 78.64 -127.55
5 24 39.31 84.51 -140.16 39.2 96 -140.41 45.78 96 -122.6 28.24 89.11 -160.4
5 24 39.31 84.51 -140.16 28.24 89.11 -160.4 39.2 96 -140.41 36.44 83.35 -144.49
5 24 28.24 89.11 -160.4 39.2 96 -140.41 39.31 84.51 -140.16 26.95 96 -162.2
5 24 28.24 89.11 -160.4 26.95 96 -162.2 39.2 96 -140.41 15.73 90.96 -173.75
5 24 15.73 90.96 -173.75 17.03 96 -172.73 26.95 96 -162.2 11.88 91.11 -176.33
5 24 28.24 89.11 -160.4 15.73 90.96 -173.75 17.03 96 -172.73 27.3 87.4 -160.38
5 24 15.73 90.96 -173.75 11.88 91.11 -176.33 17.03 96 -172.73 13.54 89.14 -173.75
5 24 11.88 91.11 -176.33 17.03 96 -172.73 15.73 90.96 -173.75 11.51 96 -176.61
5 24 11.88 91.11 -176.33 11.51 96 -176.61 17.03 96 -172.73 6.59 91.19 -178.81
5 24 11.51 96 -176.61 6.59 91.19 -178.81 5.84 96 -179.03 11.88 91.11 -176.33
5 24 11.88 91.11 -176.33 6.59 91.19 -178.81 11.51 96 -176.61 5.46 90.09 -178.33
5 24 54.86 63.22 -79.23 52.92 71.67 -93.69 56 65.6 -74.81 52.51 67.96 -92.38
5 24 52.51 67.96 -92.38 52.92 71.67 -93.69 54.86 63.22 -79.23 48.48 73.44 -110.08
5 24 48.48 73.44 -110.08 47.94 77.91 -115.17 52.92 71.67 -93.69 45.15 80.49 -124.58
5 24 52.51 67.96 -92.38 48.48 73.44 -110.08 47.94 77.91 -115.17 48.15 66.48 -102.84
5 24 43.28 78.64 -127.55 45.15 80.49 -124.58 48.48 73.44 -110.08 39.31 84.51 -140.16
5 24 45.15 80.49 -124.58 48.48 73.44 -110.08 43.28 78.64 -127.55 47.94 77.91 -115.17
5 24 48.48 73.44 -110.08 43.28 78.64 -127.55 45.15 80.49 -124.58 43.98 71.75 -118.51
5 24 36.44 83.35 -144.49 39.31 84.51 -140.16 43.28 78.64 -127.55 28.24 89.11 -160.4
5 24 39.31 84.51 -140.16 43.28 78.64 -127.55 36.44 83.35 -144.49 45.15 80.49 -124.58
5 24 43.28 78.64 -127.55 36.44 83.35 -144.49 39.31 84.51 -140.16 38.84 76.82 -133.94
5 24 36.44 83.35 -144.49 28.24 89.11 -160.4 39.31 84.51 -140.16 27.3 87.4 -160.38
5 24 27.3 87.4 -160.38 28.24 89.11 -160.4 36.44 83.35 -144.49 15.73 90.96 -173.75
5 24 36.44 83.35 -144.49 32.34 81.51 -148.77 27.3 87.4 -160.38 38.84 76.82 -133.94
5 24 32.34 81.51 -148.77 27.3 87.4 -160.38 28.24 89.11 -160.4 23.91 85.64 -162.49
5 24 27.3 87.4 -160.38 15.73 90.96 -173.75 28.24 89.11 -160.4 23.91 85.64 -162.49
5 24 13.54 89.14 -173.75 11.88 91.11 -176.33 15.73 90.96 -173.75 9.53 89.14 -175.93
5 24 15.73 90.96 -173.75 13.54 89.14 -173.75 11.88 91.11 -176.33 23.91 85.64 -162.49
5 24 13.54 89.14 -173.75 9.53 89.14 -175.93 11.88 91.11 -176.33 10.69 87.57 -173.75
5 24 9.53 89.14 -175.93 11.88 91.11 -176.33 13.54 89.14 -173.75 5.46 90.09 -178.33
5 24 9.53 89.14 -175.93 5.46 90.09 -178.33 11.88 91.11 -176.33 6.49 87.88 -175.76
5 24 5.46 90.09 -178.33 11.88 91.11 -176.33 9.53 89.14 -175.93 6.59 91.19 -178.81
5 24 5.46 90.09 -178.33 6.59 91.19 -178.81 11.88 91.11 -176.33 2.22 90.75 -179.58
5 24 5.46 90.09 -178.33 2.22 90.75 -179.58 6.59 91.19 -178.81 3.71 89.34 -178.1
5 24 2.22 90.75 -179.58 6.59 91.19 -178.81 5.46 90.09 -178.33 2.62 91.2 -179.82
5 24 48.15 66.48 -102.84 48.48 73.44 -110.08 52.51 67.96 -92.38 43.98 71.75 -118.51
5 24 48.15 66.48 -102.84 43.98 71.75 -118.51 48.48 73.44 -110.08 39.51 64.93 -114.67
5 24 43.98 71.75 -118.51 48.48 73.44 -110.08 48.15 66.48 -102.84 43.28 78.64 -127.55
5 24 43.98 71.75 -118.51 43.28 78.64 -127.55 48.48 73.44 -110.08 38.84 76.82 -133.94
5 24 43.98 71.75 -118.51 38.84 76.82 -133.94 43.28 78.64 -127.55 39.51 64.93 -114.67
5 24 38.84 76.82 -133.94 43.28 78.64 -127.55 43.98 71.75 -118.51 36.44 83.35 -144.49
5 24 38.84 76.82 -133.94 36.44 83.35 -144.49 43.28 78.64 -127.55 32.34 81.51 -148.77
5 24 38.84 76.82 -133.94 32.34 81.51 -148.77 36.44 83.35 -144.49 31.13 74.94 -141.14
5 24 32.34 81.51 -148.77 23.91 85.64 -162.49 27.3 87.4 -160.38 25.58 79.62 -153.59
5 24 23.91 85.64 -162.49 27.3 87.4 -160.38 32.34 81.51 -148.77 15.73 90.96 -173.75
5 24 23.91 85.64 -162.49 15.73 90.96 -173.75 27.3 87.4 -160.38 18.61 83.86 -164.84
5 24 23.91 85.64 -162.49 18.61 83.86 -164.84 15.73 90.96 -173.75 25.58 79.62 -153.59
5 24 18.61 83.86 -164.84 13.54 89.14 -173.75 15.73 90.96 -173.75 12.32 82.68 -166.28
5 24 39.51 64.93 -114.67 43.98 71.75 -118.51 48.15 66.48 -102.84 35.67 69.99 -128.03
5 24 39.51 64.93 -114.67 35.67 69.99 -128.03 43.98 71.75 -118.51 28.36 61.03 -115.66
5 24 35.67 69.99 -128.03 38.84 76.82 -133.94 43.98 71.75 -118.51 31.13 74.94 -141.14
5 24 35.67 69.99 -128.03 31.13 74.94 -141.14 38.84 76.82 -133.94 28.36 61.03 -115.66
5 24 31.13 74.94 -141.14 38.84 76.82 -133.94 35.67 69.99 -128.03 32.34 81.51 -148.77
5 24 31.13 74.94 -141.14 32.34 81.51 -148.77 38.84 76.82 -133.94 25.58 79.62 -153.59
5 24 31.13 74.94 -141.14 25.58 79.62 -153.59 32.34 81.51 -148.77 21.01 73.67 -145.72
5 24 25.58 79.62 -153.59 32.34 81.51 -148.77 31.13 74.94 -141.14 23.91 85.64 -162.49
5 24 25.58 79.62 -153.59 23.91 85.64 -162.49 32.34 81.51 -148.77 18.61 83.86 -164.84
5 24 25.58 79.62 -153.59 18.61 83.86 -164.84 23.91 85.64 -162.49 17.12 78.35 -156.62
5 24 18.61 83.86 -164.84 12.32 82.68 -166.28 13.54 89.14 -173.75 17.12 78.35 -156.62
5 24 12.32 82.68 -166.28 13.54 89.14 -173.75 18.61 83.86 -164.84 10.69 87.57 -173.75
5 24 12.32 82.68 -166.28 10.69 87.57 -173.75 13.54 89.14 -173.75 5.34 82.02 -166.8
5 24 10.69 87.57 -173.75 13.54 89.14 -173.75 12.32 82.68 -166.28 9.53 89.14 -175.93
5 24 10.69 87.57 -173.75 9.53 89.14 -175.93 13.54 89.14 -173.75 6.49 87.88 -175.76
5 24 6.53 86.34 -173.75 6.49 87.88 -175.76 10.69 87.57 -173.75 3.27 87.17 -175.65
5 24 6.49 87.88 -175.76 10.69 87.57 -173.75 6.53 86.34 -173.75 9.53 89.14 -175.93
5 24 10.69 87.57 -173.75 6.53 86.34 -173.75 6.49 87.88 -175.76 5.34 82.02 -166.8
5 24 35.67 69.99 -128.03 28.36 61.03 -115.66 24.25 68.78 -134.09 39.51 64.93 -114.67
5 24 24.25 68.78 -134.09 31.13 74.94 -141.14 35.67 69.99 -128.03 21.01 73.67 -145.72
5 24 24.25 68.78 -134.09 21.01 73.67 -145.72 31.13 74.94 -141.14 12.55 60.18 -118.5
5 24 21.01 73.67 -145.72 31.13 74.94 -141.14 24.25 68.78 -134.09 25.58 79.62 -153.59
5 24 21.01 73.67 -145.72 25.58 79.62 -153.59 31.13 74.94 -141.14 17.12 78.35 -156.62
5 24 21.01 73.67 -145.72 17.12 78.35 -156.62 25.58 79.62 -153.59 9.15 72.94 -147.64
5 24 17.12 78.35 -156.62 25.58 79.62 -153.59 21.01 73.67 -145.72 18.61 83.86 -164.84
5 24 17.12 78.35 -156.62 18.61 83.86 -164.84 25.58 79.62 -153.59 12.32 82.68 -166.28
5 24 17.12 78.35 -156.62 12.32 82.68 -166.28 18.61 83.86 -164.84 7.44 77.64 -157.86
5 24 10.69 87.57 -173.75 5.34 82.02 -166.8 6.53 86.34 -173.75 12.32 82.68 -166.28
5 24 5.34 82.02 -166.8 6.53 86.34 -173.75 10.69 87.57 -173.75 3.01 85.87 -173.75
5 24 12.32 82.68 -166.28 5.34 82.02 -166.8 10.69 87.57 -173.75 17.12 78.35 -156.62
5 24 3.27 87.17 -175.65 6.53 86.34 -173.75 3.01 85.87 -173.75 6.49 87.88 -175.76
5 24 6.53 86.34 -173.75 3.01 85.87 -173.75 3.27 87.17 -175.65 5.34 82.02 -166.8
5 24 10.58 68.09 -136.66 21.01 73.67 -145.72 24.25 68.78 -134.09 9.15 72.94 -147.64
5 24 9.15 72.94 -147.64 21.01 73.67 -145.72 10.58 68.09 -136.66 17.12 78.35 -156.62
5 24 7.44 77.64 -157.86 17.12 78.35 -156.62 21.01 73.67 -145.72 12.32 82.68 -166.28
5 24 0.77 90.17 -179.36 3.71 89.34 -178.1 1.88 88.83 -177.93 1.51 90.42 -179.45
5 24 3.71 89.34 -178.1 1.88 88.83 -177.93 0.77 90.17 -179.36 6.49 87.88 -175.76
5 24 1.51 90.42 -179.45 3.71 89.34 -178.1 0.77 90.17 -179.36 2.22 90.75 -179.58
5 24 3.71 89.34 -178.1 6.49 87.88 -175.76 3.27 87.17 -175.65 5.46 90.09 -178.33
5 24 6.49 87.88 -175.76 3.27 87.17 -175.65 3.71 89.34 -178.1 6.53 86.34 -173.75
5 24 5.46 90.09 -178.33 3.71 89.34 -178.1 2.22 90.75 -179.58 6.49 87.88 -175.76
5 24 3.71 89.34 -178.1 2.22 90.75 -179.58 5.46 90.09 -178.33 1.51 90.42 -179.45
5 24 5.46 90.09 -178.33 6.49 87.88 -175.76 3.71 89.34 -178.1 9.53 89.14 -175.93
5 24 9.53 89.14 -175.93 6.49 87.88 -175.76 5.46 90.09 -178.33 10.69 87.57 -173.75
5 24 47.25 16.63 -38.28 40 9.82 -26.25 45.49 12.85 -26.25 42.53 16.55 -47.02
5 24 37.66 11.36 -35.5 30.56 2.75 -12.82 40 9.82 -26.25 31.52 11.15 -41.05
5 24 30.56 2.75 -12.82 40 9.82 -26.25 37.66 11.36 -35.5 35.89 2.75 -6.81
5 24 40 9.82 -26.25 37.66 11.36 -35.5 30.56 2.75 -12.82 42.53 16.55 -47.02
5 24 35.89 2.75 -6.81 40 9.82 -26.25 30.56 2.75 -12.82 40 6.52 -12.59
5 24 35.89 2.75 -6.81 40 6.52 -12.59 40 9.82 -26.25 40 5.2 0
5 24 19.8 10.79 -45.46 22.85 16.12 -60.57 12.86 15.94 -62.07 31.52 11.15 -41.05
5 24 11.1 10.58 -46.48 19.8 10.79 -45.46 22.85 16.12 -60.57 13.07 2.75 -15.05
5 24 22.85 16.12 -60.57 31.52 11.15 -41.05 35.98 16.41 -54.24 19.8 10.79 -45.46
5 24 31.52 11.15 -41.05 35.98 16.41 -54.24 22.85 16.12 -60.57 37.66 11.36 -35.5
5 24 19.8 10.79 -45.46 31.52 11.15 -41.05 22.85 16.12 -60.57 25.02 2.75 -15.34
5 24 31.52 11.15 -41.05 37.66 11.36 -35.5 35.98 16.41 -54.24 30.56 2.75 -12.82
5 24 37.66 11.36 -35.5 35.98 16.41 -54.24 31.52 11.15 -41.05 42.53 16.55 -47.02
5 24 37.66 11.36 -35.5 42.53 16.55 -47.02 35.98 16.41 -54.24 40 9.82 -26.25
5 24 42.53 16.55 -47.02 40 9.82 -26.25 47.25 16.63 -38.28 37.66 11.36 -35.5
5 24 13.07 2.75 -15.05 11.1 10.58 -46.48 8.02 2.75 -14.68 19.8 10.79 -45.46
5 24 13.07 2.75 -15.05 19.8 10.79 -45.46 11.1 10.58 -46.48 25.02 2.75 -15.34
5 24 25.02 2.75 -15.34 19.8 10.79 -45.46 13.07 2.75 -15.05 31.52 11.15 -41.05
5 24 30.56 2.75 -12.82 31.52 11.15 -41.05 19.8 10.79 -45.46 37.66 11.36 -35.5
5 24 35.89 2.75 -6.81 40 5.2 0 40 6.52 -12.59 37.45 2.75 0
5 24 34.15 0 -14.07 43.28 4.72 -15.49 37.32 0 -9.98 38.25 4.44 -24.65
5 24 26.06 0.08 -19.31 0 0.08 -19.31 0 0 -20 34.15 0 -14.07
5 24 34.15 0 -14.07 0 0 -14.07 0 0.08 -19.31 37.32 0 -9.98
5 24 55.07 27.1 -36.9 58.86 29.43 -37.95 58.85 27.2 -36.77 55.13 29.14 -37.93
5 24 0 88.6 -171.23 4.47 90.79 -174.07 0 91.72 -176.25 4.36 88.23 -170.29
5 24 4.47 90.79 -174.07 0 91.72 -176.25 0 88.6 -171.23 4.69 91.78 -175.53
5 24 0 88.6 -171.23 4.36 88.23 -170.29 4.47 90.79 -174.07 0 87.03 -168.53
5 24 52.49 23.81 -58.11 57.76 19.23 -39.3 51.94 19.27 -55.56 57.58 23.84 -43.71
5 24 47.96 19.28 -62.23 51.84 24.8 -60.19 52.04 24.06 -59.23 48.18 31.53 -71.57
5 24 60 93.5 -20 59.99 96 -22.5 60 95.21 -20.79 59.83 96 -29.3
5 24 16.25 66.9 -123.75 11.08 74.15 -140.93 0 66.14 -123.75 16.25 74.39 -140.24
5 24 11.08 74.15 -140.93 0 73.32 -140 0 66.14 -123.75 0 80.74 -156.25
5 24 11.08 74.15 -140.93 8.84 81.11 -156.25 0 80.74 -156.25 16.25 74.39 -140.24
5 24 11.08 74.15 -140.93 16.25 74.39 -140.24 8.84 81.11 -156.25 16.25 66.9 -123.75
5 24 16.25 74.39 -140.24 8.84 81.11 -156.25 11.08 74.15 -140.93 16.25 82.24 -156.25
