0 ~Minifig Paint Brush without Patterned Areas
0 Name: s\93552s01.dat
0 Author: Philippe Hurbain [Philo]
0 !LDRAW_ORG Subpart UPDATE 2013-02
0 !LICENSE Redistributable under CCAL version 2.0 : see CAreadme.txt

0 BFC CERTIFY CCW

0 !HISTORY 2012-09-20 {LEGO Digital Designer} Original part shape
0 !HISTORY 2012-09-20 [Philo] File preparation for LDraw Parts Tracker
0 !HISTORY 2013-12-23 [PTadmin] Official Update 2013-02

1 16 0 -9 0 4 0 0 0 -20 0 0 0 4 4-4cyli.dat
1 16 0 -29 0 4 0 0 0 1 0 0 0 4 4-4edge.dat
1 16 0 -30 0 4 0 0 0 1 0 0 0 4 4-4edge.dat
1 16 0 -35 0 3.6 0 0 0 1 0 0 0 3.6 4-4edge.dat
1 16 0 -36 0 3.6 0 0 0 1 0 0 0 3.6 4-4edge.dat
0 BFC INVERTNEXT
1 16 0 -29.5 0 4 0 0 0 4.5 0 0 0 4 t02i1111.dat
0 BFC INVERTNEXT
1 16 0 -29.5 0 4 0 0 0 -4.5 0 0 0 4 t02i1111.dat
0 BFC INVERTNEXT
1 16 0 -29.5 0 -4 0 0 0 4.5 0 0 0 -4 t02i1111.dat
0 BFC INVERTNEXT
1 16 0 -29.5 0 -4 0 0 0 -4.5 0 0 0 -4 t02i1111.dat
0 BFC INVERTNEXT
1 16 0 -35.5 0 3.6 0 0 0 4.5 0 0 0 3.6 t02i1111.dat
0 BFC INVERTNEXT
1 16 0 -35.5 0 3.6 0 0 0 -4.5 0 0 0 3.6 t02i1111.dat
0 BFC INVERTNEXT
1 16 0 -35.5 0 -3.6 0 0 0 4.5 0 0 0 -3.6 t02i1111.dat
0 BFC INVERTNEXT
1 16 0 -35.5 0 -3.6 0 0 0 -4.5 0 0 0 -3.6 t02i1111.dat
1 16 0 -9 0 4 0 0 0 9 0 0 0 4 4-8sphe.dat
4 16 -4.389 -43.768 0 -4.835 -40.503 0 -4.389 -40.683 -2.033 -4.009 -43.853 -1.732
3 16 -4.009 -43.853 -1.732 -4.389 -40.683 -2.033 -3.106 -40.704 -3.658
3 16 -3.106 -40.704 -3.658 -2.999 -43.811 -3.107 -4.009 -43.853 -1.732
3 16 -4.835 -40.503 0 -4.424 -37.878 0 -4.02 -38.057 -2.02
3 16 -4.835 -40.503 0 -4.02 -38.057 -2.02 -4.389 -40.683 -2.033
3 16 -4.389 -40.683 -2.033 -4.02 -38.057 -2.02 -2.712 -38.087 -3.628
3 16 -3.106 -40.704 -3.658 -4.389 -40.683 -2.033 -2.712 -38.087 -3.628
3 16 -4.394 -40.683 2.024 -4.024 -38.057 2.011 -4.424 -37.878 0
3 16 -4.394 -40.683 2.024 -4.424 -37.878 0 -4.835 -40.503 0
4 16 -4.012 -43.853 1.724 -4.394 -40.683 2.024 -4.835 -40.503 0 -4.389 -43.768 0
4 16 -2.999 -43.811 -3.107 -3.106 -40.704 -3.658 -1.202 -40.776 -4.514 -1.464 -43.764 -3.813
4 16 -0.781 -38.168 -4.468 -1.202 -40.776 -4.514 -3.106 -40.704 -3.658 -2.712 -38.087 -3.628
3 16 -1.202 -40.776 -4.514 1.754 -40.947 -4.02 -1.464 -43.764 -3.813
4 16 2.144 -38.347 -4.005 1.754 -40.947 -4.02 -1.202 -40.776 -4.514 -0.781 -38.168 -4.468
3 16 4.15 -38.508 -2.008 3.87 -41.108 -1.978 1.754 -40.947 -4.02
3 16 2.144 -38.347 -4.005 4.15 -38.508 -2.008 1.754 -40.947 -4.02
3 16 3.87 -41.108 -1.978 4.15 -38.508 -2.008 4.495 -38.279 0
3 16 3.87 -41.108 -1.978 4.495 -38.279 0 4.231 -41.347 0
3 16 4.146 -38.507 2.017 3.866 -41.108 1.987 4.231 -41.347 0
3 16 4.146 -38.507 2.017 4.231 -41.347 0 4.495 -38.279 0
3 16 2.997 -38.409 3.575 2.637 -41.009 3.569 3.866 -41.108 1.987
3 16 2.997 -38.409 3.575 3.866 -41.108 1.987 4.146 -38.507 2.017
4 16 0.241 -38.225 4.455 -0.179 -40.83 4.496 2.637 -41.009 3.569 2.997 -38.409 3.575
3 16 -0.61 -43.745 3.788 -0.179 -40.83 4.496 -3.115 -40.704 3.651
3 16 2.637 -41.009 3.569 -0.179 -40.83 4.496 -0.61 -43.745 3.788
3 16 -3.115 -40.704 3.651 -3.006 -43.811 3.101 -0.61 -43.745 3.788
4 16 -2.72 -38.087 3.621 -3.115 -40.704 3.651 -0.179 -40.83 4.496 0.241 -38.225 4.455
3 16 -3.006 -43.811 3.101 -3.115 -40.704 3.651 -4.394 -40.683 2.024
3 16 -3.006 -43.811 3.101 -4.394 -40.683 2.024 -4.012 -43.853 1.724
3 16 -4.024 -38.057 2.011 -4.394 -40.683 2.024 -3.115 -40.704 3.651
3 16 -2.72 -38.087 3.621 -4.024 -38.057 2.011 -3.115 -40.704 3.651
3 16 0 0.172 0 -0.001 0.146 -0.285 -0.143 0.146 -0.247
3 16 0 0.172 0 0 0.147 0.286 0.143 0.146 0.247
3 16 4.495 -38.279 0 3.6 -36 0 4.146 -38.507 2.017
3 16 3.326 -36 -1.378 3.6 -36 0 4.495 -38.279 0
3 16 4.15 -38.508 -2.008 3.326 -36 -1.378 4.495 -38.279 0
3 16 2.546 -36 -2.546 3.326 -36 -1.378 4.15 -38.508 -2.008
3 16 2.144 -38.347 -4.005 2.546 -36 -2.546 4.15 -38.508 -2.008
3 16 1.378 -36 -3.326 2.546 -36 -2.546 2.144 -38.347 -4.005
3 16 0 -36 -3.6 1.378 -36 -3.326 2.144 -38.347 -4.005
3 16 -0.781 -38.168 -4.468 0 -36 -3.6 2.144 -38.347 -4.005
3 16 -1.378 -36 -3.326 0 -36 -3.6 -0.781 -38.168 -4.468
3 16 -2.712 -38.087 -3.628 -1.378 -36 -3.326 -0.781 -38.168 -4.468
3 16 -2.546 -36 -2.546 -1.378 -36 -3.326 -2.712 -38.087 -3.628
3 16 -4.02 -38.057 -2.02 -2.546 -36 -2.546 -2.712 -38.087 -3.628
3 16 -3.326 -36 -1.378 -2.546 -36 -2.546 -4.02 -38.057 -2.02
3 16 -4.424 -37.878 0 -3.326 -36 -1.378 -4.02 -38.057 -2.02
3 16 -3.6 -36 0 -3.326 -36 -1.378 -4.424 -37.878 0
3 16 -3.326 -36 1.378 -3.6 -36 0 -4.424 -37.878 0
3 16 -4.024 -38.057 2.011 -3.326 -36 1.378 -4.424 -37.878 0
3 16 -2.546 -36 2.546 -3.326 -36 1.378 -4.024 -38.057 2.011
3 16 -2.72 -38.087 3.621 -2.546 -36 2.546 -4.024 -38.057 2.011
3 16 -1.378 -36 3.326 -2.546 -36 2.546 -2.72 -38.087 3.621
3 16 0 -36 3.6 -1.378 -36 3.326 -2.72 -38.087 3.621
3 16 0.241 -38.225 4.455 0 -36 3.6 -2.72 -38.087 3.621
3 16 1.378 -36 3.326 0 -36 3.6 0.241 -38.225 4.455
3 16 2.997 -38.409 3.575 1.378 -36 3.326 0.241 -38.225 4.455
3 16 2.546 -36 2.546 1.378 -36 3.326 2.997 -38.409 3.575
3 16 4.146 -38.507 2.017 2.546 -36 2.546 2.997 -38.409 3.575
3 16 3.326 -36 1.378 2.546 -36 2.546 4.146 -38.507 2.017
3 16 3.6 -36 0 3.326 -36 1.378 4.146 -38.507 2.017
5 24 3.6 -36 0 4.495 -38.279 0 4.146 -38.507 2.017 3.326 -36 -1.378
5 24 4.495 -38.279 0 3.326 -36 -1.378 3.6 -36 0 4.15 -38.508 -2.008
5 24 3.326 -36 -1.378 4.15 -38.508 -2.008 4.495 -38.279 0 2.546 -36 -2.546
5 24 4.15 -38.508 -2.008 2.546 -36 -2.546 3.326 -36 -1.378 2.144 -38.347 -4.005
5 24 2.546 -36 -2.546 2.144 -38.347 -4.005 4.15 -38.508 -2.008 1.378 -36 -3.326
5 24 2.144 -38.347 -4.005 1.378 -36 -3.326 2.546 -36 -2.546 0 -36 -3.6
5 24 2.144 -38.347 -4.005 0 -36 -3.6 1.378 -36 -3.326 -0.781 -38.168 -4.468
5 24 0 -36 -3.6 -0.781 -38.168 -4.468 2.144 -38.347 -4.005 -1.378 -36 -3.326
5 24 -0.781 -38.168 -4.468 -1.378 -36 -3.326 0 -36 -3.6 -2.712 -38.087 -3.628
5 24 -1.378 -36 -3.326 -2.712 -38.087 -3.628 -0.781 -38.168 -4.468 -2.546 -36 -2.546
5 24 -2.712 -38.087 -3.628 -2.546 -36 -2.546 -1.378 -36 -3.326 -4.02 -38.057 -2.02
5 24 -2.546 -36 -2.546 -4.02 -38.057 -2.02 -2.712 -38.087 -3.628 -3.326 -36 -1.378
5 24 -4.02 -38.057 -2.02 -3.326 -36 -1.378 -2.546 -36 -2.546 -4.424 -37.878 0
5 24 -3.326 -36 -1.378 -4.424 -37.878 0 -4.02 -38.057 -2.02 -3.6 -36 0
5 24 -4.424 -37.878 0 -3.6 -36 0 -3.326 -36 -1.378 -3.326 -36 1.378
5 24 -4.424 -37.878 0 -3.326 -36 1.378 -3.6 -36 0 -4.024 -38.057 2.011
5 24 -3.326 -36 1.378 -4.024 -38.057 2.011 -4.424 -37.878 0 -2.546 -36 2.546
5 24 -4.024 -38.057 2.011 -2.546 -36 2.546 -3.326 -36 1.378 -2.72 -38.087 3.621
5 24 -2.546 -36 2.546 -2.72 -38.087 3.621 -4.024 -38.057 2.011 -1.378 -36 3.326
5 24 -2.72 -38.087 3.621 -1.378 -36 3.326 -2.546 -36 2.546 0 -36 3.6
5 24 -2.72 -38.087 3.621 0 -36 3.6 -1.378 -36 3.326 0.241 -38.225 4.455
5 24 0 -36 3.6 0.241 -38.225 4.455 -2.72 -38.087 3.621 1.378 -36 3.326
5 24 0.241 -38.225 4.455 1.378 -36 3.326 0 -36 3.6 2.997 -38.409 3.575
5 24 1.378 -36 3.326 2.997 -38.409 3.575 0.241 -38.225 4.455 2.546 -36 2.546
5 24 2.997 -38.409 3.575 2.546 -36 2.546 1.378 -36 3.326 4.146 -38.507 2.017
5 24 2.546 -36 2.546 4.146 -38.507 2.017 2.997 -38.409 3.575 3.326 -36 1.378
5 24 4.146 -38.507 2.017 3.326 -36 1.378 2.546 -36 2.546 3.6 -36 0
5 24 4.146 -38.507 2.017 3.6 -36 0 3.326 -36 1.378 4.495 -38.279 0
5 24 -4.389 -43.768 0 -4.835 -40.503 0 -4.389 -40.683 -2.033 -4.012 -43.853 1.724
5 24 -4.835 -40.503 0 -4.389 -40.683 -2.033 -4.389 -43.768 0 -4.02 -38.057 -2.02
5 24 -4.389 -40.683 -2.033 -4.009 -43.853 -1.732 -4.389 -43.768 0 -3.106 -40.704 -3.658
5 24 -4.009 -43.853 -1.732 -4.389 -43.768 0 -4.835 -40.503 0 -2.799 -47.563 0
5 24 -4.389 -40.683 -2.033 -3.106 -40.704 -3.658 -4.009 -43.853 -1.732 -2.712 -38.087 -3.628
5 24 -3.106 -40.704 -3.658 -4.009 -43.853 -1.732 -4.389 -40.683 -2.033 -2.999 -43.811 -3.107
5 24 -3.106 -40.704 -3.658 -2.999 -43.811 -3.107 -4.009 -43.853 -1.732 -1.202 -40.776 -4.514
5 24 -2.999 -43.811 -3.107 -4.009 -43.853 -1.732 -3.106 -40.704 -3.658 -2.7 -47.293 -1.314
5 24 -4.835 -40.503 0 -4.424 -37.878 0 -4.02 -38.057 -2.02 -4.394 -40.683 2.024
5 24 -4.424 -37.878 0 -4.02 -38.057 -2.02 -4.835 -40.503 0 -3.326 -36 -1.378
5 24 -4.02 -38.057 -2.02 -4.835 -40.503 0 -4.424 -37.878 0 -4.389 -40.683 -2.033
5 24 -4.02 -38.057 -2.02 -4.389 -40.683 -2.033 -4.835 -40.503 0 -2.712 -38.087 -3.628
5 24 -4.02 -38.057 -2.02 -2.712 -38.087 -3.628 -4.389 -40.683 -2.033 -2.546 -36 -2.546
5 24 -2.712 -38.087 -3.628 -4.389 -40.683 -2.033 -4.02 -38.057 -2.02 -3.106 -40.704 -3.658
5 24 -2.712 -38.087 -3.628 -3.106 -40.704 -3.658 -4.389 -40.683 -2.033 -0.781 -38.168 -4.468
5 24 -4.394 -40.683 2.024 -4.024 -38.057 2.011 -4.424 -37.878 0 -3.115 -40.704 3.651
5 24 -4.024 -38.057 2.011 -4.424 -37.878 0 -4.394 -40.683 2.024 -3.326 -36 1.378
5 24 -4.424 -37.878 0 -4.394 -40.683 2.024 -4.024 -38.057 2.011 -4.835 -40.503 0
5 24 -4.835 -40.503 0 -4.394 -40.683 2.024 -4.424 -37.878 0 -4.012 -43.853 1.724
5 24 -4.012 -43.853 1.724 -4.394 -40.683 2.024 -4.835 -40.503 0 -3.006 -43.811 3.101
5 24 -4.389 -43.768 0 -4.012 -43.853 1.724 -4.394 -40.683 2.024 -2.702 -47.293 1.308
5 24 -3.106 -40.704 -3.658 -1.202 -40.776 -4.514 -2.999 -43.811 -3.107 -0.781 -38.168 -4.468
5 24 -1.202 -40.776 -4.514 -1.464 -43.764 -3.813 -2.999 -43.811 -3.107 1.754 -40.947 -4.02
5 24 -1.464 -43.764 -3.813 -2.999 -43.811 -3.107 -3.106 -40.704 -3.658 -2 -47.15 -2.338
5 24 -0.781 -38.168 -4.468 -1.202 -40.776 -4.514 -3.106 -40.704 -3.658 2.144 -38.347 -4.005
5 24 -2.712 -38.087 -3.628 -0.781 -38.168 -4.468 -1.202 -40.776 -4.514 -1.378 -36 -3.326
5 24 -1.202 -40.776 -4.514 1.754 -40.947 -4.02 -1.464 -43.764 -3.813 2.144 -38.347 -4.005
5 24 1.754 -40.947 -4.02 -1.464 -43.764 -3.813 -1.202 -40.776 -4.514 1.044 -43.712 -3.371
5 24 2.144 -38.347 -4.005 1.754 -40.947 -4.02 -1.202 -40.776 -4.514 4.15 -38.508 -2.008
5 24 -0.781 -38.168 -4.468 2.144 -38.347 -4.005 1.754 -40.947 -4.02 0 -36 -3.6
5 24 4.15 -38.508 -2.008 3.87 -41.108 -1.978 1.754 -40.947 -4.02 4.495 -38.279 0
5 24 3.87 -41.108 -1.978 1.754 -40.947 -4.02 4.15 -38.508 -2.008 1.044 -43.712 -3.371
5 24 1.754 -40.947 -4.02 4.15 -38.508 -2.008 3.87 -41.108 -1.978 2.144 -38.347 -4.005
5 24 2.144 -38.347 -4.005 4.15 -38.508 -2.008 1.754 -40.947 -4.02 2.546 -36 -2.546
5 24 4.15 -38.508 -2.008 4.495 -38.279 0 3.87 -41.108 -1.978 3.326 -36 -1.378
5 24 4.495 -38.279 0 3.87 -41.108 -1.978 4.15 -38.508 -2.008 4.231 -41.347 0
5 24 4.495 -38.279 0 4.231 -41.347 0 3.87 -41.108 -1.978 4.146 -38.507 2.017
5 24 4.231 -41.347 0 3.87 -41.108 -1.978 4.495 -38.279 0 3.323 -43.69 0
5 24 4.146 -38.507 2.017 3.866 -41.108 1.987 4.231 -41.347 0 2.997 -38.409 3.575
5 24 3.866 -41.108 1.987 4.231 -41.347 0 4.146 -38.507 2.017 3.323 -43.69 0
5 24 4.231 -41.347 0 4.146 -38.507 2.017 3.866 -41.108 1.987 4.495 -38.279 0
5 24 4.495 -38.279 0 4.146 -38.507 2.017 4.231 -41.347 0 3.6 -36 0
5 24 2.997 -38.409 3.575 2.637 -41.009 3.569 3.866 -41.108 1.987 0.241 -38.225 4.455
5 24 2.637 -41.009 3.569 3.866 -41.108 1.987 2.997 -38.409 3.575 2.931 -43.689 1.653
5 24 3.866 -41.108 1.987 2.997 -38.409 3.575 2.637 -41.009 3.569 4.146 -38.507 2.017
5 24 4.146 -38.507 2.017 2.997 -38.409 3.575 3.866 -41.108 1.987 2.546 -36 2.546
5 24 0.241 -38.225 4.455 -0.179 -40.83 4.496 2.637 -41.009 3.569 -2.72 -38.087 3.621
5 24 -0.179 -40.83 4.496 2.637 -41.009 3.569 0.241 -38.225 4.455 -0.61 -43.745 3.788
5 24 2.997 -38.409 3.575 0.241 -38.225 4.455 -0.179 -40.83 4.496 1.378 -36 3.326
5 24 -0.61 -43.745 3.788 -0.179 -40.83 4.496 -3.115 -40.704 3.651 2.637 -41.009 3.569
5 24 -0.179 -40.83 4.496 -3.115 -40.704 3.651 -0.61 -43.745 3.788 -2.72 -38.087 3.621
5 24 -3.115 -40.704 3.651 -0.61 -43.745 3.788 -0.179 -40.83 4.496 -3.006 -43.811 3.101
5 24 -0.61 -43.745 3.788 2.637 -41.009 3.569 -0.179 -40.83 4.496 1.82 -43.7 2.984
5 24 -3.115 -40.704 3.651 -3.006 -43.811 3.101 -0.61 -43.745 3.788 -4.394 -40.683 2.024
5 24 -3.006 -43.811 3.101 -0.61 -43.745 3.788 -3.115 -40.704 3.651 -0.275 -46.806 2.803
5 24 -2.72 -38.087 3.621 -3.115 -40.704 3.651 -0.179 -40.83 4.496 -4.024 -38.057 2.011
5 24 0.241 -38.225 4.455 -2.72 -38.087 3.621 -3.115 -40.704 3.651 0 -36 3.6
5 24 -3.115 -40.704 3.651 -4.394 -40.683 2.024 -3.006 -43.811 3.101 -4.024 -38.057 2.011
5 24 -4.394 -40.683 2.024 -3.006 -43.811 3.101 -3.115 -40.704 3.651 -4.012 -43.853 1.724
5 24 -4.012 -43.853 1.724 -3.006 -43.811 3.101 -4.394 -40.683 2.024 -2.004 -47.15 2.333
5 24 -3.115 -40.704 3.651 -4.024 -38.057 2.011 -4.394 -40.683 2.024 -2.72 -38.087 3.621
5 24 -2.72 -38.087 3.621 -4.024 -38.057 2.011 -3.115 -40.704 3.651 -2.546 -36 2.546
