0 ~Animal Beetle with Stud Tube and Pin Hole Half
0 Name: s\95827s01.dat
0 Author: Philippe Hurbain [Philo]
0 !LDRAW_ORG Subpart UPDATE 2017-01
0 !LICENSE Redistributable under CCAL version 2.0 : see CAreadme.txt

0 BFC CERTIFY CCW

0 !HISTORY 2013-08-14 {LEGO Digital Designer} Original part shape
0 !HISTORY 2016-11-07 [Philo] File preparation for LDraw Parts Tracker
0 !HISTORY 2017-12-30 [PTadmin] Official Update 2017-01

3 16 6.258 0 7.975 3.993 0 9.283 5.249 -1.625 8.665
3 16 5.249 -1.625 8.665 6.225 -1.625 8.001 6.258 0 7.975
3 16 4.677 -2.5 8.975 5.249 -2.5 8.665 3.993 0 9.283
3 16 5.249 -1.625 8.665 3.993 0 9.283 5.249 -2.5 8.665
3 16 6.225 -1.625 8.001 7.241 -1.625 7.8 6.258 0 7.975
3 16 6.258 0 7.975 7.241 -1.625 7.8 7.246 0 7.765
4 16 5.249 -2.5 8.665 7.26 -2.5 9.236 7.127 -1.625 9.203 5.249 -1.625 8.665
3 16 4.677 -2.5 8.975 3.993 0 9.283 1.194 -2.5 10.009
3 16 1.2 0 10.008 1.194 -2.5 10.009 3.993 0 9.283
3 16 8.664 -2.5 4.942 8.664 -1.625 4.942 9.605 -2.5 6.086
3 16 8.664 -1.625 4.942 9.524 -1.625 5.951 9.605 -2.5 6.086
4 16 6.225 -1.625 8.001 5.249 -1.625 8.665 7.127 -1.625 9.203 7.241 -1.625 7.8
4 16 9.524 -1.625 5.951 8.664 -1.625 4.942 8.24 -1.625 5.712 7.999 -1.625 7.1
4 16 7.241 -1.625 7.8 7.127 -1.625 9.203 8.141 -1.625 9.337 9.255 -1.625 8.859
4 16 7.999 -1.625 7.1 7.241 -1.625 7.8 9.255 -1.625 8.859 9.758 -1.625 8.222
4 16 7.999 -1.625 7.1 9.758 -1.625 8.222 9.966 -1.625 7.084 9.524 -1.625 5.951
3 16 9.524 -1.625 5.951 9.966 -1.625 7.084 9.605 -2.5 6.086
3 16 9.605 -2.5 6.086 9.966 -1.625 7.084 9.977 -2.5 7.182
3 16 9.966 -1.625 7.084 9.758 -1.625 8.222 9.977 -2.5 7.182
3 16 9.977 -2.5 7.182 9.758 -1.625 8.222 9.754 -2.5 8.229
4 16 9.754 -2.5 8.229 9.758 -1.625 8.222 9.255 -1.625 8.859 9.239 -2.5 8.874
4 16 9.255 -1.625 8.859 8.141 -1.625 9.337 8.191 -2.5 9.334 9.239 -2.5 8.874
3 16 7.127 -1.625 9.203 7.26 -2.5 9.236 8.141 -1.625 9.337
3 16 8.141 -1.625 9.337 7.26 -2.5 9.236 8.191 -2.5 9.334
4 16 7.999 -1.625 7.1 7.981 0 7.076 7.246 0 7.765 7.241 -1.625 7.8
4 16 7.981 0 7.076 7.999 -1.625 7.1 8.24 -1.625 5.712 8.218 0 5.748
4 16 1.2 0 10.008 0.706 0 9.325 0.744 -2.5 9.374 1.194 -2.5 10.009
3 16 0.744 -2.5 9.374 0.706 0 9.325 0 -2.5 9.129
3 16 0.706 0 9.325 0 0 9.112 0 -2.5 9.129
4 16 0 -5.553 8.645 0.744 -5.679 8.861 0.744 -2.5 9.374 0 -2.5 9.129
4 16 0 0 -12.69 2.396 0 -12.261 2.518 -2.5 -12.214 0 -2.5 -12.69
3 16 4.852 0 -10.952 4.986 -2.5 -10.849 2.396 0 -12.261
3 16 4.986 -2.5 -10.849 2.518 -2.5 -12.214 2.396 0 -12.261
4 16 7.099 -2.5 -8.731 4.986 -2.5 -10.849 4.852 0 -10.952 7.091 0 -8.742
4 16 7.099 -2.5 -8.731 7.091 0 -8.742 6.777 0 -8.298 6.796 -2.5 -8.293
4 16 6.796 -2.5 -8.293 6.777 0 -8.298 6.718 0 -7.409 6.732 -2.5 -7.425
4 16 7.288 0 -6.708 7.308 -2.5 -6.711 6.732 -2.5 -7.425 6.718 0 -7.409
4 16 7.288 0 -6.708 8.455 0 -6.493 8.454 -2.5 -6.494 7.308 -2.5 -6.711
4 16 8.639 -1.625 -6.083 8.455 0 -6.493 9.461 0 -3.486 9.368 -1.625 -3.892
4 16 8.454 -2.5 -6.494 8.455 0 -6.493 8.639 -1.625 -6.083 8.632 -2.5 -6.098
4 16 9.764 -1.625 -1.415 9.368 -1.625 -3.892 9.461 0 -3.486 9.728 0 -1.792
4 16 9.715 0 1.542 9.621 -1.625 2.101 9.812 -1.625 -0.562 9.821 0 0.01
3 16 9.017 -1.625 4.152 9.621 -1.625 2.101 9.402 0 3.02
3 16 9.621 -1.625 2.101 9.715 0 1.542 9.402 0 3.02
4 16 2 -11.7 0 1.848 -11.7 -0.765 3.396 -11.623 -2.091 3.93 -11.596 -1.097
3 16 2 -11.7 0 3.93 -11.596 -1.097 4.109 -11.59 0.01
3 16 4.109 -11.59 0.01 3.738 -11.632 1.407 2 -11.7 0
3 16 1.848 -11.7 0.765 2 -11.7 0 3.738 -11.632 1.407
3 16 0.765 -11.7 -1.848 0 -11.7 -2 0.431 -10.871 -4.328
3 16 0.431 -10.871 -4.328 0 -11.7 -2 0 -10.87 -4.327
3 16 0.765 -11.7 -1.848 0.431 -10.871 -4.328 1.076 -11.609 -3.844
3 16 3.396 -11.623 -2.091 0.765 -11.7 -1.848 2.893 -11.626 -2.677
3 16 2.893 -11.626 -2.677 0.765 -11.7 -1.848 1.782 -11.587 -3.639
3 16 0.765 -11.7 -1.848 1.076 -11.609 -3.844 1.782 -11.587 -3.639
3 16 0.765 -11.7 1.848 0.744 -10.649 4.897 0 -11.7 2
3 16 0 -10.358 4.914 0 -11.7 2 0.744 -10.649 4.897
3 16 0.765 -11.7 1.848 1.131 -11.593 3.95 0.744 -10.649 4.897
3 16 1.131 -11.593 3.95 0.765 -11.7 1.848 1.84 -11.636 3.548
4 16 1.848 -11.7 0.765 3.738 -11.632 1.407 3.016 -11.623 2.674 1.414 -11.7 1.414
4 16 3.016 -11.623 2.674 1.84 -11.636 3.548 0.765 -11.7 1.848 1.414 -11.7 1.414
3 16 1.14 -10.44 -6.478 1.128 -11.066 -5.398 0.809 -9.874 -6.509
3 16 0.809 -9.874 -6.509 1.128 -11.066 -5.398 0.431 -10.871 -4.328
3 16 1.128 -11.066 -5.398 1.076 -11.609 -3.844 0.431 -10.871 -4.328
3 16 2.647 -10.77 -5.427 1.782 -11.587 -3.639 1.128 -11.066 -5.398
3 16 1.782 -11.587 -3.639 1.076 -11.609 -3.844 1.128 -11.066 -5.398
3 16 0 -10.87 -4.327 0 -9.555 -6.527 0.431 -10.871 -4.328
3 16 0.809 -9.874 -6.509 0.431 -10.871 -4.328 0 -9.555 -6.527
3 16 1.14 -10.44 -6.478 0.809 -9.874 -6.509 3.211 -9.955 -6.481
3 16 3.211 -9.955 -6.481 0.809 -9.874 -6.509 2.05 -8.479 -6.948
3 16 0 -9.555 -6.527 0 -8.674 -6.967 0.809 -9.874 -6.509
3 16 0 -8.674 -6.967 2.05 -8.479 -6.948 0.809 -9.874 -6.509
3 16 3.211 -9.955 -6.481 2.647 -10.77 -5.427 1.14 -10.44 -6.478
3 16 2.647 -10.77 -5.427 1.128 -11.066 -5.398 1.14 -10.44 -6.478
3 16 0.744 -8.539 7.356 0.744 -5.679 8.861 0 -8.304 7.229
3 16 0.744 -5.679 8.861 0 -5.553 8.645 0 -8.304 7.229
3 16 0.744 -10.649 4.897 0.744 -8.539 7.356 0 -10.358 4.914
3 16 0.744 -8.539 7.356 0 -8.304 7.229 0 -10.358 4.914
3 16 1.194 -2.5 10.009 0.744 -2.5 9.374 1.159 -6.244 9.229
3 16 1.159 -6.244 9.229 0.744 -2.5 9.374 0.744 -5.679 8.861
3 16 0.744 -8.539 7.356 1.182 -8.376 8.168 0.744 -5.679 8.861
3 16 1.159 -6.244 9.229 0.744 -5.679 8.861 1.182 -8.376 8.168
3 16 0.744 -10.649 4.897 1.202 -10.523 6.246 0.744 -8.539 7.356
3 16 1.182 -8.376 8.168 0.744 -8.539 7.356 1.202 -10.523 6.246
3 16 1.202 -10.523 6.246 0.744 -10.649 4.897 1.131 -11.593 3.95
4 16 1.194 -2.5 10.009 1.159 -6.244 9.229 4.274 -6.656 8.177 4.677 -2.5 8.975
3 16 4.274 -6.656 8.177 1.159 -6.244 9.229 1.182 -8.376 8.168
3 16 1.182 -8.376 8.168 3.81 -8.562 7.286 4.274 -6.656 8.177
3 16 3.81 -8.562 7.286 1.182 -8.376 8.168 1.202 -10.523 6.246
3 16 1.202 -10.523 6.246 2.903 -10.573 5.623 3.81 -8.562 7.286
3 16 2.903 -10.573 5.623 1.202 -10.523 6.246 1.84 -11.636 3.548
3 16 1.84 -11.636 3.548 1.202 -10.523 6.246 1.131 -11.593 3.95
4 16 0 -8.381 -7.857 1.979 -8.179 -7.857 2.05 -8.479 -6.948 0 -8.674 -6.967
3 16 0 -8.381 -7.857 0 -8.787 -8.7 1.979 -8.179 -7.857
3 16 1.979 -8.179 -7.857 0 -8.787 -8.7 2.179 -8.506 -8.661
4 16 2.179 -8.506 -8.661 0 -8.787 -8.7 0 -7.038 -10.353 2.326 -7.411 -9.656
4 16 0 -5.143 -11.687 2.589 -5.113 -11.223 2.326 -7.411 -9.656 0 -7.038 -10.353
4 16 0 -2.5 -12.69 2.518 -2.5 -12.214 2.589 -5.113 -11.223 0 -5.143 -11.687
3 16 7.099 -2.5 -8.731 6.814 -4.095 -8.662 4.986 -2.5 -10.849
3 16 4.986 -2.5 -10.849 6.814 -4.095 -8.662 4.973 -5.05 -9.968
3 16 5.943 -5.922 -8.621 4.973 -5.05 -9.968 6.814 -4.095 -8.662
3 16 6.356 -4.46 -7.857 6.814 -4.095 -8.662 6.796 -2.5 -8.293
3 16 6.796 -2.5 -8.293 6.814 -4.095 -8.662 7.099 -2.5 -8.731
3 16 4.986 -2.5 -10.849 4.973 -5.05 -9.968 2.518 -2.5 -12.214
3 16 2.518 -2.5 -12.214 4.973 -5.05 -9.968 2.589 -5.113 -11.223
3 16 4.563 -7.354 -8.62 4.973 -5.05 -9.968 5.943 -5.922 -8.621
3 16 4.973 -5.05 -9.968 4.563 -7.354 -8.62 2.589 -5.113 -11.223
3 16 2.589 -5.113 -11.223 4.563 -7.354 -8.62 2.326 -7.411 -9.656
3 16 2.326 -7.411 -9.656 4.563 -7.354 -8.62 2.179 -8.506 -8.661
3 16 4.563 -7.354 -8.62 3.829 -7.457 -7.857 2.179 -8.506 -8.661
3 16 2.179 -8.506 -8.661 3.829 -7.457 -7.857 1.979 -8.179 -7.857
3 16 3.829 -7.457 -7.857 4.563 -7.354 -8.62 5.341 -6.167 -7.857
3 16 4.563 -7.354 -8.62 5.943 -5.922 -8.621 5.341 -6.167 -7.857
3 16 6.814 -4.095 -8.662 6.356 -4.46 -7.857 5.943 -5.922 -8.621
3 16 5.341 -6.167 -7.857 5.943 -5.922 -8.621 6.356 -4.46 -7.857
4 16 3.988 -7.723 -6.948 2.05 -8.479 -6.948 1.979 -8.179 -7.857 3.829 -7.457 -7.857
4 16 5.577 -6.367 -6.948 3.988 -7.723 -6.948 3.829 -7.457 -7.857 5.341 -6.167 -7.857
4 16 6.646 -4.566 -6.948 5.577 -6.367 -6.948 5.341 -6.167 -7.857 6.356 -4.46 -7.857
3 16 5.743 -8.549 -6.484 3.211 -9.955 -6.481 3.988 -7.723 -6.948
3 16 3.211 -9.955 -6.481 2.05 -8.479 -6.948 3.988 -7.723 -6.948
4 16 6.646 -4.566 -6.948 7.983 -5.13 -6.496 6.667 -7.424 -6.488 5.577 -6.367 -6.948
3 16 5.577 -6.367 -6.948 6.667 -7.424 -6.488 5.743 -8.549 -6.484
3 16 5.743 -8.549 -6.484 3.988 -7.723 -6.948 5.577 -6.367 -6.948
3 16 6.796 -2.5 -8.293 6.732 -2.5 -7.425 6.356 -4.46 -7.857
3 16 7.308 -2.5 -6.711 6.646 -4.566 -6.948 6.732 -2.5 -7.425
3 16 6.732 -2.5 -7.425 6.646 -4.566 -6.948 6.356 -4.46 -7.857
3 16 8.454 -2.5 -6.494 7.983 -5.13 -6.496 6.646 -4.566 -6.948
3 16 6.646 -4.566 -6.948 7.308 -2.5 -6.711 8.454 -2.5 -6.494
3 16 5.743 -8.549 -6.484 4.605 -10.271 -5.013 3.211 -9.955 -6.481
3 16 4.605 -10.271 -5.013 2.647 -10.77 -5.427 3.211 -9.955 -6.481
4 16 8.374 -5.459 -5.526 7.438 -8.015 -4.618 6.667 -7.424 -6.488 7.983 -5.13 -6.496
3 16 8.374 -5.459 -5.526 7.983 -5.13 -6.496 8.543 -4.055 -5.936
3 16 7.983 -5.13 -6.496 8.454 -2.5 -6.494 8.543 -4.055 -5.936
3 16 8.454 -2.5 -6.494 8.632 -2.5 -6.098 8.543 -4.055 -5.936
3 16 9.755 -3.882 -0.477 9.812 -2.5 -0.562 10.618 -3.272 -0.219
4 16 10.981 -2.5 -0.054 10.618 -3.272 -0.219 9.812 -2.5 -0.562 9.812 -1.625 -0.562
3 16 11.017 -1.625 -0.031 10.981 -2.5 -0.054 9.812 -1.625 -0.562
4 16 9.764 -1.625 -1.415 9.728 0 -1.792 9.821 0 0.01 9.812 -1.625 -0.562
4 16 9.764 -2.5 -1.415 9.764 -1.625 -1.415 9.812 -1.625 -0.562 9.812 -2.5 -0.562
3 16 9.6 -5.157 0.01 9.631 -4.394 -1.585 9.755 -3.882 -0.477
3 16 9.631 -4.394 -1.585 9.764 -2.5 -1.415 9.755 -3.882 -0.477
3 16 9.764 -2.5 -1.415 9.812 -2.5 -0.562 9.755 -3.882 -0.477
3 16 9.392 -5.427 -2.142 9.631 -4.394 -1.585 9.6 -5.157 0.01
3 16 10.104 -4.934 -2.279 9.631 -4.394 -1.585 9.392 -5.427 -2.142
3 16 10.104 -4.934 -2.279 11.097 -3.795 -2.572 9.631 -4.394 -1.585
3 16 10.45 -3.496 -1.946 9.631 -4.394 -1.585 11.097 -3.795 -2.572
4 16 9.311 -6.451 0.01 8.267 -8.571 0.01 7.93 -8.556 -2.215 9.002 -6.076 -3.26
3 16 9.311 -6.451 0.01 9.002 -6.076 -3.26 9.392 -5.427 -2.142
3 16 8.543 -4.055 -5.936 8.495 -5.249 -5.401 8.374 -5.459 -5.526
4 16 8.644 -5.96 -4.5 9.002 -6.076 -3.26 7.93 -8.556 -2.215 7.438 -8.015 -4.618
3 16 8.495 -5.249 -5.401 8.644 -5.96 -4.5 8.374 -5.459 -5.526
3 16 8.374 -5.459 -5.526 8.644 -5.96 -4.5 7.438 -8.015 -4.618
3 16 10.363 -5.328 -3.544 10.104 -4.934 -2.279 9.002 -6.076 -3.26
3 16 9.002 -6.076 -3.26 10.104 -4.934 -2.279 9.392 -5.427 -2.142
4 16 5.912 -10.776 -1.611 7.93 -8.556 -2.215 8.267 -8.571 0.01 6.184 -10.728 0.01
3 16 5.912 -10.776 -1.611 4.965 -10.941 -3.011 7.438 -8.015 -4.618
3 16 7.438 -8.015 -4.618 7.93 -8.556 -2.215 5.912 -10.776 -1.611
3 16 5.912 -10.776 -1.611 6.184 -10.728 0.01 4.109 -11.59 0.01
3 16 4.109 -11.59 0.01 3.93 -11.596 -1.097 5.912 -10.776 -1.611
3 16 4.965 -10.941 -3.011 5.912 -10.776 -1.611 3.93 -11.596 -1.097
3 16 3.93 -11.596 -1.097 3.396 -11.623 -2.091 4.965 -10.941 -3.011
3 16 6.184 -10.728 0.01 5.963 -10.604 2.173 3.738 -11.632 1.407
3 16 3.738 -11.632 1.407 4.109 -11.59 0.01 6.184 -10.728 0.01
3 16 8.267 -8.571 0.01 7.791 -8.659 2.807 6.184 -10.728 0.01
3 16 5.963 -10.604 2.173 6.184 -10.728 0.01 7.791 -8.659 2.807
4 16 8.267 -8.571 0.01 9.311 -6.451 0.01 8.667 -6.755 3.163 7.791 -8.659 2.807
3 16 9.392 -5.427 -2.142 9.6 -5.157 0.01 9.311 -6.451 0.01
3 16 9.311 -6.451 0.01 9.6 -5.157 0.01 9.395 -5.922 0.997
4 16 8.667 -6.755 3.163 9.311 -6.451 0.01 9.395 -5.922 0.997 9.146 -5.998 2.324
3 16 10.732 -5.057 0.964 9.6 -5.157 0.01 10.31 -4.462 -0.059
3 16 9.6 -5.157 0.01 9.755 -3.882 -0.477 10.31 -4.462 -0.059
3 16 9.755 -3.882 -0.477 10.618 -3.272 -0.219 10.31 -4.462 -0.059
4 16 8.644 -5.96 -4.5 9.985 -5.163 -5.001 10.363 -5.328 -3.544 9.002 -6.076 -3.26
3 16 8.644 -5.96 -4.5 8.495 -5.249 -5.401 9.985 -5.163 -5.001
3 16 9.985 -5.163 -5.001 8.495 -5.249 -5.401 9.219 -4.57 -5.782
3 16 9.219 -4.57 -5.782 8.495 -5.249 -5.401 8.543 -4.055 -5.936
3 16 6.667 -7.424 -6.488 7.438 -8.015 -4.618 5.743 -8.549 -6.484
4 16 4.605 -10.271 -5.013 5.743 -8.549 -6.484 7.438 -8.015 -4.618 4.965 -10.941 -3.011
3 16 3.396 -11.623 -2.091 2.893 -11.626 -2.677 4.965 -10.941 -3.011
3 16 4.965 -10.941 -3.011 2.893 -11.626 -2.677 2.647 -10.77 -5.427
3 16 9.936 -2.5 -6.089 9.484 -3.317 -6.093 8.632 -2.5 -6.098
3 16 8.632 -2.5 -6.098 9.484 -3.317 -6.093 8.543 -4.055 -5.936
3 16 8.543 -4.055 -5.936 9.484 -3.317 -6.093 9.219 -4.57 -5.782
3 16 2.647 -10.77 -5.427 4.605 -10.271 -5.013 4.965 -10.941 -3.011
3 16 2.647 -10.77 -5.427 2.893 -11.626 -2.677 1.782 -11.587 -3.639
3 16 8.632 -2.5 -6.098 8.639 -1.625 -6.083 9.936 -2.5 -6.089
3 16 9.936 -2.5 -6.089 8.639 -1.625 -6.083 9.954 -1.625 -6.087
4 16 9.368 -1.625 -3.892 9.764 -1.625 -1.415 11.028 -1.625 -2.319 11.638 -1.625 -5.089
4 16 9.954 -1.625 -6.087 8.639 -1.625 -6.083 9.368 -1.625 -3.892 11.112 -1.625 -5.661
3 16 11.112 -1.625 -5.661 9.368 -1.625 -3.892 11.638 -1.625 -5.089
4 16 11.905 -1.625 -4.334 11.638 -1.625 -5.089 11.028 -1.625 -2.319 11.796 -1.625 -3.306
3 16 11.913 -1.625 0.83 11.877 -2.5 0.774 11.017 -1.625 -0.031
3 16 10.981 -2.5 -0.054 11.017 -1.625 -0.031 11.877 -2.5 0.774
3 16 11.877 -2.5 0.774 11.913 -1.625 0.83 12.147 -2.5 1.442
3 16 12.076 -2.5 2.469 12.147 -2.5 1.442 12.105 -1.625 2.366
3 16 12.147 -2.5 1.442 11.913 -1.625 0.83 12.105 -1.625 2.366
3 16 12.105 -1.625 2.366 11.552 -1.625 3.34 12.076 -2.5 2.469
3 16 12.076 -2.5 2.469 11.552 -1.625 3.34 11.469 -2.5 3.412
4 16 11.469 -2.5 3.412 11.552 -1.625 3.34 10.52 -1.625 3.848 10.665 -2.5 3.808
4 16 9.621 -1.625 2.101 9.017 -1.625 4.152 10.52 -1.625 3.848 11.552 -1.625 3.34
4 16 9.621 -1.625 2.101 11.552 -1.625 3.34 12.105 -1.625 2.366 11.913 -1.625 0.83
4 16 11.017 -1.625 -0.031 9.812 -1.625 -0.562 9.621 -1.625 2.101 11.913 -1.625 0.83
4 16 9.017 -2.5 4.152 10.665 -2.5 3.808 10.52 -1.625 3.848 9.017 -1.625 4.152
3 16 11.877 -2.5 0.774 11.308 -3.561 0.304 10.981 -2.5 -0.054
3 16 10.618 -3.272 -0.219 10.981 -2.5 -0.054 11.308 -3.561 0.304
3 16 11.308 -3.561 0.304 11.877 -2.5 0.774 11.767 -3.876 1.354
3 16 11.767 -3.876 1.354 11.877 -2.5 0.774 12.147 -2.5 1.442
3 16 11.537 -3.962 2.702 11.767 -3.876 1.354 12.076 -2.5 2.469
3 16 11.767 -3.876 1.354 12.147 -2.5 1.442 12.076 -2.5 2.469
3 16 10.717 -3.752 3.637 11.537 -3.962 2.702 11.469 -2.5 3.412
3 16 11.537 -3.962 2.702 12.076 -2.5 2.469 11.469 -2.5 3.412
3 16 11.469 -2.5 3.412 10.665 -2.5 3.808 10.717 -3.752 3.637
3 16 10.717 -3.752 3.637 10.665 -2.5 3.808 9.86 -3.466 3.953
3 16 8.952 -4.305 3.974 9.86 -3.466 3.953 9.017 -2.5 4.152
3 16 9.017 -2.5 4.152 9.86 -3.466 3.953 10.665 -2.5 3.808
3 16 9.402 0 3.02 8.218 0 5.748 9.017 -1.625 4.152
4 16 8.527 -4.031 4.987 8.952 -4.305 3.974 9.017 -2.5 4.152 8.664 -2.5 4.942
4 16 8.664 -2.5 4.942 9.017 -2.5 4.152 9.017 -1.625 4.152 8.664 -1.625 4.942
3 16 9.017 -1.625 4.152 8.218 0 5.748 8.664 -1.625 4.942
3 16 8.664 -1.625 4.942 8.218 0 5.748 8.24 -1.625 5.712
3 16 9.395 -5.922 0.997 9.6 -5.157 0.01 10.732 -5.057 0.964
3 16 10.732 -5.057 0.964 10.488 -5.234 2.484 9.395 -5.922 0.997
3 16 9.395 -5.922 0.997 10.488 -5.234 2.484 9.146 -5.998 2.324
3 16 10.488 -5.234 2.484 9.696 -4.843 3.547 9.146 -5.998 2.324
3 16 9.696 -4.843 3.547 8.983 -5.382 3.372 9.146 -5.998 2.324
3 16 8.952 -4.305 3.974 8.983 -5.382 3.372 9.696 -4.843 3.547
4 16 8.667 -6.755 3.163 7.992 -5.437 5.416 7.107 -6.131 6.291 6.469 -8.21 5.587
4 16 7.992 -5.437 5.416 8.983 -5.382 3.372 8.952 -4.305 3.974 8.527 -4.031 4.987
3 16 8.667 -6.755 3.163 9.146 -5.998 2.324 8.983 -5.382 3.372
3 16 8.983 -5.382 3.372 7.992 -5.437 5.416 8.667 -6.755 3.163
3 16 9.696 -4.843 3.547 10.717 -3.752 3.637 8.952 -4.305 3.974
3 16 9.86 -3.466 3.953 8.952 -4.305 3.974 10.717 -3.752 3.637
4 16 9.696 -4.843 3.547 10.488 -5.234 2.484 11.537 -3.962 2.702 10.717 -3.752 3.637
3 16 10.732 -5.057 0.964 11.767 -3.876 1.354 10.488 -5.234 2.484
3 16 11.537 -3.962 2.702 10.488 -5.234 2.484 11.767 -3.876 1.354
3 16 11.767 -3.876 1.354 10.732 -5.057 0.964 11.308 -3.561 0.304
3 16 10.732 -5.057 0.964 10.31 -4.462 -0.059 11.308 -3.561 0.304
3 16 10.618 -3.272 -0.219 11.308 -3.561 0.304 10.31 -4.462 -0.059
4 16 6.971 -3.688 9.083 7.26 -2.5 9.236 5.249 -2.5 8.665 5.195 -3.522 8.599
3 16 6.971 -3.688 9.083 5.195 -3.522 8.599 5.794 -4.344 8.617
3 16 6.577 -5.026 8.48 5.794 -4.344 8.617 5.62 -5.461 7.87
3 16 5.794 -4.344 8.617 5.195 -3.522 8.599 5.62 -5.461 7.87
3 16 6.505 -6.148 6.905 5.62 -5.461 7.87 4.274 -6.656 8.177
3 16 4.677 -2.5 8.975 4.274 -6.656 8.177 5.195 -3.522 8.599
3 16 5.195 -3.522 8.599 4.274 -6.656 8.177 5.62 -5.461 7.87
3 16 5.249 -2.5 8.665 4.677 -2.5 8.975 5.195 -3.522 8.599
4 16 6.505 -6.148 6.905 7.709 -5.453 7.878 6.577 -5.026 8.48 5.62 -5.461 7.87
4 16 6.469 -8.21 5.587 6.505 -6.148 6.905 4.274 -6.656 8.177 3.81 -8.562 7.286
3 16 7.107 -6.131 6.291 6.505 -6.148 6.905 6.469 -8.21 5.587
3 16 8.622 -5.29 6.664 7.709 -5.453 7.878 7.107 -6.131 6.291
3 16 7.709 -5.453 7.878 6.505 -6.148 6.905 7.107 -6.131 6.291
3 16 6.469 -8.21 5.587 7.791 -8.659 2.807 8.667 -6.755 3.163
3 16 6.469 -8.21 5.587 3.81 -8.562 7.286 4.919 -10.462 4.295
3 16 4.919 -10.462 4.295 3.81 -8.562 7.286 2.903 -10.573 5.623
3 16 7.791 -8.659 2.807 6.469 -8.21 5.587 4.919 -10.462 4.295
3 16 4.919 -10.462 4.295 5.963 -10.604 2.173 7.791 -8.659 2.807
4 16 3.016 -11.623 2.674 4.919 -10.462 4.295 2.903 -10.573 5.623 1.84 -11.636 3.548
3 16 5.963 -10.604 2.173 4.919 -10.462 4.295 3.016 -11.623 2.674
3 16 3.016 -11.623 2.674 3.738 -11.632 1.407 5.963 -10.604 2.173
3 16 8.772 -4.669 5.588 8.622 -5.29 6.664 7.992 -5.437 5.416
3 16 8.622 -5.29 6.664 7.107 -6.131 6.291 7.992 -5.437 5.416
3 16 8.527 -4.031 4.987 8.772 -4.669 5.588 7.992 -5.437 5.416
3 16 8.527 -4.031 4.987 9.283 -3.381 5.678 8.772 -4.669 5.588
3 16 9.605 -2.5 6.086 9.283 -3.381 5.678 8.664 -2.5 4.942
3 16 9.283 -3.381 5.678 8.527 -4.031 4.987 8.664 -2.5 4.942
3 16 9.977 -2.5 7.182 9.668 -3.756 6.601 9.605 -2.5 6.086
3 16 9.605 -2.5 6.086 9.668 -3.756 6.601 9.283 -3.381 5.678
3 16 8.772 -4.669 5.588 9.283 -3.381 5.678 9.668 -3.756 6.601
3 16 9.668 -3.756 6.601 9.977 -2.5 7.182 9.33 -4.091 7.966
3 16 9.754 -2.5 8.229 9.33 -4.091 7.966 9.977 -2.5 7.182
3 16 9.33 -4.091 7.966 8.622 -5.29 6.664 9.668 -3.756 6.601
3 16 9.668 -3.756 6.601 8.622 -5.29 6.664 8.772 -4.669 5.588
3 16 8.191 -2.5 9.334 8.149 -4.033 8.985 9.239 -2.5 8.874
3 16 8.149 -4.033 8.985 9.33 -4.091 7.966 9.239 -2.5 8.874
3 16 9.239 -2.5 8.874 9.33 -4.091 7.966 9.754 -2.5 8.229
3 16 8.622 -5.29 6.664 9.33 -4.091 7.966 7.709 -5.453 7.878
3 16 9.33 -4.091 7.966 8.149 -4.033 8.985 7.709 -5.453 7.878
3 16 8.149 -4.033 8.985 8.191 -2.5 9.334 6.971 -3.688 9.083
3 16 6.971 -3.688 9.083 8.191 -2.5 9.334 7.26 -2.5 9.236
3 16 8.149 -4.033 8.985 6.971 -3.688 9.083 6.577 -5.026 8.48
3 16 6.577 -5.026 8.48 6.971 -3.688 9.083 5.794 -4.344 8.617
3 16 6.577 -5.026 8.48 7.709 -5.453 7.878 8.149 -4.033 8.985
4 16 9.764 -2.5 -1.415 11.122 -2.5 -2.395 11.028 -1.625 -2.319 9.764 -1.625 -1.415
4 16 11.796 -1.625 -3.306 11.028 -1.625 -2.319 11.122 -2.5 -2.395 11.789 -2.5 -3.246
4 16 11.796 -1.625 -3.306 11.789 -2.5 -3.246 11.899 -2.5 -4.33 11.905 -1.625 -4.334
4 16 11.905 -1.625 -4.334 11.899 -2.5 -4.33 11.605 -2.5 -5.143 11.638 -1.625 -5.089
3 16 11.638 -1.625 -5.089 11.605 -2.5 -5.143 11.112 -1.625 -5.661
3 16 11.605 -2.5 -5.143 11.098 -2.5 -5.671 11.112 -1.625 -5.661
4 16 9.954 -1.625 -6.087 11.112 -1.625 -5.661 11.098 -2.5 -5.671 9.936 -2.5 -6.089
3 16 11.098 -2.5 -5.671 10.327 -3.622 -5.89 9.936 -2.5 -6.089
3 16 9.484 -3.317 -6.093 9.936 -2.5 -6.089 10.327 -3.622 -5.89
3 16 10.327 -3.622 -5.89 11.098 -2.5 -5.671 11.168 -3.945 -5.086
3 16 11.168 -3.945 -5.086 11.098 -2.5 -5.671 11.605 -2.5 -5.143
3 16 11.485 -4.021 -3.745 11.168 -3.945 -5.086 11.899 -2.5 -4.33
3 16 11.168 -3.945 -5.086 11.605 -2.5 -5.143 11.899 -2.5 -4.33
3 16 11.097 -3.795 -2.572 11.485 -4.021 -3.745 11.789 -2.5 -3.246
3 16 11.485 -4.021 -3.745 11.899 -2.5 -4.33 11.789 -2.5 -3.246
3 16 11.097 -3.795 -2.572 11.789 -2.5 -3.246 11.122 -2.5 -2.395
3 16 11.122 -2.5 -2.395 10.45 -3.496 -1.946 11.097 -3.795 -2.572
3 16 11.122 -2.5 -2.395 9.764 -2.5 -1.415 10.45 -3.496 -1.946
3 16 9.764 -2.5 -1.415 9.631 -4.394 -1.585 10.45 -3.496 -1.946
3 16 9.219 -4.57 -5.782 9.484 -3.317 -6.093 10.327 -3.622 -5.89
3 16 11.168 -3.945 -5.086 9.985 -5.163 -5.001 10.327 -3.622 -5.89
3 16 10.327 -3.622 -5.89 9.985 -5.163 -5.001 9.219 -4.57 -5.782
3 16 9.985 -5.163 -5.001 11.168 -3.945 -5.086 10.363 -5.328 -3.544
3 16 10.363 -5.328 -3.544 11.168 -3.945 -5.086 11.485 -4.021 -3.745
3 16 10.363 -5.328 -3.544 11.485 -4.021 -3.745 10.104 -4.934 -2.279
3 16 10.104 -4.934 -2.279 11.485 -4.021 -3.745 11.097 -3.795 -2.572
2 24 6.258 0 7.975 3.993 0 9.283
2 24 6.225 -1.625 8.001 6.258 0 7.975
2 24 5.249 -1.625 8.665 6.225 -1.625 8.001
2 24 5.249 -2.5 8.665 5.249 -1.625 8.665
2 24 6.225 -1.625 8.001 7.241 -1.625 7.8
2 24 7.246 0 7.765 6.258 0 7.975
2 24 7.127 -1.625 9.203 5.249 -1.625 8.665
2 24 1.2 0 10.008 1.194 -2.5 10.009
2 24 3.993 0 9.283 1.2 0 10.008
2 24 2.396 0 -12.261 0 0 -12.69
2 24 4.852 0 -10.952 2.396 0 -12.261
2 24 0 0 9.112 0.706 0 9.325
2 24 0.706 0 9.325 1.2 0 10.008
2 24 7.246 0 7.765 7.981 0 7.076
2 24 7.981 0 7.076 8.218 0 5.748
2 24 8.218 0 5.748 9.402 0 3.02
2 24 9.402 0 3.02 9.715 0 1.542
2 24 9.715 0 1.542 9.821 0 0.01
2 24 9.821 0 0.01 9.728 0 -1.792
2 24 9.728 0 -1.792 9.461 0 -3.486
2 24 9.461 0 -3.486 8.455 0 -6.493
2 24 8.455 0 -6.493 7.288 0 -6.708
2 24 7.288 0 -6.708 6.718 0 -7.409
2 24 7.091 0 -8.742 4.852 0 -10.952
2 24 6.777 0 -8.298 7.091 0 -8.742
2 24 6.718 0 -7.409 6.777 0 -8.298
2 24 8.664 -2.5 4.942 8.664 -1.625 4.942
2 24 8.664 -1.625 4.942 9.524 -1.625 5.951
2 24 8.664 -1.625 4.942 8.24 -1.625 5.712
2 24 8.24 -1.625 5.712 7.999 -1.625 7.1
2 24 7.127 -1.625 9.203 8.141 -1.625 9.337
2 24 8.141 -1.625 9.337 9.255 -1.625 8.859
2 24 7.999 -1.625 7.1 7.241 -1.625 7.8
2 24 9.255 -1.625 8.859 9.758 -1.625 8.222
2 24 9.758 -1.625 8.222 9.966 -1.625 7.084
2 24 9.966 -1.625 7.084 9.524 -1.625 5.951
2 24 8.24 -1.625 5.712 8.218 0 5.748
2 24 7.091 0 -8.742 7.099 -2.5 -8.731
2 24 8.455 0 -6.493 8.454 -2.5 -6.494
2 24 9.368 -1.625 -3.892 8.639 -1.625 -6.083
2 24 8.639 -1.625 -6.083 8.632 -2.5 -6.098
2 24 9.764 -1.625 -1.415 9.368 -1.625 -3.892
2 24 9.621 -1.625 2.101 9.812 -1.625 -0.562
2 24 9.017 -1.625 4.152 9.621 -1.625 2.101
2 24 1.076 -11.609 -3.844 0.765 -11.7 -1.848
2 24 0.765 -11.7 1.848 1.131 -11.593 3.95
2 24 1.14 -10.44 -6.478 1.128 -11.066 -5.398
2 24 0.809 -9.874 -6.509 1.14 -10.44 -6.478
2 24 1.128 -11.066 -5.398 1.076 -11.609 -3.844
2 24 0 -9.555 -6.527 0.809 -9.874 -6.509
2 24 3.211 -9.955 -6.481 1.14 -10.44 -6.478
2 24 1.159 -6.244 9.229 1.194 -2.5 10.009
2 24 1.182 -8.376 8.168 1.159 -6.244 9.229
2 24 1.202 -10.523 6.246 1.182 -8.376 8.168
2 24 1.131 -11.593 3.95 1.202 -10.523 6.246
2 24 0 -8.787 -8.7 2.179 -8.506 -8.661
2 24 7.099 -2.5 -8.731 6.814 -4.095 -8.662
2 24 6.814 -4.095 -8.662 5.943 -5.922 -8.621
2 24 5.943 -5.922 -8.621 4.563 -7.354 -8.62
2 24 4.563 -7.354 -8.62 2.179 -8.506 -8.661
2 24 5.743 -8.549 -6.484 3.211 -9.955 -6.481
2 24 7.983 -5.13 -6.496 6.667 -7.424 -6.488
2 24 6.667 -7.424 -6.488 5.743 -8.549 -6.484
2 24 8.454 -2.5 -6.494 7.983 -5.13 -6.496
2 24 8.632 -2.5 -6.098 8.543 -4.055 -5.936
2 24 9.755 -3.882 -0.477 9.812 -2.5 -0.562
2 24 9.812 -1.625 -0.562 11.017 -1.625 -0.031
2 24 9.812 -2.5 -0.562 9.812 -1.625 -0.562
2 24 9.764 -2.5 -1.415 9.764 -1.625 -1.415
2 24 9.755 -3.882 -0.477 9.6 -5.157 0.01
2 24 9.631 -4.394 -1.585 9.764 -2.5 -1.415
2 24 9.392 -5.427 -2.142 9.631 -4.394 -1.585
2 24 9.002 -6.076 -3.26 9.392 -5.427 -2.142
2 24 8.543 -4.055 -5.936 8.495 -5.249 -5.401
2 24 8.644 -5.96 -4.5 9.002 -6.076 -3.26
2 24 8.495 -5.249 -5.401 8.644 -5.96 -4.5
2 24 9.6 -5.157 0.01 9.395 -5.922 0.997
2 24 9.395 -5.922 0.997 9.146 -5.998 2.324
2 24 8.639 -1.625 -6.083 9.954 -1.625 -6.087
2 24 9.764 -1.625 -1.415 11.028 -1.625 -2.319
2 24 11.112 -1.625 -5.661 9.954 -1.625 -6.087
2 24 11.638 -1.625 -5.089 11.112 -1.625 -5.661
2 24 11.905 -1.625 -4.334 11.638 -1.625 -5.089
2 24 11.028 -1.625 -2.319 11.796 -1.625 -3.306
2 24 11.796 -1.625 -3.306 11.905 -1.625 -4.334
2 24 11.017 -1.625 -0.031 11.913 -1.625 0.83
2 24 11.913 -1.625 0.83 12.105 -1.625 2.366
2 24 12.105 -1.625 2.366 11.552 -1.625 3.34
2 24 11.552 -1.625 3.34 10.52 -1.625 3.848
2 24 9.017 -1.625 4.152 10.52 -1.625 3.848
2 24 9.017 -1.625 4.152 9.017 -2.5 4.152
2 24 9.017 -2.5 4.152 8.952 -4.305 3.974
2 24 8.664 -2.5 4.942 8.527 -4.031 4.987
2 24 8.983 -5.382 3.372 9.146 -5.998 2.324
2 24 8.952 -4.305 3.974 8.983 -5.382 3.372
2 24 7.992 -5.437 5.416 7.107 -6.131 6.291
2 24 8.527 -4.031 4.987 7.992 -5.437 5.416
2 24 5.249 -2.5 8.665 5.195 -3.522 8.599
2 24 5.195 -3.522 8.599 5.62 -5.461 7.87
2 24 6.505 -6.148 6.905 5.62 -5.461 7.87
2 24 7.107 -6.131 6.291 6.505 -6.148 6.905
3 16 3.396 -11.623 -2.091 1.848 -11.7 -0.765 1.414 -11.7 -1.414
3 16 3.396 -11.623 -2.091 1.414 -11.7 -1.414 0.765 -11.7 -1.848
4 16 7.246 0 7.765 7.981 0 7.076 8.218 0 5.748 6.258 0 7.975
4 16 6.258 0 7.975 8.218 0 5.748 5.657 0 5.657 3.062 0 7.391
4 16 3.993 0 9.283 6.258 0 7.975 3.062 0 7.391 1.2 0 10.008
4 16 0 0 8 0 0 9.112 0.706 0 9.325 3.062 0 7.391
4 16 8.218 0 5.748 9.402 0 3.02 7.391 0 3.062 5.657 0 5.657
4 16 7.391 0 3.062 9.402 0 3.02 9.715 0 1.542 8 0 0
4 16 8 0 0 9.715 0 1.542 9.821 0 0.01 9.728 0 -1.792
4 16 8 0 0 9.728 0 -1.792 9.461 0 -3.486 7.391 0 -3.062
4 16 7.391 0 -3.062 9.461 0 -3.486 8.455 0 -6.493 7.288 0 -6.708
4 16 5.657 0 -5.657 7.391 0 -3.062 7.288 0 -6.708 6.718 0 -7.409
4 16 5.657 0 -5.657 6.718 0 -7.409 6.777 0 -8.298 3.062 0 -7.391
4 16 6.777 0 -8.298 7.091 0 -8.742 4.852 0 -10.952 3.062 0 -7.391
4 16 0 0 -8 3.062 0 -7.391 4.852 0 -10.952 2.396 0 -12.261
3 16 0.706 0 9.325 1.2 0 10.008 3.062 0 7.391
3 16 0 0 -12.69 0 0 -8 2.396 0 -12.261
0 // Added lines/Condlines
5 24 3.993 0 9.283 5.249 -1.625 8.665 6.258 0 7.975 5.249 -2.5 8.665
5 24 5.249 -1.625 8.665 6.258 0 7.975 3.993 0 9.283 6.225 -1.625 8.001
5 24 4.677 -2.5 8.975 5.249 -2.5 8.665 3.993 0 9.283 5.195 -3.522 8.599
5 24 5.249 -2.5 8.665 3.993 0 9.283 4.677 -2.5 8.975 5.249 -1.625 8.665
5 24 3.993 0 9.283 4.677 -2.5 8.975 5.249 -2.5 8.665 1.194 -2.5 10.009
5 24 7.241 -1.625 7.8 6.258 0 7.975 6.225 -1.625 8.001 7.246 0 7.765
5 24 7.241 -1.625 7.8 7.246 0 7.765 6.258 0 7.975 7.999 -1.625 7.1
5 24 7.26 -2.5 9.236 7.127 -1.625 9.203 5.249 -2.5 8.665 8.141 -1.625 9.337
5 24 5.249 -2.5 8.665 7.26 -2.5 9.236 7.127 -1.625 9.203 6.971 -3.688 9.083
5 24 3.993 0 9.283 1.194 -2.5 10.009 4.677 -2.5 8.975 1.2 0 10.008
5 24 1.194 -2.5 10.009 4.677 -2.5 8.975 3.993 0 9.283 4.274 -6.656 8.177
5 24 8.664 -1.625 4.942 9.605 -2.5 6.086 8.664 -2.5 4.942 9.524 -1.625 5.951
5 24 9.605 -2.5 6.086 8.664 -2.5 4.942 8.664 -1.625 4.942 9.283 -3.381 5.678
5 24 9.524 -1.625 5.951 9.605 -2.5 6.086 8.664 -1.625 4.942 9.966 -1.625 7.084
5 24 9.966 -1.625 7.084 9.605 -2.5 6.086 9.524 -1.625 5.951 9.977 -2.5 7.182
5 24 9.966 -1.625 7.084 9.977 -2.5 7.182 9.605 -2.5 6.086 9.758 -1.625 8.222
5 24 9.977 -2.5 7.182 9.605 -2.5 6.086 9.966 -1.625 7.084 9.668 -3.756 6.601
5 24 9.758 -1.625 8.222 9.977 -2.5 7.182 9.966 -1.625 7.084 9.754 -2.5 8.229
5 24 9.758 -1.625 8.222 9.754 -2.5 8.229 9.977 -2.5 7.182 9.255 -1.625 8.859
5 24 9.754 -2.5 8.229 9.977 -2.5 7.182 9.758 -1.625 8.222 9.33 -4.091 7.966
5 24 9.255 -1.625 8.859 9.239 -2.5 8.874 9.754 -2.5 8.229 8.191 -2.5 9.334
5 24 9.239 -2.5 8.874 9.754 -2.5 8.229 9.255 -1.625 8.859 9.33 -4.091 7.966
5 24 8.141 -1.625 9.337 8.191 -2.5 9.334 9.255 -1.625 8.859 7.26 -2.5 9.236
5 24 8.191 -2.5 9.334 9.239 -2.5 8.874 9.255 -1.625 8.859 8.149 -4.033 8.985
5 24 7.26 -2.5 9.236 8.141 -1.625 9.337 7.127 -1.625 9.203 8.191 -2.5 9.334
5 24 7.26 -2.5 9.236 8.191 -2.5 9.334 8.141 -1.625 9.337 6.971 -3.688 9.083
5 24 7.999 -1.625 7.1 7.981 0 7.076 7.246 0 7.765 8.24 -1.625 5.712
5 24 0.706 0 9.325 0.744 -2.5 9.374 1.2 0 10.008 0 -2.5 9.129
5 24 0.744 -2.5 9.374 1.194 -2.5 10.009 1.2 0 10.008 1.159 -6.244 9.229
5 24 0.706 0 9.325 0 -2.5 9.129 0.744 -2.5 9.374 0 0 9.112
5 24 0 -2.5 9.129 0.744 -2.5 9.374 0.706 0 9.325 0 -5.553 8.645
5 24 0.744 -5.679 8.861 0.744 -2.5 9.374 0 -5.553 8.645 1.159 -6.244 9.229
5 24 0 -5.553 8.645 0.744 -5.679 8.861 0.744 -2.5 9.374 0 -8.304 7.229
5 24 2.396 0 -12.261 2.518 -2.5 -12.214 0 0 -12.69 4.986 -2.5 -10.849
5 24 2.518 -2.5 -12.214 0 -2.5 -12.69 0 0 -12.69 2.589 -5.113 -11.223
5 24 4.852 0 -10.952 4.986 -2.5 -10.849 2.396 0 -12.261 7.099 -2.5 -8.731
5 24 4.986 -2.5 -10.849 2.396 0 -12.261 4.852 0 -10.952 2.518 -2.5 -12.214
5 24 4.986 -2.5 -10.849 2.518 -2.5 -12.214 2.396 0 -12.261 4.973 -5.05 -9.968
5 24 7.099 -2.5 -8.731 4.986 -2.5 -10.849 4.852 0 -10.952 6.814 -4.095 -8.662
5 24 6.777 0 -8.298 6.796 -2.5 -8.293 7.099 -2.5 -8.731 6.718 0 -7.409
5 24 6.796 -2.5 -8.293 7.099 -2.5 -8.731 6.777 0 -8.298 6.814 -4.095 -8.662
5 24 6.718 0 -7.409 6.732 -2.5 -7.425 6.796 -2.5 -8.293 7.288 0 -6.708
5 24 6.732 -2.5 -7.425 6.796 -2.5 -8.293 6.718 0 -7.409 6.356 -4.46 -7.857
5 24 7.308 -2.5 -6.711 6.732 -2.5 -7.425 7.288 0 -6.708 6.646 -4.566 -6.948
5 24 7.288 0 -6.708 7.308 -2.5 -6.711 6.732 -2.5 -7.425 8.454 -2.5 -6.494
5 24 8.454 -2.5 -6.494 7.308 -2.5 -6.711 7.288 0 -6.708 6.646 -4.566 -6.948
5 24 8.639 -1.625 -6.083 8.455 0 -6.493 9.461 0 -3.486 8.454 -2.5 -6.494
5 24 9.461 0 -3.486 9.368 -1.625 -3.892 8.639 -1.625 -6.083 9.764 -1.625 -1.415
5 24 8.632 -2.5 -6.098 8.454 -2.5 -6.494 8.639 -1.625 -6.083 8.543 -4.055 -5.936
5 24 9.728 0 -1.792 9.764 -1.625 -1.415 9.461 0 -3.486 9.821 0 0.01
5 24 9.715 0 1.542 9.621 -1.625 2.101 9.812 -1.625 -0.562 9.402 0 3.02
5 24 9.812 -1.625 -0.562 9.821 0 0.01 9.715 0 1.542 9.764 -1.625 -1.415
5 24 9.621 -1.625 2.101 9.402 0 3.02 9.017 -1.625 4.152 9.715 0 1.542
5 24 9.402 0 3.02 9.017 -1.625 4.152 9.621 -1.625 2.101 8.218 0 5.748
5 24 1.848 -11.7 -0.765 3.396 -11.623 -2.091 2 -11.7 0 1.414 -11.7 -1.414
5 24 3.396 -11.623 -2.091 3.93 -11.596 -1.097 2 -11.7 0 4.965 -10.941 -3.011
5 24 3.93 -11.596 -1.097 2 -11.7 0 3.396 -11.623 -2.091 4.109 -11.59 0.01
5 24 3.93 -11.596 -1.097 4.109 -11.59 0.01 2 -11.7 0 5.912 -10.776 -1.611
5 24 4.109 -11.59 0.01 2 -11.7 0 3.93 -11.596 -1.097 3.738 -11.632 1.407
5 24 4.109 -11.59 0.01 3.738 -11.632 1.407 2 -11.7 0 6.184 -10.728 0.01
5 24 3.738 -11.632 1.407 2 -11.7 0 4.109 -11.59 0.01 1.848 -11.7 0.765
5 24 3.738 -11.632 1.407 1.848 -11.7 0.765 2 -11.7 0 3.016 -11.623 2.674
5 24 0 -11.7 -2 0.431 -10.871 -4.328 0.765 -11.7 -1.848 0 -10.87 -4.327
5 24 0.431 -10.871 -4.328 0.765 -11.7 -1.848 0 -11.7 -2 1.076 -11.609 -3.844
5 24 0 -10.87 -4.327 0.431 -10.871 -4.328 0 -11.7 -2 0 -9.555 -6.527
5 24 0.431 -10.871 -4.328 1.076 -11.609 -3.844 0.765 -11.7 -1.848 1.128 -11.066 -5.398
5 24 3.396 -11.623 -2.091 0.765 -11.7 -1.848 2.893 -11.626 -2.677 1.414 -11.7 -1.414
5 24 0.765 -11.7 -1.848 2.893 -11.626 -2.677 3.396 -11.623 -2.091 1.782 -11.587 -3.639
5 24 2.893 -11.626 -2.677 3.396 -11.623 -2.091 0.765 -11.7 -1.848 4.965 -10.941 -3.011
5 24 0.765 -11.7 -1.848 1.782 -11.587 -3.639 2.893 -11.626 -2.677 1.076 -11.609 -3.844
5 24 1.782 -11.587 -3.639 2.893 -11.626 -2.677 0.765 -11.7 -1.848 2.647 -10.77 -5.427
5 24 1.076 -11.609 -3.844 1.782 -11.587 -3.639 0.765 -11.7 -1.848 1.128 -11.066 -5.398
5 24 0.765 -11.7 1.848 0.744 -10.649 4.897 0 -11.7 2 1.131 -11.593 3.95
5 24 0.744 -10.649 4.897 0 -11.7 2 0.765 -11.7 1.848 0 -10.358 4.914
5 24 0.744 -10.649 4.897 0 -10.358 4.914 0 -11.7 2 0.744 -8.539 7.356
5 24 1.131 -11.593 3.95 0.744 -10.649 4.897 0.765 -11.7 1.848 1.202 -10.523 6.246
5 24 0.765 -11.7 1.848 1.84 -11.636 3.548 1.131 -11.593 3.95 3.016 -11.623 2.674
5 24 1.84 -11.636 3.548 1.131 -11.593 3.95 0.765 -11.7 1.848 1.202 -10.523 6.246
5 24 3.738 -11.632 1.407 3.016 -11.623 2.674 1.848 -11.7 0.765 5.963 -10.604 2.173
5 24 3.016 -11.623 2.674 1.84 -11.636 3.548 0.765 -11.7 1.848 2.903 -10.573 5.623
5 24 1.128 -11.066 -5.398 0.809 -9.874 -6.509 1.14 -10.44 -6.478 0.431 -10.871 -4.328
5 24 1.128 -11.066 -5.398 0.431 -10.871 -4.328 0.809 -9.874 -6.509 1.076 -11.609 -3.844
5 24 0.431 -10.871 -4.328 0.809 -9.874 -6.509 1.128 -11.066 -5.398 0 -9.555 -6.527
5 24 2.647 -10.77 -5.427 1.782 -11.587 -3.639 1.128 -11.066 -5.398 2.893 -11.626 -2.677
5 24 1.782 -11.587 -3.639 1.128 -11.066 -5.398 2.647 -10.77 -5.427 1.076 -11.609 -3.844
5 24 1.128 -11.066 -5.398 2.647 -10.77 -5.427 1.782 -11.587 -3.639 1.14 -10.44 -6.478
5 24 0 -9.555 -6.527 0.431 -10.871 -4.328 0 -10.87 -4.327 0.809 -9.874 -6.509
5 24 0.809 -9.874 -6.509 3.211 -9.955 -6.481 1.14 -10.44 -6.478 2.05 -8.479 -6.948
5 24 0.809 -9.874 -6.509 2.05 -8.479 -6.948 3.211 -9.955 -6.481 0 -8.674 -6.967
5 24 2.05 -8.479 -6.948 3.211 -9.955 -6.481 0.809 -9.874 -6.509 3.988 -7.723 -6.948
5 24 0 -8.674 -6.967 0.809 -9.874 -6.509 0 -9.555 -6.527 2.05 -8.479 -6.948
5 24 0 -8.674 -6.967 2.05 -8.479 -6.948 0.809 -9.874 -6.509 0 -8.381 -7.857
5 24 3.211 -9.955 -6.481 2.647 -10.77 -5.427 1.14 -10.44 -6.478 4.605 -10.271 -5.013
5 24 2.647 -10.77 -5.427 1.14 -10.44 -6.478 3.211 -9.955 -6.481 1.128 -11.066 -5.398
5 24 0.744 -8.539 7.356 0.744 -5.679 8.861 0 -8.304 7.229 1.182 -8.376 8.168
5 24 0.744 -5.679 8.861 0 -8.304 7.229 0.744 -8.539 7.356 0 -5.553 8.645
5 24 0 -8.304 7.229 0.744 -8.539 7.356 0.744 -5.679 8.861 0 -10.358 4.914
5 24 0.744 -10.649 4.897 0.744 -8.539 7.356 0 -10.358 4.914 1.202 -10.523 6.246
5 24 0.744 -8.539 7.356 0 -10.358 4.914 0.744 -10.649 4.897 0 -8.304 7.229
5 24 0.744 -2.5 9.374 1.159 -6.244 9.229 1.194 -2.5 10.009 0.744 -5.679 8.861
5 24 0.744 -5.679 8.861 1.159 -6.244 9.229 0.744 -2.5 9.374 1.182 -8.376 8.168
5 24 0.744 -8.539 7.356 1.182 -8.376 8.168 0.744 -5.679 8.861 1.202 -10.523 6.246
5 24 1.182 -8.376 8.168 0.744 -5.679 8.861 0.744 -8.539 7.356 1.159 -6.244 9.229
5 24 0.744 -10.649 4.897 1.202 -10.523 6.246 0.744 -8.539 7.356 1.131 -11.593 3.95
5 24 1.202 -10.523 6.246 0.744 -8.539 7.356 0.744 -10.649 4.897 1.182 -8.376 8.168
5 24 1.159 -6.244 9.229 4.274 -6.656 8.177 1.194 -2.5 10.009 1.182 -8.376 8.168
5 24 4.274 -6.656 8.177 4.677 -2.5 8.975 1.194 -2.5 10.009 5.195 -3.522 8.599
5 24 1.182 -8.376 8.168 4.274 -6.656 8.177 1.159 -6.244 9.229 3.81 -8.562 7.286
5 24 1.182 -8.376 8.168 3.81 -8.562 7.286 4.274 -6.656 8.177 1.202 -10.523 6.246
5 24 3.81 -8.562 7.286 4.274 -6.656 8.177 1.182 -8.376 8.168 6.469 -8.21 5.587
5 24 1.202 -10.523 6.246 3.81 -8.562 7.286 1.182 -8.376 8.168 2.903 -10.573 5.623
5 24 1.202 -10.523 6.246 2.903 -10.573 5.623 3.81 -8.562 7.286 1.84 -11.636 3.548
5 24 2.903 -10.573 5.623 3.81 -8.562 7.286 1.202 -10.523 6.246 4.919 -10.462 4.295
5 24 1.202 -10.523 6.246 1.84 -11.636 3.548 2.903 -10.573 5.623 1.131 -11.593 3.95
5 24 1.84 -11.636 3.548 2.903 -10.573 5.623 1.202 -10.523 6.246 3.016 -11.623 2.674
5 24 1.979 -8.179 -7.857 2.05 -8.479 -6.948 0 -8.381 -7.857 3.988 -7.723 -6.948
5 24 0 -8.381 -7.857 1.979 -8.179 -7.857 2.05 -8.479 -6.948 0 -8.787 -8.7
5 24 0 -8.787 -8.7 1.979 -8.179 -7.857 0 -8.381 -7.857 2.179 -8.506 -8.661
5 24 2.179 -8.506 -8.661 1.979 -8.179 -7.857 0 -8.787 -8.7 3.829 -7.457 -7.857
5 24 0 -7.038 -10.353 2.326 -7.411 -9.656 2.179 -8.506 -8.661 0 -5.143 -11.687
5 24 2.326 -7.411 -9.656 2.179 -8.506 -8.661 0 -7.038 -10.353 4.563 -7.354 -8.62
5 24 2.589 -5.113 -11.223 2.326 -7.411 -9.656 0 -5.143 -11.687 4.563 -7.354 -8.62
5 24 0 -5.143 -11.687 2.589 -5.113 -11.223 2.326 -7.411 -9.656 0 -2.5 -12.69
5 24 2.518 -2.5 -12.214 2.589 -5.113 -11.223 0 -2.5 -12.69 4.973 -5.05 -9.968
5 24 6.814 -4.095 -8.662 4.986 -2.5 -10.849 7.099 -2.5 -8.731 4.973 -5.05 -9.968
5 24 6.814 -4.095 -8.662 4.973 -5.05 -9.968 4.986 -2.5 -10.849 5.943 -5.922 -8.621
5 24 4.973 -5.05 -9.968 4.986 -2.5 -10.849 6.814 -4.095 -8.662 2.518 -2.5 -12.214
5 24 5.943 -5.922 -8.621 4.973 -5.05 -9.968 6.814 -4.095 -8.662 4.563 -7.354 -8.62
5 24 6.356 -4.46 -7.857 6.814 -4.095 -8.662 6.796 -2.5 -8.293 5.943 -5.922 -8.621
5 24 6.814 -4.095 -8.662 6.796 -2.5 -8.293 6.356 -4.46 -7.857 7.099 -2.5 -8.731
5 24 6.796 -2.5 -8.293 6.356 -4.46 -7.857 6.814 -4.095 -8.662 6.732 -2.5 -7.425
5 24 4.973 -5.05 -9.968 2.518 -2.5 -12.214 4.986 -2.5 -10.849 2.589 -5.113 -11.223
5 24 4.973 -5.05 -9.968 2.589 -5.113 -11.223 2.518 -2.5 -12.214 4.563 -7.354 -8.62
5 24 4.563 -7.354 -8.62 4.973 -5.05 -9.968 5.943 -5.922 -8.621 2.589 -5.113 -11.223
5 24 4.563 -7.354 -8.62 2.589 -5.113 -11.223 4.973 -5.05 -9.968 2.326 -7.411 -9.656
5 24 4.563 -7.354 -8.62 2.326 -7.411 -9.656 2.589 -5.113 -11.223 2.179 -8.506 -8.661
5 24 4.563 -7.354 -8.62 3.829 -7.457 -7.857 2.179 -8.506 -8.661 5.341 -6.167 -7.857
5 24 3.829 -7.457 -7.857 2.179 -8.506 -8.661 4.563 -7.354 -8.62 1.979 -8.179 -7.857
5 24 3.829 -7.457 -7.857 1.979 -8.179 -7.857 2.179 -8.506 -8.661 3.988 -7.723 -6.948
5 24 4.563 -7.354 -8.62 5.341 -6.167 -7.857 3.829 -7.457 -7.857 5.943 -5.922 -8.621
5 24 5.341 -6.167 -7.857 3.829 -7.457 -7.857 4.563 -7.354 -8.62 5.577 -6.367 -6.948
5 24 5.943 -5.922 -8.621 5.341 -6.167 -7.857 4.563 -7.354 -8.62 6.356 -4.46 -7.857
5 24 6.356 -4.46 -7.857 5.943 -5.922 -8.621 6.814 -4.095 -8.662 5.341 -6.167 -7.857
5 24 6.356 -4.46 -7.857 5.341 -6.167 -7.857 5.943 -5.922 -8.621 6.646 -4.566 -6.948
5 24 3.988 -7.723 -6.948 2.05 -8.479 -6.948 1.979 -8.179 -7.857 3.211 -9.955 -6.481
5 24 3.829 -7.457 -7.857 3.988 -7.723 -6.948 1.979 -8.179 -7.857 5.577 -6.367 -6.948
5 24 5.577 -6.367 -6.948 3.988 -7.723 -6.948 3.829 -7.457 -7.857 5.743 -8.549 -6.484
5 24 5.341 -6.167 -7.857 5.577 -6.367 -6.948 3.829 -7.457 -7.857 6.646 -4.566 -6.948
5 24 6.646 -4.566 -6.948 5.577 -6.367 -6.948 5.341 -6.167 -7.857 6.667 -7.424 -6.488
5 24 6.356 -4.46 -7.857 6.646 -4.566 -6.948 5.341 -6.167 -7.857 6.732 -2.5 -7.425
5 24 3.211 -9.955 -6.481 3.988 -7.723 -6.948 5.743 -8.549 -6.484 2.05 -8.479 -6.948
5 24 3.988 -7.723 -6.948 5.743 -8.549 -6.484 3.211 -9.955 -6.481 5.577 -6.367 -6.948
5 24 6.646 -4.566 -6.948 7.983 -5.13 -6.496 6.667 -7.424 -6.488 8.454 -2.5 -6.494
5 24 6.667 -7.424 -6.488 5.577 -6.367 -6.948 6.646 -4.566 -6.948 5.743 -8.549 -6.484
5 24 5.743 -8.549 -6.484 5.577 -6.367 -6.948 6.667 -7.424 -6.488 3.988 -7.723 -6.948
5 24 6.732 -2.5 -7.425 6.356 -4.46 -7.857 6.796 -2.5 -8.293 6.646 -4.566 -6.948
5 24 7.308 -2.5 -6.711 6.646 -4.566 -6.948 6.732 -2.5 -7.425 8.454 -2.5 -6.494
5 24 6.646 -4.566 -6.948 6.732 -2.5 -7.425 7.308 -2.5 -6.711 6.356 -4.46 -7.857
5 24 6.646 -4.566 -6.948 8.454 -2.5 -6.494 7.983 -5.13 -6.496 7.308 -2.5 -6.711
5 24 5.743 -8.549 -6.484 4.605 -10.271 -5.013 3.211 -9.955 -6.481 7.438 -8.015 -4.618
5 24 4.605 -10.271 -5.013 3.211 -9.955 -6.481 5.743 -8.549 -6.484 2.647 -10.77 -5.427
5 24 4.605 -10.271 -5.013 2.647 -10.77 -5.427 3.211 -9.955 -6.481 4.965 -10.941 -3.011
5 24 7.438 -8.015 -4.618 6.667 -7.424 -6.488 8.374 -5.459 -5.526 5.743 -8.549 -6.484
5 24 8.374 -5.459 -5.526 7.438 -8.015 -4.618 6.667 -7.424 -6.488 8.644 -5.96 -4.5
5 24 7.983 -5.13 -6.496 8.374 -5.459 -5.526 6.667 -7.424 -6.488 8.543 -4.055 -5.936
5 24 7.983 -5.13 -6.496 8.543 -4.055 -5.936 8.374 -5.459 -5.526 8.454 -2.5 -6.494
5 24 8.543 -4.055 -5.936 8.374 -5.459 -5.526 7.983 -5.13 -6.496 8.495 -5.249 -5.401
5 24 8.454 -2.5 -6.494 8.543 -4.055 -5.936 7.983 -5.13 -6.496 8.632 -2.5 -6.098
5 24 9.812 -2.5 -0.562 10.618 -3.272 -0.219 9.755 -3.882 -0.477 10.981 -2.5 -0.054
5 24 10.618 -3.272 -0.219 9.755 -3.882 -0.477 9.812 -2.5 -0.562 10.31 -4.462 -0.059
5 24 10.981 -2.5 -0.054 10.618 -3.272 -0.219 9.812 -2.5 -0.562 11.308 -3.561 0.304
5 24 11.017 -1.625 -0.031 10.981 -2.5 -0.054 9.812 -1.625 -0.562 11.877 -2.5 0.774
5 24 10.981 -2.5 -0.054 9.812 -1.625 -0.562 11.017 -1.625 -0.031 9.812 -2.5 -0.562
5 24 9.812 -1.625 -0.562 9.764 -1.625 -1.415 9.821 0 0.01 9.764 -2.5 -1.415
5 24 9.812 -2.5 -0.562 9.764 -2.5 -1.415 9.812 -1.625 -0.562 9.755 -3.882 -0.477
5 24 9.6 -5.157 0.01 9.631 -4.394 -1.585 9.755 -3.882 -0.477 9.392 -5.427 -2.142
5 24 9.631 -4.394 -1.585 9.755 -3.882 -0.477 9.6 -5.157 0.01 9.764 -2.5 -1.415
5 24 9.764 -2.5 -1.415 9.755 -3.882 -0.477 9.631 -4.394 -1.585 9.812 -2.5 -0.562
5 24 9.6 -5.157 0.01 9.392 -5.427 -2.142 9.631 -4.394 -1.585 9.311 -6.451 0.01
5 24 10.104 -4.934 -2.279 9.631 -4.394 -1.585 9.392 -5.427 -2.142 11.097 -3.795 -2.572
5 24 9.392 -5.427 -2.142 10.104 -4.934 -2.279 9.631 -4.394 -1.585 9.002 -6.076 -3.26
5 24 10.104 -4.934 -2.279 11.097 -3.795 -2.572 9.631 -4.394 -1.585 11.485 -4.021 -3.745
5 24 11.097 -3.795 -2.572 9.631 -4.394 -1.585 10.104 -4.934 -2.279 10.45 -3.496 -1.946
5 24 10.45 -3.496 -1.946 9.631 -4.394 -1.585 11.097 -3.795 -2.572 9.764 -2.5 -1.415
5 24 11.097 -3.795 -2.572 10.45 -3.496 -1.946 9.631 -4.394 -1.585 11.122 -2.5 -2.395
5 24 8.267 -8.571 0.01 7.93 -8.556 -2.215 9.311 -6.451 0.01 5.912 -10.776 -1.611
5 24 9.311 -6.451 0.01 8.267 -8.571 0.01 7.93 -8.556 -2.215 8.667 -6.755 3.163
5 24 7.93 -8.556 -2.215 9.002 -6.076 -3.26 9.311 -6.451 0.01 8.644 -5.96 -4.5
5 24 9.002 -6.076 -3.26 9.311 -6.451 0.01 7.93 -8.556 -2.215 9.392 -5.427 -2.142
5 24 9.392 -5.427 -2.142 9.311 -6.451 0.01 9.002 -6.076 -3.26 9.6 -5.157 0.01
5 24 8.495 -5.249 -5.401 8.374 -5.459 -5.526 8.543 -4.055 -5.936 8.644 -5.96 -4.5
5 24 7.93 -8.556 -2.215 7.438 -8.015 -4.618 8.644 -5.96 -4.5 5.912 -10.776 -1.611
5 24 7.438 -8.015 -4.618 8.644 -5.96 -4.5 7.93 -8.556 -2.215 8.374 -5.459 -5.526
5 24 8.644 -5.96 -4.5 8.374 -5.459 -5.526 8.495 -5.249 -5.401 7.438 -8.015 -4.618
5 24 10.363 -5.328 -3.544 10.104 -4.934 -2.279 9.002 -6.076 -3.26 11.485 -4.021 -3.745
5 24 10.104 -4.934 -2.279 9.002 -6.076 -3.26 10.363 -5.328 -3.544 9.392 -5.427 -2.142
5 24 9.002 -6.076 -3.26 10.363 -5.328 -3.544 10.104 -4.934 -2.279 8.644 -5.96 -4.5
5 24 5.912 -10.776 -1.611 7.93 -8.556 -2.215 8.267 -8.571 0.01 7.438 -8.015 -4.618
5 24 8.267 -8.571 0.01 6.184 -10.728 0.01 5.912 -10.776 -1.611 7.791 -8.659 2.807
5 24 6.184 -10.728 0.01 5.912 -10.776 -1.611 8.267 -8.571 0.01 4.109 -11.59 0.01
5 24 5.912 -10.776 -1.611 4.965 -10.941 -3.011 7.438 -8.015 -4.618 3.93 -11.596 -1.097
5 24 4.965 -10.941 -3.011 7.438 -8.015 -4.618 5.912 -10.776 -1.611 4.605 -10.271 -5.013
5 24 7.438 -8.015 -4.618 5.912 -10.776 -1.611 4.965 -10.941 -3.011 7.93 -8.556 -2.215
5 24 6.184 -10.728 0.01 4.109 -11.59 0.01 5.912 -10.776 -1.611 3.738 -11.632 1.407
5 24 4.109 -11.59 0.01 5.912 -10.776 -1.611 6.184 -10.728 0.01 3.93 -11.596 -1.097
5 24 3.93 -11.596 -1.097 5.912 -10.776 -1.611 4.109 -11.59 0.01 4.965 -10.941 -3.011
5 24 3.93 -11.596 -1.097 4.965 -10.941 -3.011 5.912 -10.776 -1.611 3.396 -11.623 -2.091
5 24 3.396 -11.623 -2.091 4.965 -10.941 -3.011 3.93 -11.596 -1.097 2.893 -11.626 -2.677
5 24 6.184 -10.728 0.01 5.963 -10.604 2.173 3.738 -11.632 1.407 7.791 -8.659 2.807
5 24 5.963 -10.604 2.173 3.738 -11.632 1.407 6.184 -10.728 0.01 3.016 -11.623 2.674
5 24 3.738 -11.632 1.407 6.184 -10.728 0.01 5.963 -10.604 2.173 4.109 -11.59 0.01
5 24 8.267 -8.571 0.01 7.791 -8.659 2.807 6.184 -10.728 0.01 8.667 -6.755 3.163
5 24 7.791 -8.659 2.807 6.184 -10.728 0.01 8.267 -8.571 0.01 5.963 -10.604 2.173
5 24 7.791 -8.659 2.807 5.963 -10.604 2.173 6.184 -10.728 0.01 4.919 -10.462 4.295
5 24 9.311 -6.451 0.01 8.667 -6.755 3.163 8.267 -8.571 0.01 9.395 -5.922 0.997
5 24 8.667 -6.755 3.163 7.791 -8.659 2.807 8.267 -8.571 0.01 6.469 -8.21 5.587
5 24 9.6 -5.157 0.01 9.311 -6.451 0.01 9.392 -5.427 -2.142 9.395 -5.922 0.997
5 24 9.395 -5.922 0.997 9.311 -6.451 0.01 9.6 -5.157 0.01 8.667 -6.755 3.163
5 24 9.146 -5.998 2.324 8.667 -6.755 3.163 9.395 -5.922 0.997 8.983 -5.382 3.372
5 24 10.732 -5.057 0.964 9.6 -5.157 0.01 10.31 -4.462 -0.059 9.395 -5.922 0.997
5 24 9.6 -5.157 0.01 10.31 -4.462 -0.059 10.732 -5.057 0.964 9.755 -3.882 -0.477
5 24 10.31 -4.462 -0.059 10.732 -5.057 0.964 9.6 -5.157 0.01 11.308 -3.561 0.304
5 24 9.755 -3.882 -0.477 10.31 -4.462 -0.059 9.6 -5.157 0.01 10.618 -3.272 -0.219
5 24 10.618 -3.272 -0.219 10.31 -4.462 -0.059 9.755 -3.882 -0.477 11.308 -3.561 0.304
5 24 9.985 -5.163 -5.001 10.363 -5.328 -3.544 8.644 -5.96 -4.5 11.168 -3.945 -5.086
5 24 8.644 -5.96 -4.5 9.985 -5.163 -5.001 10.363 -5.328 -3.544 8.495 -5.249 -5.401
5 24 8.495 -5.249 -5.401 9.985 -5.163 -5.001 8.644 -5.96 -4.5 9.219 -4.57 -5.782
5 24 8.495 -5.249 -5.401 9.219 -4.57 -5.782 9.985 -5.163 -5.001 8.543 -4.055 -5.936
5 24 9.219 -4.57 -5.782 9.985 -5.163 -5.001 8.495 -5.249 -5.401 10.327 -3.622 -5.89
5 24 8.543 -4.055 -5.936 9.219 -4.57 -5.782 8.495 -5.249 -5.401 9.484 -3.317 -6.093
5 24 7.438 -8.015 -4.618 5.743 -8.549 -6.484 6.667 -7.424 -6.488 4.605 -10.271 -5.013
5 24 4.965 -10.941 -3.011 4.605 -10.271 -5.013 7.438 -8.015 -4.618 2.647 -10.77 -5.427
5 24 2.893 -11.626 -2.677 4.965 -10.941 -3.011 3.396 -11.623 -2.091 2.647 -10.77 -5.427
5 24 2.893 -11.626 -2.677 2.647 -10.77 -5.427 4.965 -10.941 -3.011 1.782 -11.587 -3.639
5 24 2.647 -10.77 -5.427 4.965 -10.941 -3.011 2.893 -11.626 -2.677 4.605 -10.271 -5.013
5 24 9.936 -2.5 -6.089 9.484 -3.317 -6.093 8.632 -2.5 -6.098 10.327 -3.622 -5.89
5 24 9.484 -3.317 -6.093 8.632 -2.5 -6.098 9.936 -2.5 -6.089 8.543 -4.055 -5.936
5 24 8.632 -2.5 -6.098 9.936 -2.5 -6.089 9.484 -3.317 -6.093 8.639 -1.625 -6.083
5 24 9.484 -3.317 -6.093 8.543 -4.055 -5.936 8.632 -2.5 -6.098 9.219 -4.57 -5.782
5 24 9.484 -3.317 -6.093 9.219 -4.57 -5.782 8.543 -4.055 -5.936 10.327 -3.622 -5.89
5 24 8.639 -1.625 -6.083 9.936 -2.5 -6.089 8.632 -2.5 -6.098 9.954 -1.625 -6.087
5 24 9.954 -1.625 -6.087 9.936 -2.5 -6.089 8.639 -1.625 -6.083 11.098 -2.5 -5.671
5 24 11.913 -1.625 0.83 11.877 -2.5 0.774 11.017 -1.625 -0.031 12.147 -2.5 1.442
5 24 11.877 -2.5 0.774 11.017 -1.625 -0.031 11.913 -1.625 0.83 10.981 -2.5 -0.054
5 24 11.877 -2.5 0.774 10.981 -2.5 -0.054 11.017 -1.625 -0.031 11.308 -3.561 0.304
5 24 11.913 -1.625 0.83 12.147 -2.5 1.442 11.877 -2.5 0.774 12.105 -1.625 2.366
5 24 12.147 -2.5 1.442 11.877 -2.5 0.774 11.913 -1.625 0.83 11.767 -3.876 1.354
5 24 12.076 -2.5 2.469 12.147 -2.5 1.442 12.105 -1.625 2.366 11.767 -3.876 1.354
5 24 12.147 -2.5 1.442 12.105 -1.625 2.366 12.076 -2.5 2.469 11.913 -1.625 0.83
5 24 12.105 -1.625 2.366 12.076 -2.5 2.469 12.147 -2.5 1.442 11.552 -1.625 3.34
5 24 11.552 -1.625 3.34 12.076 -2.5 2.469 12.105 -1.625 2.366 11.469 -2.5 3.412
5 24 11.552 -1.625 3.34 11.469 -2.5 3.412 12.076 -2.5 2.469 10.52 -1.625 3.848
5 24 11.469 -2.5 3.412 12.076 -2.5 2.469 11.552 -1.625 3.34 11.537 -3.962 2.702
5 24 10.52 -1.625 3.848 10.665 -2.5 3.808 11.469 -2.5 3.412 9.017 -2.5 4.152
5 24 10.665 -2.5 3.808 11.469 -2.5 3.412 10.52 -1.625 3.848 10.717 -3.752 3.637
5 24 9.017 -2.5 4.152 10.665 -2.5 3.808 10.52 -1.625 3.848 9.86 -3.466 3.953
5 24 11.877 -2.5 0.774 11.308 -3.561 0.304 10.981 -2.5 -0.054 11.767 -3.876 1.354
5 24 11.308 -3.561 0.304 10.981 -2.5 -0.054 11.877 -2.5 0.774 10.618 -3.272 -0.219
5 24 11.308 -3.561 0.304 10.618 -3.272 -0.219 10.981 -2.5 -0.054 10.31 -4.462 -0.059
5 24 11.877 -2.5 0.774 11.767 -3.876 1.354 11.308 -3.561 0.304 12.147 -2.5 1.442
5 24 11.767 -3.876 1.354 11.308 -3.561 0.304 11.877 -2.5 0.774 10.732 -5.057 0.964
5 24 12.147 -2.5 1.442 11.767 -3.876 1.354 11.877 -2.5 0.774 12.076 -2.5 2.469
5 24 11.537 -3.962 2.702 11.767 -3.876 1.354 12.076 -2.5 2.469 10.488 -5.234 2.484
5 24 11.767 -3.876 1.354 12.076 -2.5 2.469 11.537 -3.962 2.702 12.147 -2.5 1.442
5 24 12.076 -2.5 2.469 11.537 -3.962 2.702 11.767 -3.876 1.354 11.469 -2.5 3.412
5 24 10.717 -3.752 3.637 11.537 -3.962 2.702 11.469 -2.5 3.412 9.696 -4.843 3.547
5 24 11.537 -3.962 2.702 11.469 -2.5 3.412 10.717 -3.752 3.637 12.076 -2.5 2.469
5 24 11.469 -2.5 3.412 10.717 -3.752 3.637 11.537 -3.962 2.702 10.665 -2.5 3.808
5 24 10.665 -2.5 3.808 10.717 -3.752 3.637 11.469 -2.5 3.412 9.86 -3.466 3.953
5 24 10.665 -2.5 3.808 9.86 -3.466 3.953 10.717 -3.752 3.637 9.017 -2.5 4.152
5 24 9.86 -3.466 3.953 10.717 -3.752 3.637 10.665 -2.5 3.808 8.952 -4.305 3.974
5 24 8.952 -4.305 3.974 9.86 -3.466 3.953 9.017 -2.5 4.152 10.717 -3.752 3.637
5 24 9.86 -3.466 3.953 9.017 -2.5 4.152 8.952 -4.305 3.974 10.665 -2.5 3.808
5 24 8.218 0 5.748 9.017 -1.625 4.152 9.402 0 3.02 8.664 -1.625 4.942
5 24 8.527 -4.031 4.987 8.952 -4.305 3.974 9.017 -2.5 4.152 7.992 -5.437 5.416
5 24 9.017 -2.5 4.152 8.664 -2.5 4.942 8.527 -4.031 4.987 9.017 -1.625 4.152
5 24 9.017 -1.625 4.152 8.664 -1.625 4.942 8.664 -2.5 4.942 8.218 0 5.748
5 24 8.218 0 5.748 8.664 -1.625 4.942 9.017 -1.625 4.152 8.24 -1.625 5.712
5 24 10.732 -5.057 0.964 9.395 -5.922 0.997 9.6 -5.157 0.01 10.488 -5.234 2.484
5 24 10.732 -5.057 0.964 10.488 -5.234 2.484 9.395 -5.922 0.997 11.767 -3.876 1.354
5 24 10.488 -5.234 2.484 9.395 -5.922 0.997 10.732 -5.057 0.964 9.146 -5.998 2.324
5 24 10.488 -5.234 2.484 9.146 -5.998 2.324 9.395 -5.922 0.997 9.696 -4.843 3.547
5 24 10.488 -5.234 2.484 9.696 -4.843 3.547 9.146 -5.998 2.324 11.537 -3.962 2.702
5 24 9.696 -4.843 3.547 9.146 -5.998 2.324 10.488 -5.234 2.484 8.983 -5.382 3.372
5 24 9.696 -4.843 3.547 8.983 -5.382 3.372 9.146 -5.998 2.324 8.952 -4.305 3.974
5 24 9.696 -4.843 3.547 8.952 -4.305 3.974 8.983 -5.382 3.372 10.717 -3.752 3.637
5 24 8.667 -6.755 3.163 7.992 -5.437 5.416 7.107 -6.131 6.291 8.983 -5.382 3.372
5 24 7.992 -5.437 5.416 8.983 -5.382 3.372 8.952 -4.305 3.974 8.667 -6.755 3.163
5 24 8.983 -5.382 3.372 8.667 -6.755 3.163 9.146 -5.998 2.324 7.992 -5.437 5.416
5 24 9.696 -4.843 3.547 10.717 -3.752 3.637 8.952 -4.305 3.974 11.537 -3.962 2.702
5 24 10.717 -3.752 3.637 8.952 -4.305 3.974 9.696 -4.843 3.547 9.86 -3.466 3.953
5 24 10.488 -5.234 2.484 11.537 -3.962 2.702 9.696 -4.843 3.547 11.767 -3.876 1.354
5 24 10.732 -5.057 0.964 11.767 -3.876 1.354 10.488 -5.234 2.484 11.308 -3.561 0.304
5 24 11.767 -3.876 1.354 10.488 -5.234 2.484 10.732 -5.057 0.964 11.537 -3.962 2.702
5 24 10.732 -5.057 0.964 11.308 -3.561 0.304 11.767 -3.876 1.354 10.31 -4.462 -0.059
5 24 10.31 -4.462 -0.059 11.308 -3.561 0.304 10.732 -5.057 0.964 10.618 -3.272 -0.219
5 24 6.971 -3.688 9.083 7.26 -2.5 9.236 5.249 -2.5 8.665 8.191 -2.5 9.334
5 24 5.195 -3.522 8.599 6.971 -3.688 9.083 5.249 -2.5 8.665 5.794 -4.344 8.617
5 24 5.195 -3.522 8.599 5.794 -4.344 8.617 6.971 -3.688 9.083 5.62 -5.461 7.87
5 24 5.794 -4.344 8.617 6.971 -3.688 9.083 5.195 -3.522 8.599 6.577 -5.026 8.48
5 24 6.577 -5.026 8.48 5.794 -4.344 8.617 5.62 -5.461 7.87 6.971 -3.688 9.083
5 24 5.794 -4.344 8.617 5.62 -5.461 7.87 6.577 -5.026 8.48 5.195 -3.522 8.599
5 24 5.62 -5.461 7.87 6.577 -5.026 8.48 5.794 -4.344 8.617 6.505 -6.148 6.905
5 24 5.62 -5.461 7.87 4.274 -6.656 8.177 6.505 -6.148 6.905 5.195 -3.522 8.599
5 24 4.274 -6.656 8.177 6.505 -6.148 6.905 5.62 -5.461 7.87 6.469 -8.21 5.587
5 24 4.274 -6.656 8.177 5.195 -3.522 8.599 4.677 -2.5 8.975 5.62 -5.461 7.87
5 24 5.195 -3.522 8.599 4.677 -2.5 8.975 4.274 -6.656 8.177 5.249 -2.5 8.665
5 24 7.709 -5.453 7.878 6.577 -5.026 8.48 6.505 -6.148 6.905 8.149 -4.033 8.985
5 24 6.505 -6.148 6.905 7.709 -5.453 7.878 6.577 -5.026 8.48 7.107 -6.131 6.291
5 24 6.469 -8.21 5.587 6.505 -6.148 6.905 4.274 -6.656 8.177 7.107 -6.131 6.291
5 24 6.469 -8.21 5.587 7.107 -6.131 6.291 6.505 -6.148 6.905 8.667 -6.755 3.163
5 24 3.81 -8.562 7.286 6.469 -8.21 5.587 4.274 -6.656 8.177 4.919 -10.462 4.295
5 24 8.622 -5.29 6.664 7.709 -5.453 7.878 7.107 -6.131 6.291 9.33 -4.091 7.966
5 24 7.709 -5.453 7.878 7.107 -6.131 6.291 8.622 -5.29 6.664 6.505 -6.148 6.905
5 24 7.107 -6.131 6.291 8.622 -5.29 6.664 7.709 -5.453 7.878 7.992 -5.437 5.416
5 24 6.469 -8.21 5.587 8.667 -6.755 3.163 7.107 -6.131 6.291 7.791 -8.659 2.807
5 24 6.469 -8.21 5.587 7.791 -8.659 2.807 8.667 -6.755 3.163 4.919 -10.462 4.295
5 24 3.81 -8.562 7.286 4.919 -10.462 4.295 6.469 -8.21 5.587 2.903 -10.573 5.623
5 24 4.919 -10.462 4.295 6.469 -8.21 5.587 3.81 -8.562 7.286 7.791 -8.659 2.807
5 24 2.903 -10.573 5.623 4.919 -10.462 4.295 3.81 -8.562 7.286 3.016 -11.623 2.674
5 24 4.919 -10.462 4.295 7.791 -8.659 2.807 6.469 -8.21 5.587 5.963 -10.604 2.173
5 24 4.919 -10.462 4.295 5.963 -10.604 2.173 7.791 -8.659 2.807 3.016 -11.623 2.674
5 24 3.016 -11.623 2.674 4.919 -10.462 4.295 2.903 -10.573 5.623 5.963 -10.604 2.173
5 24 3.016 -11.623 2.674 5.963 -10.604 2.173 4.919 -10.462 4.295 3.738 -11.632 1.407
5 24 8.772 -4.669 5.588 8.622 -5.29 6.664 7.992 -5.437 5.416 9.668 -3.756 6.601
5 24 8.622 -5.29 6.664 7.992 -5.437 5.416 8.772 -4.669 5.588 7.107 -6.131 6.291
5 24 7.992 -5.437 5.416 8.772 -4.669 5.588 8.622 -5.29 6.664 8.527 -4.031 4.987
5 24 8.527 -4.031 4.987 8.772 -4.669 5.588 7.992 -5.437 5.416 9.283 -3.381 5.678
5 24 8.527 -4.031 4.987 9.283 -3.381 5.678 8.772 -4.669 5.588 8.664 -2.5 4.942
5 24 9.283 -3.381 5.678 8.772 -4.669 5.588 8.527 -4.031 4.987 9.668 -3.756 6.601
5 24 9.605 -2.5 6.086 9.283 -3.381 5.678 8.664 -2.5 4.942 9.668 -3.756 6.601
5 24 9.283 -3.381 5.678 8.664 -2.5 4.942 9.605 -2.5 6.086 8.527 -4.031 4.987
5 24 9.977 -2.5 7.182 9.668 -3.756 6.601 9.605 -2.5 6.086 9.33 -4.091 7.966
5 24 9.668 -3.756 6.601 9.605 -2.5 6.086 9.977 -2.5 7.182 9.283 -3.381 5.678
5 24 9.668 -3.756 6.601 9.283 -3.381 5.678 9.605 -2.5 6.086 8.772 -4.669 5.588
5 24 9.668 -3.756 6.601 8.772 -4.669 5.588 9.283 -3.381 5.678 8.622 -5.29 6.664
5 24 9.977 -2.5 7.182 9.33 -4.091 7.966 9.668 -3.756 6.601 9.754 -2.5 8.229
5 24 9.33 -4.091 7.966 9.668 -3.756 6.601 9.977 -2.5 7.182 8.622 -5.29 6.664
5 24 9.754 -2.5 8.229 9.33 -4.091 7.966 9.977 -2.5 7.182 9.239 -2.5 8.874
5 24 9.33 -4.091 7.966 8.622 -5.29 6.664 9.668 -3.756 6.601 7.709 -5.453 7.878
5 24 8.622 -5.29 6.664 9.668 -3.756 6.601 9.33 -4.091 7.966 8.772 -4.669 5.588
5 24 8.191 -2.5 9.334 8.149 -4.033 8.985 9.239 -2.5 8.874 6.971 -3.688 9.083
5 24 8.149 -4.033 8.985 9.239 -2.5 8.874 8.191 -2.5 9.334 9.33 -4.091 7.966
5 24 8.149 -4.033 8.985 9.33 -4.091 7.966 9.239 -2.5 8.874 7.709 -5.453 7.878
5 24 9.33 -4.091 7.966 9.239 -2.5 8.874 8.149 -4.033 8.985 9.754 -2.5 8.229
5 24 9.33 -4.091 7.966 7.709 -5.453 7.878 8.622 -5.29 6.664 8.149 -4.033 8.985
5 24 8.149 -4.033 8.985 7.709 -5.453 7.878 9.33 -4.091 7.966 6.577 -5.026 8.48
5 24 8.191 -2.5 9.334 6.971 -3.688 9.083 8.149 -4.033 8.985 7.26 -2.5 9.236
5 24 6.971 -3.688 9.083 8.149 -4.033 8.985 8.191 -2.5 9.334 6.577 -5.026 8.48
5 24 6.971 -3.688 9.083 6.577 -5.026 8.48 8.149 -4.033 8.985 5.794 -4.344 8.617
5 24 6.577 -5.026 8.48 8.149 -4.033 8.985 6.971 -3.688 9.083 7.709 -5.453 7.878
5 24 11.122 -2.5 -2.395 11.028 -1.625 -2.319 9.764 -2.5 -1.415 11.796 -1.625 -3.306
5 24 9.764 -2.5 -1.415 11.122 -2.5 -2.395 11.028 -1.625 -2.319 10.45 -3.496 -1.946
5 24 11.122 -2.5 -2.395 11.789 -2.5 -3.246 11.796 -1.625 -3.306 11.097 -3.795 -2.572
5 24 11.789 -2.5 -3.246 11.796 -1.625 -3.306 11.122 -2.5 -2.395 11.899 -2.5 -4.33
5 24 11.789 -2.5 -3.246 11.899 -2.5 -4.33 11.796 -1.625 -3.306 11.485 -4.021 -3.745
5 24 11.899 -2.5 -4.33 11.905 -1.625 -4.334 11.796 -1.625 -3.306 11.605 -2.5 -5.143
5 24 11.899 -2.5 -4.33 11.605 -2.5 -5.143 11.905 -1.625 -4.334 11.168 -3.945 -5.086
5 24 11.605 -2.5 -5.143 11.638 -1.625 -5.089 11.905 -1.625 -4.334 11.112 -1.625 -5.661
5 24 11.605 -2.5 -5.143 11.112 -1.625 -5.661 11.638 -1.625 -5.089 11.098 -2.5 -5.671
5 24 11.605 -2.5 -5.143 11.098 -2.5 -5.671 11.112 -1.625 -5.661 11.168 -3.945 -5.086
5 24 11.098 -2.5 -5.671 11.112 -1.625 -5.661 11.605 -2.5 -5.143 9.954 -1.625 -6.087
5 24 11.098 -2.5 -5.671 9.936 -2.5 -6.089 9.954 -1.625 -6.087 10.327 -3.622 -5.89
5 24 11.098 -2.5 -5.671 10.327 -3.622 -5.89 9.936 -2.5 -6.089 11.168 -3.945 -5.086
5 24 10.327 -3.622 -5.89 9.936 -2.5 -6.089 11.098 -2.5 -5.671 9.484 -3.317 -6.093
5 24 10.327 -3.622 -5.89 9.484 -3.317 -6.093 9.936 -2.5 -6.089 9.219 -4.57 -5.782
5 24 11.098 -2.5 -5.671 11.168 -3.945 -5.086 10.327 -3.622 -5.89 11.605 -2.5 -5.143
5 24 11.168 -3.945 -5.086 10.327 -3.622 -5.89 11.098 -2.5 -5.671 9.985 -5.163 -5.001
5 24 11.605 -2.5 -5.143 11.168 -3.945 -5.086 11.098 -2.5 -5.671 11.899 -2.5 -4.33
5 24 11.485 -4.021 -3.745 11.168 -3.945 -5.086 11.899 -2.5 -4.33 10.363 -5.328 -3.544
5 24 11.168 -3.945 -5.086 11.899 -2.5 -4.33 11.485 -4.021 -3.745 11.605 -2.5 -5.143
5 24 11.899 -2.5 -4.33 11.485 -4.021 -3.745 11.168 -3.945 -5.086 11.789 -2.5 -3.246
5 24 11.097 -3.795 -2.572 11.485 -4.021 -3.745 11.789 -2.5 -3.246 10.104 -4.934 -2.279
5 24 11.485 -4.021 -3.745 11.789 -2.5 -3.246 11.097 -3.795 -2.572 11.899 -2.5 -4.33
5 24 11.789 -2.5 -3.246 11.097 -3.795 -2.572 11.485 -4.021 -3.745 11.122 -2.5 -2.395
5 24 11.122 -2.5 -2.395 11.097 -3.795 -2.572 11.789 -2.5 -3.246 10.45 -3.496 -1.946
5 24 11.122 -2.5 -2.395 10.45 -3.496 -1.946 11.097 -3.795 -2.572 9.764 -2.5 -1.415
5 24 9.764 -2.5 -1.415 10.45 -3.496 -1.946 11.122 -2.5 -2.395 9.631 -4.394 -1.585
5 24 10.327 -3.622 -5.89 9.219 -4.57 -5.782 9.484 -3.317 -6.093 9.985 -5.163 -5.001
5 24 11.168 -3.945 -5.086 9.985 -5.163 -5.001 10.327 -3.622 -5.89 10.363 -5.328 -3.544
5 24 9.985 -5.163 -5.001 10.327 -3.622 -5.89 11.168 -3.945 -5.086 9.219 -4.57 -5.782
5 24 11.168 -3.945 -5.086 10.363 -5.328 -3.544 9.985 -5.163 -5.001 11.485 -4.021 -3.745
5 24 11.485 -4.021 -3.745 10.363 -5.328 -3.544 11.168 -3.945 -5.086 10.104 -4.934 -2.279
5 24 11.485 -4.021 -3.745 10.104 -4.934 -2.279 10.363 -5.328 -3.544 11.097 -3.795 -2.572
5 24 1.414 -11.7 -1.414 3.396 -11.623 -2.091 1.848 -11.7 -0.765 0.765 -11.7 -1.848
5 24 3.016 -11.623 2.674 1.414 -11.7 1.414 1.848 -11.7 0.765 0.765 -11.7 1.848
