0 ~Wedge  6 x  4 x  0.667 Quadruple Curved - Corner
0 Name: s\98281s01.dat
0 Author: Maciej Kowalik [Madmaks]
0 !LDRAW_ORG Subpart UPDATE 2013-01
0 !LICENSE Redistributable under CCAL version 2.0 : see CAreadme.txt

0 BFC CERTIFY CCW

0 !HISTORY 2012-04-23 {LEGO Digital Designer} Original part shape
0 !HISTORY 2012-04-23 [Madmaks] File preparation for LDraw Parts Tracker
0 !HISTORY 2013-07-21 [PTadmin] Official Update 2013-01

4 16 -24 4 26 -24 5.032 33.241 -24 6.729 40.235 -24 8.056 44
4 16 -21 6.999 41 -21 6.729 40.235 -21 5.032 33.241 -21 4 26
1 16 -24 44.0348 18.6308 0 -1 0 -40.0348 0 5.2707 7.3692 0 55.975 48\1-24edge.dat
1 16 -21 44.0348 18.6308 0 -1 0 -40.0348 0 5.2707 7.3692 0 55.975 48\1-24edge.dat

1 16 -30 16 50 0 0 -2 0 -1 0 2 0 0 1-4ring3.dat
1 16 -30 16 50 0 0 -2 0 -1 0 2 0 0 1-4ring4.dat
1 16 -30 16 50 0 0 -10 0 -4 0 10 0 0 1-4cylo.dat
0 BFC INVERTNEXT
1 16 -30 16 50 0 0 -6 0 -4 0 6 0 0 1-4cylo.dat

1 16 -27.172 44.0348 18.6308 0 -1 0 -40.0348 0 5.2707 7.3692 0 55.975 48\1-16edge.dat
2 24 -27.172 9.064 46.861 -24 12 54
1 16 -24 12 40 0 0 -12 0 1 0 14 0 0 1-4edge.dat
3 16 -27.172 5.032 33.241 -27.172 4 26 -36 12 40
3 16 -27.172 6.729 40.235 -27.172 5.032 33.241 -35.087 12 45.358
3 16 -35.087 12 45.358 -27.172 5.032 33.241 -36 12 40
3 16 -27.172 9.064 46.861 -27.172 6.729 40.235 -32.485 12 49.899
3 16 -32.485 12 49.899 -27.172 6.729 40.235 -35.087 12 45.358
3 16 -28.592 12 52.935 -27.172 9.064 46.861 -32.485 12 49.899
3 16 -24 12 54 -27.172 9.064 46.861 -28.592 12 52.935
5 24 -36 12 40 -27.172 4 26 -27.172 4 -26 -27.172 5.032 33.241
5 24 -36 12 40 -27.172 5.032 33.241 -27.172 4 26 -35.087 12 45.358
5 24 -27.172 5.032 33.241 -35.087 12 45.358 -27.172 6.729 40.235 -36 12 40
5 24 -35.087 12 45.358 -27.172 6.729 40.235 -27.172 5.032 33.241 -32.485 12 49.899
5 24 -27.172 6.729 40.235 -32.485 12 49.899 -27.172 9.064 46.861 -35.087 12 45.358
5 24 -32.485 12 49.899 -27.172 9.064 46.861 -27.172 6.729 40.235 -28.592 12 52.935
5 24 -28.592 12 52.935 -27.172 9.064 46.861 -32.485 12 49.899 -24 12 54
4 16 -32.296 12 55.543 -30 12 56 -24 12 54 -28.592 12 52.935
4 16 -34.243 12 54.243 -32.296 12 55.543 -28.592 12 52.935 -32.485 12 49.899
4 16 -35.543 12 52.296 -34.243 12 54.243 -32.485 12 49.899 -35.087 12 45.358
4 16 -36 12 50 -35.543 12 52.296 -35.087 12 45.358 -36 12 40

3 16 -33.827 12 59.239 -30 8.464 54.439 -30 12 60
3 16 -30 8.464 54.439 -33.827 12 59.239 -37.071 12 57.071
3 16 -30 5.49 48.285 -30 8.464 54.439 -37.071 12 57.071
3 16 -30 5.49 48.285 -37.071 12 57.071 -30 3.118 41.649
3 16 -39.239 12 53.827 -30 3.118 41.649 -37.071 12 57.071
3 16 -30 1.397 34.64 -30 3.118 41.649 -39.239 12 53.827
3 16 -40 10.823 43.045 -30 1.397 34.64 -39.239 12 53.827
3 16 -40 10.823 43.045 -39.239 12 53.827 -40 12 50
3 16 -30 1.397 34.64 -40 10.823 43.045 -30 0.352 27.382
3 16 -30 0.352 27.382 -40 10.823 43.045 -40 9.83 35.355
3 16 -30 0.352 27.382 -40 9.83 35.355 -40 9.039 27.06
3 16 -30 0 20 -30 0.352 27.382 -40 8.466 18.3
3 16 -30 0.352 27.382 -40 9.039 27.06 -40 8.466 18.3
3 16 -30 0 20 -40 8.466 18.3 -40 8.116 9.23
3 16 -30 0 20 -40 8.116 9.23 -40 8 0
5 24 -33.827 12 59.239 -30 8.464 54.439 -30 12 60 -37.071 12 57.071
5 24 -37.071 12 57.071 -30 8.464 54.439 -33.827 12 59.239 -30 5.49 48.285
5 24 -37.071 12 57.071 -30 5.49 48.285 -30 8.464 54.439 -30 3.118 41.649
5 24 -37.071 12 57.071 -30 3.118 41.649 -30 5.49 48.285 -39.239 12 53.827
5 24 -39.239 12 53.827 -30 3.118 41.649 -37.071 12 57.071 -30 1.397 34.64
5 24 -39.239 12 53.827 -30 1.397 34.64 -30 3.118 41.649 -40 10.823 43.045
5 24 -40 10.823 43.045 -30 1.397 34.64 -39.239 12 53.827 -30 0.352 27.382
5 24 -39.239 12 53.827 -40 10.823 43.045 -30 1.397 34.64 -40 12 50
5 24 -40 10.823 43.045 -30 0.352 27.382 -30 1.397 34.64 -40 9.83 35.355
5 24 -40 9.83 35.355 -30 0.352 27.382 -40 10.823 43.045 -40 9.039 27.06
5 24 -40 9.039 27.06 -30 0.352 27.382 -40 9.83 35.355 -40 8.466 18.3
5 24 -30 0.352 27.382 -40 8.466 18.3 -30 0 20 -40 9.039 27.06
5 24 -40 8.466 18.3 -30 0 20 -30 0.352 27.382 -40 8.116 9.23
5 24 -40 8.116 9.23 -30 0 20 -40 8.466 18.3 -40 8 0
5 24 -40 8 0 -30 0 20 -40 8.116 9.23 -30 0 -20
1 16 -30 40.9696 20 0 -1 0 -40.9696 0 0 0 0 56.5691 48\1-8edge.dat
0 // Underside studs
1 16 -30 10.22 20 2.8284 0 2.8284 0 -6.22 0 -2.8284 0 2.8284 1-4cyli.dat
1 16 -30 4 20 2.8284 0 2.8284 0 1 0 -2.8284 0 2.8284 1-4edge.dat
1 16 -30 10.22 20 -4 0 0 0 -3.644 0 0 0 4 3-8cyls.dat
1 16 -30 6.577 20 -4 0 0 3.644 1 0 0 0 4 3-8edge.dat
1 16 -30 10.22 20 -4 0 0 0 -3.644 0 0 0 -4 3-8cyls.dat
1 16 -30 6.577 20 -4 0 0 3.644 1 0 0 0 -4 3-8edge.dat

1 16 -30 10.22 0 2.8284 0 2.8284 0 -6.22 0 2.8284 0 -2.8284 1-8cyli.dat
1 16 -30 4 0 2.8284 0 2.8284 0 1 0 2.8284 0 -2.8284 1-8edge.dat
1 16 -30 10.22 0 -4 0 0 0 -3.644 0 0 0 4 3-8cyls.dat
1 16 -30 6.577 0 -4 0 0 3.644 1 0 0 0 4 3-8edge.dat

3 16 -30 10.604 36 -30 7.335 36 -31.048 8.091 36.208
4 16 -30 7.335 36 -30 10.604 36 -28.469 10.604 36.304 -28.469 6.435 36.304
4 16 -31.531 8.433 36.304 -31.531 10.604 36.304 -30 10.604 36 -31.048 8.091 36.208
3 16 -28.469 6.435 36.304 -29.092 6.722 36.181 -30 7.335 36
4 16 -27.172 5.986 37.172 -28.469 6.435 36.304 -28.469 10.604 36.304 -27.172 10.604 37.172
4 16 -32.828 10.604 37.172 -31.531 10.604 36.304 -31.531 8.433 36.304 -32.828 9.44 37.172
3 16 -32.828 10.604 37.172 -32.828 9.44 37.172 -33.376 9.929 37.991
4 16 -33.696 10.209 38.469 -33.696 10.604 38.469 -32.828 10.604 37.172 -33.376 9.929 37.991
3 16 -33.696 10.209 38.469 -34 10.604 40 -33.696 10.604 38.469
4 16 -26.304 10.604 38.469 -26.304 6.301 38.469 -27.172 5.986 37.172 -27.172 10.604 37.172
4 16 -26.304 6.301 38.469 -26.304 10.604 38.469 -26 10.604 40 -26 6.672 40
3 16 -34 10.604 40 -33.696 10.573 41.531 -33.696 10.604 41.531
3 16 -26 6.672 40 -26.304 7.186 41.531 -26.047 6.729 40.235
4 16 -26.304 7.186 41.531 -26 6.672 40 -26 10.604 40 -26.304 10.604 41.531
4 16 -26.304 10.604 41.531 -27.172 10.604 42.828 -27.172 7.643 42.828 -26.304 7.186 41.531
3 16 -33.696 10.573 41.531 -33.135 10.282 42.37 -32.828 10.237 42.828
4 16 -32.828 10.604 42.828 -33.696 10.604 41.531 -33.696 10.573 41.531 -32.828 10.237 42.828
3 16 -32.828 10.237 42.828 -32.017 9.955 43.371 -31.531 9.81 43.696
4 16 -27.172 10.604 42.828 -28.469 10.604 43.696 -28.469 8.404 43.696 -27.172 7.643 42.828
4 16 -31.531 9.81 43.696 -31.531 10.604 43.696 -32.828 10.604 42.828 -32.828 10.237 42.828
3 16 -28.469 8.404 43.696 -30 9.151 44 -29.149 8.69 43.831
4 16 -30 9.151 44 -28.469 8.404 43.696 -28.469 10.604 43.696 -30 10.604 44
4 16 -30 9.151 44 -30 10.604 44 -31.531 10.604 43.696 -31.531 9.81 43.696
2 24 -30 7.335 36 -31.048 8.091 36.208
2 24 -31.048 8.091 36.208 -31.531 8.433 36.304
2 24 -28.469 6.435 36.304 -29.092 6.722 36.181
2 24 -29.092 6.722 36.181 -30 7.335 36
2 24 -28.469 6.435 36.304 -27.172 5.986 37.172
2 24 -31.531 8.433 36.304 -32.828 9.44 37.172
2 24 -32.828 9.44 37.172 -33.376 9.929 37.991
2 24 -33.376 9.929 37.991 -33.696 10.209 38.469
2 24 -33.696 10.209 38.469 -34 10.604 40
2 24 -26.304 6.301 38.469 -27.172 5.986 37.172
2 24 -26 6.672 40 -26.304 6.301 38.469
2 24 -34 10.604 40 -33.696 10.573 41.531
2 24 -26.304 7.186 41.531 -26.047 6.729 40.235
2 24 -26.047 6.729 40.235 -26 6.672 40
2 24 -27.172 7.643 42.828 -26.304 7.186 41.531
2 24 -33.696 10.573 41.531 -33.135 10.282 42.37
2 24 -33.135 10.282 42.37 -32.828 10.237 42.828
2 24 -32.828 10.237 42.828 -32.017 9.955 43.371
2 24 -32.017 9.955 43.371 -31.531 9.81 43.696
2 24 -28.469 8.404 43.696 -27.172 7.643 42.828
2 24 -30 9.151 44 -29.149 8.69 43.831
2 24 -29.149 8.69 43.831 -28.469 8.404 43.696
2 24 -31.531 9.81 43.696 -30 9.151 44
5 24 -30 10.604 36 -30 7.335 36 -31.048 8.091 36.208 -28.469 10.604 36.304
5 24 -28.469 10.604 36.304 -28.469 6.435 36.304 -30 7.335 36 -27.172 10.604 37.172
5 24 -31.531 8.433 36.304 -31.531 10.604 36.304 -30 10.604 36 -32.828 10.604 37.172
5 24 -27.172 5.986 37.172 -27.172 10.604 37.172 -28.469 10.604 36.304 -26.304 10.604 38.469
5 24 -32.828 9.44 37.172 -32.828 10.604 37.172 -31.531 10.604 36.304 -33.376 9.929 37.991
5 24 -33.696 10.209 38.469 -33.696 10.604 38.469 -32.828 10.604 37.172 -34 10.604 40
5 24 -26.304 10.604 38.469 -26.304 6.301 38.469 -27.172 5.986 37.172 -26 10.604 40
5 24 -26 10.604 40 -26 6.672 40 -26.304 6.301 38.469 -26.304 7.186 41.531
5 24 -33.696 10.573 41.531 -33.696 10.604 41.531 -34 10.604 40 -32.828 10.604 42.828
5 24 -26.304 10.604 41.531 -26.304 7.186 41.531 -26 6.672 40 -27.172 10.604 42.828
5 24 -27.172 10.604 42.828 -27.172 7.643 42.828 -26.304 10.604 41.531 -28.469 10.604 43.696
5 24 -32.828 10.237 42.828 -32.828 10.604 42.828 -33.696 10.604 41.531 -31.531 9.81 43.696
5 24 -28.469 10.604 43.696 -28.469 8.404 43.696 -27.172 10.604 42.828 -30 9.151 44
5 24 -31.531 9.81 43.696 -31.531 10.604 43.696 -32.828 10.604 42.828 -30 9.151 44
5 24 -30 10.604 44 -30 9.151 44 -28.469 8.404 43.696 -31.531 10.604 43.696

1 16 -20 12 50 0 0 -4 0 -1.645 0 4 0 0 3-8cyls.dat
1 16 -20 10.355 50 0 0 -4 1.645 -1.645 0 4 0 0 3-8edge.dat
1 16 -20 12 50 0 0 4 0 -1.645 0 4 0 0 3-8cyls.dat
1 16 -20 10.355 50 0 0 4 1.645 -1.645 0 4 0 0 3-8edge.dat
4 16 -17.172 12 47.172 -17.172 9.192 47.172 -17.636 9.064 46.861 -18.469 12 46.304
3 16 -18.469 8.868 46.304 -18.469 12 46.304 -17.636 9.064 46.861
4 16 -20 12 46 -18.469 12 46.304 -18.469 8.868 46.304 -20 8.761 46
4 16 -21.531 12 46.304 -20 12 46 -20 8.761 46 -21.531 8.868 46.304
3 16 -22.364 9.064 46.861 -21.531 12 46.304 -21.531 8.868 46.304
4 16 -22.364 9.064 46.861 -22.828 9.192 47.172 -22.828 12 47.172 -21.531 12 46.304
2 24 -21.531 8.868 46.304 -22.364 9.064 46.861
2 24 -22.364 9.064 46.861 -22.828 9.192 47.172
2 24 -20 8.761 46 -21.531 8.868 46.304
2 24 -18.469 8.868 46.304 -20 8.761 46
2 24 -17.636 9.064 46.861 -18.469 8.868 46.304
2 24 -17.172 9.192 47.172 -17.636 9.064 46.861
5 24 -18.469 8.868 46.304 -18.469 12 46.304 -17.172 4 47.172 -20 4 46
5 24 -20 8.761 46 -20 12 46 -18.469 4 46.304 -21.531 4 46.304
5 24 -21.531 8.868 46.304 -21.531 12 46.304 -20 4 46 -22.828 4 47.172

1 16 0 12 50 0 0 -4 0 -1.645 0 4 0 0 3-8cyls.dat
1 16 0 10.355 50 0 0 -4 1.645 -1.645 0 4 0 0 3-8edge.dat
2 24 -1.531 8.868 46.304 -2.364 9.064 46.861
2 24 -2.364 9.064 46.861 -2.828 9.192 47.172
2 24 0 8.761 46 -1.531 8.868 46.304
4 16 -1.531 12 46.304 -2.364 9.064 46.861 -2.828 9.192 47.172 -2.828 12 47.172
3 16 -2.364 9.064 46.861 -1.531 12 46.304 -1.531 8.868 46.304
4 16 0 8.761 46 -1.531 8.868 46.304 -1.531 12 46.304 0 12 46
5 24 -1.531 8.868 46.304 -1.531 12 46.304 -2.828 4 47.172 0 4 46
5 24 0 8.761 46 0 12 46 1.531 4 46.304 -1.531 4 46.304
