0 ~Technic Rotor  1 Blade 31L with Beam  3L Blade Rubber Tip
0 Name: s\99013s02.dat
0 Author: Philippe Hurbain [Philo]
0 !LDRAW_ORG Subpart UPDATE 2013-02
0 !LICENSE Redistributable under CCAL version 2.0 : see CAreadme.txt

0 BFC CERTIFY CCW

0 !HISTORY 2012-10-16 {LEGO Digital Designer} Original part shape
0 !HISTORY 2012-10-16 [Philo] File preparation for LDraw Parts Tracker
0 !HISTORY 2013-12-23 [PTadmin] Official Update 2013-02

4 16 -30.771 -581.988 3.73 -13.389 -535.106 3.74 -24.236 -531.085 3.113 -42.96 -577.469 2.937
4 16 -30.771 -581.988 3.73 -14.531 -587.842 3.561 -1.669 -539.452 3.74 -13.389 -535.106 3.74
3 16 -14.531 -587.842 3.561 -10.339 -587.702 3.177 -1.669 -539.452 3.74
3 16 -10.339 -587.702 3.177 -6.072 -585.433 2.697 -1.669 -539.452 3.74
3 16 -3.385 -581.476 2.48 10.52 -543.971 2.49 -6.072 -585.433 2.697
3 16 -6.072 -585.433 2.697 10.52 -543.971 2.49 -1.669 -539.452 3.74
3 16 -24.236 -531.085 3.113 -34.955 -527.111 1.24 -49.349 -569.729 1.516
3 16 -49.349 -569.729 1.516 -34.955 -527.111 1.24 -48.86 -564.616 1.23
3 16 -47.194 -574.461 2.199 -24.236 -531.085 3.113 -49.349 -569.729 1.516
3 16 -42.96 -577.469 2.937 -24.236 -531.085 3.113 -47.194 -574.461 2.199
4 16 -24.236 -531.085 -3.113 -13.389 -535.106 -3.74 -30.771 -581.988 -3.75 -42.96 -577.469 -2.958
4 16 -1.669 -539.452 -3.74 -14.531 -587.842 -3.582 -30.771 -581.988 -3.75 -13.389 -535.106 -3.74
3 16 -14.531 -587.842 -3.582 -1.669 -539.452 -3.74 -10.339 -587.702 -3.197
3 16 -10.339 -587.702 -3.197 -1.669 -539.452 -3.74 -6.072 -585.433 -2.718
3 16 -3.385 -581.476 -2.5 -6.072 -585.433 -2.718 10.52 -543.971 -2.49
3 16 -6.072 -585.433 -2.718 -1.669 -539.452 -3.74 10.52 -543.971 -2.49
3 16 -24.236 -531.085 -3.113 -49.349 -569.729 -1.536 -34.955 -527.111 -1.24
3 16 -49.349 -569.729 -1.536 -48.86 -564.616 -1.25 -34.955 -527.111 -1.24
3 16 -47.194 -574.461 -2.22 -49.349 -569.729 -1.536 -24.236 -531.085 -3.113
3 16 -42.96 -577.469 -2.958 -47.194 -574.461 -2.22 -24.236 -531.085 -3.113
3 16 -34.955 -527.111 0 -34.955 -527.111 -1.24 -48.86 -564.616 -1.25
4 16 -34.955 -527.111 1.24 -34.955 -527.111 0 -48.86 -564.616 -1.25 -48.86 -564.616 1.23
3 16 -3.385 -581.476 -2.5 10.52 -543.971 -2.49 10.52 -543.971 0
4 16 -3.385 -581.476 2.48 -3.385 -581.476 -2.5 10.52 -543.971 0 10.52 -543.971 2.49
4 16 -42.96 -577.469 2.937 -42.96 -577.469 -2.958 -30.771 -581.988 -3.75 -30.771 -581.988 3.73
4 16 -48.86 -564.616 1.23 -48.86 -564.616 -1.25 -49.349 -569.729 -1.536 -49.349 -569.729 1.516
4 16 -49.349 -569.729 1.516 -49.349 -569.729 -1.536 -47.194 -574.461 -2.22 -47.194 -574.461 2.199
4 16 -47.194 -574.461 2.199 -47.194 -574.461 -2.22 -42.96 -577.469 -2.958 -42.96 -577.469 2.937
4 16 -30.771 -581.988 3.73 -30.771 -581.988 -3.75 -14.531 -587.842 -3.582 -14.531 -587.842 3.561
4 16 -6.072 -585.433 2.697 -6.072 -585.433 -2.718 -3.385 -581.476 -2.5 -3.385 -581.476 2.48
4 16 -10.339 -587.702 3.177 -10.339 -587.702 -3.197 -6.072 -585.433 -2.718 -6.072 -585.433 2.697
4 16 -14.531 -587.842 3.561 -14.531 -587.842 -3.582 -10.339 -587.702 -3.197 -10.339 -587.702 3.177
5 24 -30.771 -581.988 3.73 -13.389 -535.106 3.74 -24.236 -531.085 3.113 -1.669 -539.452 3.74
5 24 -24.236 -531.085 3.113 -42.96 -577.469 2.937 -30.771 -581.988 3.73 -47.194 -574.461 2.199
2 24 -42.96 -577.469 2.937 -30.771 -581.988 3.73
5 24 -14.531 -587.842 3.561 -1.669 -539.452 3.74 -30.771 -581.988 3.73 -10.339 -587.702 3.177
2 24 -30.771 -581.988 3.73 -14.531 -587.842 3.561
2 24 -14.531 -587.842 3.561 -10.339 -587.702 3.177
5 24 -10.339 -587.702 3.177 -1.669 -539.452 3.74 -14.531 -587.842 3.561 -6.072 -585.433 2.697
2 24 -10.339 -587.702 3.177 -6.072 -585.433 2.697
5 24 -6.072 -585.433 2.697 -1.669 -539.452 3.74 -10.339 -587.702 3.177 10.52 -543.971 2.49
2 24 -3.385 -581.476 2.48 10.52 -543.971 2.49
5 24 10.52 -543.971 2.49 -6.072 -585.433 2.697 -3.385 -581.476 2.48 -1.669 -539.452 3.74
2 24 -6.072 -585.433 2.697 -3.385 -581.476 2.48
5 24 -34.955 -527.111 1.24 -49.349 -569.729 1.516 -24.236 -531.085 3.113 -48.86 -564.616 1.23
5 24 -49.349 -569.729 1.516 -24.236 -531.085 3.113 -34.955 -527.111 1.24 -47.194 -574.461 2.199
2 24 -34.955 -527.111 1.24 -48.86 -564.616 1.23
2 24 -48.86 -564.616 1.23 -49.349 -569.729 1.516
5 24 -47.194 -574.461 2.199 -24.236 -531.085 3.113 -49.349 -569.729 1.516 -42.96 -577.469 2.937
2 24 -49.349 -569.729 1.516 -47.194 -574.461 2.199
2 24 -47.194 -574.461 2.199 -42.96 -577.469 2.937
5 24 -13.389 -535.106 -3.74 -30.771 -581.988 -3.75 -24.236 -531.085 -3.113 -1.669 -539.452 -3.74
2 24 -30.771 -581.988 -3.75 -42.96 -577.469 -2.958
5 24 -42.96 -577.469 -2.958 -24.236 -531.085 -3.113 -30.771 -581.988 -3.75 -47.194 -574.461 -2.22
2 24 -14.531 -587.842 -3.582 -30.771 -581.988 -3.75
5 24 -1.669 -539.452 -3.74 -14.531 -587.842 -3.582 -30.771 -581.988 -3.75 -10.339 -587.702 -3.197
5 24 -1.669 -539.452 -3.74 -10.339 -587.702 -3.197 -14.531 -587.842 -3.582 -6.072 -585.433 -2.718
2 24 -10.339 -587.702 -3.197 -14.531 -587.842 -3.582
5 24 -1.669 -539.452 -3.74 -6.072 -585.433 -2.718 -10.339 -587.702 -3.197 10.52 -543.971 -2.49
2 24 -6.072 -585.433 -2.718 -10.339 -587.702 -3.197
2 24 -3.385 -581.476 -2.5 -6.072 -585.433 -2.718
5 24 -6.072 -585.433 -2.718 10.52 -543.971 -2.49 -3.385 -581.476 -2.5 -1.669 -539.452 -3.74
2 24 10.52 -543.971 -2.49 -3.385 -581.476 -2.5
5 24 -24.236 -531.085 -3.113 -49.349 -569.729 -1.536 -34.955 -527.111 -1.24 -47.194 -574.461 -2.22
5 24 -49.349 -569.729 -1.536 -34.955 -527.111 -1.24 -24.236 -531.085 -3.113 -48.86 -564.616 -1.25
2 24 -49.349 -569.729 -1.536 -48.86 -564.616 -1.25
2 24 -48.86 -564.616 -1.25 -34.955 -527.111 -1.24
2 24 -47.194 -574.461 -2.22 -49.349 -569.729 -1.536
5 24 -24.236 -531.085 -3.113 -47.194 -574.461 -2.22 -49.349 -569.729 -1.536 -42.96 -577.469 -2.958
2 24 -42.96 -577.469 -2.958 -47.194 -574.461 -2.22
5 24 -48.86 -564.616 -1.25 -48.86 -564.616 1.23 -34.955 -527.111 1.24 -49.349 -569.729 -1.536
5 24 -3.385 -581.476 2.48 -3.385 -581.476 -2.5 10.52 -543.971 -2.49 -6.072 -585.433 2.697
5 24 -42.96 -577.469 2.937 -42.96 -577.469 -2.958 -30.771 -581.988 -3.75 -47.194 -574.461 2.199
5 24 -30.771 -581.988 -3.75 -30.771 -581.988 3.73 -42.96 -577.469 2.937 -14.531 -587.842 -3.582
5 24 -49.349 -569.729 -1.536 -49.349 -569.729 1.516 -48.86 -564.616 1.23 -47.194 -574.461 -2.22
5 24 -47.194 -574.461 -2.22 -47.194 -574.461 2.199 -49.349 -569.729 1.516 -42.96 -577.469 -2.958
5 24 -14.531 -587.842 -3.582 -14.531 -587.842 3.561 -30.771 -581.988 3.73 -10.339 -587.702 -3.197
5 24 -6.072 -585.433 2.697 -6.072 -585.433 -2.718 -3.385 -581.476 -2.5 -10.339 -587.702 3.177
5 24 -10.339 -587.702 3.177 -10.339 -587.702 -3.197 -6.072 -585.433 -2.718 -14.531 -587.842 3.561
5 24 -13.389 -535.106 3.74 -1.669 -539.452 3.74 3.818 -522.9 3.74 -30.771 -581.988 3.73
5 24 -1.669 -539.452 3.74 10.52 -543.971 2.49 16.456 -525.948 2.49 -6.072 -585.433 2.697
5 24 -24.236 -531.085 3.113 -13.389 -535.106 3.74 -8.333 -519.969 3.74 -30.771 -581.988 3.73
5 24 -34.955 -527.111 1.24 -24.236 -531.085 3.113 -19.427 -516.336 3.113 -49.349 -569.729 1.516
5 24 -34.955 -527.111 0 -34.955 -527.111 1.24 -30.569 -513.829 1.24 -48.86 -564.616 -1.25
5 24 10.52 -543.971 2.49 10.52 -543.971 0 16.456 -525.948 0 -3.385 -581.476 2.48
5 24 -1.669 -539.452 -3.74 -13.389 -535.106 -3.74 -8.333 -519.969 -3.74 -14.531 -587.842 -3.582
5 24 10.52 -543.971 -2.49 -1.669 -539.452 -3.74 3.818 -522.9 -3.74 -6.072 -585.433 -2.718
5 24 -13.389 -535.106 -3.74 -24.236 -531.085 -3.113 -8.333 -519.969 -3.74 -30.771 -581.988 -3.75
5 24 -24.236 -531.085 -3.113 -34.955 -527.111 -1.24 -30.569 -513.829 -1.24 -49.349 -569.729 -1.536
5 24 -34.955 -527.111 -1.24 -34.955 -527.111 0 -30.569 -513.829 -1.24 -48.86 -564.616 -1.25
5 24 10.52 -543.971 0 10.52 -543.971 -2.49 16.456 -525.948 -2.49 -3.385 -581.476 -2.5
