0 ~Figure Fabuland Bunny Eye  3
0 Name: s\u9106s07.dat
0 Author: Philippe Hurbain [Philo]
0 !LDRAW_ORG Subpart UPDATE 2011-01
0 !LICENSE Redistributable under CCAL version 2.0 : see CAreadme.txt

0 BFC CERTIFY CCW

0 !HISTORY 2011-07-25 [PTadmin] Official Update 2011-01

3 0 15.492 -25.466 -16.783 15.584 -25.365 -16.733 15.64 -25.471 -16.585
3 16 17.748 -22.972 -15.549 17.989 -23.649 -14.762 16.782 -24.04 -16.077
4 16 15.64 -25.471 -16.585 15.584 -25.365 -16.733 16.782 -24.04 -16.077 17.293 -25.524 -14.373
4 16 16.782 -24.04 -16.077 17.989 -23.649 -14.762 18.363 -24.702 -13.537 17.293 -25.524 -14.373
3 16 18.363 -24.702 -13.537 18.67 -25.568 -12.53 17.293 -25.524 -14.373
3 0 15.492 -25.466 -16.783 15.354 -24.934 -17.413 15.584 -25.365 -16.733
4 16 14.945 -23.355 -19.282 17.748 -22.972 -15.549 16.782 -24.04 -16.077 15.251 -24.535 -17.885
4 16 15.584 -25.365 -16.733 15.354 -24.934 -17.413 15.251 -24.535 -17.885 16.782 -24.04 -16.077
3 16 18.409 -31.72 -8.651 18.164 -32.117 -8.824 18.289 -31.67 -8.939
4 16 18.289 -31.67 -8.939 19.171 -28.51 -9.749 20.335 -28.597 -7.286 18.409 -31.72 -8.651
3 16 18.67 -25.568 -12.53 18.822 -26.461 -11.686 18.249 -27.458 -11.877
4 16 18.137 -29.291 -10.792 18.975 -27.355 -10.84 19.171 -28.51 -9.749 18.289 -31.67 -8.939
4 16 18.249 -27.458 -11.877 18.822 -26.461 -11.686 18.975 -27.355 -10.84 17.781 -29.56 -11.151
3 16 18.137 -29.291 -10.792 17.781 -29.56 -11.151 18.975 -27.355 -10.84
4 0 14.631 -29.139 -15.282 16.14 -27.805 -14.254 16.14 -28.75 -13.668 14.943 -29.181 -14.872
3 0 14.943 -29.181 -14.872 16.14 -28.75 -13.668 15.952 -29.315 -13.55
3 0 15.952 -29.315 -13.55 16.14 -28.75 -13.668 16.911 -29.444 -12.292
4 16 16.911 -29.444 -12.292 16.14 -28.75 -13.668 16.14 -27.805 -14.254 17.093 -29.468 -12.053
4 16 16.14 -27.805 -14.254 18.67 -25.568 -12.53 18.249 -27.458 -11.877 17.093 -29.468 -12.053
3 16 17.781 -29.56 -11.151 17.093 -29.468 -12.053 18.249 -27.458 -11.877
4 0 15.247 -26.509 -16.357 16.14 -26.41 -15.254 16.14 -27.805 -14.254 14.631 -29.139 -15.282
4 0 15.492 -25.466 -16.783 15.64 -25.471 -16.585 16.14 -26.41 -15.254 15.247 -26.509 -16.357
3 16 17.293 -25.524 -14.373 16.14 -26.41 -15.254 15.64 -25.471 -16.585
4 16 18.67 -25.568 -12.53 16.14 -27.805 -14.254 16.14 -26.41 -15.254 17.293 -25.524 -14.373
3 0 14.943 -29.181 -14.872 14.663 -29.282 -15.152 14.631 -29.139 -15.282
3 0 15.418 -30.472 -13.48 14.975 -30.651 -13.912 14.929 -30.448 -14.095
4 0 14.929 -30.448 -14.095 14.663 -29.282 -15.152 14.943 -29.181 -14.872 15.418 -30.472 -13.48
4 0 14.943 -29.181 -14.872 15.952 -29.315 -13.55 15.78 -29.83 -13.438 15.418 -30.472 -13.48
4 0 15.78 -29.83 -13.438 15.952 -29.315 -13.55 16.911 -29.444 -12.292 16.318 -30.129 -12.59
4 0 16.911 -29.444 -12.292 17.04 -29.56 -12.06 16.802 -29.94 -12.114 16.318 -30.129 -12.59
3 0 16.802 -29.94 -12.114 17.04 -29.56 -12.06 17.212 -29.781 -11.711
3 16 15.78 -29.83 -13.438 16.318 -30.129 -12.59 15.418 -30.472 -13.48
3 16 17.093 -29.468 -12.053 17.04 -29.56 -12.06 16.911 -29.444 -12.292
4 16 17.781 -29.56 -11.151 17.212 -29.781 -11.711 17.04 -29.56 -12.06 17.093 -29.468 -12.053
3 0 14.975 -30.651 -13.912 15.418 -30.472 -13.48 14.988 -31.18 -13.609
3 0 15.058 -33.996 -11.998 15.039 -33.209 -12.448 15.101 -33.936 -11.98
3 0 15.039 -33.209 -12.448 15.205 -33.765 -11.948 15.101 -33.936 -11.98
4 0 14.995 -31.475 -13.44 14.988 -31.18 -13.609 15.418 -30.472 -13.48 15.6 -32.08 -12.39
3 0 16.23 -31.54 -11.93 15.6 -32.08 -12.39 15.418 -30.472 -13.48
4 0 15.995 -32.475 -11.703 15.6 -32.08 -12.39 16.23 -31.54 -11.93 16.364 -31.874 -11.589
3 0 16.802 -29.94 -12.114 16.59 -30.28 -12.183 16.318 -30.129 -12.59
4 0 16.59 -30.28 -12.183 16.802 -29.94 -12.114 17.212 -29.781 -11.711 17.082 -30.701 -11.367
3 0 17.454 -30.093 -11.252 17.082 -30.701 -11.367 17.212 -29.781 -11.711
4 16 16.318 -30.129 -12.59 16.59 -30.28 -12.183 16.23 -31.54 -11.93 15.418 -30.472 -13.48
4 16 16.364 -31.874 -11.589 16.23 -31.54 -11.93 16.59 -30.28 -12.183 17.082 -30.701 -11.367
3 16 14.995 -31.475 -13.44 15.6 -32.08 -12.39 15.031 -32.893 -12.629
4 16 15.039 -33.209 -12.448 15.031 -32.893 -12.629 15.6 -32.08 -12.39 15.205 -33.765 -11.948
3 16 15.995 -32.475 -11.703 15.205 -33.765 -11.948 15.6 -32.08 -12.39
3 16 17.454 -30.093 -11.252 17.212 -29.781 -11.711 17.781 -29.56 -11.151
3 16 17.748 -22.972 -15.549 14.945 -23.355 -19.282 16.11 -20.145 -19.837
3 15 10.984 -30.29 -19.045 11.405 -29.84 -18.834 11.528 -30.118 -18.484
4 0 11.405 -29.84 -18.834 11.636 -29.592 -18.718 11.639 -30.083 -18.37 11.528 -30.118 -18.484
4 0 11.636 -29.592 -18.718 14.432 -26.6 -17.315 15.247 -26.509 -16.357 11.639 -30.083 -18.37
3 0 14.631 -29.139 -15.282 11.639 -30.083 -18.37 15.247 -26.509 -16.357
3 0 15.247 -26.509 -16.357 14.432 -26.6 -17.315 15.492 -25.466 -16.783
3 16 16.11 -20.145 -19.837 14.945 -23.355 -19.282 14.502 -21.015 -21.961
4 16 13.799 -22.771 -21.603 13.992 -21.525 -22.346 14.502 -21.015 -21.961 14.945 -23.355 -19.282
3 16 13.1 -22.415 -23.02 13.992 -21.525 -22.346 13.799 -22.771 -21.603
3 0 13.356 -23.717 -21.347 13.71 -23.35 -21.17 13.978 -23.575 -20.538
4 0 11.144 -24.086 -24.357 12.006 -23.35 -23.768 13.71 -23.35 -21.17 11.117 -24.228 -24.257
3 0 13.356 -23.717 -21.347 11.117 -24.228 -24.257 13.71 -23.35 -21.17
3 0 11.144 -24.086 -24.357 11.117 -24.228 -24.257 10.927 -24.271 -24.505
4 16 14.945 -23.355 -19.282 13.978 -23.575 -20.538 13.71 -23.35 -21.17 13.799 -22.771 -21.603
4 16 13.1 -22.415 -23.02 13.799 -22.771 -21.603 13.71 -23.35 -21.17 12.006 -23.35 -23.768
3 0 11.144 -24.086 -24.357 11.28 -23.35 -24.844 12.006 -23.35 -23.768
4 0 10.996 -23.528 -25.1 11.28 -23.35 -24.844 11.144 -24.086 -24.357 10.927 -24.271 -24.505
4 16 11.029 -23.167 -25.389 11.187 -21.466 -26.75 13.1 -22.415 -23.02 11.28 -23.35 -24.844
3 16 12.006 -23.35 -23.768 11.28 -23.35 -24.844 13.1 -22.415 -23.02
3 16 11.029 -23.167 -25.389 11.28 -23.35 -24.844 10.996 -23.528 -25.1
3 0 10.927 -24.271 -24.505 9.925 -24.197 -25.731 10.996 -23.528 -25.1
3 16 11.187 -21.466 -26.75 11.029 -23.167 -25.389 10.34 -22.664 -26.642
3 16 9.538 -23.799 -26.541 9.798 -24.187 -25.888 9.29 -24.149 -26.51
4 16 9.798 -24.187 -25.888 9.538 -23.799 -26.541 10.34 -22.664 -26.642 9.925 -24.197 -25.731
4 16 10.34 -22.664 -26.642 11.029 -23.167 -25.389 10.996 -23.528 -25.1 9.925 -24.197 -25.731
3 16 11.187 -21.466 -26.75 10.34 -22.664 -26.642 9.745 -22.229 -27.633
3 16 9.392 -23.582 -26.876 9.538 -23.799 -26.541 9.29 -24.149 -26.51
4 16 9.392 -23.582 -26.876 9.623 -22.293 -27.707 9.745 -22.229 -27.633 9.538 -23.799 -26.541
3 16 10.34 -22.664 -26.642 9.538 -23.799 -26.541 9.745 -22.229 -27.633
4 0 8.833 -25.506 -25.648 9.84 -24.25 -25.775 9.925 -24.197 -25.731 9.507 -25.6 -24.779
3 0 10.927 -24.271 -24.505 9.507 -25.6 -24.779 9.925 -24.197 -25.731
4 0 8.833 -25.506 -25.648 9.507 -25.6 -24.779 8.43 -26.606 -24.986 8.774 -25.624 -25.595
4 16 8.833 -25.506 -25.648 9.29 -24.149 -26.51 9.798 -24.187 -25.888 9.84 -24.25 -25.775
3 16 9.925 -24.197 -25.731 9.84 -24.25 -25.775 9.798 -24.187 -25.888
3 15 10.984 -30.29 -19.045 11.333 -29.679 -19.066 11.405 -29.84 -18.834
4 0 11.333 -29.679 -19.066 11.634 -29.152 -19.084 11.636 -29.592 -18.718 11.405 -29.84 -18.834
4 0 11.634 -29.152 -19.084 13 -26.76 -19.166 14.432 -26.6 -17.315 11.636 -29.592 -18.718
4 0 13.943 -25.109 -19.222 15.158 -24.565 -17.989 15.354 -24.934 -17.413 13 -26.76 -19.166
4 0 15.354 -24.934 -17.413 15.492 -25.466 -16.783 14.432 -26.6 -17.315 13 -26.76 -19.166
3 0 14.547 -24.052 -19.258 15.158 -24.565 -17.989 13.943 -25.109 -19.222
4 16 15.251 -24.535 -17.885 15.158 -24.565 -17.989 14.547 -24.052 -19.258 14.945 -23.355 -19.282
3 16 15.354 -24.934 -17.413 15.158 -24.565 -17.989 15.251 -24.535 -17.885
4 15 10.977 -29.541 -19.725 11.28 -29.56 -19.252 11.333 -29.679 -19.066 10.984 -30.29 -19.045
4 15 10.952 -26.88 -22.139 11.623 -26.913 -21.099 11.28 -27.4 -21.181 10.957 -27.4 -21.667
4 15 11.64 -26.14 -21.764 11.623 -26.913 -21.099 10.952 -26.88 -22.139 10.944 -26.14 -22.81
4 15 11.37 -25.78 -22.492 11.64 -26.14 -21.764 10.944 -26.14 -22.81 10.941 -25.78 -23.136
4 0 10.957 -27.4 -21.667 11.28 -27.4 -21.181 11.28 -29.56 -19.252 10.977 -29.541 -19.725
4 0 11.28 -29.56 -19.252 11.28 -27.4 -21.181 11.623 -26.913 -21.099 11.333 -29.679 -19.066
3 0 11.634 -29.152 -19.084 11.333 -29.679 -19.066 11.623 -26.913 -21.099
3 0 11.634 -29.152 -19.084 11.623 -26.913 -21.099 13 -26.76 -19.166
4 0 11.623 -26.913 -21.099 11.64 -26.14 -21.764 13.943 -25.109 -19.222 13 -26.76 -19.166
4 0 11.37 -25.78 -22.492 13.356 -23.717 -21.347 13.978 -23.575 -20.538 11.64 -26.14 -21.764
4 0 13.978 -23.575 -20.538 14.547 -24.052 -19.258 13.943 -25.109 -19.222 11.64 -26.14 -21.764
4 0 10.936 -25.21 -23.654 11.117 -24.228 -24.257 13.356 -23.717 -21.347 10.941 -25.78 -23.136
3 0 11.37 -25.78 -22.492 10.941 -25.78 -23.136 13.356 -23.717 -21.347
3 0 11.117 -24.228 -24.257 10.936 -25.21 -23.654 10.927 -24.271 -24.505
3 16 14.945 -23.355 -19.282 14.547 -24.052 -19.258 13.978 -23.575 -20.538
3 0 10.927 -24.271 -24.505 10.291 -25.707 -23.943 9.507 -25.6 -24.779
4 0 8.43 -26.606 -24.986 9.507 -25.6 -24.779 10.291 -25.707 -23.943 8.46 -26.893 -24.724
3 0 10 -26.363 -23.685 8.46 -26.893 -24.724 10.291 -25.707 -23.943
4 0 9.459 -27.586 -23.206 8.592 -28.158 -23.568 8.46 -26.893 -24.724 10 -26.363 -23.685
3 0 8.702 -29.296 -22.532 8.592 -28.158 -23.568 9.459 -27.586 -23.206
4 15 10.347 -30.008 -20.024 10.671 -29.522 -20.091 10.977 -29.541 -19.725 10.984 -30.29 -19.045
4 15 10.74 -27.4 -21.913 10.56 -26.86 -22.603 10.952 -26.88 -22.139 10.957 -27.4 -21.667
4 15 10.952 -26.88 -22.139 10.56 -26.86 -22.603 10.65 -26.14 -23.145 10.944 -26.14 -22.81
4 15 10.944 -26.14 -22.81 10.65 -26.14 -23.145 10.83 -25.78 -23.263 10.941 -25.78 -23.136
4 0 10.671 -29.522 -20.091 10.74 -27.4 -21.913 10.957 -27.4 -21.667 10.977 -29.541 -19.725
3 0 10.941 -25.78 -23.136 10.83 -25.78 -23.263 10.936 -25.21 -23.654
4 0 10.291 -25.707 -23.943 10.927 -24.271 -24.505 10.936 -25.21 -23.654 10.83 -25.78 -23.263
4 0 10.291 -25.707 -23.943 10.83 -25.78 -23.263 10.65 -26.14 -23.145 10 -26.363 -23.685
4 0 10 -26.363 -23.685 10.65 -26.14 -23.145 10.56 -26.86 -22.603 9.459 -27.586 -23.206
4 0 10.671 -29.522 -20.091 10.347 -30.008 -20.024 8.837 -29.338 -22.344 9.459 -27.586 -23.206
3 0 9.459 -27.586 -23.206 8.837 -29.338 -22.344 8.702 -29.296 -22.532
4 0 9.459 -27.586 -23.206 10.56 -26.86 -22.603 10.74 -27.4 -21.913 10.671 -29.522 -20.091
4 15 10.131 -30.332 -19.969 10.347 -30.008 -20.024 10.984 -30.29 -19.045 10.911 -30.352 -19.071
3 15 10.178 -30.97 -19.329 10.131 -30.332 -19.969 10.911 -30.352 -19.071
3 0 8.837 -29.338 -22.344 8.706 -30.823 -21.124 8.702 -29.296 -22.532
4 0 8.706 -30.823 -21.124 8.837 -29.338 -22.344 10.347 -30.008 -20.024 10.131 -30.332 -19.969
4 0 8.706 -30.823 -21.124 10.131 -30.332 -19.969 10.178 -30.97 -19.329 8.704 -32.212 -19.847
3 0 8.774 -25.624 -25.595 8.43 -26.606 -24.986 8.199 -26.487 -25.247
3 16 8.833 -25.506 -25.648 7.346 -25.109 -27.012 9.29 -24.149 -26.51
4 16 6.417 -25.567 -27.252 7.346 -25.109 -27.012 8.833 -25.506 -25.648 8.199 -26.487 -25.247
3 16 8.774 -25.624 -25.595 8.199 -26.487 -25.247 8.833 -25.506 -25.648
4 16 9.29 -24.149 -26.51 7.037 -22.92 -28.891 8.681 -22.521 -28.138 9.392 -23.582 -26.876
3 16 9.392 -23.582 -26.876 8.681 -22.521 -28.138 9.623 -22.293 -27.707
4 16 9.29 -24.149 -26.51 7.346 -25.109 -27.012 6.572 -24.903 -27.663 7.037 -22.92 -28.891
3 16 6.572 -24.903 -27.663 7.346 -25.109 -27.012 6.417 -25.567 -27.252
4 0 7.41 -31.27 -21.606 7.313 -30.667 -22.229 8.702 -29.296 -22.532 8.706 -30.823 -21.124
4 0 7.961 -32.143 -20.423 7.41 -31.27 -21.606 8.706 -30.823 -21.124 8.704 -32.212 -19.847
4 16 6.009 -31.96 -21.937 6.664 -31.311 -22.083 7.41 -31.27 -21.606 7.961 -32.143 -20.423
3 16 7.313 -30.667 -22.229 7.41 -31.27 -21.606 6.664 -31.311 -22.083
3 0 8.43 -26.606 -24.986 8.46 -26.893 -24.724 8.027 -27.042 -24.889
4 0 7.165 -28.888 -23.908 7.667 -27.43 -24.803 8.027 -27.042 -24.889 7.396 -28.947 -23.704
4 0 8.027 -27.042 -24.889 8.46 -26.893 -24.724 8.592 -28.158 -23.568 7.396 -28.947 -23.704
3 0 8.702 -29.296 -22.532 7.396 -28.947 -23.704 8.592 -28.158 -23.568
3 16 7.667 -27.43 -24.803 7.165 -28.888 -23.908 6.478 -28.713 -24.517
4 0 7.77 -27.13 -24.989 8.199 -26.487 -25.247 8.43 -26.606 -24.986 8.027 -27.042 -24.889
3 0 7.667 -27.43 -24.803 7.77 -27.13 -24.989 8.027 -27.042 -24.889
4 16 6.427 -26.068 -26.816 7.77 -27.13 -24.989 7.667 -27.43 -24.803 6.478 -28.713 -24.517
4 16 8.199 -26.487 -25.247 7.77 -27.13 -24.989 6.427 -26.068 -26.816 6.417 -25.567 -27.252
3 0 7.071 -29.162 -23.727 7.165 -28.888 -23.908 7.396 -28.947 -23.704
3 0 7.071 -29.162 -23.727 7.396 -28.947 -23.704 8.702 -29.296 -22.532
3 0 7.071 -29.162 -23.727 8.702 -29.296 -22.532 7.313 -30.667 -22.229
3 16 6.664 -31.311 -22.083 6.009 -31.96 -21.937 6.099 -31.342 -22.428
4 16 7.165 -28.888 -23.908 7.071 -29.162 -23.727 6.33 -29.737 -23.703 6.478 -28.713 -24.517
4 16 6.33 -29.737 -23.703 7.071 -29.162 -23.727 7.313 -30.667 -22.229 6.099 -31.342 -22.428
3 16 6.664 -31.311 -22.083 6.099 -31.342 -22.428 7.313 -30.667 -22.229
4 16 17.507 -34.371 -7.755 18.595 -33.005 -6.675 18.885 -32.98 -5.904 17.425 -35.926 -5.776
3 16 18.885 -32.98 -5.904 18.595 -33.005 -6.675 19.326 -32.087 -5.948
3 16 18.409 -31.72 -8.651 19.276 -32.081 -6.081 18.164 -32.117 -8.824
3 16 20.335 -28.597 -7.286 19.276 -32.081 -6.081 18.409 -31.72 -8.651
3 16 19.326 -32.087 -5.948 19.276 -32.081 -6.081 20.335 -28.597 -7.286
3 16 17.888 -33.065 -8.375 18.595 -33.005 -6.675 17.507 -34.371 -7.755
3 16 18.164 -32.117 -8.824 19.276 -32.081 -6.081 17.888 -33.065 -8.375
3 16 19.276 -32.081 -6.081 19.326 -32.087 -5.948 17.888 -33.065 -8.375
3 16 18.595 -33.005 -6.675 17.888 -33.065 -8.375 19.326 -32.087 -5.948
4 16 16.02 -37.408 -6.755 16.053 -37.125 -7.076 17.507 -34.371 -7.755 17.425 -35.926 -5.776
3 16 15.757 -37.685 -6.938 16.053 -37.125 -7.076 16.02 -37.408 -6.755
3 16 18.289 -31.67 -8.939 18.164 -32.117 -8.824 18.085 -31.585 -9.308
4 16 18.085 -31.585 -9.308 17.843 -29.971 -10.777 18.137 -29.291 -10.792 18.289 -31.67 -8.939
3 16 17.843 -29.971 -10.777 17.781 -29.56 -11.151 18.137 -29.291 -10.792
4 16 16.44 -33.774 -10.301 16.463 -33.571 -10.462 16.964 -33.144 -9.98 17.507 -34.371 -7.755
3 16 16.964 -33.144 -9.98 17.888 -33.065 -8.375 17.507 -34.371 -7.755
3 16 18.164 -32.117 -8.824 17.888 -33.065 -8.375 16.964 -33.144 -9.98
3 16 16.44 -33.774 -10.301 16.311 -33.702 -10.609 16.463 -33.571 -10.462
3 0 16.491 -33.231 -10.65 16.66 -32.719 -10.737 16.77 -33.16 -10.268
3 0 17.549 -30.214 -11.065 17.67 -30.37 -10.772 17.396 -30.644 -11.009
4 0 17.282 -30.965 -10.967 17.396 -30.644 -11.009 17.67 -30.37 -10.772 17.49 -31.45 -10.317
3 0 17.76 -31.45 -9.901 17.49 -31.45 -10.317 17.67 -30.37 -10.772
4 16 17.49 -31.45 -10.317 16.77 -33.16 -10.268 16.66 -32.719 -10.737 17.282 -30.965 -10.967
4 16 16.491 -33.231 -10.65 16.77 -33.16 -10.268 16.964 -33.144 -9.98 16.463 -33.571 -10.462
4 16 17.49 -31.45 -10.317 17.76 -31.45 -9.901 18.085 -31.585 -9.308 16.77 -33.16 -10.268
4 16 18.085 -31.585 -9.308 18.164 -32.117 -8.824 16.964 -33.144 -9.98 16.77 -33.16 -10.268
4 16 16.311 -33.702 -10.609 16.449 -33.313 -10.659 16.491 -33.231 -10.65 16.463 -33.571 -10.462
4 16 18.085 -31.585 -9.308 17.76 -31.45 -9.901 17.67 -30.37 -10.772 17.843 -29.971 -10.777
4 16 17.67 -30.37 -10.772 17.549 -30.214 -11.065 17.781 -29.56 -11.151 17.843 -29.971 -10.777
3 16 17.507 -34.371 -7.755 16.053 -37.125 -7.076 16.276 -35.191 -9.183
4 16 15.757 -37.685 -6.938 15.743 -35.546 -9.802 16.276 -35.191 -9.183 16.053 -37.125 -7.076
3 16 17.507 -34.371 -7.755 16.276 -35.191 -9.183 16.44 -33.774 -10.301
4 16 16.311 -33.702 -10.609 16.44 -33.774 -10.301 16.276 -35.191 -9.183 15.743 -35.546 -9.802
4 16 14.296 -36.887 -10.442 15.456 -35.812 -9.929 15.663 -37.653 -7.139 14.567 -37.28 -9.467
4 16 15.757 -37.685 -6.938 15.663 -37.653 -7.139 15.456 -35.812 -9.929 15.743 -35.546 -9.802
3 16 14.567 -37.28 -9.467 14.059 -37.107 -10.547 14.296 -36.887 -10.442
3 0 15.205 -33.765 -11.948 15.24 -33.88 -11.838 15.101 -33.936 -11.98
3 0 15.101 -33.936 -11.98 15.24 -33.88 -11.838 15.249 -33.958 -11.783
3 0 15.101 -33.936 -11.98 15.249 -33.958 -11.783 15.058 -33.996 -11.998
4 0 16.59 -32.44 -10.984 16.23 -32.71 -11.277 15.995 -32.475 -11.703 16.364 -31.874 -11.589
4 0 16.491 -33.231 -10.65 16.23 -32.71 -11.277 16.59 -32.44 -10.984 16.66 -32.719 -10.737
4 0 17.082 -30.701 -11.367 17.454 -30.093 -11.252 17.549 -30.214 -11.065 17.22 -30.82 -11.127
3 0 17.396 -30.644 -11.009 17.22 -30.82 -11.127 17.549 -30.214 -11.065
3 0 17.282 -30.965 -10.967 17.22 -30.82 -11.127 17.396 -30.644 -11.009
4 16 17.22 -30.82 -11.127 16.59 -32.44 -10.984 16.364 -31.874 -11.589 17.082 -30.701 -11.367
4 16 16.66 -32.719 -10.737 16.59 -32.44 -10.984 17.22 -30.82 -11.127 17.282 -30.965 -10.967
4 16 16.23 -32.71 -11.277 15.24 -33.88 -11.838 15.205 -33.765 -11.948 15.995 -32.475 -11.703
4 16 15.24 -33.88 -11.838 16.23 -32.71 -11.277 16.491 -33.231 -10.65 15.249 -33.958 -11.783
3 16 16.491 -33.231 -10.65 16.449 -33.313 -10.659 15.249 -33.958 -11.783
3 16 16.449 -33.313 -10.659 16.09 -33.755 -10.853 15.249 -33.958 -11.783
3 16 16.311 -33.702 -10.609 16.09 -33.755 -10.853 16.449 -33.313 -10.659
3 16 17.454 -30.093 -11.252 17.781 -29.56 -11.151 17.549 -30.214 -11.065
3 0 15.058 -33.996 -11.998 15.249 -33.958 -11.783 15.319 -34.591 -11.159
3 16 15.249 -33.958 -11.783 16.09 -33.755 -10.853 15.319 -34.591 -11.159
3 16 16.09 -33.755 -10.853 15.341 -34.677 -11.058 15.319 -34.591 -11.159
4 16 15.341 -34.677 -11.058 16.09 -33.755 -10.853 16.311 -33.702 -10.609 15.743 -35.546 -9.802
4 0 12.431 -32.921 -15.363 12.99 -33.34 -14.543 12.18 -33.7 -15.203 11.428 -33.816 -15.936
4 0 13.71 -32.71 -14.126 12.99 -33.34 -14.543 12.431 -32.921 -15.363 13.113 -32.312 -14.974
4 0 13.113 -32.312 -14.974 14.201 -31.342 -14.353 14.88 -31.36 -13.625 13.71 -32.71 -14.126
3 0 14.52 -31.99 -13.662 13.71 -32.71 -14.126 14.88 -31.36 -13.625
4 0 14.201 -31.342 -14.353 14.975 -30.651 -13.912 14.988 -31.18 -13.609 14.88 -31.36 -13.625
4 0 14.97 -32.98 -12.646 14.34 -33.43 -13.066 13.71 -32.71 -14.126 14.52 -31.99 -13.662
4 0 14.748 -34.001 -12.324 14.34 -33.43 -13.066 14.97 -32.98 -12.646 14.933 -34.003 -12.126
4 0 14.97 -32.98 -12.646 15.039 -33.209 -12.448 15.058 -33.996 -11.998 14.933 -34.003 -12.126
3 0 14.995 -31.475 -13.44 14.88 -31.36 -13.625 14.988 -31.18 -13.609
4 0 12.426 -33.973 -14.794 12.18 -33.7 -15.203 12.99 -33.34 -14.543 13.366 -33.984 -13.794
4 16 14.52 -31.99 -13.662 14.88 -31.36 -13.625 14.995 -31.475 -13.44 14.97 -32.98 -12.646
3 16 14.995 -31.475 -13.44 15.031 -32.893 -12.629 14.97 -32.98 -12.646
3 16 15.031 -32.893 -12.629 15.039 -33.209 -12.448 14.97 -32.98 -12.646
4 16 13.366 -33.984 -13.794 12.99 -33.34 -14.543 13.71 -32.71 -14.126 13.932 -33.991 -13.192
4 16 13.932 -33.991 -13.192 13.71 -32.71 -14.126 14.34 -33.43 -13.066 14.748 -34.001 -12.324
4 16 11.428 -33.816 -15.936 12.18 -33.7 -15.203 12.426 -33.973 -14.794 11.266 -33.96 -16.028
4 0 14.933 -34.394 -11.811 15.058 -33.996 -11.998 15.319 -34.591 -11.159 15.06 -34.69 -11.396
3 0 15.341 -34.677 -11.058 15.06 -34.69 -11.396 15.319 -34.591 -11.159
3 16 14.732 -35.018 -11.52 14.933 -34.394 -11.811 15.06 -34.69 -11.396
4 16 14.182 -36.723 -10.725 14.732 -35.018 -11.52 15.06 -34.69 -11.396 14.296 -36.887 -10.442
4 16 15.06 -34.69 -11.396 15.341 -34.677 -11.058 15.456 -35.812 -9.929 14.296 -36.887 -10.442
3 16 15.743 -35.546 -9.802 15.456 -35.812 -9.929 15.341 -34.677 -11.058
3 16 14.182 -36.723 -10.725 14.296 -36.887 -10.442 14.059 -37.107 -10.547
3 0 15.058 -33.996 -11.998 14.933 -34.394 -11.811 14.857 -34.216 -12.046
4 0 13.53 -36.04 -12.034 13.434 -35.704 -12.422 13.8 -35.32 -12.326 13.71 -36.04 -11.829
4 16 13.8 -35.32 -12.326 14.857 -34.216 -12.046 14.933 -34.394 -11.811 13.71 -36.04 -11.829
3 16 14.933 -34.394 -11.811 14.732 -35.018 -11.52 13.71 -36.04 -11.829
3 16 14.732 -35.018 -11.52 14.182 -36.723 -10.725 13.71 -36.04 -11.829
3 16 13.009 -36.149 -12.534 13.434 -35.704 -12.422 13.53 -36.04 -12.034
4 16 12.429 -36.756 -12.687 13.009 -36.149 -12.534 13.53 -36.04 -12.034 14.059 -37.107 -10.547
4 16 13.53 -36.04 -12.034 13.71 -36.04 -11.829 14.182 -36.723 -10.725 14.059 -37.107 -10.547
3 0 14.933 -34.003 -12.126 14.79 -34.06 -12.234 14.748 -34.001 -12.324
3 0 14.79 -34.06 -12.234 14.933 -34.003 -12.126 14.857 -34.216 -12.046
3 0 14.933 -34.003 -12.126 15.058 -33.996 -11.998 14.857 -34.216 -12.046
4 0 13.62 -34.42 -13.196 12.99 -34.6 -13.725 12.426 -33.973 -14.794 13.366 -33.984 -13.794
4 0 13.62 -34.42 -13.196 13.8 -35.32 -12.326 13.35 -35.41 -12.733 12.99 -34.6 -13.725
3 0 13.35 -35.41 -12.733 13.8 -35.32 -12.326 13.434 -35.704 -12.422
3 16 13.366 -33.984 -13.794 13.932 -33.991 -13.192 13.62 -34.42 -13.196
4 16 13.62 -34.42 -13.196 13.932 -33.991 -13.192 14.748 -34.001 -12.324 13.8 -35.32 -12.326
3 16 13.8 -35.32 -12.326 14.748 -34.001 -12.324 14.79 -34.06 -12.234
3 16 13.8 -35.32 -12.326 14.79 -34.06 -12.234 14.857 -34.216 -12.046
4 16 12.426 -33.973 -14.794 12.99 -34.6 -13.725 11.78 -35.195 -14.552 11.266 -33.96 -16.028
4 16 11.78 -35.195 -14.552 12.99 -34.6 -13.725 13.35 -35.41 -12.733 12.243 -36.309 -13.221
4 16 13.35 -35.41 -12.733 13.434 -35.704 -12.422 13.009 -36.149 -12.534 12.243 -36.309 -13.221
3 16 12.429 -36.756 -12.687 12.243 -36.309 -13.221 13.009 -36.149 -12.534
3 0 14.631 -29.139 -15.282 14.663 -29.282 -15.152 14.487 -29.345 -15.314
3 0 11.428 -33.816 -15.936 11.359 -33.826 -16.007 12.142 -32.704 -15.834
3 0 11.428 -33.816 -15.936 12.142 -32.704 -15.834 12.431 -32.921 -15.363
4 0 12.431 -32.921 -15.363 12.142 -32.704 -15.834 12.638 -31.995 -15.724 13.113 -32.312 -14.974
4 0 12.638 -31.995 -15.724 13.114 -31.312 -15.618 14.201 -31.342 -14.353 13.113 -32.312 -14.974
4 0 13.114 -31.312 -15.618 13.737 -30.42 -15.48 14.929 -30.448 -14.095 14.201 -31.342 -14.353
3 0 14.975 -30.651 -13.912 14.201 -31.342 -14.353 14.929 -30.448 -14.095
4 0 14.663 -29.282 -15.152 14.929 -30.448 -14.095 13.737 -30.42 -15.48 14.487 -29.345 -15.314
3 16 11.428 -33.816 -15.936 11.266 -33.96 -16.028 11.359 -33.826 -16.007
4 15 11.528 -30.118 -18.484 11.64 -30.37 -18.16 10.989 -30.354 -18.993 10.984 -30.29 -19.045
4 15 10.989 -30.354 -18.993 11.64 -30.37 -18.16 11.55 -31.27 -17.621 11.06 -31.27 -18.239
4 15 11.06 -31.27 -18.239 11.55 -31.27 -17.621 11.19 -31.99 -17.553 11.115 -31.99 -17.648
3 0 11.639 -30.083 -18.37 11.64 -30.37 -18.16 11.528 -30.118 -18.484
4 0 11.639 -30.083 -18.37 14.631 -29.139 -15.282 14.487 -29.345 -15.314 11.64 -30.37 -18.16
4 0 11.148 -32.427 -17.288 11.19 -31.99 -17.553 12.142 -32.704 -15.834 11.257 -33.842 -16.125
3 0 11.359 -33.826 -16.007 11.257 -33.842 -16.125 12.142 -32.704 -15.834
3 0 11.115 -31.99 -17.648 11.19 -31.99 -17.553 11.148 -32.427 -17.288
4 0 12.142 -32.704 -15.834 11.19 -31.99 -17.553 11.55 -31.27 -17.621 12.638 -31.995 -15.724
3 0 12.638 -31.995 -15.724 11.55 -31.27 -17.621 13.114 -31.312 -15.618
4 0 13.114 -31.312 -15.618 11.55 -31.27 -17.621 11.64 -30.37 -18.16 13.737 -30.42 -15.48
3 0 13.737 -30.42 -15.48 11.64 -30.37 -18.16 14.487 -29.345 -15.314
3 16 11.266 -33.96 -16.028 11.257 -33.842 -16.125 11.359 -33.826 -16.007
4 16 11.266 -33.96 -16.028 11.78 -35.195 -14.552 10.292 -35.927 -15.195 9.903 -35.776 -15.652
4 16 11.78 -35.195 -14.552 12.243 -36.309 -13.221 11.615 -36.44 -13.642 10.292 -35.927 -15.195
3 16 12.429 -36.756 -12.687 11.615 -36.44 -13.642 12.243 -36.309 -13.221
3 15 10.984 -30.29 -19.045 10.989 -30.354 -18.993 10.911 -30.352 -19.071
4 15 10.178 -30.97 -19.329 10.911 -30.352 -19.071 10.989 -30.354 -18.993 10.2 -31.27 -19.083
3 15 11.06 -31.27 -18.239 10.2 -31.27 -19.083 10.989 -30.354 -18.993
4 15 10.56 -31.99 -18.192 10.2 -31.27 -19.083 11.06 -31.27 -18.239 11.115 -31.99 -17.648
4 0 8.704 -32.212 -19.847 10.178 -30.97 -19.329 10.2 -31.27 -19.083 9.033 -32.437 -19.356
4 0 11.018 -33.791 -16.397 11.148 -32.427 -17.288 11.257 -33.842 -16.125 11.123 -33.863 -16.241
4 0 10.048 -33.129 -17.844 10.56 -31.99 -18.192 11.115 -31.99 -17.648 11.018 -33.791 -16.397
3 0 11.148 -32.427 -17.288 11.018 -33.791 -16.397 11.115 -31.99 -17.648
4 0 10.2 -31.27 -19.083 10.56 -31.99 -18.192 10.048 -33.129 -17.844 9.033 -32.437 -19.356
3 16 11.257 -33.842 -16.125 11.266 -33.96 -16.028 11.123 -33.863 -16.241
3 0 8.704 -32.212 -19.847 9.033 -32.437 -19.356 8.843 -32.627 -19.359
3 0 11.123 -33.863 -16.241 11.01 -33.88 -16.327 11.018 -33.791 -16.397
4 0 11.018 -33.791 -16.397 11.01 -33.88 -16.327 9.75 -33.79 -17.53 10.048 -33.129 -17.844
4 0 9.093 -33.367 -18.487 8.843 -32.627 -19.359 9.033 -32.437 -19.356 9.75 -33.79 -17.53
3 0 10.048 -33.129 -17.844 9.75 -33.79 -17.53 9.033 -32.437 -19.356
4 16 9.75 -33.79 -17.53 11.01 -33.88 -16.327 9.696 -35.16 -16.376 9.412 -34.317 -17.369
3 16 9.412 -34.317 -17.369 9.093 -33.367 -18.487 9.75 -33.79 -17.53
4 16 9.696 -35.16 -16.376 11.01 -33.88 -16.327 11.123 -33.863 -16.241 9.903 -35.776 -15.652
3 16 11.123 -33.863 -16.241 11.266 -33.96 -16.028 9.903 -35.776 -15.652
4 0 8.704 -32.212 -19.847 8.843 -32.627 -19.359 8.49 -32.98 -19.257 8.391 -32.823 -19.473
3 0 9.093 -33.367 -18.487 8.49 -32.98 -19.257 8.843 -32.627 -19.359
4 16 8.391 -32.823 -19.473 8.49 -32.98 -19.257 7.982 -35.198 -17.48 7.28 -34.987 -18.147
4 16 9.412 -34.317 -17.369 9.696 -35.16 -16.376 9.262 -35.583 -16.262 8.707 -35.416 -16.789
4 16 7.982 -35.198 -17.48 8.49 -32.98 -19.257 9.093 -33.367 -18.487 8.707 -35.416 -16.789
3 16 9.093 -33.367 -18.487 9.412 -34.317 -17.369 8.707 -35.416 -16.789
3 16 9.903 -35.776 -15.652 9.262 -35.583 -16.262 9.696 -35.16 -16.376
3 0 8.391 -32.823 -19.473 7.961 -32.143 -20.423 8.704 -32.212 -19.847
4 16 7.28 -34.987 -18.147 6.009 -31.96 -21.937 7.961 -32.143 -20.423 8.391 -32.823 -19.473
5 24 18.67 -25.568 -12.53 15.492 -25.466 -16.783 17.748 -22.972 -15.549 14.631 -29.139 -15.282
5 24 15.492 -25.466 -16.783 17.748 -22.972 -15.549 18.67 -25.568 -12.53 14.945 -23.355 -19.282
5 24 15.492 -25.466 -16.783 14.945 -23.355 -19.282 17.748 -22.972 -15.549 10.984 -30.29 -19.045
5 24 14.945 -23.355 -19.282 17.748 -22.972 -15.549 15.492 -25.466 -16.783 16.11 -20.145 -19.837
5 24 18.164 -32.117 -8.824 19.171 -28.51 -9.749 20.335 -28.597 -7.286 17.781 -29.56 -11.151
5 24 20.335 -28.597 -7.286 18.164 -32.117 -8.824 19.171 -28.51 -9.749 19.326 -32.087 -5.948
5 24 17.781 -29.56 -11.151 18.67 -25.568 -12.53 19.171 -28.51 -9.749 14.631 -29.139 -15.282
5 24 17.781 -29.56 -11.151 14.631 -29.139 -15.282 18.67 -25.568 -12.53 14.975 -30.651 -13.912
5 24 14.631 -29.139 -15.282 18.67 -25.568 -12.53 17.781 -29.56 -11.151 15.492 -25.466 -16.783
5 24 14.631 -29.139 -15.282 15.492 -25.466 -16.783 18.67 -25.568 -12.53 10.984 -30.29 -19.045
5 24 17.781 -29.56 -11.151 14.975 -30.651 -13.912 14.631 -29.139 -15.282 15.058 -33.996 -11.998
5 24 14.975 -30.651 -13.912 14.631 -29.139 -15.282 17.781 -29.56 -11.151 11.266 -33.96 -16.028
5 24 15.058 -33.996 -11.998 14.975 -30.651 -13.912 17.781 -29.56 -11.151 11.266 -33.96 -16.028
5 24 17.781 -29.56 -11.151 15.058 -33.996 -11.998 14.975 -30.651 -13.912 16.311 -33.702 -10.609
5 24 14.945 -23.355 -19.282 16.11 -20.145 -19.837 17.748 -22.972 -15.549 14.502 -21.015 -21.961
5 24 14.631 -29.139 -15.282 10.984 -30.29 -19.045 15.492 -25.466 -16.783 11.266 -33.96 -16.028
5 24 10.984 -30.29 -19.045 15.492 -25.466 -16.783 14.631 -29.139 -15.282 14.945 -23.355 -19.282
5 24 14.945 -23.355 -19.282 14.502 -21.015 -21.961 16.11 -20.145 -19.837 13.1 -22.415 -23.02
5 24 14.945 -23.355 -19.282 13.1 -22.415 -23.02 14.502 -21.015 -21.961 10.927 -24.271 -24.505
5 24 14.945 -23.355 -19.282 10.927 -24.271 -24.505 13.1 -22.415 -23.02 10.984 -30.29 -19.045
5 24 10.927 -24.271 -24.505 13.1 -22.415 -23.02 14.945 -23.355 -19.282 11.187 -21.466 -26.75
5 24 10.927 -24.271 -24.505 11.187 -21.466 -26.75 13.1 -22.415 -23.02 9.29 -24.149 -26.51
5 24 10.927 -24.271 -24.505 9.29 -24.149 -26.51 11.187 -21.466 -26.75 8.43 -26.606 -24.986
5 24 9.29 -24.149 -26.51 11.187 -21.466 -26.75 10.927 -24.271 -24.505 9.623 -22.293 -27.707
5 24 9.29 -24.149 -26.51 9.623 -22.293 -27.707 11.187 -21.466 -26.75 7.037 -22.92 -28.891
5 24 10.927 -24.271 -24.505 8.43 -26.606 -24.986 9.29 -24.149 -26.51 8.702 -29.296 -22.532
5 24 8.43 -26.606 -24.986 9.29 -24.149 -26.51 10.927 -24.271 -24.505 6.417 -25.567 -27.252
5 24 10.984 -30.29 -19.045 14.945 -23.355 -19.282 15.492 -25.466 -16.783 10.927 -24.271 -24.505
5 24 10.984 -30.29 -19.045 10.927 -24.271 -24.505 14.945 -23.355 -19.282 8.702 -29.296 -22.532
5 24 10.927 -24.271 -24.505 8.702 -29.296 -22.532 8.43 -26.606 -24.986 10.984 -30.29 -19.045
5 24 8.702 -29.296 -22.532 8.43 -26.606 -24.986 10.927 -24.271 -24.505 6.478 -28.713 -24.517
5 24 10.984 -30.29 -19.045 8.702 -29.296 -22.532 10.927 -24.271 -24.505 8.704 -32.212 -19.847
5 24 8.704 -32.212 -19.847 8.702 -29.296 -22.532 10.984 -30.29 -19.045 6.009 -31.96 -21.937
5 24 10.984 -30.29 -19.045 8.704 -32.212 -19.847 8.702 -29.296 -22.532 11.266 -33.96 -16.028
5 24 8.43 -26.606 -24.986 6.417 -25.567 -27.252 9.29 -24.149 -26.51 6.478 -28.713 -24.517
5 24 6.417 -25.567 -27.252 9.29 -24.149 -26.51 8.43 -26.606 -24.986 7.037 -22.92 -28.891
5 24 9.29 -24.149 -26.51 7.037 -22.92 -28.891 9.623 -22.293 -27.707 6.417 -25.567 -27.252
5 24 8.704 -32.212 -19.847 6.009 -31.96 -21.937 8.702 -29.296 -22.532 7.28 -34.987 -18.147
5 24 6.009 -31.96 -21.937 8.702 -29.296 -22.532 8.704 -32.212 -19.847 6.478 -28.713 -24.517
5 24 8.702 -29.296 -22.532 6.478 -28.713 -24.517 8.43 -26.606 -24.986 6.009 -31.96 -21.937
5 24 6.478 -28.713 -24.517 8.43 -26.606 -24.986 8.702 -29.296 -22.532 6.417 -25.567 -27.252
5 24 17.507 -34.371 -7.755 19.326 -32.087 -5.948 17.425 -35.926 -5.776 18.164 -32.117 -8.824
5 24 17.425 -35.926 -5.776 17.507 -34.371 -7.755 19.326 -32.087 -5.948 15.757 -37.685 -6.938
5 24 19.326 -32.087 -5.948 18.164 -32.117 -8.824 20.335 -28.597 -7.286 17.507 -34.371 -7.755
5 24 17.507 -34.371 -7.755 18.164 -32.117 -8.824 19.326 -32.087 -5.948 16.311 -33.702 -10.609
5 24 15.757 -37.685 -6.938 17.507 -34.371 -7.755 17.425 -35.926 -5.776 15.743 -35.546 -9.802
5 24 18.164 -32.117 -8.824 17.781 -29.56 -11.151 19.171 -28.51 -9.749 16.311 -33.702 -10.609
5 24 17.507 -34.371 -7.755 16.311 -33.702 -10.609 18.164 -32.117 -8.824 15.743 -35.546 -9.802
5 24 16.311 -33.702 -10.609 18.164 -32.117 -8.824 17.507 -34.371 -7.755 17.781 -29.56 -11.151
5 24 16.311 -33.702 -10.609 17.781 -29.56 -11.151 18.164 -32.117 -8.824 15.058 -33.996 -11.998
5 24 15.757 -37.685 -6.938 15.743 -35.546 -9.802 17.507 -34.371 -7.755 14.059 -37.107 -10.547
5 24 15.743 -35.546 -9.802 17.507 -34.371 -7.755 15.757 -37.685 -6.938 16.311 -33.702 -10.609
5 24 15.743 -35.546 -9.802 16.311 -33.702 -10.609 17.507 -34.371 -7.755 15.058 -33.996 -11.998
5 24 14.059 -37.107 -10.547 15.743 -35.546 -9.802 15.757 -37.685 -6.938 15.058 -33.996 -11.998
5 24 16.311 -33.702 -10.609 15.058 -33.996 -11.998 17.781 -29.56 -11.151 15.743 -35.546 -9.802
5 24 15.743 -35.546 -9.802 15.058 -33.996 -11.998 16.311 -33.702 -10.609 14.059 -37.107 -10.547
5 24 11.266 -33.96 -16.028 14.975 -30.651 -13.912 15.058 -33.996 -11.998 14.631 -29.139 -15.282
5 24 15.058 -33.996 -11.998 11.266 -33.96 -16.028 14.975 -30.651 -13.912 12.429 -36.756 -12.687
5 24 14.059 -37.107 -10.547 15.058 -33.996 -11.998 15.743 -35.546 -9.802 12.429 -36.756 -12.687
5 24 12.429 -36.756 -12.687 15.058 -33.996 -11.998 14.059 -37.107 -10.547 11.266 -33.96 -16.028
5 24 12.429 -36.756 -12.687 11.266 -33.96 -16.028 15.058 -33.996 -11.998 9.903 -35.776 -15.652
5 24 11.266 -33.96 -16.028 14.631 -29.139 -15.282 14.975 -30.651 -13.912 10.984 -30.29 -19.045
5 24 11.266 -33.96 -16.028 10.984 -30.29 -19.045 14.631 -29.139 -15.282 8.704 -32.212 -19.847
5 24 9.903 -35.776 -15.652 11.266 -33.96 -16.028 12.429 -36.756 -12.687 8.704 -32.212 -19.847
5 24 11.266 -33.96 -16.028 8.704 -32.212 -19.847 10.984 -30.29 -19.045 9.903 -35.776 -15.652
5 24 9.903 -35.776 -15.652 8.704 -32.212 -19.847 11.266 -33.96 -16.028 7.28 -34.987 -18.147
5 24 7.28 -34.987 -18.147 8.704 -32.212 -19.847 9.903 -35.776 -15.652 6.009 -31.96 -21.937
